2.1
2 | 50000 | [32] | [5, 5] | 128 | 2
2 | 50000 | [32] | [5, 5] | 128 | 2
2 | 50000 | [32] | [5, 5] | 128 | 2
2 | 50000 | [32] | [5, 5] | 128 | 2


2.2
2 | 50000 | [32] | [5, 5] | 128 | 4
2 | 50000 | [32] | [5, 5] | 128 | 4
2 | 50000 | [32] | [5, 5] | 128 | 4
2 | 50000 | [32] | [5, 5] | 128 | 4


2.3
2 | 50000 | [32] | [5, 5] | 128 | 8
2 | 50000 | [32] | [5, 5] | 128 | 8
2 | 50000 | [32] | [5, 5] | 128 | 8
2 | 50000 | [32] | [5, 5] | 128 | 8


2.4
2 | 50000 | [32] | [5, 5] | 256 | 2
2 | 50000 | [32] | [5, 5] | 256 | 2
2 | 50000 | [32] | [5, 5] | 256 | 2
2 | 50000 | [32] | [5, 5] | 256 | 2


2.5
2 | 50000 | [32] | [5, 5] | 256 | 4
2 | 50000 | [32] | [5, 5] | 256 | 4
2 | 50000 | [32] | [5, 5] | 256 | 4
2 | 50000 | [32] | [5, 5] | 256 | 4


2.6
2 | 50000 | [32] | [5, 5] | 256 | 8
2 | 50000 | [32] | [5, 5] | 256 | 8
2 | 50000 | [32] | [5, 5] | 256 | 8
2 | 50000 | [32] | [5, 5] | 256 | 8


2.7
2 | 50000 | [32] | [5, 5] | 512 | 2
2 | 50000 | [32] | [5, 5] | 512 | 2
2 | 50000 | [32] | [5, 5] | 512 | 2
2 | 50000 | [32] | [5, 5] | 512 | 2


2.8
2 | 50000 | [32] | [5, 5] | 512 | 4
2 | 50000 | [32] | [5, 5] | 512 | 4
2 | 50000 | [32] | [5, 5] | 512 | 4
2 | 50000 | [32] | [5, 5] | 512 | 4


2.9
2 | 50000 | [32] | [5, 5] | 512 | 8
2 | 50000 | [32] | [5, 5] | 512 | 8
2 | 50000 | [32] | [5, 5] | 512 | 8
2 | 50000 | [32] | [5, 5] | 512 | 8


2.10
2 | 100000 | [32] | [5, 5] | 128 | 2
2 | 100000 | [32] | [5, 5] | 128 | 2
2 | 100000 | [32] | [5, 5] | 128 | 2
2 | 100000 | [32] | [5, 5] | 128 | 2


2.11
2 | 100000 | [32] | [5, 5] | 128 | 4
2 | 100000 | [32] | [5, 5] | 128 | 4
2 | 100000 | [32] | [5, 5] | 128 | 4
2 | 100000 | [32] | [5, 5] | 128 | 4


2.12
2 | 100000 | [32] | [5, 5] | 128 | 8
2 | 100000 | [32] | [5, 5] | 128 | 8
2 | 100000 | [32] | [5, 5] | 128 | 8
2 | 100000 | [32] | [5, 5] | 128 | 8


2.13
2 | 100000 | [32] | [5, 5] | 256 | 2
2 | 100000 | [32] | [5, 5] | 256 | 2
2 | 100000 | [32] | [5, 5] | 256 | 2
2 | 100000 | [32] | [5, 5] | 256 | 2


2.14
2 | 100000 | [32] | [5, 5] | 256 | 4
2 | 100000 | [32] | [5, 5] | 256 | 4
2 | 100000 | [32] | [5, 5] | 256 | 4
2 | 100000 | [32] | [5, 5] | 256 | 4


2.15
2 | 100000 | [32] | [5, 5] | 256 | 8
2 | 100000 | [32] | [5, 5] | 256 | 8
2 | 100000 | [32] | [5, 5] | 256 | 8
2 | 100000 | [32] | [5, 5] | 256 | 8


2.16
2 | 100000 | [32] | [5, 5] | 512 | 2
2 | 100000 | [32] | [5, 5] | 512 | 2
2 | 100000 | [32] | [5, 5] | 512 | 2
2 | 100000 | [32] | [5, 5] | 512 | 2


2.17
2 | 100000 | [32] | [5, 5] | 512 | 4
2 | 100000 | [32] | [5, 5] | 512 | 4
2 | 100000 | [32] | [5, 5] | 512 | 4
2 | 100000 | [32] | [5, 5] | 512 | 4


2.18
2 | 100000 | [32] | [5, 5] | 512 | 8
2 | 100000 | [32] | [5, 5] | 512 | 8
2 | 100000 | [32] | [5, 5] | 512 | 8
2 | 100000 | [32] | [5, 5] | 512 | 8


2.19
2 | 200000 | [32] | [5, 5] | 128 | 2
2 | 200000 | [32] | [5, 5] | 128 | 2
2 | 200000 | [32] | [5, 5] | 128 | 2
2 | 200000 | [32] | [5, 5] | 128 | 2


2.20
2 | 200000 | [32] | [5, 5] | 128 | 4
2 | 200000 | [32] | [5, 5] | 128 | 4
2 | 200000 | [32] | [5, 5] | 128 | 4
2 | 200000 | [32] | [5, 5] | 128 | 4


2.21
2 | 200000 | [32] | [5, 5] | 128 | 8
2 | 200000 | [32] | [5, 5] | 128 | 8
2 | 200000 | [32] | [5, 5] | 128 | 8
2 | 200000 | [32] | [5, 5] | 128 | 8


2.22
2 | 200000 | [32] | [5, 5] | 256 | 2
2 | 200000 | [32] | [5, 5] | 256 | 2
2 | 200000 | [32] | [5, 5] | 256 | 2
2 | 200000 | [32] | [5, 5] | 256 | 2


2.23
2 | 200000 | [32] | [5, 5] | 256 | 4
2 | 200000 | [32] | [5, 5] | 256 | 4
2 | 200000 | [32] | [5, 5] | 256 | 4
2 | 200000 | [32] | [5, 5] | 256 | 4


2.24
2 | 200000 | [32] | [5, 5] | 256 | 8
2 | 200000 | [32] | [5, 5] | 256 | 8
2 | 200000 | [32] | [5, 5] | 256 | 8
2 | 200000 | [32] | [5, 5] | 256 | 8


2.25
2 | 200000 | [32] | [5, 5] | 512 | 2
2 | 200000 | [32] | [5, 5] | 512 | 2
2 | 200000 | [32] | [5, 5] | 512 | 2
2 | 200000 | [32] | [5, 5] | 512 | 2


2.26
2 | 200000 | [32] | [5, 5] | 512 | 4
2 | 200000 | [32] | [5, 5] | 512 | 4
2 | 200000 | [32] | [5, 5] | 512 | 4
2 | 200000 | [32] | [5, 5] | 512 | 4


2.27
2 | 200000 | [32] | [5, 5] | 512 | 8
2 | 200000 | [32] | [5, 5] | 512 | 8
2 | 200000 | [32] | [5, 5] | 512 | 8
2 | 200000 | [32] | [5, 5] | 512 | 8


2.28
2 | 50000 | [64] | [5, 5] | 128 | 2
2 | 50000 | [64] | [5, 5] | 128 | 2
2 | 50000 | [64] | [5, 5] | 128 | 2
2 | 50000 | [64] | [5, 5] | 128 | 2


2.29
2 | 50000 | [64] | [5, 5] | 128 | 4
2 | 50000 | [64] | [5, 5] | 128 | 4
2 | 50000 | [64] | [5, 5] | 128 | 4
2 | 50000 | [64] | [5, 5] | 128 | 4


2.30
2 | 50000 | [64] | [5, 5] | 128 | 8
2 | 50000 | [64] | [5, 5] | 128 | 8
2 | 50000 | [64] | [5, 5] | 128 | 8
2 | 50000 | [64] | [5, 5] | 128 | 8


2.31
2 | 50000 | [64] | [5, 5] | 256 | 2
2 | 50000 | [64] | [5, 5] | 256 | 2
2 | 50000 | [64] | [5, 5] | 256 | 2
2 | 50000 | [64] | [5, 5] | 256 | 2


2.32
2 | 50000 | [64] | [5, 5] | 256 | 4
2 | 50000 | [64] | [5, 5] | 256 | 4
2 | 50000 | [64] | [5, 5] | 256 | 4
2 | 50000 | [64] | [5, 5] | 256 | 4


2.33
2 | 50000 | [64] | [5, 5] | 256 | 8
2 | 50000 | [64] | [5, 5] | 256 | 8
2 | 50000 | [64] | [5, 5] | 256 | 8
2 | 50000 | [64] | [5, 5] | 256 | 8


2.34
2 | 50000 | [64] | [5, 5] | 512 | 2
2 | 50000 | [64] | [5, 5] | 512 | 2
2 | 50000 | [64] | [5, 5] | 512 | 2
2 | 50000 | [64] | [5, 5] | 512 | 2


2.35
2 | 50000 | [64] | [5, 5] | 512 | 4
2 | 50000 | [64] | [5, 5] | 512 | 4
2 | 50000 | [64] | [5, 5] | 512 | 4
2 | 50000 | [64] | [5, 5] | 512 | 4


2.36
2 | 50000 | [64] | [5, 5] | 512 | 8
2 | 50000 | [64] | [5, 5] | 512 | 8
2 | 50000 | [64] | [5, 5] | 512 | 8
2 | 50000 | [64] | [5, 5] | 512 | 8


2.37
2 | 100000 | [64] | [5, 5] | 128 | 2
2 | 100000 | [64] | [5, 5] | 128 | 2
2 | 100000 | [64] | [5, 5] | 128 | 2
2 | 100000 | [64] | [5, 5] | 128 | 2


2.38
2 | 100000 | [64] | [5, 5] | 128 | 4
2 | 100000 | [64] | [5, 5] | 128 | 4
2 | 100000 | [64] | [5, 5] | 128 | 4
2 | 100000 | [64] | [5, 5] | 128 | 4


2.39
2 | 100000 | [64] | [5, 5] | 128 | 8
2 | 100000 | [64] | [5, 5] | 128 | 8
2 | 100000 | [64] | [5, 5] | 128 | 8
2 | 100000 | [64] | [5, 5] | 128 | 8


2.40
2 | 100000 | [64] | [5, 5] | 256 | 2
2 | 100000 | [64] | [5, 5] | 256 | 2
2 | 100000 | [64] | [5, 5] | 256 | 2
2 | 100000 | [64] | [5, 5] | 256 | 2


2.41
2 | 100000 | [64] | [5, 5] | 256 | 4
2 | 100000 | [64] | [5, 5] | 256 | 4
2 | 100000 | [64] | [5, 5] | 256 | 4
2 | 100000 | [64] | [5, 5] | 256 | 4


2.42
2 | 100000 | [64] | [5, 5] | 256 | 8
2 | 100000 | [64] | [5, 5] | 256 | 8
2 | 100000 | [64] | [5, 5] | 256 | 8
2 | 100000 | [64] | [5, 5] | 256 | 8


2.43
2 | 100000 | [64] | [5, 5] | 512 | 2
2 | 100000 | [64] | [5, 5] | 512 | 2
2 | 100000 | [64] | [5, 5] | 512 | 2
2 | 100000 | [64] | [5, 5] | 512 | 2


2.44
2 | 100000 | [64] | [5, 5] | 512 | 4
2 | 100000 | [64] | [5, 5] | 512 | 4
2 | 100000 | [64] | [5, 5] | 512 | 4
2 | 100000 | [64] | [5, 5] | 512 | 4


2.45
2 | 100000 | [64] | [5, 5] | 512 | 8
2 | 100000 | [64] | [5, 5] | 512 | 8
2 | 100000 | [64] | [5, 5] | 512 | 8
2 | 100000 | [64] | [5, 5] | 512 | 8


2.46
2 | 200000 | [64] | [5, 5] | 128 | 2
2 | 200000 | [64] | [5, 5] | 128 | 2
2 | 200000 | [64] | [5, 5] | 128 | 2
2 | 200000 | [64] | [5, 5] | 128 | 2


2.47
2 | 200000 | [64] | [5, 5] | 128 | 4
2 | 200000 | [64] | [5, 5] | 128 | 4
2 | 200000 | [64] | [5, 5] | 128 | 4
2 | 200000 | [64] | [5, 5] | 128 | 4


2.48
2 | 200000 | [64] | [5, 5] | 128 | 8
2 | 200000 | [64] | [5, 5] | 128 | 8
2 | 200000 | [64] | [5, 5] | 128 | 8
2 | 200000 | [64] | [5, 5] | 128 | 8


2.49
2 | 200000 | [64] | [5, 5] | 256 | 2
2 | 200000 | [64] | [5, 5] | 256 | 2
2 | 200000 | [64] | [5, 5] | 256 | 2
2 | 200000 | [64] | [5, 5] | 256 | 2


2.50
2 | 200000 | [64] | [5, 5] | 256 | 4
2 | 200000 | [64] | [5, 5] | 256 | 4
2 | 200000 | [64] | [5, 5] | 256 | 4
2 | 200000 | [64] | [5, 5] | 256 | 4


2.51
2 | 200000 | [64] | [5, 5] | 256 | 8
2 | 200000 | [64] | [5, 5] | 256 | 8
2 | 200000 | [64] | [5, 5] | 256 | 8
2 | 200000 | [64] | [5, 5] | 256 | 8


2.52
2 | 200000 | [64] | [5, 5] | 512 | 2
2 | 200000 | [64] | [5, 5] | 512 | 2
2 | 200000 | [64] | [5, 5] | 512 | 2
2 | 200000 | [64] | [5, 5] | 512 | 2


2.53
2 | 200000 | [64] | [5, 5] | 512 | 4
2 | 200000 | [64] | [5, 5] | 512 | 4
2 | 200000 | [64] | [5, 5] | 512 | 4
2 | 200000 | [64] | [5, 5] | 512 | 4


2.54
2 | 200000 | [64] | [5, 5] | 512 | 8
2 | 200000 | [64] | [5, 5] | 512 | 8
2 | 200000 | [64] | [5, 5] | 512 | 8
2 | 200000 | [64] | [5, 5] | 512 | 8


2.55
2 | 50000 | [128] | [5, 5] | 128 | 2
2 | 50000 | [128] | [5, 5] | 128 | 2
2 | 50000 | [128] | [5, 5] | 128 | 2
2 | 50000 | [128] | [5, 5] | 128 | 2


2.56
2 | 50000 | [128] | [5, 5] | 128 | 4
2 | 50000 | [128] | [5, 5] | 128 | 4
2 | 50000 | [128] | [5, 5] | 128 | 4
2 | 50000 | [128] | [5, 5] | 128 | 4


2.57
2 | 50000 | [128] | [5, 5] | 128 | 8
2 | 50000 | [128] | [5, 5] | 128 | 8
2 | 50000 | [128] | [5, 5] | 128 | 8
2 | 50000 | [128] | [5, 5] | 128 | 8


2.58
2 | 50000 | [128] | [5, 5] | 256 | 2
2 | 50000 | [128] | [5, 5] | 256 | 2
2 | 50000 | [128] | [5, 5] | 256 | 2
2 | 50000 | [128] | [5, 5] | 256 | 2


2.59
2 | 50000 | [128] | [5, 5] | 256 | 4
2 | 50000 | [128] | [5, 5] | 256 | 4
2 | 50000 | [128] | [5, 5] | 256 | 4
2 | 50000 | [128] | [5, 5] | 256 | 4


2.60
2 | 50000 | [128] | [5, 5] | 256 | 8
2 | 50000 | [128] | [5, 5] | 256 | 8
2 | 50000 | [128] | [5, 5] | 256 | 8
2 | 50000 | [128] | [5, 5] | 256 | 8


2.61
2 | 50000 | [128] | [5, 5] | 512 | 2
2 | 50000 | [128] | [5, 5] | 512 | 2
2 | 50000 | [128] | [5, 5] | 512 | 2
2 | 50000 | [128] | [5, 5] | 512 | 2


2.62
2 | 50000 | [128] | [5, 5] | 512 | 4
2 | 50000 | [128] | [5, 5] | 512 | 4
2 | 50000 | [128] | [5, 5] | 512 | 4


2.63
2 | 50000 | [128] | [5, 5] | 512 | 8
2 | 50000 | [128] | [5, 5] | 512 | 8
2 | 50000 | [128] | [5, 5] | 512 | 8


2.64
2 | 100000 | [128] | [5, 5] | 128 | 2
2 | 100000 | [128] | [5, 5] | 128 | 2
2 | 100000 | [128] | [5, 5] | 128 | 2


2.65
2 | 100000 | [128] | [5, 5] | 128 | 4
2 | 100000 | [128] | [5, 5] | 128 | 4
2 | 100000 | [128] | [5, 5] | 128 | 4


2.66
2 | 100000 | [128] | [5, 5] | 128 | 8
2 | 100000 | [128] | [5, 5] | 128 | 8
2 | 100000 | [128] | [5, 5] | 128 | 8


2.67
2 | 100000 | [128] | [5, 5] | 256 | 2
2 | 100000 | [128] | [5, 5] | 256 | 2
2 | 100000 | [128] | [5, 5] | 256 | 2


2.68
2 | 100000 | [128] | [5, 5] | 256 | 4
2 | 100000 | [128] | [5, 5] | 256 | 4
2 | 100000 | [128] | [5, 5] | 256 | 4


2.69
2 | 100000 | [128] | [5, 5] | 256 | 8
2 | 100000 | [128] | [5, 5] | 256 | 8
2 | 100000 | [128] | [5, 5] | 256 | 8


2.70
2 | 100000 | [128] | [5, 5] | 512 | 2
2 | 100000 | [128] | [5, 5] | 512 | 2
2 | 100000 | [128] | [5, 5] | 512 | 2


2.71
2 | 100000 | [128] | [5, 5] | 512 | 4
2 | 100000 | [128] | [5, 5] | 512 | 4
2 | 100000 | [128] | [5, 5] | 512 | 4


2.72
2 | 100000 | [128] | [5, 5] | 512 | 8
2 | 100000 | [128] | [5, 5] | 512 | 8
2 | 100000 | [128] | [5, 5] | 512 | 8


2.73
2 | 200000 | [128] | [5, 5] | 128 | 2
2 | 200000 | [128] | [5, 5] | 128 | 2
2 | 200000 | [128] | [5, 5] | 128 | 2


2.74
2 | 200000 | [128] | [5, 5] | 128 | 4


2.75
2 | 200000 | [128] | [5, 5] | 128 | 8


2.76
2 | 200000 | [128] | [5, 5] | 256 | 2


2.77
2 | 200000 | [128] | [5, 5] | 256 | 4


2.78
2 | 200000 | [128] | [5, 5] | 256 | 8


2.79
2 | 200000 | [128] | [5, 5] | 512 | 2


2.80
2 | 200000 | [128] | [5, 5] | 512 | 4


2.81
2 | 200000 | [128] | [5, 5] | 512 | 8


2.82
4 | 50000 | [32, 64] | [5, 5, 5, 5] | 128 | 2
4 | 50000 | [32, 64] | [5, 5, 5, 5] | 128 | 2
4 | 50000 | [32, 64] | [5, 5, 5, 5] | 128 | 2


4.1
4 | 50000 | [32, 64] | [5, 5, 5, 5] | 128 | 4
4 | 50000 | [32, 64] | [5, 5, 5, 5] | 128 | 4
4 | 50000 | [32, 64] | [5, 5, 5, 5] | 128 | 4


4.2
4 | 50000 | [32, 64] | [5, 5, 5, 5] | 128 | 8
4 | 50000 | [32, 64] | [5, 5, 5, 5] | 128 | 8
4 | 50000 | [32, 64] | [5, 5, 5, 5] | 128 | 8


4.3
4 | 50000 | [32, 64] | [5, 5, 5, 5] | 256 | 2
4 | 50000 | [32, 64] | [5, 5, 5, 5] | 256 | 2
4 | 50000 | [32, 64] | [5, 5, 5, 5] | 256 | 2


4.4
4 | 50000 | [32, 64] | [5, 5, 5, 5] | 256 | 4
4 | 50000 | [32, 64] | [5, 5, 5, 5] | 256 | 4
4 | 50000 | [32, 64] | [5, 5, 5, 5] | 256 | 4


4.5
4 | 50000 | [32, 64] | [5, 5, 5, 5] | 256 | 8
4 | 50000 | [32, 64] | [5, 5, 5, 5] | 256 | 8
4 | 50000 | [32, 64] | [5, 5, 5, 5] | 256 | 8


4.6
4 | 50000 | [32, 64] | [5, 5, 5, 5] | 512 | 2
4 | 50000 | [32, 64] | [5, 5, 5, 5] | 512 | 2
4 | 50000 | [32, 64] | [5, 5, 5, 5] | 512 | 2


4.7
4 | 50000 | [32, 64] | [5, 5, 5, 5] | 512 | 4
4 | 50000 | [32, 64] | [5, 5, 5, 5] | 512 | 4
4 | 50000 | [32, 64] | [5, 5, 5, 5] | 512 | 4


4.8
4 | 50000 | [32, 64] | [5, 5, 5, 5] | 512 | 8
4 | 50000 | [32, 64] | [5, 5, 5, 5] | 512 | 8
4 | 50000 | [32, 64] | [5, 5, 5, 5] | 512 | 8


4.9
4 | 100000 | [32, 64] | [5, 5, 5, 5] | 128 | 2
4 | 100000 | [32, 64] | [5, 5, 5, 5] | 128 | 2
4 | 100000 | [32, 64] | [5, 5, 5, 5] | 128 | 2


4.10
4 | 100000 | [32, 64] | [5, 5, 5, 5] | 128 | 4
4 | 100000 | [32, 64] | [5, 5, 5, 5] | 128 | 4
4 | 100000 | [32, 64] | [5, 5, 5, 5] | 128 | 4


4.11
4 | 100000 | [32, 64] | [5, 5, 5, 5] | 128 | 8
4 | 100000 | [32, 64] | [5, 5, 5, 5] | 128 | 8
4 | 100000 | [32, 64] | [5, 5, 5, 5] | 128 | 8


4.12
4 | 100000 | [32, 64] | [5, 5, 5, 5] | 256 | 2
4 | 100000 | [32, 64] | [5, 5, 5, 5] | 256 | 2
4 | 100000 | [32, 64] | [5, 5, 5, 5] | 256 | 2


4.13
4 | 100000 | [32, 64] | [5, 5, 5, 5] | 256 | 4
4 | 100000 | [32, 64] | [5, 5, 5, 5] | 256 | 4
4 | 100000 | [32, 64] | [5, 5, 5, 5] | 256 | 4


4.14
4 | 100000 | [32, 64] | [5, 5, 5, 5] | 256 | 8
4 | 100000 | [32, 64] | [5, 5, 5, 5] | 256 | 8
4 | 100000 | [32, 64] | [5, 5, 5, 5] | 256 | 8


4.15
4 | 100000 | [32, 64] | [5, 5, 5, 5] | 512 | 2
4 | 100000 | [32, 64] | [5, 5, 5, 5] | 512 | 2
4 | 100000 | [32, 64] | [5, 5, 5, 5] | 512 | 2


4.16
4 | 100000 | [32, 64] | [5, 5, 5, 5] | 512 | 4
4 | 100000 | [32, 64] | [5, 5, 5, 5] | 512 | 4
4 | 100000 | [32, 64] | [5, 5, 5, 5] | 512 | 4


4.17
4 | 100000 | [32, 64] | [5, 5, 5, 5] | 512 | 8
4 | 100000 | [32, 64] | [5, 5, 5, 5] | 512 | 8
4 | 100000 | [32, 64] | [5, 5, 5, 5] | 512 | 8


4.18
4 | 200000 | [32, 64] | [5, 5, 5, 5] | 128 | 2
4 | 200000 | [32, 64] | [5, 5, 5, 5] | 128 | 2
4 | 200000 | [32, 64] | [5, 5, 5, 5] | 128 | 2


4.19
4 | 200000 | [32, 64] | [5, 5, 5, 5] | 128 | 4
4 | 200000 | [32, 64] | [5, 5, 5, 5] | 128 | 4
4 | 200000 | [32, 64] | [5, 5, 5, 5] | 128 | 4


4.20
4 | 200000 | [32, 64] | [5, 5, 5, 5] | 128 | 8
4 | 200000 | [32, 64] | [5, 5, 5, 5] | 128 | 8
4 | 200000 | [32, 64] | [5, 5, 5, 5] | 128 | 8


4.21
4 | 200000 | [32, 64] | [5, 5, 5, 5] | 256 | 2
4 | 200000 | [32, 64] | [5, 5, 5, 5] | 256 | 2
4 | 200000 | [32, 64] | [5, 5, 5, 5] | 256 | 2


4.22
4 | 200000 | [32, 64] | [5, 5, 5, 5] | 256 | 4
4 | 200000 | [32, 64] | [5, 5, 5, 5] | 256 | 4
4 | 200000 | [32, 64] | [5, 5, 5, 5] | 256 | 4


4.23
4 | 200000 | [32, 64] | [5, 5, 5, 5] | 256 | 8
4 | 200000 | [32, 64] | [5, 5, 5, 5] | 256 | 8
4 | 200000 | [32, 64] | [5, 5, 5, 5] | 256 | 8


4.24
4 | 200000 | [32, 64] | [5, 5, 5, 5] | 512 | 2
4 | 200000 | [32, 64] | [5, 5, 5, 5] | 512 | 2
4 | 200000 | [32, 64] | [5, 5, 5, 5] | 512 | 2


4.25
4 | 200000 | [32, 64] | [5, 5, 5, 5] | 512 | 4
4 | 200000 | [32, 64] | [5, 5, 5, 5] | 512 | 4
4 | 200000 | [32, 64] | [5, 5, 5, 5] | 512 | 4


4.26
4 | 200000 | [32, 64] | [5, 5, 5, 5] | 512 | 8
4 | 200000 | [32, 64] | [5, 5, 5, 5] | 512 | 8
4 | 200000 | [32, 64] | [5, 5, 5, 5] | 512 | 8


4.27
4 | 50000 | [64, 64] | [5, 5, 5, 5] | 128 | 2
4 | 50000 | [64, 64] | [5, 5, 5, 5] | 128 | 2
4 | 50000 | [64, 64] | [5, 5, 5, 5] | 128 | 2


4.28
4 | 50000 | [64, 64] | [5, 5, 5, 5] | 128 | 4
4 | 50000 | [64, 64] | [5, 5, 5, 5] | 128 | 4
4 | 50000 | [64, 64] | [5, 5, 5, 5] | 128 | 4


4.29
4 | 50000 | [64, 64] | [5, 5, 5, 5] | 128 | 8
4 | 50000 | [64, 64] | [5, 5, 5, 5] | 128 | 8
4 | 50000 | [64, 64] | [5, 5, 5, 5] | 128 | 8


4.30
4 | 50000 | [64, 64] | [5, 5, 5, 5] | 256 | 2
4 | 50000 | [64, 64] | [5, 5, 5, 5] | 256 | 2
4 | 50000 | [64, 64] | [5, 5, 5, 5] | 256 | 2


4.31
4 | 50000 | [64, 64] | [5, 5, 5, 5] | 256 | 4
4 | 50000 | [64, 64] | [5, 5, 5, 5] | 256 | 4
4 | 50000 | [64, 64] | [5, 5, 5, 5] | 256 | 4


4.32
4 | 50000 | [64, 64] | [5, 5, 5, 5] | 256 | 8
4 | 50000 | [64, 64] | [5, 5, 5, 5] | 256 | 8
4 | 50000 | [64, 64] | [5, 5, 5, 5] | 256 | 8


4.33
4 | 50000 | [64, 64] | [5, 5, 5, 5] | 512 | 2
4 | 50000 | [64, 64] | [5, 5, 5, 5] | 512 | 2
4 | 50000 | [64, 64] | [5, 5, 5, 5] | 512 | 2


4.34
4 | 50000 | [64, 64] | [5, 5, 5, 5] | 512 | 4
4 | 50000 | [64, 64] | [5, 5, 5, 5] | 512 | 4
4 | 50000 | [64, 64] | [5, 5, 5, 5] | 512 | 4


4.35
4 | 50000 | [64, 64] | [5, 5, 5, 5] | 512 | 8
4 | 50000 | [64, 64] | [5, 5, 5, 5] | 512 | 8
4 | 50000 | [64, 64] | [5, 5, 5, 5] | 512 | 8


4.36
4 | 100000 | [64, 64] | [5, 5, 5, 5] | 128 | 2
4 | 100000 | [64, 64] | [5, 5, 5, 5] | 128 | 2
4 | 100000 | [64, 64] | [5, 5, 5, 5] | 128 | 2


4.37
4 | 100000 | [64, 64] | [5, 5, 5, 5] | 128 | 4
4 | 100000 | [64, 64] | [5, 5, 5, 5] | 128 | 4
4 | 100000 | [64, 64] | [5, 5, 5, 5] | 128 | 4


4.38
4 | 100000 | [64, 64] | [5, 5, 5, 5] | 128 | 8
4 | 100000 | [64, 64] | [5, 5, 5, 5] | 128 | 8
4 | 100000 | [64, 64] | [5, 5, 5, 5] | 128 | 8


4.39
4 | 100000 | [64, 64] | [5, 5, 5, 5] | 256 | 2
4 | 100000 | [64, 64] | [5, 5, 5, 5] | 256 | 2
4 | 100000 | [64, 64] | [5, 5, 5, 5] | 256 | 2


4.40
4 | 100000 | [64, 64] | [5, 5, 5, 5] | 256 | 4
4 | 100000 | [64, 64] | [5, 5, 5, 5] | 256 | 4
4 | 100000 | [64, 64] | [5, 5, 5, 5] | 256 | 4


4.41
4 | 100000 | [64, 64] | [5, 5, 5, 5] | 256 | 8
4 | 100000 | [64, 64] | [5, 5, 5, 5] | 256 | 8
4 | 100000 | [64, 64] | [5, 5, 5, 5] | 256 | 8


4.42
4 | 100000 | [64, 64] | [5, 5, 5, 5] | 512 | 2
4 | 100000 | [64, 64] | [5, 5, 5, 5] | 512 | 2
4 | 100000 | [64, 64] | [5, 5, 5, 5] | 512 | 2


4.43
4 | 100000 | [64, 64] | [5, 5, 5, 5] | 512 | 4
4 | 100000 | [64, 64] | [5, 5, 5, 5] | 512 | 4
4 | 100000 | [64, 64] | [5, 5, 5, 5] | 512 | 4


4.44
4 | 100000 | [64, 64] | [5, 5, 5, 5] | 512 | 8
4 | 100000 | [64, 64] | [5, 5, 5, 5] | 512 | 8
4 | 100000 | [64, 64] | [5, 5, 5, 5] | 512 | 8


4.45
4 | 200000 | [64, 64] | [5, 5, 5, 5] | 128 | 2


4.46
4 | 200000 | [64, 64] | [5, 5, 5, 5] | 128 | 4


4.47
4 | 200000 | [64, 64] | [5, 5, 5, 5] | 128 | 8


4.48
4 | 200000 | [64, 64] | [5, 5, 5, 5] | 256 | 2


4.49
4 | 200000 | [64, 64] | [5, 5, 5, 5] | 256 | 4


4.50
4 | 200000 | [64, 64] | [5, 5, 5, 5] | 256 | 8


4.51
4 | 200000 | [64, 64] | [5, 5, 5, 5] | 512 | 2


4.52
4 | 200000 | [64, 64] | [5, 5, 5, 5] | 512 | 4


4.53
4 | 200000 | [64, 64] | [5, 5, 5, 5] | 512 | 8


4.54
4 | 50000 | [64, 128] | [5, 5, 5, 5] | 128 | 2


4.55
4 | 50000 | [64, 128] | [5, 5, 5, 5] | 128 | 4


4.56
4 | 50000 | [64, 128] | [5, 5, 5, 5] | 128 | 8


4.57
4 | 50000 | [64, 128] | [5, 5, 5, 5] | 256 | 2


4.58
4 | 50000 | [64, 128] | [5, 5, 5, 5] | 256 | 4


4.59
4 | 50000 | [64, 128] | [5, 5, 5, 5] | 256 | 8


4.60
4 | 50000 | [64, 128] | [5, 5, 5, 5] | 512 | 2


4.61
4 | 50000 | [64, 128] | [5, 5, 5, 5] | 512 | 4


4.62
4 | 50000 | [64, 128] | [5, 5, 5, 5] | 512 | 8


4.63
4 | 100000 | [64, 128] | [5, 5, 5, 5] | 128 | 2


4.64
4 | 100000 | [64, 128] | [5, 5, 5, 5] | 128 | 4


4.65
4 | 100000 | [64, 128] | [5, 5, 5, 5] | 128 | 8


4.66
4 | 100000 | [64, 128] | [5, 5, 5, 5] | 256 | 2


4.67
4 | 100000 | [64, 128] | [5, 5, 5, 5] | 256 | 4


4.68
4 | 100000 | [64, 128] | [5, 5, 5, 5] | 256 | 8


4.69
4 | 100000 | [64, 128] | [5, 5, 5, 5] | 512 | 2


4.70
4 | 100000 | [64, 128] | [5, 5, 5, 5] | 512 | 4


4.71
4 | 100000 | [64, 128] | [5, 5, 5, 5] | 512 | 8


4.72
4 | 200000 | [64, 128] | [5, 5, 5, 5] | 128 | 2


4.73
4 | 200000 | [64, 128] | [5, 5, 5, 5] | 128 | 4


4.74
4 | 200000 | [64, 128] | [5, 5, 5, 5] | 128 | 8


4.75
8 | 50000 | [16, 32, 64] | [5, 5, 5] | 128 | 2


8.1
8 | 50000 | [16, 32, 64] | [5, 5, 5] | 128 | 4


8.2
8 | 50000 | [16, 32, 64] | [5, 5, 5] | 128 | 8


8.3
8 | 50000 | [16, 32, 64] | [5, 5, 5] | 256 | 2


8.4
8 | 50000 | [16, 32, 64] | [5, 5, 5] | 256 | 4


8.5
8 | 50000 | [16, 32, 64] | [5, 5, 5] | 256 | 8


8.6
8 | 50000 | [16, 32, 64] | [5, 5, 5] | 512 | 2


8.7
8 | 50000 | [16, 32, 64] | [5, 5, 5] | 512 | 4


8.8
8 | 50000 | [16, 32, 64] | [5, 5, 5, 5, 5, 5] | 128 | 2
8 | 50000 | [16, 32, 64] | [5, 5, 5, 5, 5, 5] | 128 | 2
8 | 50000 | [16, 32, 64] | [5, 5, 5, 5, 5, 5] | 128 | 2
8 | 50000 | [16, 32, 64] | [5, 5, 5, 5, 5, 5] | 128 | 2


8.9
8 | 50000 | [16, 32, 64] | [5, 5, 5] | 512 | 8


8.10
8 | 50000 | [16, 32, 64] | [5, 5, 5, 5, 5, 5] | 128 | 4
8 | 50000 | [16, 32, 64] | [5, 5, 5, 5, 5, 5] | 128 | 4
8 | 50000 | [16, 32, 64] | [5, 5, 5, 5, 5, 5] | 128 | 4
8 | 50000 | [16, 32, 64] | [5, 5, 5, 5, 5, 5] | 128 | 4


8.11
8 | 50000 | [16, 32, 64] | [5, 5, 5, 5, 5, 5] | 128 | 8
8 | 50000 | [16, 32, 64] | [5, 5, 5, 5, 5, 5] | 128 | 8
8 | 50000 | [16, 32, 64] | [5, 5, 5, 5, 5, 5] | 128 | 8
8 | 50000 | [16, 32, 64] | [5, 5, 5, 5, 5, 5] | 128 | 8


8.12
8 | 100000 | [16, 32, 64] | [5, 5, 5] | 128 | 2


8.13
8 | 50000 | [16, 32, 64] | [5, 5, 5, 5, 5, 5] | 256 | 2
8 | 50000 | [16, 32, 64] | [5, 5, 5, 5, 5, 5] | 256 | 2
8 | 50000 | [16, 32, 64] | [5, 5, 5, 5, 5, 5] | 256 | 2
8 | 50000 | [16, 32, 64] | [5, 5, 5, 5, 5, 5] | 256 | 2


8.14
8 | 50000 | [16, 32, 64] | [5, 5, 5, 5, 5, 5] | 256 | 4
8 | 50000 | [16, 32, 64] | [5, 5, 5, 5, 5, 5] | 256 | 4
8 | 50000 | [16, 32, 64] | [5, 5, 5, 5, 5, 5] | 256 | 4
8 | 50000 | [16, 32, 64] | [5, 5, 5, 5, 5, 5] | 256 | 4


8.15
8 | 100000 | [16, 32, 64] | [5, 5, 5] | 128 | 4


8.16
8 | 50000 | [16, 32, 64] | [5, 5, 5, 5, 5, 5] | 256 | 8
8 | 50000 | [16, 32, 64] | [5, 5, 5, 5, 5, 5] | 256 | 8
8 | 50000 | [16, 32, 64] | [5, 5, 5, 5, 5, 5] | 256 | 8
8 | 50000 | [16, 32, 64] | [5, 5, 5, 5, 5, 5] | 256 | 8


8.17
8 | 50000 | [16, 32, 64] | [5, 5, 5, 5, 5, 5] | 512 | 2
8 | 50000 | [16, 32, 64] | [5, 5, 5, 5, 5, 5] | 512 | 2
8 | 50000 | [16, 32, 64] | [5, 5, 5, 5, 5, 5] | 512 | 2
8 | 50000 | [16, 32, 64] | [5, 5, 5, 5, 5, 5] | 512 | 2


8.18
8 | 100000 | [16, 32, 64] | [5, 5, 5] | 128 | 8


8.19
8 | 50000 | [16, 32, 64] | [5, 5, 5, 5, 5, 5] | 512 | 4
8 | 50000 | [16, 32, 64] | [5, 5, 5, 5, 5, 5] | 512 | 4
8 | 50000 | [16, 32, 64] | [5, 5, 5, 5, 5, 5] | 512 | 4
8 | 50000 | [16, 32, 64] | [5, 5, 5, 5, 5, 5] | 512 | 4


8.20
8 | 50000 | [16, 32, 64] | [5, 5, 5, 5, 5, 5] | 512 | 8
8 | 50000 | [16, 32, 64] | [5, 5, 5, 5, 5, 5] | 512 | 8
8 | 50000 | [16, 32, 64] | [5, 5, 5, 5, 5, 5] | 512 | 8
8 | 50000 | [16, 32, 64] | [5, 5, 5, 5, 5, 5] | 512 | 8


8.21
8 | 100000 | [16, 32, 64] | [5, 5, 5] | 256 | 2


8.22
8 | 100000 | [16, 32, 64] | [5, 5, 5, 5, 5, 5] | 128 | 2
8 | 100000 | [16, 32, 64] | [5, 5, 5, 5, 5, 5] | 128 | 2
8 | 100000 | [16, 32, 64] | [5, 5, 5, 5, 5, 5] | 128 | 2
8 | 100000 | [16, 32, 64] | [5, 5, 5, 5, 5, 5] | 128 | 2


8.23
8 | 100000 | [16, 32, 64] | [5, 5, 5] | 256 | 4


8.24
8 | 100000 | [16, 32, 64] | [5, 5, 5, 5, 5, 5] | 128 | 4
8 | 100000 | [16, 32, 64] | [5, 5, 5, 5, 5, 5] | 128 | 4
8 | 100000 | [16, 32, 64] | [5, 5, 5, 5, 5, 5] | 128 | 4
8 | 100000 | [16, 32, 64] | [5, 5, 5, 5, 5, 5] | 128 | 4


8.25
8 | 100000 | [16, 32, 64] | [5, 5, 5] | 256 | 8


8.26
8 | 100000 | [16, 32, 64] | [5, 5, 5, 5, 5, 5] | 128 | 8
8 | 100000 | [16, 32, 64] | [5, 5, 5, 5, 5, 5] | 128 | 8
8 | 100000 | [16, 32, 64] | [5, 5, 5, 5, 5, 5] | 128 | 8
8 | 100000 | [16, 32, 64] | [5, 5, 5, 5, 5, 5] | 128 | 8


8.27
8 | 100000 | [16, 32, 64] | [5, 5, 5] | 512 | 2


8.28
8 | 100000 | [16, 32, 64] | [5, 5, 5, 5, 5, 5] | 256 | 2
8 | 100000 | [16, 32, 64] | [5, 5, 5, 5, 5, 5] | 256 | 2
8 | 100000 | [16, 32, 64] | [5, 5, 5, 5, 5, 5] | 256 | 2
8 | 100000 | [16, 32, 64] | [5, 5, 5, 5, 5, 5] | 256 | 2


8.29
8 | 100000 | [16, 32, 64] | [5, 5, 5] | 512 | 4


8.30
8 | 100000 | [16, 32, 64] | [5, 5, 5, 5, 5, 5] | 256 | 4
8 | 100000 | [16, 32, 64] | [5, 5, 5, 5, 5, 5] | 256 | 4
8 | 100000 | [16, 32, 64] | [5, 5, 5, 5, 5, 5] | 256 | 4
8 | 100000 | [16, 32, 64] | [5, 5, 5, 5, 5, 5] | 256 | 4


8.31
8 | 100000 | [16, 32, 64] | [5, 5, 5] | 512 | 8


8.32
8 | 100000 | [16, 32, 64] | [5, 5, 5, 5, 5, 5] | 256 | 8
8 | 100000 | [16, 32, 64] | [5, 5, 5, 5, 5, 5] | 256 | 8
8 | 100000 | [16, 32, 64] | [5, 5, 5, 5, 5, 5] | 256 | 8
8 | 100000 | [16, 32, 64] | [5, 5, 5, 5, 5, 5] | 256 | 8


8.33
8 | 100000 | [16, 32, 64] | [5, 5, 5, 5, 5, 5] | 512 | 2
8 | 100000 | [16, 32, 64] | [5, 5, 5, 5, 5, 5] | 512 | 2
8 | 100000 | [16, 32, 64] | [5, 5, 5, 5, 5, 5] | 512 | 2
8 | 100000 | [16, 32, 64] | [5, 5, 5, 5, 5, 5] | 512 | 2


8.34
8 | 200000 | [16, 32, 64] | [5, 5, 5] | 128 | 2


8.35
8 | 100000 | [16, 32, 64] | [5, 5, 5, 5, 5, 5] | 512 | 4
8 | 100000 | [16, 32, 64] | [5, 5, 5, 5, 5, 5] | 512 | 4
8 | 100000 | [16, 32, 64] | [5, 5, 5, 5, 5, 5] | 512 | 4
8 | 100000 | [16, 32, 64] | [5, 5, 5, 5, 5, 5] | 512 | 4


8.36
8 | 100000 | [16, 32, 64] | [5, 5, 5, 5, 5, 5] | 512 | 8
8 | 100000 | [16, 32, 64] | [5, 5, 5, 5, 5, 5] | 512 | 8
8 | 100000 | [16, 32, 64] | [5, 5, 5, 5, 5, 5] | 512 | 8
8 | 100000 | [16, 32, 64] | [5, 5, 5, 5, 5, 5] | 512 | 8


8.37
8 | 200000 | [16, 32, 64] | [5, 5, 5] | 128 | 4


8.38
8 | 200000 | [16, 32, 64] | [5, 5, 5, 5, 5, 5] | 128 | 2
8 | 200000 | [16, 32, 64] | [5, 5, 5, 5, 5, 5] | 128 | 2
8 | 200000 | [16, 32, 64] | [5, 5, 5, 5, 5, 5] | 128 | 2
8 | 200000 | [16, 32, 64] | [5, 5, 5, 5, 5, 5] | 128 | 2


8.39
8 | 200000 | [16, 32, 64] | [5, 5, 5] | 128 | 8


8.40
8 | 200000 | [16, 32, 64] | [5, 5, 5, 5, 5, 5] | 128 | 4
8 | 200000 | [16, 32, 64] | [5, 5, 5, 5, 5, 5] | 128 | 4
8 | 200000 | [16, 32, 64] | [5, 5, 5, 5, 5, 5] | 128 | 4
8 | 200000 | [16, 32, 64] | [5, 5, 5, 5, 5, 5] | 128 | 4


8.41
8 | 200000 | [16, 32, 64] | [5, 5, 5] | 256 | 2


8.42
8 | 200000 | [16, 32, 64] | [5, 5, 5, 5, 5, 5] | 128 | 8
8 | 200000 | [16, 32, 64] | [5, 5, 5, 5, 5, 5] | 128 | 8
8 | 200000 | [16, 32, 64] | [5, 5, 5, 5, 5, 5] | 128 | 8
8 | 200000 | [16, 32, 64] | [5, 5, 5, 5, 5, 5] | 128 | 8


8.43
8 | 200000 | [16, 32, 64] | [5, 5, 5] | 256 | 4


8.44
8 | 200000 | [16, 32, 64] | [5, 5, 5, 5, 5, 5] | 256 | 2
8 | 200000 | [16, 32, 64] | [5, 5, 5, 5, 5, 5] | 256 | 2
8 | 200000 | [16, 32, 64] | [5, 5, 5, 5, 5, 5] | 256 | 2
8 | 200000 | [16, 32, 64] | [5, 5, 5, 5, 5, 5] | 256 | 2


8.45
8 | 200000 | [16, 32, 64] | [5, 5, 5] | 256 | 8


8.46
8 | 200000 | [16, 32, 64] | [5, 5, 5, 5, 5, 5] | 256 | 4
8 | 200000 | [16, 32, 64] | [5, 5, 5, 5, 5, 5] | 256 | 4
8 | 200000 | [16, 32, 64] | [5, 5, 5, 5, 5, 5] | 256 | 4
8 | 200000 | [16, 32, 64] | [5, 5, 5, 5, 5, 5] | 256 | 4


8.47
8 | 200000 | [16, 32, 64] | [5, 5, 5] | 512 | 2


8.48
8 | 200000 | [16, 32, 64] | [5, 5, 5, 5, 5, 5] | 256 | 8
8 | 200000 | [16, 32, 64] | [5, 5, 5, 5, 5, 5] | 256 | 8
8 | 200000 | [16, 32, 64] | [5, 5, 5, 5, 5, 5] | 256 | 8
8 | 200000 | [16, 32, 64] | [5, 5, 5, 5, 5, 5] | 256 | 8


8.49
8 | 200000 | [16, 32, 64] | [5, 5, 5] | 512 | 4


8.50
8 | 200000 | [16, 32, 64] | [5, 5, 5, 5, 5, 5] | 512 | 2
8 | 200000 | [16, 32, 64] | [5, 5, 5, 5, 5, 5] | 512 | 2
8 | 200000 | [16, 32, 64] | [5, 5, 5, 5, 5, 5] | 512 | 2
8 | 200000 | [16, 32, 64] | [5, 5, 5, 5, 5, 5] | 512 | 2


8.51
8 | 200000 | [16, 32, 64] | [5, 5, 5] | 512 | 8


8.52
8 | 50000 | [32, 64, 128] | [5, 5, 5] | 128 | 2


8.53
8 | 200000 | [16, 32, 64] | [5, 5, 5, 5, 5, 5] | 512 | 4
8 | 200000 | [16, 32, 64] | [5, 5, 5, 5, 5, 5] | 512 | 4
8 | 200000 | [16, 32, 64] | [5, 5, 5, 5, 5, 5] | 512 | 4
8 | 200000 | [16, 32, 64] | [5, 5, 5, 5, 5, 5] | 512 | 4


8.54
8 | 50000 | [32, 64, 128] | [5, 5, 5] | 128 | 4


8.55
8 | 50000 | [32, 64, 128] | [5, 5, 5] | 128 | 8


8.56
8 | 50000 | [32, 64, 128] | [5, 5, 5] | 256 | 2


8.57
8 | 200000 | [16, 32, 64] | [5, 5, 5, 5, 5, 5] | 512 | 8
8 | 200000 | [16, 32, 64] | [5, 5, 5, 5, 5, 5] | 512 | 8
8 | 200000 | [16, 32, 64] | [5, 5, 5, 5, 5, 5] | 512 | 8
8 | 200000 | [16, 32, 64] | [5, 5, 5, 5, 5, 5] | 512 | 8


8.58
8 | 50000 | [32, 64, 128] | [5, 5, 5] | 256 | 4


8.59
8 | 50000 | [32, 64, 128] | [5, 5, 5, 5, 5, 5] | 128 | 2
8 | 50000 | [32, 64, 128] | [5, 5, 5, 5, 5, 5] | 128 | 2
8 | 50000 | [32, 64, 128] | [5, 5, 5, 5, 5, 5] | 128 | 2
8 | 50000 | [32, 64, 128] | [5, 5, 5, 5, 5, 5] | 128 | 2


8.60
8 | 50000 | [32, 64, 128] | [5, 5, 5] | 256 | 8


8.61
8 | 50000 | [32, 64, 128] | [5, 5, 5, 5, 5, 5] | 128 | 4
8 | 50000 | [32, 64, 128] | [5, 5, 5, 5, 5, 5] | 128 | 4
8 | 50000 | [32, 64, 128] | [5, 5, 5, 5, 5, 5] | 128 | 4
8 | 50000 | [32, 64, 128] | [5, 5, 5, 5, 5, 5] | 128 | 4


8.62
8 | 50000 | [32, 64, 128] | [5, 5, 5] | 512 | 2


8.63
8 | 50000 | [32, 64, 128] | [5, 5, 5, 5, 5, 5] | 128 | 8
8 | 50000 | [32, 64, 128] | [5, 5, 5, 5, 5, 5] | 128 | 8
8 | 50000 | [32, 64, 128] | [5, 5, 5, 5, 5, 5] | 128 | 8
8 | 50000 | [32, 64, 128] | [5, 5, 5, 5, 5, 5] | 128 | 8


8.64
8 | 50000 | [32, 64, 128] | [5, 5, 5] | 512 | 4


8.65
8 | 50000 | [32, 64, 128] | [5, 5, 5, 5, 5, 5] | 256 | 2
8 | 50000 | [32, 64, 128] | [5, 5, 5, 5, 5, 5] | 256 | 2
8 | 50000 | [32, 64, 128] | [5, 5, 5, 5, 5, 5] | 256 | 2
8 | 50000 | [32, 64, 128] | [5, 5, 5, 5, 5, 5] | 256 | 2


8.66
8 | 50000 | [32, 64, 128] | [5, 5, 5] | 512 | 8


8.67
8 | 50000 | [32, 64, 128] | [5, 5, 5, 5, 5, 5] | 256 | 4
8 | 50000 | [32, 64, 128] | [5, 5, 5, 5, 5, 5] | 256 | 4
8 | 50000 | [32, 64, 128] | [5, 5, 5, 5, 5, 5] | 256 | 4
8 | 50000 | [32, 64, 128] | [5, 5, 5, 5, 5, 5] | 256 | 4


8.68
8 | 50000 | [32, 64, 128] | [5, 5, 5, 5, 5, 5] | 256 | 8
8 | 50000 | [32, 64, 128] | [5, 5, 5, 5, 5, 5] | 256 | 8
8 | 50000 | [32, 64, 128] | [5, 5, 5, 5, 5, 5] | 256 | 8
8 | 50000 | [32, 64, 128] | [5, 5, 5, 5, 5, 5] | 256 | 8


8.69
8 | 100000 | [32, 64, 128] | [5, 5, 5] | 128 | 2


8.70
8 | 50000 | [32, 64, 128] | [5, 5, 5, 5, 5, 5] | 512 | 2
8 | 50000 | [32, 64, 128] | [5, 5, 5, 5, 5, 5] | 512 | 2
8 | 50000 | [32, 64, 128] | [5, 5, 5, 5, 5, 5] | 512 | 2
8 | 50000 | [32, 64, 128] | [5, 5, 5, 5, 5, 5] | 512 | 2


8.71
8 | 50000 | [32, 64, 128] | [5, 5, 5, 5, 5, 5] | 512 | 4
8 | 50000 | [32, 64, 128] | [5, 5, 5, 5, 5, 5] | 512 | 4
8 | 50000 | [32, 64, 128] | [5, 5, 5, 5, 5, 5] | 512 | 4
8 | 50000 | [32, 64, 128] | [5, 5, 5, 5, 5, 5] | 512 | 4


8.72
8 | 100000 | [32, 64, 128] | [5, 5, 5] | 128 | 4


8.73
8 | 50000 | [32, 64, 128] | [5, 5, 5, 5, 5, 5] | 512 | 8
8 | 50000 | [32, 64, 128] | [5, 5, 5, 5, 5, 5] | 512 | 8
8 | 50000 | [32, 64, 128] | [5, 5, 5, 5, 5, 5] | 512 | 8
8 | 50000 | [32, 64, 128] | [5, 5, 5, 5, 5, 5] | 512 | 8


8.74
8 | 100000 | [32, 64, 128] | [5, 5, 5] | 128 | 8


8.75
8 | 100000 | [32, 64, 128] | [5, 5, 5, 5, 5, 5] | 128 | 2
8 | 100000 | [32, 64, 128] | [5, 5, 5, 5, 5, 5] | 128 | 2
8 | 100000 | [32, 64, 128] | [5, 5, 5, 5, 5, 5] | 128 | 2
8 | 100000 | [32, 64, 128] | [5, 5, 5, 5, 5, 5] | 128 | 2


8.76
8 | 100000 | [32, 64, 128] | [5, 5, 5] | 256 | 2


8.77
8 | 100000 | [32, 64, 128] | [5, 5, 5, 5, 5, 5] | 128 | 4
8 | 100000 | [32, 64, 128] | [5, 5, 5, 5, 5, 5] | 128 | 4
8 | 100000 | [32, 64, 128] | [5, 5, 5, 5, 5, 5] | 128 | 4
8 | 100000 | [32, 64, 128] | [5, 5, 5, 5, 5, 5] | 128 | 4


8.78
8 | 100000 | [32, 64, 128] | [5, 5, 5] | 256 | 4


8.79
8 | 100000 | [32, 64, 128] | [5, 5, 5, 5, 5, 5] | 128 | 8
8 | 100000 | [32, 64, 128] | [5, 5, 5, 5, 5, 5] | 128 | 8
8 | 100000 | [32, 64, 128] | [5, 5, 5, 5, 5, 5] | 128 | 8
8 | 100000 | [32, 64, 128] | [5, 5, 5, 5, 5, 5] | 128 | 8


8.80
8 | 100000 | [32, 64, 128] | [5, 5, 5] | 256 | 8


8.81
8 | 100000 | [32, 64, 128] | [5, 5, 5, 5, 5, 5] | 256 | 2
8 | 100000 | [32, 64, 128] | [5, 5, 5, 5, 5, 5] | 256 | 2


8.82
8 | 100000 | [32, 64, 128] | [5, 5, 5] | 512 | 2


8.83
8 | 100000 | [32, 64, 128] | [5, 5, 5, 5, 5, 5] | 256 | 4
8 | 100000 | [32, 64, 128] | [5, 5, 5, 5, 5, 5] | 256 | 4


8.84
8 | 100000 | [32, 64, 128] | [5, 5, 5] | 512 | 4


8.85
8 | 100000 | [32, 64, 128] | [5, 5, 5, 5, 5, 5] | 256 | 8
8 | 100000 | [32, 64, 128] | [5, 5, 5, 5, 5, 5] | 256 | 8


8.86
8 | 100000 | [32, 64, 128] | [5, 5, 5] | 512 | 8


8.87
8 | 100000 | [32, 64, 128] | [5, 5, 5, 5, 5, 5] | 512 | 2
8 | 100000 | [32, 64, 128] | [5, 5, 5, 5, 5, 5] | 512 | 2


8.88
8 | 100000 | [32, 64, 128] | [5, 5, 5, 5, 5, 5] | 512 | 4
8 | 100000 | [32, 64, 128] | [5, 5, 5, 5, 5, 5] | 512 | 4


8.89
8 | 200000 | [32, 64, 128] | [5, 5, 5] | 128 | 2


8.90
8 | 100000 | [32, 64, 128] | [5, 5, 5, 5, 5, 5] | 512 | 8
8 | 100000 | [32, 64, 128] | [5, 5, 5, 5, 5, 5] | 512 | 8


8.91
8 | 200000 | [32, 64, 128] | [5, 5, 5] | 128 | 4


8.92
8 | 200000 | [32, 64, 128] | [5, 5, 5, 5, 5, 5] | 128 | 2
8 | 200000 | [32, 64, 128] | [5, 5, 5, 5, 5, 5] | 128 | 2


8.93
8 | 200000 | [32, 64, 128] | [5, 5, 5] | 128 | 8


8.94
8 | 200000 | [32, 64, 128] | [5, 5, 5, 5, 5, 5] | 128 | 4
8 | 200000 | [32, 64, 128] | [5, 5, 5, 5, 5, 5] | 128 | 4


8.95
8 | 200000 | [32, 64, 128] | [5, 5, 5] | 256 | 2


8.96
8 | 200000 | [32, 64, 128] | [5, 5, 5, 5, 5, 5] | 128 | 8
8 | 200000 | [32, 64, 128] | [5, 5, 5, 5, 5, 5] | 128 | 8


8.97
8 | 200000 | [32, 64, 128] | [5, 5, 5] | 256 | 4


8.98
8 | 200000 | [32, 64, 128] | [5, 5, 5, 5, 5, 5] | 256 | 2
8 | 200000 | [32, 64, 128] | [5, 5, 5, 5, 5, 5] | 256 | 2


8.99
8 | 200000 | [32, 64, 128] | [5, 5, 5] | 256 | 8


8.100
8 | 200000 | [32, 64, 128] | [5, 5, 5, 5, 5, 5] | 256 | 4
8 | 200000 | [32, 64, 128] | [5, 5, 5, 5, 5, 5] | 256 | 4


8.101
8 | 200000 | [32, 64, 128] | [5, 5, 5] | 512 | 2


8.102
8 | 200000 | [32, 64, 128] | [5, 5, 5, 5, 5, 5] | 256 | 8
8 | 200000 | [32, 64, 128] | [5, 5, 5, 5, 5, 5] | 256 | 8


8.103
8 | 200000 | [32, 64, 128] | [5, 5, 5] | 512 | 4


8.104
8 | 200000 | [32, 64, 128] | [5, 5, 5, 5, 5, 5] | 512 | 2
8 | 200000 | [32, 64, 128] | [5, 5, 5, 5, 5, 5] | 512 | 2


8.105
8 | 200000 | [32, 64, 128] | [5, 5, 5] | 512 | 8


8.106
8 | 200000 | [32, 64, 128] | [5, 5, 5, 5, 5, 5] | 512 | 4
8 | 200000 | [32, 64, 128] | [5, 5, 5, 5, 5, 5] | 512 | 4


8.107
8 | 50000 | [32, 64, 64] | [5, 5, 5] | 128 | 2


8.108
8 | 50000 | [32, 64, 64] | [5, 5, 5] | 128 | 4


8.109
8 | 50000 | [32, 64, 64] | [5, 5, 5] | 128 | 8


8.110
8 | 50000 | [32, 64, 64] | [5, 5, 5] | 256 | 2


8.111
8 | 200000 | [32, 64, 128] | [5, 5, 5, 5, 5, 5] | 512 | 8
8 | 200000 | [32, 64, 128] | [5, 5, 5, 5, 5, 5] | 512 | 8


8.112
8 | 50000 | [32, 64, 64] | [5, 5, 5] | 256 | 4


8.113
8 | 50000 | [32, 64, 64] | [5, 5, 5, 5, 5, 5] | 128 | 2
8 | 50000 | [32, 64, 64] | [5, 5, 5, 5, 5, 5] | 128 | 2


8.114
8 | 50000 | [32, 64, 64] | [5, 5, 5] | 256 | 8


8.115
8 | 50000 | [32, 64, 64] | [5, 5, 5, 5, 5, 5] | 128 | 4
8 | 50000 | [32, 64, 64] | [5, 5, 5, 5, 5, 5] | 128 | 4


8.116
8 | 50000 | [32, 64, 64] | [5, 5, 5] | 512 | 2


8.117
8 | 50000 | [32, 64, 64] | [5, 5, 5, 5, 5, 5] | 128 | 8
8 | 50000 | [32, 64, 64] | [5, 5, 5, 5, 5, 5] | 128 | 8


8.118
8 | 50000 | [32, 64, 64] | [5, 5, 5] | 512 | 4


8.119
8 | 50000 | [32, 64, 64] | [5, 5, 5, 5, 5, 5] | 256 | 2
8 | 50000 | [32, 64, 64] | [5, 5, 5, 5, 5, 5] | 256 | 2


8.120
8 | 50000 | [32, 64, 64] | [5, 5, 5] | 512 | 8


8.121
8 | 50000 | [32, 64, 64] | [5, 5, 5, 5, 5, 5] | 256 | 4
8 | 50000 | [32, 64, 64] | [5, 5, 5, 5, 5, 5] | 256 | 4


8.122
8 | 50000 | [32, 64, 64] | [5, 5, 5, 5, 5, 5] | 256 | 8
8 | 50000 | [32, 64, 64] | [5, 5, 5, 5, 5, 5] | 256 | 8


8.123
8 | 100000 | [32, 64, 64] | [5, 5, 5] | 128 | 2


8.124
8 | 50000 | [32, 64, 64] | [5, 5, 5, 5, 5, 5] | 512 | 2
8 | 50000 | [32, 64, 64] | [5, 5, 5, 5, 5, 5] | 512 | 2


8.125
8 | 50000 | [32, 64, 64] | [5, 5, 5, 5, 5, 5] | 512 | 4
8 | 50000 | [32, 64, 64] | [5, 5, 5, 5, 5, 5] | 512 | 4


8.126
8 | 100000 | [32, 64, 64] | [5, 5, 5] | 128 | 4


8.127
8 | 50000 | [32, 64, 64] | [5, 5, 5, 5, 5, 5] | 512 | 8
8 | 50000 | [32, 64, 64] | [5, 5, 5, 5, 5, 5] | 512 | 8


8.128
8 | 100000 | [32, 64, 64] | [5, 5, 5] | 128 | 8


8.129
8 | 100000 | [32, 64, 64] | [5, 5, 5, 5, 5, 5] | 128 | 2
8 | 100000 | [32, 64, 64] | [5, 5, 5, 5, 5, 5] | 128 | 2


8.130
8 | 100000 | [32, 64, 64] | [5, 5, 5, 5, 5, 5] | 128 | 4
8 | 100000 | [32, 64, 64] | [5, 5, 5, 5, 5, 5] | 128 | 4


8.131
8 | 100000 | [32, 64, 64] | [5, 5, 5, 5, 5, 5] | 128 | 8


8.132
16 | 50000 | [16, 32, 64, 128] | [5, 5, 5, 5] | 128 | 2


16.1
16 | 50000 | [16, 32, 64, 128] | [5, 5, 5, 5] | 128 | 4


16.2
16 | 50000 | [16, 32, 64, 128] | [5, 5, 5, 5] | 128 | 8


16.3
16 | 50000 | [16, 32, 64, 128] | [5, 5, 5, 5] | 256 | 2


16.4
16 | 50000 | [16, 32, 64, 128] | [5, 5, 5, 5] | 256 | 4


16.5
16 | 50000 | [16, 32, 64, 128] | [5, 5, 5, 5] | 256 | 8


16.6
16 | 50000 | [16, 32, 64, 128] | [5, 5, 5, 5] | 512 | 2


16.7
16 | 50000 | [16, 32, 64, 128] | [5, 5, 5, 5, 5, 5, 5, 5] | 128 | 2
16 | 50000 | [16, 32, 64, 128] | [5, 5, 5, 5, 5, 5, 5, 5] | 128 | 2
16 | 50000 | [16, 32, 64, 128] | [5, 5, 5, 5, 5, 5, 5, 5] | 128 | 2


16.8
16 | 50000 | [16, 32, 64, 128] | [5, 5, 5, 5] | 512 | 4


16.9
16 | 50000 | [16, 32, 64, 128] | [5, 5, 5, 5, 5, 5, 5, 5] | 128 | 4
16 | 50000 | [16, 32, 64, 128] | [5, 5, 5, 5, 5, 5, 5, 5] | 128 | 4
16 | 50000 | [16, 32, 64, 128] | [5, 5, 5, 5, 5, 5, 5, 5] | 128 | 4


16.10
16 | 50000 | [16, 32, 64, 128] | [5, 5, 5, 5] | 512 | 8


16.11
16 | 50000 | [16, 32, 64, 128] | [5, 5, 5, 5, 5, 5, 5, 5] | 128 | 8
16 | 50000 | [16, 32, 64, 128] | [5, 5, 5, 5, 5, 5, 5, 5] | 128 | 8
16 | 50000 | [16, 32, 64, 128] | [5, 5, 5, 5, 5, 5, 5, 5] | 128 | 8


16.12
16 | 50000 | [16, 32, 64, 128] | [5, 5, 5, 5, 5, 5, 5, 5] | 256 | 2
16 | 50000 | [16, 32, 64, 128] | [5, 5, 5, 5, 5, 5, 5, 5] | 256 | 2
16 | 50000 | [16, 32, 64, 128] | [5, 5, 5, 5, 5, 5, 5, 5] | 256 | 2


16.13
16 | 100000 | [16, 32, 64, 128] | [5, 5, 5, 5] | 128 | 2


16.14
16 | 50000 | [16, 32, 64, 128] | [5, 5, 5, 5, 5, 5, 5, 5] | 256 | 4
16 | 50000 | [16, 32, 64, 128] | [5, 5, 5, 5, 5, 5, 5, 5] | 256 | 4
16 | 50000 | [16, 32, 64, 128] | [5, 5, 5, 5, 5, 5, 5, 5] | 256 | 4


16.15
16 | 50000 | [16, 32, 64, 128] | [5, 5, 5, 5, 5, 5, 5, 5] | 256 | 8
16 | 50000 | [16, 32, 64, 128] | [5, 5, 5, 5, 5, 5, 5, 5] | 256 | 8
16 | 50000 | [16, 32, 64, 128] | [5, 5, 5, 5, 5, 5, 5, 5] | 256 | 8


16.16
16 | 100000 | [16, 32, 64, 128] | [5, 5, 5, 5] | 128 | 4


16.17
16 | 50000 | [16, 32, 64, 128] | [5, 5, 5, 5, 5, 5, 5, 5] | 512 | 2
16 | 50000 | [16, 32, 64, 128] | [5, 5, 5, 5, 5, 5, 5, 5] | 512 | 2
16 | 50000 | [16, 32, 64, 128] | [5, 5, 5, 5, 5, 5, 5, 5] | 512 | 2


16.18
16 | 100000 | [16, 32, 64, 128] | [5, 5, 5, 5] | 128 | 8


16.19
16 | 50000 | [16, 32, 64, 128] | [5, 5, 5, 5, 5, 5, 5, 5] | 512 | 4
16 | 50000 | [16, 32, 64, 128] | [5, 5, 5, 5, 5, 5, 5, 5] | 512 | 4
16 | 50000 | [16, 32, 64, 128] | [5, 5, 5, 5, 5, 5, 5, 5] | 512 | 4


16.20
16 | 50000 | [16, 32, 64, 128] | [5, 5, 5, 5, 5, 5, 5, 5] | 512 | 8
16 | 50000 | [16, 32, 64, 128] | [5, 5, 5, 5, 5, 5, 5, 5] | 512 | 8
16 | 50000 | [16, 32, 64, 128] | [5, 5, 5, 5, 5, 5, 5, 5] | 512 | 8


16.21
16 | 100000 | [16, 32, 64, 128] | [5, 5, 5, 5] | 256 | 2


16.22
16 | 100000 | [16, 32, 64, 128] | [5, 5, 5, 5, 5, 5, 5, 5] | 128 | 2
16 | 100000 | [16, 32, 64, 128] | [5, 5, 5, 5, 5, 5, 5, 5] | 128 | 2
16 | 100000 | [16, 32, 64, 128] | [5, 5, 5, 5, 5, 5, 5, 5] | 128 | 2


16.23
16 | 100000 | [16, 32, 64, 128] | [5, 5, 5, 5] | 256 | 4


16.24
16 | 100000 | [16, 32, 64, 128] | [5, 5, 5, 5, 5, 5, 5, 5] | 128 | 4
16 | 100000 | [16, 32, 64, 128] | [5, 5, 5, 5, 5, 5, 5, 5] | 128 | 4
16 | 100000 | [16, 32, 64, 128] | [5, 5, 5, 5, 5, 5, 5, 5] | 128 | 4


16.25
16 | 100000 | [16, 32, 64, 128] | [5, 5, 5, 5] | 256 | 8


16.26
16 | 100000 | [16, 32, 64, 128] | [5, 5, 5, 5, 5, 5, 5, 5] | 128 | 8
16 | 100000 | [16, 32, 64, 128] | [5, 5, 5, 5, 5, 5, 5, 5] | 128 | 8
16 | 100000 | [16, 32, 64, 128] | [5, 5, 5, 5, 5, 5, 5, 5] | 128 | 8


16.27
16 | 100000 | [16, 32, 64, 128] | [5, 5, 5, 5] | 512 | 2


16.28
16 | 100000 | [16, 32, 64, 128] | [5, 5, 5, 5, 5, 5, 5, 5] | 256 | 2
16 | 100000 | [16, 32, 64, 128] | [5, 5, 5, 5, 5, 5, 5, 5] | 256 | 2
16 | 100000 | [16, 32, 64, 128] | [5, 5, 5, 5, 5, 5, 5, 5] | 256 | 2


16.29
16 | 100000 | [16, 32, 64, 128] | [5, 5, 5, 5] | 512 | 4


16.30
16 | 100000 | [16, 32, 64, 128] | [5, 5, 5, 5, 5, 5, 5, 5] | 256 | 4
16 | 100000 | [16, 32, 64, 128] | [5, 5, 5, 5, 5, 5, 5, 5] | 256 | 4
16 | 100000 | [16, 32, 64, 128] | [5, 5, 5, 5, 5, 5, 5, 5] | 256 | 4


16.31
16 | 100000 | [16, 32, 64, 128] | [5, 5, 5, 5] | 512 | 8


16.32
16 | 100000 | [16, 32, 64, 128] | [5, 5, 5, 5, 5, 5, 5, 5] | 256 | 8
16 | 100000 | [16, 32, 64, 128] | [5, 5, 5, 5, 5, 5, 5, 5] | 256 | 8
16 | 100000 | [16, 32, 64, 128] | [5, 5, 5, 5, 5, 5, 5, 5] | 256 | 8


16.33
16 | 100000 | [16, 32, 64, 128] | [5, 5, 5, 5, 5, 5, 5, 5] | 512 | 2
16 | 100000 | [16, 32, 64, 128] | [5, 5, 5, 5, 5, 5, 5, 5] | 512 | 2
16 | 100000 | [16, 32, 64, 128] | [5, 5, 5, 5, 5, 5, 5, 5] | 512 | 2


16.34
16 | 200000 | [16, 32, 64, 128] | [5, 5, 5, 5] | 128 | 2


16.35
16 | 100000 | [16, 32, 64, 128] | [5, 5, 5, 5, 5, 5, 5, 5] | 512 | 4
16 | 100000 | [16, 32, 64, 128] | [5, 5, 5, 5, 5, 5, 5, 5] | 512 | 4
16 | 100000 | [16, 32, 64, 128] | [5, 5, 5, 5, 5, 5, 5, 5] | 512 | 4


16.36
16 | 100000 | [16, 32, 64, 128] | [5, 5, 5, 5, 5, 5, 5, 5] | 512 | 8
16 | 100000 | [16, 32, 64, 128] | [5, 5, 5, 5, 5, 5, 5, 5] | 512 | 8
16 | 100000 | [16, 32, 64, 128] | [5, 5, 5, 5, 5, 5, 5, 5] | 512 | 8


16.37
16 | 200000 | [16, 32, 64, 128] | [5, 5, 5, 5] | 128 | 4


16.38
16 | 200000 | [16, 32, 64, 128] | [5, 5, 5, 5, 5, 5, 5, 5] | 128 | 2
16 | 200000 | [16, 32, 64, 128] | [5, 5, 5, 5, 5, 5, 5, 5] | 128 | 2
16 | 200000 | [16, 32, 64, 128] | [5, 5, 5, 5, 5, 5, 5, 5] | 128 | 2


16.39
16 | 200000 | [16, 32, 64, 128] | [5, 5, 5, 5] | 128 | 8


16.40
16 | 200000 | [16, 32, 64, 128] | [5, 5, 5, 5, 5, 5, 5, 5] | 128 | 4
16 | 200000 | [16, 32, 64, 128] | [5, 5, 5, 5, 5, 5, 5, 5] | 128 | 4
16 | 200000 | [16, 32, 64, 128] | [5, 5, 5, 5, 5, 5, 5, 5] | 128 | 4


16.41
16 | 200000 | [16, 32, 64, 128] | [5, 5, 5, 5] | 256 | 2


16.42
16 | 200000 | [16, 32, 64, 128] | [5, 5, 5, 5, 5, 5, 5, 5] | 128 | 8
16 | 200000 | [16, 32, 64, 128] | [5, 5, 5, 5, 5, 5, 5, 5] | 128 | 8
16 | 200000 | [16, 32, 64, 128] | [5, 5, 5, 5, 5, 5, 5, 5] | 128 | 8


16.43
16 | 200000 | [16, 32, 64, 128] | [5, 5, 5, 5] | 256 | 4


16.44
16 | 200000 | [16, 32, 64, 128] | [5, 5, 5, 5, 5, 5, 5, 5] | 256 | 2
16 | 200000 | [16, 32, 64, 128] | [5, 5, 5, 5, 5, 5, 5, 5] | 256 | 2
16 | 200000 | [16, 32, 64, 128] | [5, 5, 5, 5, 5, 5, 5, 5] | 256 | 2


16.45
16 | 200000 | [16, 32, 64, 128] | [5, 5, 5, 5] | 256 | 8


16.46
16 | 200000 | [16, 32, 64, 128] | [5, 5, 5, 5, 5, 5, 5, 5] | 256 | 4
16 | 200000 | [16, 32, 64, 128] | [5, 5, 5, 5, 5, 5, 5, 5] | 256 | 4
16 | 200000 | [16, 32, 64, 128] | [5, 5, 5, 5, 5, 5, 5, 5] | 256 | 4


16.47
16 | 200000 | [16, 32, 64, 128] | [5, 5, 5, 5] | 512 | 2


16.48
16 | 200000 | [16, 32, 64, 128] | [5, 5, 5, 5, 5, 5, 5, 5] | 256 | 8
16 | 200000 | [16, 32, 64, 128] | [5, 5, 5, 5, 5, 5, 5, 5] | 256 | 8
16 | 200000 | [16, 32, 64, 128] | [5, 5, 5, 5, 5, 5, 5, 5] | 256 | 8


16.49
16 | 200000 | [16, 32, 64, 128] | [5, 5, 5, 5] | 512 | 4


16.50
16 | 200000 | [16, 32, 64, 128] | [5, 5, 5, 5, 5, 5, 5, 5] | 512 | 2


16.51
16 | 200000 | [16, 32, 64, 128] | [5, 5, 5, 5] | 512 | 8


16.52
16 | 50000 | [16, 64, 64, 128] | [5, 5, 5, 5] | 128 | 2


16.53
16 | 50000 | [16, 64, 64, 128] | [5, 5, 5, 5] | 128 | 4


16.54
16 | 200000 | [16, 32, 64, 128] | [5, 5, 5, 5, 5, 5, 5, 5] | 512 | 4


16.55
16 | 50000 | [16, 64, 64, 128] | [5, 5, 5, 5] | 128 | 8


16.56
16 | 50000 | [16, 64, 64, 128] | [5, 5, 5, 5] | 256 | 2


16.57
16 | 50000 | [16, 64, 64, 128] | [5, 5, 5, 5] | 256 | 4


16.58
16 | 200000 | [16, 32, 64, 128] | [5, 5, 5, 5, 5, 5, 5, 5] | 512 | 8


16.59
16 | 50000 | [16, 64, 64, 128] | [5, 5, 5, 5] | 256 | 8


16.60
16 | 50000 | [16, 64, 64, 128] | [5, 5, 5, 5, 5, 5, 5, 5] | 128 | 2


16.61
16 | 50000 | [16, 64, 64, 128] | [5, 5, 5, 5] | 512 | 2


16.62
16 | 50000 | [16, 64, 64, 128] | [5, 5, 5, 5, 5, 5, 5, 5] | 128 | 4


16.63
16 | 50000 | [16, 64, 64, 128] | [5, 5, 5, 5] | 512 | 4


16.64
16 | 50000 | [16, 64, 64, 128] | [5, 5, 5, 5, 5, 5, 5, 5] | 128 | 8


16.65
16 | 50000 | [16, 64, 64, 128] | [5, 5, 5, 5] | 512 | 8


16.66
16 | 50000 | [16, 64, 64, 128] | [5, 5, 5, 5, 5, 5, 5, 5] | 256 | 2


16.67
16 | 50000 | [16, 64, 64, 128] | [5, 5, 5, 5, 5, 5, 5, 5] | 256 | 4


16.68
16 | 100000 | [16, 64, 64, 128] | [5, 5, 5, 5] | 128 | 2


16.69
16 | 50000 | [16, 64, 64, 128] | [5, 5, 5, 5, 5, 5, 5, 5] | 256 | 8


16.70
16 | 50000 | [16, 64, 64, 128] | [5, 5, 5, 5, 5, 5, 5, 5] | 512 | 2


16.71
16 | 100000 | [16, 64, 64, 128] | [5, 5, 5, 5] | 128 | 4


16.72
16 | 50000 | [16, 64, 64, 128] | [5, 5, 5, 5, 5, 5, 5, 5] | 512 | 4


16.73
16 | 50000 | [16, 64, 64, 128] | [5, 5, 5, 5, 5, 5, 5, 5] | 512 | 8


16.74
16 | 100000 | [16, 64, 64, 128] | [5, 5, 5, 5] | 128 | 8


16.75
16 | 100000 | [16, 64, 64, 128] | [5, 5, 5, 5, 5, 5, 5, 5] | 128 | 2


16.76
16 | 100000 | [16, 64, 64, 128] | [5, 5, 5, 5] | 256 | 2


16.77
16 | 100000 | [16, 64, 64, 128] | [5, 5, 5, 5, 5, 5, 5, 5] | 128 | 4


16.78
16 | 100000 | [16, 64, 64, 128] | [5, 5, 5, 5] | 256 | 4


16.79
16 | 100000 | [16, 64, 64, 128] | [5, 5, 5, 5, 5, 5, 5, 5] | 128 | 8


16.80
16 | 100000 | [16, 64, 64, 128] | [5, 5, 5, 5] | 256 | 8


16.81
16 | 100000 | [16, 64, 64, 128] | [5, 5, 5, 5, 5, 5, 5, 5] | 256 | 2


16.82
16 | 100000 | [16, 64, 64, 128] | [5, 5, 5, 5] | 512 | 2


16.83
16 | 100000 | [16, 64, 64, 128] | [5, 5, 5, 5, 5, 5, 5, 5] | 256 | 4


16.84
16 | 100000 | [16, 64, 64, 128] | [5, 5, 5, 5] | 512 | 4


16.85
16 | 100000 | [16, 64, 64, 128] | [5, 5, 5, 5, 5, 5, 5, 5] | 256 | 8


16.86
16 | 100000 | [16, 64, 64, 128] | [5, 5, 5, 5] | 512 | 8


16.87
16 | 100000 | [16, 64, 64, 128] | [5, 5, 5, 5, 5, 5, 5, 5] | 512 | 2


16.88
16 | 100000 | [16, 64, 64, 128] | [5, 5, 5, 5, 5, 5, 5, 5] | 512 | 4


16.89
16 | 200000 | [16, 64, 64, 128] | [5, 5, 5, 5] | 128 | 2


16.90
16 | 100000 | [16, 64, 64, 128] | [5, 5, 5, 5, 5, 5, 5, 5] | 512 | 8


16.91
16 | 200000 | [16, 64, 64, 128] | [5, 5, 5, 5] | 128 | 4


16.92
16 | 200000 | [16, 64, 64, 128] | [5, 5, 5, 5, 5, 5, 5, 5] | 128 | 2


16.93
16 | 200000 | [16, 64, 64, 128] | [5, 5, 5, 5] | 128 | 8


16.94
16 | 200000 | [16, 64, 64, 128] | [5, 5, 5, 5, 5, 5, 5, 5] | 128 | 4


16.95
16 | 200000 | [16, 64, 64, 128] | [5, 5, 5, 5, 5, 5, 5, 5] | 128 | 8


