0.0047753387978142076	9919	1.0
0.026882185792349723	3256	1.0
0.034333333333333334	4002	1.0
0.19432568306010928	2065	1.0
0.2349590163934426	9154	1.0
0.3405098360655738	4985	1.0
0.38247814207650277	1121	1.0
0.42109071038251367	5983	1.0
0.425231693989071	2421	1.0
0.45792459016393444	3143	1.0
0.46032404371584695	7201	1.0
0.5521530054644809	3486	1.0
0.5709071038251367	5048	1.0
0.7169398907103826	2143	1.0
0.7173989071038251	3113	1.0
0.7914371584699453	9628	1.0
0.8377978142076502	389	1.0
0.9416174863387978	3085	1.0
0.9500054644808743	2643	1.0
0.988087431693989	7783	1.0
1.0058415300546448	9552	1.0
1.0374863387978142	1670	1.0
1.0459234972677596	0	1.0
1.0551803278688523	1959	1.0
1.0656612021857923	5320	1.0
1.0774207650273224	9510	1.0
1.0829398907103824	3874	1.0
1.1251420765027322	3977	1.0
1.133535519125683	6450	1.0
1.160448087431694	5652	1.0
1.1618907103825136	1087	1.0
1.2314371584699455	7877	1.0
1.2605737704918032	3249	1.0
1.264295081967213	7797	1.0
1.2925136612021857	9580	1.0
1.3024535519125682	9144	1.0
1.312311475409836	2459	1.0
1.362655737704918	5723	1.0
1.3922459016393443	6435	1.0
1.4027868852459018	6444	1.0
1.4065409836065574	9443	1.0
1.428846994535519	8852	1.0
1.440398907103825	6498	1.0
1.4547486338797815	6781	1.0
1.4712950819672133	7710	1.0
1.4740928961748634	2371	1.0
1.4899945355191255	1696	1.0
1.4953224043715847	4509	1.0
1.519174863387978	5940	1.0
1.5292459016393443	8770	1.0
1.5328907103825136	748	1.0
1.562448087431694	3640	1.0
1.565672131147541	1440	1.0
1.5667868852459017	7420	1.0
1.5812459016393443	1554	1.0
1.5941256830601094	820	1.0
1.6144590163934425	702	1.0
1.6261967213114752	6258	1.0
1.653207650273224	6505	1.0
1.6540218579234973	7828	1.0
1.6689617486338797	2792	1.0
1.6842568306010928	527	1.0
1.6879617486338796	6469	1.0
1.6978579234972677	4819	1.0
1.7061092896174863	9499	1.0
1.7142513661202186	5236	1.0
1.7169890710382514	7939	1.0
1.7240327868852459	6207	1.0
1.7275737704918033	6841	1.0
1.753934426229508	6353	1.0
1.7569344262295084	8937	1.0
1.7674371584699453	9584	1.0
1.770743169398907	8619	1.0
1.7844754098360656	5443	1.0
1.792377049180328	5248	1.0
1.8139617486338797	4027	1.0
1.8177103825136613	5395	1.0
1.8253224043715846	7625	1.0
1.8417377049180328	1939	1.0
1.873912568306011	5081	1.0
1.8786885245901639	1511	1.0
1.884945355191257	5598	1.0
1.9088688524590163	9897	1.0
1.9096557377049181	7839	1.0
1.9158907103825136	4472	1.0
1.9315409836065573	3071	1.0
1.9450437158469946	7604	1.0
1.9511912568306011	1291	1.0
1.97127868852459	9774	1.0
1.9776994535519126	9028	1.0
1.9876065573770492	8641	1.0
2.018590163934426	3324	1.0
2.0393169398907105	4649	1.0
2.044693989071038	2983	1.0
2.0458469945355193	7973	1.0
2.059021857923497	2527	1.0
2.0663060109289617	8434	1.0
2.0854590163934423	5010	1.0
2.092983606557377	1468	1.0
2.104907103825137	5487	1.0
2.1114098360655738	6954	1.0
2.116049180327869	3407	1.0
2.11951912568306	1888	1.0
2.183524590163934	7950	1.0
2.2141693989071034	5015	1.0
2.2239071038251366	8957	1.0
2.2324207650273222	6625	1.0
2.2615245901639343	1145	1.0
2.269453551912568	7334	1.0
2.281743169398907	4489	1.0
2.287792349726776	1114	1.0
2.2962677595628413	2571	1.0
2.326584699453552	3935	1.0
2.350207650273224	374	1.0
2.3815628415300547	6611	1.0
2.410513661202186	290	1.0
2.4183661202185793	8504	1.0
2.4321803278688523	5273	1.0
2.4536120218579236	9540	1.0
2.4541639344262296	3804	1.0
2.4842677595628415	6266	1.0
2.485136612021858	381	1.0
2.495065573770492	2846	1.0
2.5001584699453554	7860	1.0
2.5446229508196723	7742	1.0
2.5705409836065574	1306	1.0
2.573579234972678	317	1.0
2.5851202185792346	9337	1.0
2.594486338797814	7802	1.0
2.6272513661202184	7319	1.0
2.630814207650273	4639	1.0
2.6610163934426225	1690	1.0
2.6799945355191257	7376	1.0
2.6852295081967212	7238	1.0
2.6895846994535515	4797	1.0
2.7074371584699453	6989	1.0
2.7365846994535517	1666	1.0
2.766049180327869	6992	1.0
2.7710000000000004	6900	1.0
2.799994535519126	235	1.0
2.801300546448087	7116	1.0
2.8355956284153003	516	1.0
2.8427595628415303	6437	1.0
2.8573005464480876	9670	1.0
2.8581366120218576	795	1.0
2.873469945355191	5809	1.0
2.884612021857923	837	1.0
2.8854590163934426	4314	1.0
2.8909234972677593	8740	1.0
2.9039071038251367	4838	1.0
2.9041857923497267	5584	1.0
2.9796010928961745	4414	1.0
3.009983606557377	5727	1.0
3.022344262295082	7594	1.0
3.0583224043715846	8897	1.0
3.0787650273224045	2518	1.0
3.080273224043716	3934	1.0
3.0875355191256832	5438	1.0
3.0985573770491803	2051	1.0
3.1046939890710386	4647	1.0
3.104896174863388	4723	1.0
3.122327868852459	7269	1.0
3.155327868852459	5502	1.0
3.1687540983606555	7984	1.0
3.174311475409836	8418	1.0
3.1871639344262293	2130	1.0
3.1955245901639344	4374	1.0
3.2428852459016393	4109	1.0
3.2478633879781422	3966	1.0
3.2585901639344264	6910	1.0
3.2779726775956286	9590	1.0
3.2851857923497265	9171	1.0
3.301967213114754	3625	1.0
3.3020983606557377	3888	1.0
3.305967213114754	4725	1.0
3.336109289617486	5001	1.0
3.3416885245901637	1107	1.0
3.342972677595628	7867	1.0
3.355590163934426	5003	1.0
3.377065573770492	7982	1.0
3.380120218579235	7794	1.0
3.386256830601093	5506	1.0
3.3889453551912565	6168	1.0
3.397344262295082	9867	1.0
3.4104153005464477	9969	1.0
3.4179125683060105	1955	1.0
3.432945355191257	5044	1.0
3.450863387978142	9866	1.0
3.472191256830601	509	1.0
3.4724918032786882	7528	1.0
3.4728251366120215	6864	1.0
3.4769398907103826	4475	1.0
3.4808360655737705	8623	1.0
3.4948688524590166	130	1.0
3.519819672131147	8786	1.0
3.5492896174863384	3358	1.0
3.5690983606557376	9257	1.0
3.588868852459016	8409	1.0
3.6056174863387978	7478	1.0
3.605655737704918	5883	1.0
3.6092896174863385	3192	1.0
3.647021857923497	5024	1.0
3.6801803278688525	8589	1.0
3.689666666666666	9795	1.0
3.7136502732240437	8095	1.0
3.7213606557377052	4597	1.0
3.7353060109289618	9494	1.0
3.7369945355191256	7147	1.0
3.7381147540983606	1028	1.0
3.7544535519125684	8247	1.0
3.7578688524590165	8845	1.0
3.765825136612022	3187	1.0
3.8044262295081963	7217	1.0
3.8214918032786884	2559	1.0
3.8311475409836064	1898	1.0
3.831256830601093	121	1.0
3.836983606557377	2431	1.0
3.885021857923497	4812	1.0
3.8997923497267757	5560	1.0
3.913071038251366	9308	1.0
3.914601092896175	1278	1.0
3.9346284153005464	6934	1.0
3.9533442622950816	8445	1.0
3.970021857923497	6528	1.0
3.9737923497267755	2780	1.0
3.978311475409836	5484	1.0
3.9882076502732238	6404	1.0
4.0095136612021856	1745	1.0
4.0103333333333335	1590	1.0
4.013601092896175	3114	1.0
4.028021857923497	8628	1.0
4.0321693989071035	8607	1.0
4.0324316939890705	9792	1.0
4.046579234972678	2628	1.0
4.049065573770492	4826	1.0
4.057437158469946	2790	1.0
4.092431693989071	3919	1.0
4.0945300546448085	1054	1.0
4.102814207650273	8444	1.0
4.111267759562842	4480	1.0
4.138158469945355	4669	1.0
4.179415300546448	1493	1.0
4.190218579234973	3783	1.0
4.195852459016393	2340	1.0
4.19587431693989	1124	1.0
4.206612021857923	7706	1.0
4.230065573770492	1830	1.0
4.243453551912568	8790	1.0
4.256180327868853	6234	1.0
4.259535519125683	5184	1.0
4.270672131147541	5192	1.0
4.289530054644809	3813	1.0
4.308120218579234	721	1.0
4.31779781420765	6271	1.0
4.354868852459016	9301	1.0
4.3613497267759564	7256	1.0
4.363360655737704	6773	1.0
4.3649234972677595	5577	1.0
4.3699071038251365	4895	1.0
4.3699180327868845	7947	1.0
4.383076502732241	9895	1.0
4.4019016393442625	2395	1.0
4.4079726775956285	5039	1.0
4.439	3033	1.0
4.449229508196721	3480	1.0
4.449830601092896	3757	1.0
4.496590163934426	3575	1.0
4.56420218579235	9463	1.0
4.578857923497267	9529	1.0
4.604743169398907	9341	1.0
4.610579234972677	2620	1.0
4.621978142076503	59	1.0
4.665131147540984	2783	1.0
4.6695300546448095	7714	1.0
4.678573770491803	6423	1.0
4.682224043715847	7228	1.0
4.6827923497267765	1491	1.0
4.694699453551912	6990	1.0
4.7098579234972675	5703	1.0
4.74096174863388	9096	1.0
4.760169398907103	82	1.0
4.769224043715846	6261	1.0
4.787147540983606	5802	1.0
4.794688524590164	8455	1.0
4.8119508196721315	2269	1.0
4.830748633879781	3124	1.0
4.877704918032787	1169	1.0
4.8974808743169405	427	1.0
4.904928961748634	5189	1.0
4.948672131147541	7036	1.0
4.948693989071038	8168	1.0
4.970475409836066	4149	1.0
4.974426229508197	1820	1.0
4.993606557377049	8332	1.0
5.006945355191256	8726	1.0
5.046699453551912	5416	1.0
5.052289617486339	8909	1.0
5.065087431693989	8437	1.0
5.0661202185792344	223	1.0
5.1077486338797815	2784	1.0
5.112120218579235	1781	1.0
5.113797814207651	2450	1.0
5.153032786885246	9996	1.0
5.154382513661202	4161	1.0
5.168792349726775	2265	1.0
5.187327868852459	7056	1.0
5.213781420765027	7123	1.0
5.222180327868853	982	1.0
5.227180327868852	5146	1.0
5.231622950819672	8298	1.0
5.2404863387978144	1633	1.0
5.246803278688525	3082	1.0
5.262273224043716	152	1.0
5.275213114754099	5441	1.0
5.297633879781421	7465	1.0
5.3158196721311475	5872	1.0
5.338295081967213	8013	1.0
5.339021857923497	3501	1.0
5.360393442622951	5210	1.0
5.364546448087432	2812	1.0
5.365633879781421	6685	1.0
5.37475956284153	9986	1.0
5.426191256830601	255	1.0
5.429415300546448	8536	1.0
5.433841530054645	1966	1.0
5.456704918032787	1546	1.0
5.479398907103825	6335	1.0
5.487049180327869	1446	1.0
5.494316939890711	7505	1.0
5.52535519125683	3237	1.0
5.525409836065574	2731	1.0
5.529289617486339	8330	1.0
5.537431693989071	2841	1.0
5.574699453551912	4204	1.0
5.600983606557377	4810	1.0
5.602185792349727	7638	1.0
5.604754098360656	6817	1.0
5.612677595628415	269	1.0
5.639125683060109	8587	1.0
5.673770491803278	7749	1.0
5.705409836065574	4450	1.0
5.7344262295081965	4831	1.0
5.744426229508197	3786	1.0
5.78551912568306	8304	1.0
5.788415300546448	2803	1.0
5.795027322404372	7630	1.0
5.819562841530054	568	1.0
5.829344262295082	4458	1.0
5.839180327868852	2298	1.0
5.85	3396	1.0
5.860819672131147	4460	1.0
5.864972677595628	4024	1.0
5.901256830601093	2259	1.0
5.906885245901639	1127	1.0
5.908852459016393	4610	1.0
5.911639344262294	9359	1.0
5.913934426229509	905	1.0
5.916393442622951	6539	1.0
5.939289617486339	5323	1.0
5.981748633879782	9040	1.0
6.00655737704918	3956	1.0
6.0161748633879775	3878	1.0
6.025464480874317	517	1.0
6.055409836065573	1961	1.0
6.0616939890710375	7188	1.0
6.064262295081968	7131	1.0
6.077431693989071	9558	1.0
6.090491803278689	1929	1.0
6.124808743169399	8066	1.0
6.142841530054645	3665	1.0
6.23087431693989	9862	1.0
6.2520765027322405	3860	1.0
6.252677595628415	704	1.0
6.297213114754098	6999	1.0
6.307978142076502	5614	1.0
6.326612021857923	402	1.0
6.369344262295082	9397	1.0
6.371366120218579	1332	1.0
6.378743169398907	1112	1.0
6.398251366120219	9188	1.0
6.40224043715847	4981	1.0
6.408743169398908	2542	1.0
6.411420765027322	4077	1.0
6.423934426229509	7952	1.0
6.438688524590163	9031	1.0
6.442677595628415	6387	1.0
6.443060109289617	9210	1.0
6.443497267759563	7855	1.0
6.4780874316939885	9457	1.0
6.483770491803279	8878	1.0
6.510546448087431	693	1.0
6.511092896174864	9214	1.0
6.5470491803278685	5518	1.0
6.5533879781420765	4251	1.0
6.5575956284153	3286	1.0
6.561475409836066	7900	1.0
6.56655737704918	9384	1.0
6.573879781420764	6704	1.0
6.614590163934426	9360	1.0
6.614754098360655	2064	1.0
6.6251366120218576	3430	1.0
6.6408743169398905	7152	1.0
6.642568306010929	8483	1.0
6.674480874316941	9091	1.0
6.709508196721312	6247	1.0
6.721967213114754	3512	1.0
6.742021857923498	3218	1.0
6.748633879781421	942	1.0
6.757322404371585	7039	1.0
6.761639344262296	8926	1.0
6.7986885245901645	2557	1.0
6.804808743169398	5424	1.0
6.807158469945355	3103	1.0
6.812131147540984	4465	1.0
6.899672131147541	4111	1.0
6.929234972677596	1597	1.0
6.939945355191257	3478	1.0
6.950655737704918	6589	1.0
6.955956284153006	1910	1.0
6.959180327868852	6053	1.0
6.960819672131147	836	1.0
6.9789071038251365	5735	1.0
6.979562841530055	2205	1.0
6.980382513661202	2686	1.0
7.005519125683059	3766	1.0
7.035901639344262	7692	1.0
7.05584699453552	7243	1.0
7.060273224043716	8661	1.0
7.0854098360655735	8608	1.0
7.09224043715847	4640	1.0
7.10535519125683	7372	1.0
7.112950819672132	9082	1.0
7.139398907103825	8840	1.0
7.168087431693989	5102	1.0
7.1681967213114755	6584	1.0
7.207267759562841	1926	1.0
7.20879781420765	9276	1.0
7.222786885245902	5952	1.0
7.230382513661202	6386	1.0
7.258469945355191	2716	1.0
7.268852459016393	8952	1.0
7.271748633879781	8011	1.0
7.275846994535519	4113	1.0
7.346885245901639	3428	1.0
7.360273224043715	8832	1.0
7.373934426229509	7809	1.0
7.3751912568306	4541	1.0
7.388251366120218	1638	1.0
7.38896174863388	9585	1.0
7.436721311475409	953	1.0
7.443387978142077	4823	1.0
7.443715846994536	4621	1.0
7.445191256830601	362	1.0
7.453114754098361	6576	1.0
7.507431693989071	4594	1.0
7.509398907103825	1743	1.0
7.513497267759563	2653	1.0
7.5285792349726774	2328	1.0
7.566338797814208	6243	1.0
7.5704918032786885	951	1.0
7.593387978142076	9088	1.0
7.598961748633879	1131	1.0
7.635846994535519	4031	1.0
7.645464480874317	265	1.0
7.646775956284153	6229	1.0
7.690710382513661	7104	1.0
7.730819672131147	7741	1.0
7.751639344262295	2713	1.0
7.785409836065573	7241	1.0
7.80551912568306	2770	1.0
7.808196721311475	1920	1.0
7.812568306010929	5159	1.0
7.845683060109289	5970	1.0
7.847650273224043	9813	1.0
7.86	8288	1.0
7.8999999999999995	5104	1.0
7.915191256830601	2774	1.0
7.928524590163934	4833	1.0
7.94775956284153	8651	1.0
7.963825136612021	9809	1.0
7.9774863387978145	6516	1.0
7.978852459016393	3624	1.0
7.988415300546448	5764	1.0
8.01120218579235	3411	1.0
8.011748633879781	7778	1.0
8.027049180327868	3191	1.0
8.028852459016393	400	1.0
8.029071038251367	5004	1.0
8.055573770491803	9548	1.0
8.07120218579235	6727	1.0
8.116120218579235	1549	1.0
8.117158469945355	8853	1.0
8.129016393442623	3175	1.0
8.142185792349727	2685	1.0
8.143551912568306	6164	1.0
8.147540983606557	6965	1.0
8.164098360655737	3178	1.0
8.198251366120218	1371	1.0
8.205245901639344	1327	1.0
8.20983606557377	9762	1.0
8.21256830601093	2807	1.0
8.21688524590164	2148	1.0
8.227704918032787	2794	1.0
8.242786885245902	7428	1.0
8.287486338797814	5208	1.0
8.293060109289618	3349	1.0
8.299234972677596	8580	1.0
8.305245901639344	9052	1.0
8.31983606557377	7698	1.0
8.327978142076503	9828	1.0
8.36224043715847	8250	1.0
8.397540983606557	6214	1.0
8.402295081967212	2126	1.0
8.406393442622951	2594	1.0
8.434207650273224	9097	1.0
8.434590163934427	6166	1.0
8.448907103825137	3785	1.0
8.460655737704919	7556	1.0
8.462076502732241	86	1.0
8.475136612021858	6405	1.0
8.476502732240437	6851	1.0
8.486010928961749	5563	1.0
8.497978142076503	8920	1.0
8.542513661202184	3011	1.0
8.55431693989071	6467	1.0
8.617814207650273	4295	1.0
8.644863387978141	879	1.0
8.653551912568306	8598	1.0
8.668743169398907	3117	1.0
8.686174863387977	552	1.0
8.716502732240436	4121	1.0
8.718360655737705	7178	1.0
8.723551912568306	5556	1.0
8.726284153005464	3684	1.0
8.730819672131148	5012	1.0
8.731857923497266	9707	1.0
8.741311475409836	2819	1.0
8.762295081967213	871	1.0
8.778524590163935	9667	1.0
8.78639344262295	2083	1.0
8.815245901639345	8185	1.0
8.821748633879782	9729	1.0
8.825081967213114	7566	1.0
8.835136612021858	9478	1.0
8.850928961748632	42	1.0
8.903661202185793	254	1.0
8.908469945355192	1663	1.0
8.962021857923496	3957	1.0
8.968032786885246	7588	1.0
8.98622950819672	7248	1.0
9.019508196721313	7300	1.0
9.028797814207651	6736	1.0
9.029945355191256	3147	1.0
9.032950819672132	4545	1.0
9.049453551912567	6175	1.0
9.062240437158469	6626	1.0
9.0624043715847	4270	1.0
9.086612021857924	4921	1.0
9.087267759562842	3895	1.0
9.095956284153006	5767	1.0
9.11016393442623	2483	1.0
9.12016393442623	1288	1.0
9.128688524590165	2684	1.0
9.137213114754097	7361	1.0
9.160601092896176	6136	1.0
9.176830601092895	9844	1.0
9.206612021857923	70	1.0
9.221311475409836	6307	1.0
9.2351912568306	1433	1.0
9.260601092896176	6011	1.0
9.276502732240438	5346	1.0
9.277158469945356	4881	1.0
9.287158469945355	7626	1.0
9.295300546448086	1044	1.0
9.346666666666666	6330	1.0
9.350874316939892	8135	1.0
9.361584699453552	4427	1.0
9.396448087431693	7934	1.0
9.410710382513662	7307	1.0
9.413169398907105	839	1.0
9.440928961748634	8674	1.0
9.462622950819673	3032	1.0
9.462622950819673	3896	1.0
9.49464480874317	413	1.0
9.494918032786886	6821	1.0
9.527322404371583	8336	1.0
9.552513661202186	3121	1.0
9.57584699453552	5479	1.0
9.595081967213115	6759	1.0
9.599453551912568	5993	1.0
9.622677595628415	9142	1.0
9.624918032786885	6871	1.0
9.626502732240438	8048	1.0
9.651147540983606	7581	1.0
9.651912568306011	8468	1.0
9.66120218579235	9501	1.0
9.669398907103824	4744	1.0
9.74448087431694	3305	1.0
9.755464480874316	6275	1.0
9.818797814207649	1036	1.0
9.82344262295082	8838	1.0
9.827377049180328	6792	1.0
9.841803278688523	3493	1.0
9.846939890710381	6768	1.0
9.866994535519124	4531	1.0
9.888360655737705	4461	1.0
9.89792349726776	4400	1.0
9.900109289617486	3830	1.0
9.911420765027321	5656	1.0
9.920546448087432	351	1.0
9.934972677595628	7857	1.0
9.95311475409836	7354	1.0
9.989234972677595	6049	1.0
10.002677595628414	5205	1.0
10.050601092896175	1902	1.0
10.053551912568306	9741	1.0
10.054535519125684	2507	1.0
10.064316939890709	2404	1.0
10.080491803278688	7124	1.0
10.080819672131147	844	1.0
10.083661202185793	4574	1.0
10.08448087431694	2413	1.0
10.093989071038251	4086	1.0
10.133825136612021	9211	1.0
10.159398907103824	9849	1.0
10.190710382513661	4885	1.0
10.197322404371585	7820	1.0
10.217540983606556	6754	1.0
10.222513661202186	5313	1.0
10.253989071038252	1362	1.0
10.287267759562841	2272	1.0
10.314972677595629	4170	1.0
10.320273224043715	955	1.0
10.33327868852459	2208	1.0
10.36655737704918	9467	1.0
10.373715846994536	1763	1.0
10.399726775956283	1649	1.0
10.427704918032788	9586	1.0
10.488360655737706	9623	1.0
10.506284153005465	995	1.0
10.517213114754098	6026	1.0
10.5351912568306	8753	1.0
10.538196721311476	5990	1.0
10.554863387978141	6799	1.0
10.608524590163935	5808	1.0
10.639617486338798	7736	1.0
10.654153005464481	9681	1.0
10.726994535519125	3053	1.0
10.730109289617486	1089	1.0
10.77415300546448	6273	1.0
10.79224043715847	2188	1.0
10.800819672131146	9832	1.0
10.811311475409836	1908	1.0
10.827923497267758	9156	1.0
10.847267759562842	923	1.0
10.898196721311477	1566	1.0
10.906612021857924	2887	1.0
10.907759562841528	3889	1.0
10.91535519125683	2821	1.0
10.939617486338797	6323	1.0
10.959071038251366	7071	1.0
10.973224043715847	4166	1.0
10.98584699453552	5406	1.0
10.990054644808742	8634	1.0
11.001639344262296	6702	1.0
11.005464480874318	2877	1.0
11.00896174863388	8650	1.0
11.016885245901639	4347	1.0
11.036065573770491	3027	1.0
11.048142076502732	4484	1.0
11.060928961748633	2615	1.0
11.071967213114755	9468	1.0
11.091803278688525	7965	1.0
11.10087431693989	8430	1.0
11.109617486338799	5250	1.0
11.11	785	1.0
11.110546448087431	5299	1.0
11.115792349726776	6274	1.0
11.12622950819672	3327	1.0
11.131311475409836	9260	1.0
11.142732240437159	7457	1.0
11.143497267759562	9970	1.0
11.15863387978142	9932	1.0
11.196721311475411	8560	1.0
11.220382513661203	7263	1.0
11.223551912568306	6710	1.0
11.235628415300548	398	1.0
11.248469945355192	1287	1.0
11.255245901639345	4765	1.0
11.259453551912568	5379	1.0
11.307759562841529	8776	1.0
11.312349726775956	8353	1.0
11.316010928961747	9802	1.0
11.333497267759563	3638	1.0
11.34120218579235	8009	1.0
11.361202185792349	4758	1.0
11.36295081967213	5717	1.0
11.372786885245901	7264	1.0
11.390928961748633	1487	1.0
11.416010928961748	8392	1.0
11.45688524590164	8218	1.0
11.468579234972678	4341	1.0
11.46950819672131	6272	1.0
11.469617486338796	6072	1.0
11.496721311475408	736	1.0
11.53256830601093	9984	1.0
11.562513661202185	1417	1.0
11.584098360655737	4729	1.0
11.609234972677596	8198	1.0
11.61071038251366	5215	1.0
11.616721311475409	7426	1.0
11.618142076502732	4186	1.0
11.627923497267759	147	1.0
11.647814207650274	6245	1.0
11.67710382513661	1958	1.0
11.700765027322404	1474	1.0
11.726939890710383	8261	1.0
11.732622950819671	7353	1.0
11.769726775956284	9471	1.0
11.77584699453552	499	1.0
11.78087431693989	5676	1.0
11.83655737704918	5829	1.0
11.894754098360655	3450	1.0
11.895409836065573	8604	1.0
11.912295081967212	1252	1.0
11.929180327868853	7419	1.0
11.930382513661202	2057	1.0
11.933879781420766	8759	1.0
11.93704918032787	100	1.0
11.950601092896175	6905	1.0
11.967431693989072	5124	1.0
11.969617486338798	5798	1.0
11.974699453551914	9413	1.0
11.98382513661202	9448	1.0
11.998306010928962	9330	1.0
12.013169398907104	5583	1.0
12.047486338797814	3701	1.0
12.070983606557377	545	1.0
12.077486338797815	7456	1.0
12.109344262295082	4258	1.0
12.110382513661202	7848	1.0
12.127704918032787	7981	1.0
12.139890710382513	9603	1.0
12.180819672131147	7388	1.0
12.185355191256832	2213	1.0
12.23606557377049	9404	1.0
12.241803278688524	5128	1.0
12.244043715846994	3847	1.0
12.251912568306011	7661	1.0
12.281639344262295	7041	1.0
12.288743169398906	9871	1.0
12.297978142076502	7025	1.0
12.301256830601094	4612	1.0
12.32775956284153	4249	1.0
12.331748633879782	6554	1.0
12.344535519125683	6327	1.0
12.363005464480874	1402	1.0
12.368524590163934	9436	1.0
12.371693989071037	3509	1.0
12.383825136612021	6719	1.0
12.387377049180326	9202	1.0
12.389016393442622	4741	1.0
12.4051912568306	6937	1.0
12.406666666666666	8356	1.0
12.4124043715847	3950	1.0
12.450109289617487	752	1.0
12.453060109289616	8656	1.0
12.468579234972678	4738	1.0
12.48879781420765	518	1.0
12.52655737704918	1700	1.0
12.551092896174863	3034	1.0
12.552404371584698	1996	1.0
12.559289617486339	7976	1.0
12.570054644808744	113	1.0
12.570819672131147	3321	1.0
12.601584699453552	3549	1.0
12.603333333333333	1946	1.0
12.62344262295082	5599	1.0
12.63016393442623	322	1.0
12.639672131147542	8480	1.0
12.650273224043715	4960	1.0
12.677868852459016	2191	1.0
12.691639344262294	8256	1.0
12.742021857923497	7975	1.0
12.789453551912569	8899	1.0
12.790765027322404	404	1.0
12.842568306010929	4554	1.0
12.843551912568305	7331	1.0
12.854371584699454	7043	1.0
12.891639344262295	6449	1.0
12.906939890710383	2694	1.0
12.90934426229508	9474	1.0
12.91415300546448	3526	1.0
12.940601092896173	9818	1.0
12.943825136612022	1458	1.0
12.946448087431694	9621	1.0
12.957267759562843	7150	1.0
12.962076502732241	7717	1.0
12.965464480874317	6979	1.0
13.023989071038253	9051	1.0
13.07398907103825	1483	1.0
13.075300546448087	7466	1.0
13.101530054644808	9965	1.0
13.111147540983607	9125	1.0
13.111639344262295	7789	1.0
13.135409836065575	2001	1.0
13.144426229508197	8571	1.0
13.15360655737705	9087	1.0
13.164808743169399	7453	1.0
13.176775956284153	1711	1.0
13.256010928961748	4547	1.0
13.260819672131147	8471	1.0
13.27327868852459	107	1.0
13.280546448087431	812	1.0
13.290382513661202	4325	1.0
13.302185792349727	4764	1.0
13.311639344262296	4844	1.0
13.313770491803277	4190	1.0
13.313770491803277	8310	1.0
13.314699453551912	6894	1.0
13.325081967213116	8908	1.0
13.331092896174864	5399	1.0
13.333879781420764	3326	1.0
13.338251366120218	9415	1.0
13.338251366120218	2099	1.0
13.351639344262296	2480	1.0
13.355027322404373	6253	1.0
13.381803278688524	5523	1.0
13.386010928961749	9223	1.0
13.401147540983606	7483	1.0
13.51049180327869	4059	1.0
13.516338797814209	3902	1.0
13.530546448087431	2796	1.0
13.53327868852459	388	1.0
13.572622950819671	5966	1.0
13.60672131147541	3467	1.0
13.608087431693988	4559	1.0
13.647486338797815	5384	1.0
13.655409836065573	4775	1.0
13.685573770491803	4257	1.0
13.697267759562843	9727	1.0
13.741857923497268	3659	1.0
13.775737704918031	8270	1.0
13.802185792349727	3160	1.0
13.803825136612021	3336	1.0
13.806666666666667	3622	1.0
13.842513661202187	8110	1.0
13.867650273224044	6338	1.0
13.868360655737705	9955	1.0
13.91464480874317	4876	1.0
13.915409836065574	4180	1.0
13.916775956284152	5948	1.0
13.919398907103824	9715	1.0
13.953770491803278	5947	1.0
13.964699453551912	5343	1.0
13.969453551912567	461	1.0
14.003169398907104	5219	1.0
14.01934426229508	58	1.0
14.060163934426228	5216	1.0
14.060928961748633	397	1.0
14.110218579234973	4247	1.0
14.11207650273224	8184	1.0
14.121092896174863	7812	1.0
14.124863387978142	6344	1.0
14.126502732240438	5819	1.0
14.128633879781422	7484	1.0
14.136612021857923	5901	1.0
14.147868852459016	4390	1.0
14.148469945355192	8630	1.0
14.224590163934426	4553	1.0
14.225519125683059	2976	1.0
14.24688524590164	3826	1.0
14.26967213114754	8944	1.0
14.317868852459016	5140	1.0
14.319781420765027	2749	1.0
14.344316939890708	9688	1.0
14.349781420765028	2346	1.0
14.40071038251366	9673	1.0
14.401967213114753	1456	1.0
14.412896174863388	1993	1.0
14.430437158469944	3484	1.0
14.439398907103824	6165	1.0
14.44535519125683	8978	1.0
14.4648087431694	6382	1.0
14.477267759562842	3156	1.0
14.501475409836067	4382	1.0
14.519125683060109	4816	1.0
14.543715846994536	7496	1.0
14.554371584699453	7029	1.0
14.561748633879782	9373	1.0
14.580437158469945	3569	1.0
14.603825136612022	84	1.0
14.604699453551913	3115	1.0
14.673060109289617	1074	1.0
14.682841530054645	1835	1.0
14.721256830601092	379	1.0
14.721475409836065	1204	1.0
14.731912568306011	3587	1.0
14.734808743169399	3444	1.0
14.769071038251365	1732	1.0
14.782131147540984	1787	1.0
14.790437158469945	9633	1.0
14.790655737704919	5732	1.0
14.844371584699454	7315	1.0
14.882622950819673	962	1.0
14.893770491803279	9787	1.0
14.917650273224043	7948	1.0
14.931475409836066	7772	1.0
14.968743169398905	486	1.0
15.04535519125683	4377	1.0
15.0875956284153	8378	1.0
15.167978142076503	4491	1.0
15.168360655737706	1569	1.0
15.191693989071037	5891	1.0
15.207540983606556	230	1.0
15.218579234972678	6134	1.0
15.23032786885246	9155	1.0
15.23295081967213	6203	1.0
15.23967213114754	6252	1.0
15.247704918032786	9565	1.0
15.297267759562843	5155	1.0
15.326502732240437	8562	1.0
15.328306010928962	4413	1.0
15.340546448087432	5428	1.0
15.368196721311476	7615	1.0
15.380273224043716	3038	1.0
15.3948087431694	7999	1.0
15.39688524590164	5462	1.0
15.415901639344261	9641	1.0
15.426010928961748	2903	1.0
15.451147540983607	1548	1.0
15.495628415300546	8727	1.0
15.520437158469946	4872	1.0
15.532459016393442	9946	1.0
15.54256830601093	9138	1.0
15.554863387978141	4854	1.0
15.569071038251366	5521	1.0
15.575245901639343	6620	1.0
15.576775956284152	4550	1.0
15.578032786885245	7787	1.0
15.600546448087432	1245	1.0
15.601147540983606	4164	1.0
15.60207650273224	8194	1.0
15.6075956284153	3104	1.0
15.608579234972678	5231	1.0
15.610054644808741	97	1.0
15.616338797814207	8283	1.0
15.628360655737705	8731	1.0
15.637814207650273	7502	1.0
15.649945355191257	9017	1.0
15.660163934426228	5148	1.0
15.683224043715848	3445	1.0
15.683333333333334	1408	1.0
15.718415300546448	4924	1.0
15.77136612021858	7734	1.0
15.807540983606557	1418	1.0
15.846830601092895	3516	1.0
15.848360655737705	7837	1.0
15.872349726775957	2989	1.0
15.909071038251366	2506	1.0
15.91497267759563	6558	1.0
15.926502732240438	7891	1.0
15.937267759562841	6128	1.0
15.950983606557376	5531	1.0
15.97224043715847	1264	1.0
15.987486338797815	2975	1.0
16.006994535519127	4783	1.0
16.046830601092896	9099	1.0
16.054699453551912	2582	1.0
16.084426229508196	872	1.0
16.10912568306011	7689	1.0
16.118907103825137	7313	1.0
16.124371584699453	9649	1.0
16.17327868852459	8956	1.0
16.18185792349727	8600	1.0
16.22639344262295	6640	1.0
16.237704918032787	5445	1.0
16.25464480874317	6195	1.0
16.280163934426227	9833	1.0
16.303169398907105	2031	1.0
16.327540983606557	2327	1.0
16.337978142076505	5446	1.0
16.38617486338798	5934	1.0
16.400437158469945	6592	1.0
16.41	261	1.0
16.427322404371584	7005	1.0
16.446775956284153	4781	1.0
16.455573770491803	3699	1.0
16.474808743169397	2461	1.0
16.476284153005466	8490	1.0
16.48092896174863	4561	1.0
16.510382513661202	2837	1.0
16.515792349726777	9351	1.0
16.552459016393442	8645	1.0
16.554043715846994	9519	1.0
16.562950819672132	9958	1.0
16.56590163934426	4466	1.0
16.611147540983605	3075	1.0
16.61224043715847	7082	1.0
16.62262295081967	7145	1.0
16.663551912568305	8917	1.0
16.665519125683062	1286	1.0
16.70398907103825	2131	1.0
16.7172131147541	3964	1.0
16.764918032786884	8664	1.0
16.78349726775956	7970	1.0
16.799398907103825	4731	1.0
16.81535519125683	9749	1.0
16.86174863387978	7539	1.0
16.885027322404373	639	1.0
16.90535519125683	3369	1.0
16.91087431693989	2999	1.0
16.911202185792348	8567	1.0
16.924043715846995	6477	1.0
16.926830601092895	5921	1.0
16.958743169398907	3708	1.0
16.971475409836064	6146	1.0
16.983442622950818	2619	1.0
17.02229508196721	502	1.0
17.045628415300545	3650	1.0
17.079781420765027	9237	1.0
17.100437158469944	4507	1.0
17.13830601092896	9346	1.0
17.158907103825136	4179	1.0
17.17327868852459	2317	1.0
17.183387978142076	4290	1.0
17.186612021857922	614	1.0
17.18879781420765	6311	1.0
17.193005464480873	4867	1.0
17.199016393442623	87	1.0
17.220218579234974	3059	1.0
17.22306010928962	1501	1.0
17.24754098360656	9127	1.0
17.251967213114753	5931	1.0
17.255409836065574	2492	1.0
17.261912568306013	1426	1.0
17.263770491803278	1486	1.0
17.29174863387978	4019	1.0
17.297595628415298	6042	1.0
17.344207650273226	5794	1.0
17.345464480874316	7686	1.0
17.37743169398907	2108	1.0
17.397923497267758	3573	1.0
17.415792349726775	6924	1.0
17.443551912568303	3250	1.0
17.444098360655737	7198	1.0
17.44841530054645	5154	1.0
17.449617486338795	4269	1.0
17.46857923497268	2736	1.0
17.47677595628415	3632	1.0
17.49142076502732	2704	1.0
17.5148087431694	3745	1.0
17.528688524590166	2639	1.0
17.532459016393442	1573	1.0
17.547322404371585	5945	1.0
17.5524043715847	9864	1.0
17.55688524590164	1339	1.0
17.558415300546447	6428	1.0
17.56830601092896	9199	1.0
17.571639344262294	3858	1.0
17.608907103825135	3083	1.0
17.639071038251366	3278	1.0
17.64207650273224	5157	1.0
17.644426229508195	6925	1.0
17.646448087431693	5628	1.0
17.67502732240437	4503	1.0
17.69382513661202	7078	1.0
17.700819672131146	7277	1.0
17.731803278688524	6609	1.0
17.761857923497267	8500	1.0
17.76535519125683	6104	1.0
17.83497267759563	7917	1.0
17.864043715846993	3735	1.0
17.872131147540983	6534	1.0
17.8955737704918	3906	1.0
17.899125683060106	6396	1.0
17.924262295081967	149	1.0
17.92530054644809	2787	1.0
17.927213114754096	9212	1.0
17.972349726775956	8511	1.0
17.973169398907103	5528	1.0
18.004262295081965	9503	1.0
18.02005464480874	1157	1.0
18.020382513661204	7673	1.0
18.064863387978143	5911	1.0
18.06551912568306	4533	1.0
18.066284153005466	6007	1.0
18.071803278688524	7235	1.0
18.07224043715847	9395	1.0
18.097431693989073	9855	1.0
18.10404371584699	1685	1.0
18.135081967213114	8813	1.0
18.145245901639345	8855	1.0
18.162131147540983	2880	1.0
18.18431693989071	5774	1.0
18.189289617486338	4114	1.0
18.19327868852459	9900	1.0
18.20622950819672	7350	1.0
18.230109289617484	5992	1.0
18.255737704918033	9484	1.0
18.259234972677593	9324	1.0
18.263661202185794	5401	1.0
18.307322404371586	3796	1.0
18.326666666666664	6607	1.0
18.33081967213115	9912	1.0
18.339453551912566	2759	1.0
18.34568306010929	4515	1.0
18.384590163934426	6735	1.0
18.410054644808746	209	1.0
18.424754098360655	4735	1.0
18.42868852459016	5086	1.0
18.4320218579235	4084	1.0
18.435901639344262	4243	1.0
18.444426229508196	2932	1.0
18.44907103825137	3596	1.0
18.460601092896173	2124	1.0
18.49360655737705	2907	1.0
18.493934426229508	6430	1.0
18.50535519125683	1664	1.0
18.51191256830601	6848	1.0
18.555956284153005	4888	1.0
18.5896174863388	9002	1.0
18.596502732240438	1684	1.0
18.59879781420765	9604	1.0
18.613497267759563	8923	1.0
18.623387978142077	4205	1.0
18.633387978142075	1794	1.0
18.643989071038252	2721	1.0
18.652732240437157	6051	1.0
18.67830601092896	8454	1.0
18.679890710382512	6388	1.0
18.68639344262295	4334	1.0
18.707049180327868	1934	1.0
18.791967213114752	4470	1.0
18.800382513661205	3425	1.0
18.82841530054645	6291	1.0
18.837322404371584	3217	1.0
18.865573770491803	4069	1.0
18.906666666666666	2045	1.0
18.92153005464481	7801	1.0
18.921803278688525	2293	1.0
18.924262295081967	4317	1.0
18.926010928961748	2430	1.0
18.94	1350	1.0
18.955573770491803	9541	1.0
18.95677595628415	8883	1.0
18.999234972677595	3652	1.0
19.00918032786885	7482	1.0
19.019562841530053	4927	1.0
19.051147540983607	2555	1.0
19.051639344262295	5955	1.0
19.052459016393442	2538	1.0
19.077540983606557	6807	1.0
19.093497267759563	8797	1.0
19.142896174863388	3784	1.0
19.154590163934426	7688	1.0
19.192131147540984	7941	1.0
19.196939890710382	8138	1.0
19.203770491803276	8116	1.0
19.21218579234973	3605	1.0
19.220437158469945	9801	1.0
19.22158469945355	6665	1.0
19.25841530054645	9470	1.0
19.272677595628416	5885	1.0
19.276775956284155	7750	1.0
19.310109289617486	9102	1.0
19.332240437158468	9841	1.0
19.3555737704918	5279	1.0
19.367814207650273	9147	1.0
19.38382513661202	1813	1.0
19.385956284153007	3924	1.0
19.397377049180328	5766	1.0
19.415245901639345	4950	1.0
19.427322404371584	6668	1.0
19.476994535519125	9588	1.0
19.491967213114755	898	1.0
19.501092896174864	2605	1.0
19.521639344262297	3013	1.0
19.539180327868852	95	1.0
19.54945355191257	8322	1.0
19.567431693989068	3050	1.0
19.575191256830603	3623	1.0
19.589945355191258	7283	1.0
19.614207650273226	2361	1.0
19.63830601092896	1150	1.0
19.64666666666667	956	1.0
19.65087431693989	914	1.0
19.65584699453552	5364	1.0
19.664699453551915	6783	1.0
19.685956284153008	6569	1.0
19.687049180327868	9691	1.0
19.698579234972676	6359	1.0
19.712021857923496	7396	1.0
19.725136612021856	9074	1.0
19.736065573770492	9607	1.0
19.737540983606557	3600	1.0
19.741256830601092	2909	1.0
19.74573770491803	9032	1.0
19.76792349726776	3251	1.0
19.792240437158473	8886	1.0
19.81535519125683	5687	1.0
19.84453551912568	3857	1.0
19.84584699453552	4163	1.0
19.880710382513662	8931	1.0
19.896994535519124	8237	1.0
19.90273224043716	2468	1.0
19.90945355191257	7962	1.0
19.943879781420765	2744	1.0
19.964207650273224	3614	1.0
19.965956284153005	6697	1.0
19.97016393442623	674	1.0
19.9827868852459	3634	1.0
19.988743169398905	76	1.0
19.988907103825134	9785	1.0
20.015136612021855	5610	1.0
20.016393442622952	756	1.0
20.020710382513663	198	1.0
20.022349726775953	4440	1.0
20.0775956284153	5164	1.0
20.078688524590163	8649	1.0
20.08551912568306	2181	1.0
20.10907103825137	462	1.0
20.117049180327868	4893	1.0
20.126830601092895	2756	1.0
20.142732240437155	4071	1.0
20.17568306010929	8860	1.0
20.190601092896173	6076	1.0
20.195081967213113	8264	1.0
20.20437158469945	9502	1.0
20.22743169398907	7815	1.0
20.266994535519125	6098	1.0
20.299289617486338	1991	1.0
20.303606557377048	6299	1.0
20.304207650273224	5045	1.0
20.38918032786885	7637	1.0
20.402622950819673	5188	1.0
20.432896174863387	6419	1.0
20.442076502732238	1367	1.0
20.4775956284153	1401	1.0
20.47879781420765	2818	1.0
20.481420765027323	7489	1.0
20.48743169398907	7383	1.0
20.495464480874315	2872	1.0
20.516284153005465	5426	1.0
20.52005464480874	2830	1.0
20.525683060109287	3657	1.0
20.60071038251366	5168	1.0
20.618360655737703	31	1.0
20.630928961748634	5393	1.0
20.635409836065573	1017	1.0
20.63792349726776	3230	1.0
20.678524590163935	4000	1.0
20.691475409836066	7523	1.0
20.69912568306011	300	1.0
20.71781420765027	4195	1.0
20.726284153005466	8699	1.0
20.750437158469946	4628	1.0
20.75377049180328	9390	1.0
20.75710382513661	553	1.0
20.77655737704918	7204	1.0
20.81551912568306	5806	1.0
20.86224043715847	4739	1.0
20.889890710382513	6055	1.0
20.89765027322404	1952	1.0
20.945628415300547	4246	1.0
20.949945355191257	2234	1.0
20.98846994535519	4358	1.0
21.02989071038251	6948	1.0
21.030163934426227	8962	1.0
21.056994535519127	5317	1.0
21.07092896174863	5456	1.0
21.081420765027325	1032	1.0
21.08737704918033	8121	1.0
21.09191256830601	8516	1.0
21.132076502732243	126	1.0
21.134590163934423	6598	1.0
21.140655737704915	6129	1.0
21.163825136612022	2811	1.0
21.191639344262295	4379	1.0
21.199562841530057	7487	1.0
21.22142076502732	6116	1.0
21.223224043715845	2257	1.0
21.251803278688527	2433	1.0
21.277486338797814	187	1.0
21.28360655737705	8887	1.0
21.31825136612022	7339	1.0
21.323005464480875	3214	1.0
21.326721311475406	5981	1.0
21.328579234972675	5572	1.0
21.345081967213115	9708	1.0
21.35125683060109	2598	1.0
21.355628415300547	3334	1.0
21.362896174863387	7190	1.0
21.370218579234976	8286	1.0
21.37153005464481	3941	1.0
21.394371584699453	3592	1.0
21.39617486338798	6060	1.0
21.397158469945353	8704	1.0
21.40136612021858	5403	1.0
21.40846994535519	123	1.0
21.409672131147538	5103	1.0
21.420437158469948	5606	1.0
21.431092896174864	8448	1.0
21.448032786885243	7775	1.0
21.448360655737705	8201	1.0
21.461366120218578	7824	1.0
21.468852459016393	8657	1.0
21.47142076502732	2434	1.0
21.473989071038254	7310	1.0
21.494043715846992	9059	1.0
21.49912568306011	3193	1.0
21.50049180327869	6790	1.0
21.542021857923498	6789	1.0
21.54808743169399	700	1.0
21.55486338797814	2239	1.0
21.56792349726776	5267	1.0
21.575355191256833	50	1.0
21.603934426229507	8406	1.0
21.60672131147541	9721	1.0
21.607704918032784	9647	1.0
21.61382513661202	1188	1.0
21.615737704918033	1210	1.0
21.616994535519126	9132	1.0
21.641967213114754	4224	1.0
21.650546448087432	5543	1.0
21.65535519125683	8515	1.0
21.680655737704917	3683	1.0
21.682076502732237	5637	1.0
21.694754098360654	4350	1.0
21.697158469945354	1109	1.0
21.699234972677594	8819	1.0
21.708087431693986	3243	1.0
21.708743169398907	3487	1.0
21.71109289617486	6861	1.0
21.713934426229507	5559	1.0
21.72366120218579	6814	1.0
21.735628415300546	5139	1.0
21.755245901639345	2489	1.0
21.76360655737705	3421	1.0
21.793387978142075	2698	1.0
21.80590163934426	4444	1.0
21.827486338797815	575	1.0
21.827704918032786	2663	1.0
21.829617486338798	4201	1.0
21.850109289617485	3308	1.0
21.85071038251366	8959	1.0
21.862513661202186	3971	1.0
21.87087431693989	4557	1.0
21.89191256830601	2135	1.0
21.921256830601095	1755	1.0
21.94617486338798	6904	1.0
21.947650273224042	9883	1.0
21.949726775956286	221	1.0
21.966448087431694	5302	1.0
21.99546448087432	3540	1.0
22.061857923497268	5329	1.0
22.093825136612022	8439	1.0
22.101092896174865	316	1.0
22.11032786885246	5545	1.0
22.129781420765028	5391	1.0
22.14819672131148	1445	1.0
22.148251366120217	6361	1.0
22.170655737704916	3755	1.0
22.19934426229508	9340	1.0
22.22814207650273	1261	1.0
22.23912568306011	5827	1.0
22.26885245901639	8849	1.0
22.272021857923495	4652	1.0
22.275846994535517	4616	1.0
22.280491803278686	1542	1.0
22.29136612021858	7978	1.0
22.29830601092896	5298	1.0
22.299071038251366	9101	1.0
22.311092896174863	4422	1.0
22.323770491803277	629	1.0
22.324754098360657	6138	1.0
22.33415300546448	1183	1.0
22.34360655737705	6303	1.0
22.385792349726778	7207	1.0
22.388524590163936	6920	1.0
22.390928961748635	9929	1.0
22.40016393442623	809	1.0
22.4051912568306	8974	1.0
22.421475409836066	1139	1.0
22.42207650273224	9783	1.0
22.430983606557376	4780	1.0
22.473333333333333	7337	1.0
22.483333333333334	3932	1.0
22.48748633879781	1933	1.0
22.489180327868855	1333	1.0
22.503060109289617	5780	1.0
22.513387978142077	9654	1.0
22.516939890710383	4661	1.0
22.519016393442623	2060	1.0
22.52103825136612	1710	1.0
22.53327868852459	7810	1.0
22.5396174863388	2503	1.0
22.556120218579235	5965	1.0
22.567103825136613	1671	1.0
22.574590163934428	6647	1.0
22.59098360655738	1080	1.0
22.596830601092893	4956	1.0
22.60218579234973	4614	1.0
22.609890710382512	3312	1.0
22.614262295081968	6218	1.0
22.62896174863388	8746	1.0
22.69431693989071	5263	1.0
22.73327868852459	8789	1.0
22.751420765027323	444	1.0
22.787322404371587	9526	1.0
22.810765027322404	3440	1.0
22.83639344262295	5854	1.0
22.838360655737702	3973	1.0
22.848196721311474	9630	1.0
22.891967213114754	1775	1.0
22.92459016393443	4130	1.0
22.92945355191257	7677	1.0
22.94573770491803	1694	1.0
22.95568306010929	6315	1.0
22.99622950819672	2037	1.0
23.007158469945352	7977	1.0
23.007377049180327	3001	1.0
23.018306010928963	771	1.0
23.036557377049178	3579	1.0
23.053224043715847	7168	1.0
23.061256830601092	5476	1.0
23.09655737704918	4923	1.0
23.12885245901639	6336	1.0
23.14918032786885	7224	1.0
23.14945355191257	9933	1.0
23.163825136612022	3801	1.0
23.184972677595628	6819	1.0
23.185628415300545	2852	1.0
23.22546448087432	904	1.0
23.246338797814204	8997	1.0
23.250601092896172	4599	1.0
23.268306010928963	2499	1.0
23.285081967213117	3731	1.0
23.331857923497267	3861	1.0
23.33366120218579	5021	1.0
23.333715846994536	3211	1.0
23.343114754098362	5686	1.0
23.349890710382514	1791	1.0
23.396010928961747	6540	1.0
23.413551912568305	8758	1.0
23.41672131147541	7567	1.0
23.41704918032787	8707	1.0
23.42743169398907	8175	1.0
23.437978142076503	7585	1.0
23.451530054644806	2424	1.0
23.485628415300546	2217	1.0
23.49584699453552	522	1.0
23.502732240437158	6062	1.0
23.5075956284153	4937	1.0
23.509508196721313	7023	1.0
23.55639344262295	7669	1.0
23.55704918032787	2286	1.0
23.57486338797814	683	1.0
23.578415300546446	1119	1.0
23.59672131147541	8570	1.0
23.646229508196722	4745	1.0
23.6651912568306	3953	1.0
23.667978142076503	9865	1.0
23.70546448087432	4142	1.0
23.709071038251366	6264	1.0
23.711967213114754	6480	1.0
23.712295081967213	7621	1.0
23.7203825136612	860	1.0
23.749672131147538	8404	1.0
23.750765027322405	78	1.0
23.77016393442623	282	1.0
23.782240437158467	2893	1.0
23.78989071038251	6725	1.0
23.802841530054643	8792	1.0
23.8055737704918	6583	1.0
23.826775956284155	7377	1.0
23.843442622950818	9079	1.0
23.850819672131145	7678	1.0
23.880601092896175	1537	1.0
23.887322404371584	8993	1.0
23.88792349726776	6665	0.0
23.90573770491803	4706	1.0
23.90704918032787	6557	1.0
23.908196721311473	9173	1.0
23.9131693989071	6317	1.0
23.94814207650273	1734	1.0
23.961639344262295	8739	1.0
24.02912568306011	3188	1.0
24.051639344262295	6202	1.0
24.064754098360655	7085	1.0
24.074426229508195	8812	1.0
24.07535519125683	5033	1.0
24.086775956284153	4490	1.0
24.08754098360656	3410	1.0
24.08814207650273	5906	1.0
24.091857923497265	2657	1.0
24.09967213114754	4383	1.0
24.11896174863388	4349	1.0
24.12726775956284	2570	1.0
24.127322404371583	950	1.0
24.12874316939891	2232	1.0
24.15098360655738	7951	1.0
24.15273224043716	7369	1.0
24.207759562841527	3933	1.0
24.25934426229508	6473	1.0
24.260382513661202	8251	1.0
24.278743169398908	9250	1.0
24.282896174863385	154	1.0
24.28311475409836	5342	1.0
24.318032786885244	6475	1.0
24.33710382513661	7308	1.0
24.341803278688523	2528	1.0
24.35535519125683	272	1.0
24.36103825136612	5800	1.0
24.380874316939888	2436	1.0
24.396448087431693	4297	1.0
24.440054644808743	5259	1.0
24.440983606557378	363	1.0
24.459071038251363	7266	1.0
24.464699453551912	2922	1.0
24.520491803278688	4994	1.0
24.549890710382513	8847	1.0
24.553005464480872	2007	1.0
24.586994535519125	327	1.0
24.59032786885246	1000	1.0
24.592622950819674	5538	1.0
24.59551912568306	248	1.0
24.59737704918033	1585	1.0
24.651092896174863	747	1.0
24.657868852459018	8837	1.0
24.67289617486339	6868	1.0
24.673825136612024	3753	1.0
24.69120218579235	8822	1.0
24.700874316939892	4915	1.0
24.752513661202187	2242	1.0
24.759672131147543	6765	1.0
24.82191256830601	9625	1.0
24.826120218579234	7983	1.0
24.83606557377049	1674	1.0
24.8379781420765	448	1.0
24.852404371584697	6967	1.0
24.869672131147542	8918	1.0
24.869726775956284	7804	1.0
24.87737704918033	6269	1.0
24.87737704918033	3476	1.0
24.89486338797814	2730	1.0
24.903169398907103	1777	1.0
24.940601092896177	2990	1.0
24.956284153005466	9444	1.0
24.959890710382513	284	1.0
24.965081967213113	2353	1.0
24.965245901639346	5454	1.0
24.968360655737705	6241	1.0
24.993333333333332	5387	1.0
25.004316939890707	1868	1.0
25.01934426229508	1623	1.0
25.031693989071037	9684	1.0
25.04169398907104	1508	1.0
25.055956284153005	6216	1.0
25.101693989071038	6748	1.0
25.10967213114754	9421	1.0
25.121311475409836	5760	1.0
25.166612021857926	7121	1.0
25.24912568306011	6854	1.0
25.292513661202186	3733	1.0
25.321311475409836	6906	1.0
25.338907103825136	2743	1.0
25.34191256830601	9230	1.0
25.343770491803276	4058	1.0
25.362896174863387	5546	1.0
25.37912568306011	7329	1.0
25.379945355191257	986	1.0
25.397923497267758	6038	1.0
25.39928961748634	8977	1.0
25.40103825136612	1437	1.0
25.423934426229508	615	1.0
25.42814207650273	7362	1.0
25.503060109289617	8274	1.0
25.506612021857922	2032	1.0
25.522021857923495	2973	1.0
25.523661202185792	6460	1.0
25.526502732240434	3800	1.0
25.551693989071037	8872	1.0
25.581475409836063	4285	1.0
25.590546448087434	7130	1.0
25.615956284153004	155	1.0
25.624371584699453	3588	1.0
25.63087431693989	5541	1.0
25.63868852459016	6975	1.0
25.72295081967213	6846	1.0
25.742295081967214	4662	1.0
25.742349726775956	9234	1.0
25.744699453551913	5810	1.0
25.757814207650274	9178	1.0
25.795027322404373	9090	1.0
25.797431693989072	3792	1.0
25.81622950819672	4343	1.0
25.833005464480873	5061	1.0
25.83863387978142	2551	1.0
25.853224043715848	8684	1.0
25.864590163934423	3372	1.0
25.884262295081967	5390	1.0
25.892185792349725	5988	1.0
25.904426229508196	8459	1.0
25.960437158469944	3225	1.0
26.00901639344262	6144	1.0
26.016666666666666	8616	1.0
26.02185792349727	4419	1.0
26.04546448087432	4061	1.0
26.132677595628415	8203	1.0
26.13327868852459	2308	1.0
26.16846994535519	5532	1.0
26.16934426229508	9988	1.0
26.175737704918035	9820	1.0
26.195245901639346	6763	1.0
26.19743169398907	2824	1.0
26.1975956284153	2610	1.0
26.224863387978143	1758	1.0
26.227650273224043	2958	1.0
26.240109289617486	2044	1.0
26.274426229508194	1230	1.0
26.277267759562843	2222	1.0
26.303114754098363	5305	1.0
26.31224043715847	8833	1.0
26.32049180327869	4900	1.0
26.320983606557377	3496	1.0
26.325519125683062	5643	1.0
26.33573770491803	4396	1.0
26.3775956284153	1923	1.0
26.380000000000003	333	1.0
26.390983606557377	4746	1.0
26.411202185792348	3653	1.0
26.412950819672133	1849	1.0
26.425956284153006	6420	1.0
26.433715846994534	9847	1.0
26.439726775956284	7944	1.0
26.4475956284153	7467	1.0
26.455792349726778	1678	1.0
26.461803278688524	2067	1.0
26.46262295081967	4096	1.0
26.466448087431694	7739	1.0
26.470874316939888	7408	1.0
26.52901639344262	9270	1.0
26.574918032786883	7439	1.0
26.594043715846993	8552	1.0
26.611420765027322	5158	1.0
26.645573770491804	7651	1.0
26.646448087431693	9261	1.0
26.647322404371582	7654	1.0
26.661311475409835	6439	1.0
26.690054644808743	3993	1.0
26.69781420765027	5348	1.0
26.697923497267762	659	1.0
26.736830601092894	6568	1.0
26.750437158469943	2656	1.0
26.75071038251366	4929	1.0
26.753278688524592	7874	1.0
26.758142076502732	5113	1.0
26.766612021857924	1525	1.0
26.7679781420765	9730	1.0
26.792950819672132	4933	1.0
26.80879781420765	9874	1.0
26.813715846994533	9348	1.0
26.817540983606555	8617	1.0
26.8192349726776	2726	1.0
26.823879781420764	7273	1.0
26.835573770491806	3917	1.0
26.862459016393444	1499	1.0
26.92262295081967	9418	1.0
26.92743169398907	1132	1.0
26.934754098360653	4713	1.0
26.934918032786886	4529	1.0
26.942295081967213	4337	1.0
26.946010928961748	2088	1.0
26.948415300546447	4328	1.0
26.95021857923497	7134	1.0
26.952622950819674	2368	1.0
26.95639344262295	7322	1.0
26.970710382513662	5170	1.0
26.986120218579234	6490	1.0
26.995628415300548	9934	1.0
27.029781420765026	3068	1.0
27.063497267759562	3338	1.0
27.0703825136612	7558	1.0
27.10142076502732	1484	1.0
27.116448087431696	2751	1.0
27.121530054644808	5621	1.0
27.129562841530053	3005	1.0
27.136502732240434	5602	1.0
27.160109289617484	7275	1.0
27.176338797814207	144	1.0
27.197322404371583	9789	1.0
27.197486338797813	1073	1.0
27.201311475409835	7366	1.0
27.336174863387978	2580	1.0
27.358633879781422	5070	1.0
27.394371584699453	2134	1.0
27.39726775956284	2689	1.0
27.397431693989073	1272	1.0
27.404644808743168	7649	1.0
27.433661202185792	377	1.0
27.460601092896177	3132	1.0
27.474316939890713	4792	1.0
27.477978142076502	3557	1.0
27.48273224043716	9675	1.0
27.495409836065576	3269	1.0
27.501639344262294	1657	1.0
27.547431693989072	4494	1.0
27.579726775956285	4338	1.0
27.595737704918033	9010	1.0
27.609781420765025	1644	1.0
27.617322404371585	4643	1.0
27.650819672131146	1701	1.0
27.67513661202186	340	1.0
27.68672131147541	4849	1.0
27.697158469945357	2426	1.0
27.69726775956284	8961	1.0
27.723715846994534	4911	1.0
27.728797814207653	1159	1.0
27.73841530054645	6867	1.0
27.74213114754098	1172	1.0
27.776120218579237	3538	1.0
27.784590163934425	5415	1.0
27.80863387978142	9446	1.0
27.812185792349727	7687	1.0
27.81792349726776	4522	1.0
27.82021857923497	9609	1.0
27.848142076502732	4716	1.0
27.866502732240434	4025	1.0
27.87349726775956	2202	1.0
27.910983606557377	2883	1.0
27.915081967213116	3568	1.0
27.921639344262292	5275	1.0
27.946065573770493	7879	1.0
27.95846994535519	9042	1.0
28.046448087431695	7905	1.0
28.068524590163932	2316	1.0
28.076174863387976	5759	1.0
28.089234972677595	2142	1.0
28.110601092896175	2445	1.0
28.1779781420765	5047	1.0
28.19743169398907	93	1.0
28.215464480874317	4683	1.0
28.228032786885247	7565	1.0
28.233715846994535	1836	1.0
28.237267759562844	5288	1.0
28.238907103825134	1852	1.0
28.24366120218579	3377	1.0
28.259234972677596	7246	1.0
28.28393442622951	6306	1.0
28.312677595628415	5053	1.0
28.320983606557377	1280	1.0
28.33049180327869	8527	1.0
28.342513661202183	6921	1.0
28.37710382513661	3842	1.0
28.4527868852459	6233	1.0
28.463387978142077	2336	1.0
28.46743169398907	8568	1.0
28.474863387978143	4398	1.0
28.476994535519122	3817	1.0
28.48622950819672	6337	1.0
28.50568306010929	3446	1.0
28.517322404371587	3087	1.0
28.51950819672131	1539	1.0
28.540437158469942	8702	1.0
28.546284153005463	5853	1.0
28.553825136612023	3108	1.0
28.558251366120217	7290	1.0
28.568743169398907	810	1.0
28.58032786885246	3055	1.0
28.603934426229507	8003	1.0
28.612568306010928	9952	1.0
28.62448087431694	3310	1.0
28.651857923497268	9796	1.0
28.6579781420765	7726	1.0
28.661202185792348	9815	1.0
28.67191256830601	8277	1.0
28.685136612021857	8958	1.0
28.7075956284153	3654	1.0
28.721584699453555	877	1.0
28.73704918032787	7859	1.0
28.739890710382515	6641	1.0
28.740874316939887	8603	1.0
28.74366120218579	4125	1.0
28.77114754098361	7953	1.0
28.7996174863388	3736	1.0
28.811857923497268	835	1.0
28.81814207650273	5411	1.0
28.836284153005465	9339	1.0
28.846994535519123	7197	1.0
28.868251366120216	3603	1.0
28.886338797814208	5782	1.0
28.888524590163936	3495	1.0
28.90213114754098	4742	1.0
28.95934426229508	6167	1.0
28.962677595628413	4878	1.0
28.9648087431694	8166	1.0
28.96743169398907	3840	1.0
28.97087431693989	7378	1.0
28.977431693989068	7403	1.0
28.984207650273223	3414	1.0
28.986065573770492	278	1.0
28.986174863387976	2094	1.0
29.001475409836065	2966	1.0
29.010437158469944	6956	1.0
29.021147540983605	1070	1.0
29.037868852459017	801	1.0
29.05726775956284	5116	1.0
29.0703825136612	6039	1.0
29.075081967213116	3074	1.0
29.093387978142076	4219	1.0
29.09857923497268	6916	1.0
29.11158469945355	9592	1.0
29.114808743169398	7660	1.0
29.118142076502732	9743	1.0
29.150437158469945	7470	1.0
29.155956284153003	3947	1.0
29.231748633879782	8388	1.0
29.246284153005462	3761	1.0
29.262896174863386	2002	1.0
29.274426229508197	4685	1.0
29.297049180327868	4221	1.0
29.31311475409836	5491	1.0
29.320109289617484	6363	1.0
29.368852459016395	8652	1.0
29.384207650273222	3344	1.0
29.404426229508196	6519	1.0
29.405956284153003	5743	1.0
29.40775956284153	6742	1.0
29.415027322404374	6126	1.0
29.42551912568306	9251	1.0
29.42568306010929	5744	1.0
29.435737704918033	6114	1.0
29.43622950819672	3863	1.0
29.461530054644808	9550	1.0
29.481092896174864	1243	1.0
29.483879781420768	5413	1.0
29.54174863387978	3196	1.0
29.54344262295082	2411	1.0
29.577103825136614	7592	1.0
29.60016393442623	4584	1.0
29.602732240437156	5804	1.0
29.613060109289616	8091	1.0
29.6248087431694	5278	1.0
29.626338797814206	3141	1.0
29.64918032786885	9950	1.0
29.660054644808742	5768	1.0
29.67655737704918	2859	1.0
29.690054644808743	9851	1.0
29.699398907103824	128	1.0
29.709289617486338	3247	1.0
29.730109289617484	2808	1.0
29.746612021857924	7094	1.0
29.748032786885243	998	1.0
29.7548087431694	8653	1.0
29.758688524590163	5818	1.0
29.77409836065574	1129	1.0
29.777049180327868	3433	1.0
29.80366120218579	1605	1.0
29.824480874316937	1957	1.0
29.829344262295084	9370	1.0
29.83207650273224	6892	1.0
29.88535519125683	9465	1.0
29.895956284153005	590	1.0
29.900491803278687	8648	1.0
29.976666666666667	8240	1.0
29.981475409836065	299	1.0
29.99098360655738	3086	1.0
29.99928961748634	8640	1.0
30.003879781420764	3025	1.0
30.036065573770493	4437	1.0
30.03650273224044	5909	1.0
30.06087431693989	1901	1.0
30.06486338797814	3661	1.0
30.06710382513661	7218	1.0
30.071475409836065	8287	1.0
30.07224043715847	6021	1.0
30.081147540983608	7477	1.0
30.084098360655737	9569	1.0
30.0872131147541	7633	1.0
30.10103825136612	4518	1.0
30.12295081967213	6897	1.0
30.123934426229507	7628	1.0
30.12792349726776	8636	1.0
30.162677595628416	9611	1.0
30.180655737704917	4203	1.0
30.20344262295082	399	1.0
30.212349726775955	6395	1.0
30.247759562841527	6077	1.0
30.248907103825136	2186	1.0
30.26103825136612	8238	1.0
30.280928961748632	6110	1.0
30.283224043715844	5997	1.0
30.298852459016395	5756	1.0
30.312295081967214	8415	1.0
30.315081967213114	9297	1.0
30.319945355191255	3911	1.0
30.321803278688524	665	1.0
30.323497267759564	7571	1.0
30.324371584699453	4583	1.0
30.32781420765027	8916	1.0
30.330218579234973	6504	1.0
30.342896174863387	5368	1.0
30.34469945355191	2714	1.0
30.378961748633877	2357	1.0
30.407103825136613	8401	1.0
30.415300546448087	6591	1.0
30.428852459016394	5748	1.0
30.44655737704918	1984	1.0
30.446775956284153	2669	1.0
30.481693989071037	3958	1.0
30.485245901639342	4897	1.0
30.487814207650274	6019	1.0
30.5051912568306	3910	1.0
30.521475409836068	7267	1.0
30.555081967213116	4676	1.0
30.564754098360655	5679	1.0
30.57918032786885	7203	1.0
30.60704918032787	9197	1.0
30.636721311475412	3746	1.0
30.681092896174864	3138	1.0
30.689836065573772	6070	1.0
30.695628415300547	8694	1.0
30.703879781420763	9876	1.0
30.7051912568306	8586	1.0
30.706120218579233	8281	1.0
30.71590163934426	5927	1.0
30.720109289617486	9246	1.0
30.730819672131148	432	1.0
30.765956284153006	1409	1.0
30.771584699453552	9248	1.0
30.791311475409834	5982	1.0
30.79322404371585	7032	1.0
30.79338797814208	3109	1.0
30.796775956284154	6067	1.0
30.797377049180326	7120	1.0
30.86726775956284	8868	1.0
30.878524590163934	5494	1.0
30.878688524590164	8113	1.0
30.882786885245903	9899	1.0
30.897049180327866	5529	1.0
30.910109289617484	6182	1.0
30.918688524590163	3216	1.0
30.921693989071034	6503	1.0
30.925901639344264	9367	1.0
30.955628415300545	2996	1.0
31.000273224043717	234	1.0
31.021475409836064	4482	1.0
31.056284153005464	2703	1.0
31.069726775956283	5126	1.0
31.074207650273223	8001	1.0
31.077650273224044	7918	1.0
31.095300546448087	8478	1.0
31.114262295081968	2848	1.0
31.17551912568306	7901	1.0
31.207704918032785	6933	1.0
31.212732240437155	1536	1.0
31.228196721311473	710	1.0
31.247868852459018	8241	1.0
31.26087431693989	3890	1.0
31.322349726775954	1630	1.0
31.340601092896176	9690	1.0
31.342295081967215	662	1.0
31.349672131147543	9991	1.0
31.355464480874318	2254	1.0
31.38005464480874	5724	1.0
31.39502732240437	3094	1.0
31.4251912568306	5309	1.0
31.442131147540984	1703	1.0
31.451147540983605	7542	1.0
31.45393442622951	4175	1.0
31.46896174863388	6231	1.0
31.48535519125683	2471	1.0
31.49103825136612	9824	1.0
31.50393442622951	6015	1.0
31.52606557377049	587	1.0
31.533060109289618	9931	1.0
31.533551912568303	8090	1.0
31.536229508196723	1443	1.0
31.536284153005465	4508	1.0
31.544808743169398	7274	1.0
31.552349726775958	6762	1.0
31.55639344262295	7831	1.0
31.582349726775956	1318	1.0
31.588251366120215	1370	1.0
31.6068306010929	204	1.0
31.610765027322405	7701	1.0
31.63606557377049	2712	1.0
31.64650273224044	5793	1.0
31.646612021857923	2902	1.0
31.66393442622951	8839	1.0
31.720928961748633	240	1.0
31.72639344262295	8666	1.0
31.740273224043715	3267	1.0
31.749180327868853	4298	1.0
31.762513661202185	5354	1.0
31.76349726775956	926	1.0
31.7707650273224	5377	1.0
31.772131147540982	6290	1.0
31.792841530054645	5573	1.0
31.79415300546448	9256	1.0
31.810765027322404	4986	1.0
31.83890710382514	8479	1.0
31.84825136612022	5143	1.0
31.870601092896173	4322	1.0
31.899234972677593	1031	1.0
31.90420765027322	5473	1.0
31.908743169398907	4543	1.0
31.910983606557377	6022	1.0
31.915355191256833	6323	0.0
31.93841530054645	6181	1.0
31.947322404371583	9947	1.0
31.98333333333333	256	1.0
31.989016393442622	7744	1.0
31.990819672131146	6348	1.0
32.00071038251366	2421	0.0
32.00584699453552	5762	1.0
32.04420765027322	5796	1.0
32.04617486338798	6600	1.0
32.04622950819672	148	1.0
32.05103825136612	3595	1.0
32.05377049180328	8023	1.0
32.07655737704918	393	1.0
32.1044262295082	7988	1.0
32.11267759562841	6484	1.0
32.11491803278688	7100	1.0
32.143551912568306	9764	1.0
32.14939890710382	5544	1.0
32.15054644808743	6500	1.0
32.170819672131145	8498	1.0
32.18453551912568	5077	1.0
32.18934426229508	8814	1.0
32.19508196721311	1584	1.0
32.195245901639346	9917	1.0
32.21049180327869	3542	1.0
32.21371584699453	6852	1.0
32.22054644808743	7312	1.0
32.256229508196725	7108	1.0
32.281639344262295	684	1.0
32.30907103825137	6304	1.0
32.32781420765027	7636	1.0
32.33142076502732	1980	1.0
32.34693989071038	9836	1.0
32.34879781420765	6673	1.0
32.35103825136612	5274	1.0
32.35601092896175	6929	1.0
32.37393442622951	5879	1.0
32.42174863387978	2425	1.0
32.433551912568305	2805	1.0
32.44306010928962	8948	1.0
32.44934426229508	534	1.0
32.46065573770492	6107	1.0
32.465737704918034	7139	1.0
32.47573770491803	9177	1.0
32.5172131147541	4791	1.0
32.519672131147544	4869	1.0
32.54377049180328	8082	1.0
32.55016393442623	8475	1.0
32.60213114754098	8174	1.0
32.61142076502732	3195	1.0
32.622185792349725	188	1.0
32.63934426229508	9823	1.0
32.658524590163935	145	1.0
32.67819672131148	4342	1.0
32.68683060109289	7587	1.0
32.69426229508197	6696	1.0
32.71087431693989	8329	1.0
32.712021857923496	6623	1.0
32.727704918032785	8077	1.0
32.74584699453552	6882	1.0
32.7648087431694	4375	1.0
32.79846994535519	4796	1.0
32.799125683060105	3353	1.0
32.810054644808744	7547	1.0
32.839562841530054	2723	1.0
32.84289617486339	9187	1.0
32.84546448087432	6254	1.0
32.87081967213115	9068	1.0
32.88382513661202	9247	1.0
32.89180327868853	9358	1.0
32.90191256830601	4701	1.0
32.906229508196716	1850	1.0
32.91005464480874	2853	1.0
32.92333333333333	789	1.0
32.9296174863388	1024	1.0
32.94874316939891	9399	1.0
32.953770491803276	5803	1.0
32.95775956284153	5090	1.0
32.96770491803279	6137	1.0
32.97387978142076	6507	1.0
32.992677595628415	8005	1.0
33.00125683060109	3008	1.0
33.02590163934426	2930	1.0
33.04300546448087	4540	1.0
33.053333333333335	8994	1.0
33.07715846994535	967	1.0
33.08256830601093	1563	1.0
33.08617486338798	8667	1.0
33.103770491803274	4537	1.0
33.11562841530054	7101	1.0
33.12672131147541	7997	1.0
33.15256830601093	3669	1.0
33.16322404371584	3066	1.0
33.16803278688525	1750	1.0
33.168579234972675	2152	1.0
33.17262295081967	6791	1.0
33.173879781420766	9577	1.0
33.1848087431694	3841	1.0
33.191475409836066	8497	1.0
33.19573770491803	6066	1.0
33.2103825136612	4013	1.0
33.23841530054645	4576	1.0
33.247158469945354	5449	1.0
33.256939890710385	5726	1.0
33.26786885245902	9544	1.0
33.2855737704918	3365	1.0
33.28775956284153	6154	1.0
33.294754098360656	4144	1.0
33.29502732240437	5566	1.0
33.29825136612022	1477	1.0
33.30551912568306	6006	1.0
33.30956284153005	1767	1.0
33.31469945355192	9224	1.0
33.33830601092896	4834	1.0
33.341967213114756	9695	1.0
33.36901639344262	6425	1.0
33.38912568306011	2873	1.0
33.394316939890714	8815	1.0
33.407759562841534	4451	1.0
33.41382513661202	8014	1.0
33.41502732240437	2869	1.0
33.42584699453552	2209	1.0
33.43125683060109	5440	1.0
33.44584699453552	975	1.0
33.46071038251366	6931	1.0
33.46606557377049	944	1.0
33.469781420765024	6068	1.0
33.47448087431694	6844	1.0
33.48732240437158	2366	1.0
33.507704918032786	3825	1.0
33.50863387978142	4182	1.0
33.51765027322404	2354	1.0
33.517704918032784	9813	0.0
33.52344262295082	6373	1.0
33.527486338797814	8177	1.0
33.53262295081967	912	1.0
33.5355737704918	4984	1.0
33.54185792349727	6616	1.0
33.55213114754098	5254	1.0
33.558579234972676	2960	1.0
33.56732240437159	7897	1.0
33.567540983606555	8255	1.0
33.5887431693989	5214	1.0
33.60639344262295	7084	1.0
33.606830601092895	5852	1.0
33.60972677595628	7605	1.0
33.61032786885246	5372	1.0
33.623715846994536	4629	1.0
33.63508196721312	9668	1.0
33.66081967213115	488	1.0
33.66469945355191	6520	1.0
33.67	9481	1.0
33.676448087431694	3963	1.0
33.67666666666666	9027	1.0
33.71136612021858	273	1.0
33.75049180327869	4756	1.0
33.75754098360655	8025	1.0
33.8027868852459	5866	1.0
33.837377049180326	3763	1.0
33.84590163934426	9775	1.0
33.84688524590164	1720	1.0
33.855628415300544	6089	1.0
33.90049180327869	2435	1.0
33.9292349726776	5619	1.0
33.93912568306011	2665	1.0
33.97453551912568	1646	1.0
33.97491803278689	4650	1.0
33.98322404371585	6774	1.0
34.00196721311475	9206	1.0
34.01415300546448	8633	1.0
34.02885245901639	5257	1.0
34.03021857923497	5376	1.0
34.0579781420765	4183	1.0
34.060437158469945	7526	1.0
34.08196721311475	416	1.0
34.106120218579235	6117	1.0
34.1096174863388	5519	1.0
34.11573770491803	9597	1.0
34.1183606557377	7676	1.0
34.12978142076503	6782	1.0
34.15907103825136	7070	1.0
34.16327868852459	4987	1.0
34.16431693989071	6537	1.0
34.18333333333333	3376	1.0
34.20650273224044	2693	1.0
34.21147540983606	7843	1.0
34.21551912568306	3908	1.0
34.22032786885246	6775	1.0
34.22153005464481	8757	1.0
34.2572131147541	2618	1.0
34.27453551912568	6980	1.0
34.27655737704919	8925	1.0
34.298087431693986	3511	1.0
34.317540983606555	257	1.0
34.32327868852459	7136	1.0
34.33387978142076	1973	1.0
34.33612021857924	3852	1.0
34.350491803278686	7185	1.0
34.363278688524595	9739	1.0
34.39781420765028	4275	1.0
34.40327868852459	4075	1.0
34.46377049180328	3274	1.0
34.470601092896175	1449	1.0
34.47273224043716	6352	1.0
34.50978142076502	3560	1.0
34.51530054644809	4722	1.0
34.52092896174864	9262	1.0
34.531256830601095	8006	1.0
34.58874316939891	4696	1.0
34.600874316939894	5695	1.0
34.619562841530055	242	1.0
34.63469945355191	8282	1.0
34.646885245901636	9024	1.0
34.653333333333336	451	1.0
34.67032786885245	1543	1.0
34.6827868852459	8703	1.0
34.69005464480875	2329	1.0
34.693606557377045	3829	1.0
34.701420765027315	3633	1.0
34.704207650273226	7158	1.0
34.71218579234973	4162	1.0
34.744644808743175	1055	1.0
34.76464480874317	6824	1.0
34.779726775956284	1647	1.0
34.78743169398907	3461	1.0
34.81191256830601	9882	1.0
34.82655737704918	8196	1.0
34.847103825136614	1983	1.0
34.86377049180328	4682	1.0
34.8996174863388	7279	1.0
34.91825136612022	6242	1.0
34.944426229508196	3061	1.0
34.959781420765026	5912	1.0
34.97907103825137	6521	1.0
34.98377049180328	2718	1.0
35.00349726775956	6246	1.0
35.00639344262295	8280	1.0
35.00650273224044	6538	1.0
35.024480874316936	3976	1.0
35.072131147540986	9804	1.0
35.091092896174864	8559	1.0
35.12366120218579	8072	1.0
35.13737704918032	579	1.0
35.158961748633885	1801	1.0
35.16737704918033	1388	1.0
35.175683060109286	9198	1.0
35.18256830601093	8151	1.0
35.1896174863388	6194	1.0
35.20180327868852	7799	1.0
35.21409836065573	2303	1.0
35.22234972677595	8577	1.0
35.26387978142077	1709	1.0
35.26857923497268	5555	1.0
35.28672131147541	7232	1.0
35.29054644808743	8660	1.0
35.292513661202186	459	1.0
35.320109289617484	9513	1.0
35.32289617486339	8143	1.0
35.33322404371585	6995	1.0
35.35437158469946	634	1.0
35.363169398907104	9738	1.0
35.368415300546445	8642	1.0
35.38934426229508	5831	1.0
35.39863387978142	5962	1.0
35.40076502732241	1118	1.0
35.479180327868846	5244	1.0
35.48469945355191	7732	1.0
35.49901639344262	5661	1.0
35.49923497267759	4396	0.0
35.51032786885246	1532	1.0
35.51098360655738	4340	1.0
35.53704918032787	6354	1.0
35.53737704918033	5492	1.0
35.55612021857924	5280	1.0
35.558524590163934	4753	1.0
35.566120218579236	2679	1.0
35.578032786885245	4555	1.0
35.58426229508197	5608	1.0
35.597377049180324	2079	1.0
35.61229508196722	1275	1.0
35.62049180327868	7553	1.0
35.64819672131147	6796	1.0
35.655081967213114	9951	1.0
35.671639344262296	903	1.0
35.67404371584699	335	1.0
35.676448087431694	9179	1.0
35.679398907103824	1722	1.0
35.683934426229506	371	1.0
35.70142076502732	5537	1.0
35.728087431693986	6550	1.0
35.74819672131147	9151	1.0
35.75120218579235	4993	1.0
35.773442622950824	4020	1.0
35.79256830601093	1718	1.0
35.797431693989076	8794	1.0
35.808251366120224	1919	1.0
35.8375956284153	1528	1.0
35.8531693989071	4292	1.0
35.86562841530055	1091	1.0
35.875519125683056	7244	1.0
35.90218579234973	9960	1.0
35.90404371584699	7500	1.0
35.90612021857923	8538	1.0
35.93524590163934	9837	1.0
35.95469945355191	4917	1.0
35.96737704918033	9983	1.0
35.9896174863388	5734	1.0
35.99420765027322	8337	1.0
36.01579234972678	7746	1.0
36.01612021857923	4017	1.0
36.02174863387978	8541	1.0
36.02180327868852	4411	1.0
36.03081967213115	9854	1.0
36.061639344262296	9535	1.0
36.071639344262294	5849	1.0
36.081092896174866	4300	1.0
36.09349726775956	9167	1.0
36.09781420765027	1269	1.0
36.09918032786885	3084	1.0
36.100874316939894	2398	1.0
36.143770491803274	2281	1.0
36.14590163934426	3926	1.0
36.150273224043715	4145	1.0
36.15715846994535	7510	1.0
36.174207650273225	7552	1.0
36.176721311475404	606	1.0
36.195464480874314	7761	1.0
36.21180327868852	5324	1.0
36.24021857923498	8031	1.0
36.25415300546448	1981	1.0
36.30535519125684	3635	1.0
36.30912568306011	9394	1.0
36.32191256830601	909	1.0
36.33306010928962	1297	1.0
36.34191256830601	5497	1.0
36.375846994535515	6325	1.0
36.404426229508196	5825	1.0
36.40775956284153	8888	1.0
36.47218579234973	6314	1.0
36.485846994535514	6879	1.0
36.48606557377049	1535	1.0
36.50765027322404	5567	1.0
36.580983606557375	1877	1.0
36.68710382513661	7902	1.0
36.721366120218576	7181	1.0
36.74819672131147	875	1.0
36.75606557377049	4033	1.0
36.77251366120218	7231	1.0
36.789836065573766	8983	1.0
36.79573770491803	6603	1.0
36.79792349726776	7836	1.0
36.79857923497268	2084	1.0
36.82546448087432	5229	1.0
36.85584699453552	2	1.0
