0.08753551912568305	7023	1.0
0.36354590163934425	9574	1.0
0.37089453551912566	1815	1.0
0.4091087431693989	4965	1.0
0.4160306010928962	5065	1.0
0.4387983606557377	62	1.0
0.504260655737705	5378	1.0
0.5045103825136612	5770	1.0
0.5499344262295083	4288	1.0
0.6293005464480874	154	1.0
0.6438415300546447	7788	1.0
0.6982513661202185	5815	1.0
0.7064043715846995	8179	1.0
0.7876284153005465	6222	1.0
0.8227322404371584	7551	1.0
1.0047814207650274	6212	1.0
1.0726939890710383	2212	1.0
1.1141256830601094	4575	1.0
1.1602240437158469	3679	1.0
1.2121256830601093	7350	1.0
1.3647540983606559	242	1.0
1.3859562841530055	2371	1.0
1.386120218579235	5232	1.0
1.4063387978142077	9528	1.0
1.4294098360655738	7551	0.0
1.4319453551912567	6752	1.0
1.4899617486338796	3337	1.0
1.5091967213114752	6167	1.0
1.5154371584699453	904	1.0
1.5210273224043716	7509	1.0
1.5270218579234973	8882	1.0
1.5492841530054644	6935	1.0
1.6179344262295081	40	1.0
1.6225683060109288	2524	1.0
1.6305464480874317	871	1.0
1.7437978142076502	7109	1.0
1.808311475409836	1841	1.0
1.8150273224043714	1814	1.0
1.8211420765027322	3825	1.0
1.8578852459016393	3489	1.0
1.9713825136612022	4593	1.0
2.019262295081967	8145	1.0
2.09227868852459	370	1.0
2.1864590163934423	3037	1.0
2.2715792349726778	873	1.0
2.2986448087431692	2996	1.0
2.319153005464481	7316	1.0
2.3414590163934426	9698	1.0
2.3818852459016395	5598	1.0
2.430081967213115	7893	1.0
2.4486120218579233	8221	1.0
2.5057704918032786	4694	1.0
2.5136448087431695	3746	1.0
2.6451147540983606	7804	1.0
2.652715846994535	2308	1.0
2.660704918032787	4668	1.0
2.6617868852459017	8220	1.0
2.6758743169398906	7322	1.0
2.6771147540983606	2847	1.0
2.716606557377049	2653	1.0
2.741016393442623	4471	1.0
2.7678032786885245	6157	1.0
2.789289617486339	6722	1.0
2.8309781420765026	8239	1.0
2.8363442622950816	4091	1.0
2.906327868852459	7394	1.0
2.9279180327868852	8881	1.0
2.9517868852459017	5329	1.0
3.0601202185792347	2735	1.0
3.093295081967213	9069	1.0
3.0971693989071034	8916	1.0
3.1408306010928966	881	1.0
3.173639344262295	1758	1.0
3.2390928961748635	250	1.0
3.239349726775956	4326	1.0
3.2501967213114753	7678	1.0
3.287486338797814	9909	1.0
3.3871038251366117	9949	1.0
3.3978306010928963	1639	1.0
3.416967213114754	1698	1.0
3.448213114754098	5144	1.0
3.4920601092896173	5560	1.0
3.504508196721311	294	1.0
3.5047540983606553	4387	1.0
3.530180327868852	9132	1.0
3.543983606557377	8936	1.0
3.5536065573770492	6924	1.0
3.6435792349726777	1371	1.0
3.6620546448087428	6288	1.0
3.7800054644808743	6026	1.0
3.7841857923497266	2001	1.0
3.792568306010929	1131	1.0
3.792688524590164	9133	1.0
3.9283333333333332	5433	1.0
3.9484590163934423	8217	1.0
3.9910109289617486	8931	1.0
4.002131147540983	6194	1.0
4.010508196721312	4951	1.0
4.013868852459017	3914	1.0
4.0740819672131146	4066	1.0
4.121027322404371	2797	1.0
4.159316939890711	390	1.0
4.223196721311475	5209	1.0
4.235049180327869	6196	1.0
4.250092896174864	8229	1.0
4.278513661202186	8523	1.0
4.298688524590164	7799	1.0
4.335972677595628	6908	1.0
4.379251366120219	7983	1.0
4.403967213114754	4996	1.0
4.4460437158469945	4446	1.0
4.496475409836065	8929	1.0
4.514874316939891	2048	1.0
4.552475409836065	711	1.0
4.557655737704918	211	1.0
4.569267759562841	7433	1.0
4.592360655737704	8930	1.0
4.597136612021858	6050	1.0
4.6091530054644805	2094	1.0
4.630382513661202	1611	1.0
4.6877704918032785	9630	1.0
4.699819672131147	889	1.0
4.766612021857924	7295	1.0
4.797994535519125	9745	1.0
4.841513661202185	2652	1.0
4.936721311475409	7562	1.0
5.04907650273224	1636	1.0
5.0917213114754105	9038	1.0
5.093	1867	1.0
5.1932896174863385	7199	1.0
5.285535519125683	4107	1.0
5.291234972677595	8606	1.0
5.3892404371584695	4276	1.0
5.426907103825136	8211	1.0
5.494043715846995	8924	1.0
5.547377049180327	8013	1.0
5.55431693989071	89	1.0
5.5561748633879775	6991	1.0
5.654590163934426	5426	1.0
5.65863387978142	1593	1.0
5.757486338797815	7395	1.0
5.793497267759562	8456	1.0
5.822131147540984	166	1.0
5.862896174863388	3276	1.0
5.942240437158469	2496	1.0
5.955573770491804	4025	1.0
5.971092896174864	7125	1.0
5.978961748633879	3189	1.0
5.998415300546448	359	1.0
5.999781420765028	4095	1.0
6.020163934426229	487	1.0
6.162950819672131	5069	1.0
6.195956284153006	8988	1.0
6.221092896174863	7363	1.0
6.222677595628415	5305	1.0
6.250218579234973	2826	1.0
6.301693989071038	7294	1.0
6.315136612021858	5932	1.0
6.361967213114754	6088	1.0
6.388743169398906	9653	1.0
6.4455191256830595	6364	1.0
6.454207650273225	2284	1.0
6.469453551912568	5920	1.0
6.475464480874317	1591	1.0
6.503005464480874	4920	1.0
6.543224043715846	5249	1.0
6.546174863387979	4864	1.0
6.629726775956284	6781	1.0
6.637049180327868	6277	1.0
6.701693989071038	1262	1.0
6.721092896174864	6815	1.0
6.753060109289618	8183	1.0
6.80431693989071	1325	1.0
6.825628415300546	1576	1.0
6.832404371584699	8639	1.0
6.837322404371585	2640	1.0
6.840655737704918	8141	1.0
6.996065573770491	3364	1.0
7.039125683060109	4225	1.0
7.070655737704918	178	1.0
7.0884153005464485	8604	1.0
7.097978142076503	3709	1.0
7.1237704918032785	2697	1.0
7.152950819672131	4249	1.0
7.249726775956284	9773	1.0
7.255573770491803	3493	1.0
7.267158469945356	7349	1.0
7.279071038251366	7260	1.0
7.304590163934426	2932	1.0
7.325136612021858	2489	1.0
7.350928961748633	3838	1.0
7.383333333333333	3626	1.0
7.408524590163934	749	1.0
7.410546448087431	9610	1.0
7.432622950819672	2884	1.0
7.479398907103825	8644	1.0
7.508306010928961	5259	1.0
7.543989071038252	8338	1.0
7.559508196721311	7693	1.0
7.584918032786884	9676	1.0
7.623169398907104	6905	1.0
7.669344262295081	6914	1.0
7.690437158469945	9843	1.0
7.707158469945355	3862	1.0
7.737650273224044	2057	1.0
7.744808743169399	4705	1.0
7.771748633879781	3955	1.0
7.793934426229508	8497	1.0
7.820437158469946	5604	1.0
7.9427322404371585	7992	1.0
8.021256830601093	2273	1.0
8.025300546448086	3750	1.0
8.030273224043716	9384	1.0
8.148306010928962	6489	1.0
8.176284153005463	1259	1.0
8.240491803278688	2047	1.0
8.277814207650273	5270	1.0
8.376338797814208	7815	1.0
8.45120218579235	8317	1.0
8.4551912568306	278	1.0
8.45568306010929	5957	1.0
8.483005464480874	9485	1.0
8.486174863387978	2290	1.0
8.556338797814208	2431	1.0
8.58672131147541	9865	1.0
8.601530054644808	6242	1.0
8.633333333333333	6240	1.0
8.675355191256829	0	1.0
8.682185792349728	6034	1.0
8.684316939890712	2886	1.0
8.685245901639343	8498	1.0
8.689617486338797	6444	1.0
8.69207650273224	6768	1.0
8.730382513661203	4908	1.0
8.741639344262294	6829	1.0
8.745737704918033	9470	1.0
8.755027322404372	1104	1.0
8.756010928961748	6077	1.0
8.771420765027322	8868	1.0
8.786612021857923	1971	1.0
8.794207650273224	8945	1.0
8.8048087431694	1649	1.0
8.818579234972677	3184	1.0
8.849125683060109	7948	1.0
8.880109289617486	3701	1.0
8.885136612021858	4541	1.0
8.89032786885246	5231	1.0
8.89136612021858	1362	1.0
8.896939890710383	6539	1.0
8.920218579234973	5917	1.0
8.952240437158471	5273	1.0
8.9551912568306	8759	1.0
8.957103825136612	4185	1.0
8.985027322404372	5945	1.0
8.985628415300546	8310	1.0
9.006666666666666	9871	1.0
9.010109289617485	9499	1.0
9.019016393442623	6271	1.0
9.035901639344262	6488	1.0
9.040437158469945	6419	1.0
9.060218579234972	4086	1.0
9.079562841530056	6910	1.0
9.080655737704918	3804	1.0
9.10879781420765	8575	1.0
9.126775956284154	3578	1.0
9.134262295081967	9802	1.0
9.17464480874317	3420	1.0
9.178032786885245	2045	1.0
9.20879781420765	4561	1.0
9.210327868852458	5095	1.0
9.21071038251366	892	1.0
9.21415300546448	6719	1.0
9.221147540983607	6387	1.0
9.225683060109288	3769	1.0
9.242513661202185	8111	1.0
9.2475956284153	4758	1.0
9.264644808743169	1398	1.0
9.27191256830601	2618	1.0
9.281912568306012	1505	1.0
9.290874316939892	3640	1.0
9.300437158469945	7689	1.0
9.309016393442622	2031	1.0
9.325628415300546	3953	1.0
9.336994535519125	7388	1.0
9.348579234972677	6437	1.0
9.357595628415302	7802	1.0
9.369180327868852	100	1.0
9.388907103825137	5155	1.0
9.40103825136612	85	1.0
9.405737704918032	5853	1.0
9.40726775956284	704	1.0
9.439234972677594	1264	1.0
9.4451912568306	6900	1.0
9.462240437158469	6011	1.0
9.480273224043716	9762	1.0
9.482622950819671	9211	1.0
9.506939890710381	8651	1.0
9.58672131147541	8536	1.0
9.588907103825136	6949	1.0
9.604207650273224	9007	1.0
9.61016393442623	6424	1.0
9.634590163934426	7783	1.0
9.642021857923497	2555	1.0
9.692677595628414	1205	1.0
9.731967213114753	7428	1.0
9.762950819672131	1154	1.0
9.769180327868852	7441	1.0
9.769726775956284	1765	1.0
9.783715846994534	4629	1.0
9.798415300546447	9356	1.0
9.807213114754099	4704	1.0
9.874043715846994	8454	1.0
9.878524590163934	4347	1.0
9.880928961748634	3896	1.0
9.890327868852458	9910	1.0
9.905300546448087	6822	1.0
9.908032786885245	265	1.0
9.92672131147541	8603	1.0
9.930765027322405	2796	1.0
9.940109289617485	4112	1.0
9.968251366120217	1584	1.0
9.977103825136611	3009	1.0
9.979890710382513	5015	1.0
10.013825136612022	612	1.0
10.053661202185792	6526	1.0
10.054262295081967	1044	1.0
10.071475409836065	6166	1.0
10.071803278688524	2774	1.0
10.07830601092896	9300	1.0
10.078524590163935	7843	1.0
10.115409836065572	1696	1.0
10.12431693989071	5228	1.0
10.15398907103825	4610	1.0
10.160382513661201	7984	1.0
10.184644808743169	6015	1.0
10.205027322404371	8238	1.0
10.218032786885246	8360	1.0
10.241967213114755	8580	1.0
10.248579234972679	6780	1.0
10.270109289617485	1730	1.0
10.31398907103825	3445	1.0
10.330273224043715	3005	1.0
10.34912568306011	488	1.0
10.421092896174864	9446	1.0
10.442131147540984	9953	1.0
10.445245901639344	6690	1.0
10.458743169398907	8753	1.0
10.4648087431694	1966	1.0
10.484153005464481	3176	1.0
10.489289617486339	3464	1.0
10.494098360655737	6082	1.0
10.504262295081968	6199	1.0
10.516174863387977	2507	1.0
10.519398907103826	7013	1.0
10.538142076502734	6378	1.0
10.543825136612021	8818	1.0
10.544644808743168	7626	1.0
10.54846994535519	3733	1.0
10.554043715846994	5545	1.0
10.579180327868851	656	1.0
10.608907103825135	4489	1.0
10.643060109289618	7238	1.0
10.647377049180328	5614	1.0
10.695956284153006	2317	1.0
10.699562841530055	7934	1.0
10.704207650273224	7447	1.0
10.72087431693989	5711	1.0
10.735136612021858	7331	1.0
10.744262295081967	5006	1.0
10.74912568306011	2744	1.0
10.7503825136612	2089	1.0
10.775628415300547	7235	1.0
10.77639344262295	8652	1.0
10.77967213114754	5744	1.0
10.797103825136611	6175	1.0
10.810437158469947	6699	1.0
10.810983606557377	2789	1.0
10.825628415300546	3068	1.0
10.82655737704918	3790	1.0
10.845245901639345	9289	1.0
10.861475409836064	7228	1.0
10.882131147540983	4725	1.0
10.90382513661202	6578	1.0
10.930273224043715	7131	1.0
10.956994535519126	4738	1.0
10.986120218579234	2430	1.0
11.001147540983606	1664	1.0
11.01191256830601	3786	1.0
11.016229508196721	3428	1.0
11.019125683060109	510	1.0
11.039125683060108	2605	1.0
11.06863387978142	4982	1.0
11.072896174863388	2708	1.0
11.083934426229508	8726	1.0
11.100273224043717	2807	1.0
11.102677595628416	5611	1.0
11.107267759562841	2943	1.0
11.11103825136612	4406	1.0
11.123333333333333	285	1.0
11.136830601092896	2225	1.0
11.149234972677595	4017	1.0
11.162513661202185	2681	1.0
11.173770491803278	6817	1.0
11.183497267759563	5809	1.0
11.20153005464481	3784	1.0
11.20431693989071	2976	1.0
11.251366120218579	3923	1.0
11.272349726775957	7834	1.0
11.28896174863388	176	1.0
11.327978142076503	1901	1.0
11.333169398907103	9667	1.0
11.389071038251366	4994	1.0
11.39688524590164	4000	1.0
11.402185792349727	3290	1.0
11.417650273224044	3625	1.0
11.440491803278688	7959	1.0
11.454754098360656	7283	1.0
11.479781420765027	2350	1.0
11.516065573770492	8480	1.0
11.51967213114754	8224	1.0
11.559398907103825	6911	1.0
11.57398907103825	9367	1.0
11.604590163934425	6576	1.0
11.611803278688525	8786	1.0
11.633497267759562	8691	1.0
11.642021857923497	1998	1.0
11.654808743169399	5901	1.0
11.680273224043715	5313	1.0
11.696885245901639	6164	1.0
11.72256830601093	4460	1.0
11.723224043715847	1374	1.0
11.72431693989071	5492	1.0
11.736448087431693	6261	1.0
11.749726775956285	1684	1.0
11.767868852459017	3038	1.0
11.798797814207651	9028	1.0
11.814098360655738	9666	1.0
11.849726775956283	509	1.0
11.86448087431694	9116	1.0
11.866775956284153	1820	1.0
11.879234972677596	2463	1.0
11.906994535519127	8628	1.0
11.946174863387977	7648	1.0
11.966393442622952	9293	1.0
11.968852459016393	1979	1.0
11.971366120218578	9176	1.0
12.03191256830601	6798	1.0
12.091967213114755	3766	1.0
12.092131147540982	297	1.0
12.09896174863388	8657	1.0
12.107923497267759	5518	1.0
12.14672131147541	3430	1.0
12.171311475409837	3308	1.0
12.189344262295082	5526	1.0
12.20431693989071	5641	1.0
12.223497267759562	1377	1.0
12.224207650273224	3659	1.0
12.236010928961749	1000	1.0
12.24327868852459	7456	1.0
12.26551912568306	7196	1.0
12.268907103825136	2287	1.0
12.275136612021859	3868	1.0
12.313770491803279	3383	1.0
12.325901639344263	7043	1.0
12.36535519125683	2124	1.0
12.386010928961749	6528	1.0
12.395901639344261	4069	1.0
12.403224043715847	6788	1.0
12.419234972677595	9479	1.0
12.419726775956285	9140	1.0
12.42224043715847	9040	1.0
12.451256830601093	6589	1.0
12.462732240437157	3211	1.0
12.463661202185792	2848	1.0
12.48950819672131	9246	1.0
12.493060109289617	8974	1.0
12.50743169398907	6298	1.0
12.515464480874318	6258	1.0
12.523005464480875	9463	1.0
12.52672131147541	5436	1.0
12.54775956284153	7623	1.0
12.55967213114754	9351	1.0
12.57655737704918	4023	1.0
12.598142076502732	2538	1.0
12.609890710382512	9285	1.0
12.688032786885245	7973	1.0
12.695792349726775	1295	1.0
12.716830601092894	2970	1.0
12.718032786885246	7158	1.0
12.76896174863388	5266	1.0
12.774371584699454	5397	1.0
12.778306010928961	9674	1.0
12.79431693989071	8957	1.0
12.803661202185792	8811	1.0
12.809945355191257	1994	1.0
12.821256830601092	4457	1.0
12.843606557377049	2792	1.0
12.875792349726774	1166	1.0
12.884590163934426	708	1.0
12.886065573770491	1328	1.0
12.907868852459016	131	1.0
12.943387978142075	3931	1.0
12.945409836065572	8247	1.0
12.945901639344262	5162	1.0
12.962295081967213	6979	1.0
12.980765027322404	1200	1.0
12.986120218579234	63	1.0
12.986174863387978	2941	1.0
12.986338797814208	2328	1.0
13.010054644808744	2377	1.0
13.01207650273224	4018	1.0
13.012349726775955	6411	1.0
13.014207650273224	9171	1.0
13.025464480874316	7717	1.0
13.034535519125683	374	1.0
13.057486338797814	5502	1.0
13.07464480874317	9715	1.0
13.079234972677597	839	1.0
13.103606557377049	2518	1.0
13.108469945355191	2537	1.0
13.129781420765028	9459	1.0
13.224262295081967	5666	1.0
13.236830601092896	8538	1.0
13.245956284153005	9704	1.0
13.253989071038252	5184	1.0
13.260983606557376	7255	1.0
13.274918032786886	8740	1.0
13.29743169398907	2777	1.0
13.332677595628414	299	1.0
13.350163934426229	5618	1.0
13.355355191256832	5220	1.0
13.368524590163934	7361	1.0
13.37863387978142	402	1.0
13.38431693989071	1278	1.0
13.406721311475408	348	1.0
13.408524590163934	6093	1.0
13.413005464480873	8161	1.0
13.418415300546448	7457	1.0
13.422349726775956	2517	1.0
13.425464480874316	9791	1.0
13.49016393442623	8567	1.0
13.5	1791	1.0
13.529071038251367	6694	1.0
13.535027322404371	5197	1.0
13.551584699453551	8898	1.0
13.554972677595629	137	1.0
13.563224043715847	5567	1.0
13.565573770491802	4077	1.0
13.5675956284153	8261	1.0
13.586393442622951	2717	1.0
13.586502732240438	5727	1.0
13.623497267759562	5691	1.0
13.658524590163934	7512	1.0
13.671584699453552	1692	1.0
13.681912568306009	8143	1.0
13.685027322404371	3326	1.0
13.688415300546447	9144	1.0
13.7051912568306	3114	1.0
13.720273224043716	2604	1.0
13.756284153005463	4465	1.0
13.771147540983605	3217	1.0
13.779562841530053	9467	1.0
13.780983606557378	6003	1.0
13.83775956284153	1557	1.0
13.87846994535519	5764	1.0
13.881092896174863	527	1.0
13.88344262295082	8980	1.0
13.88863387978142	351	1.0
13.890054644808743	31	1.0
13.897486338797814	6595	1.0
13.915901639344261	2557	1.0
13.93191256830601	3452	1.0
13.978415300546448	3160	1.0
14.012404371584699	3032	1.0
14.018251366120218	2297	1.0
14.0451912568306	2064	1.0
14.087267759562842	2966	1.0
14.103606557377049	6505	1.0
14.105792349726775	3890	1.0
14.128196721311474	7232	1.0
14.130655737704917	2851	1.0
14.132513661202186	969	1.0
14.142513661202186	8409	1.0
14.149562841530054	5135	1.0
14.150437158469945	6137	1.0
14.186775956284153	2780	1.0
14.201803278688525	4766	1.0
14.204207650273224	1448	1.0
14.205300546448088	3693	1.0
14.210819672131146	3836	1.0
14.216065573770493	5104	1.0
14.216448087431694	7420	1.0
14.23087431693989	6237	1.0
14.23863387978142	6452	1.0
14.246939890710381	9580	1.0
14.247158469945354	2096	1.0
14.253825136612022	5637	1.0
14.25879781420765	7234	1.0
14.268360655737705	8021	1.0
14.30983606557377	6989	1.0
14.311038251366119	4024	1.0
14.319562841530054	3147	1.0
14.383333333333333	3294	1.0
14.402786885245902	3172	1.0
14.40967213114754	5487	1.0
14.422349726775956	3285	1.0
14.432950819672131	9138	1.0
14.457213114754097	4543	1.0
14.471584699453551	7638	1.0
14.471967213114754	8631	1.0
14.483224043715847	3425	1.0
14.497868852459016	8911	1.0
14.498524590163935	1550	1.0
14.50535519125683	1361	1.0
14.510491803278688	3757	1.0
14.537049180327868	8592	1.0
14.542185792349725	9984	1.0
14.567322404371584	8642	1.0
14.588688524590165	3164	1.0
14.590928961748634	8827	1.0
14.595628415300547	3131	1.0
14.60344262295082	2687	1.0
14.620928961748634	4626	1.0
14.621803278688525	6244	1.0
14.632021857923498	8392	1.0
14.633934426229509	4662	1.0
14.63726775956284	4266	1.0
14.637322404371584	4713	1.0
14.658306010928962	7150	1.0
14.686939890710383	1959	1.0
14.697759562841531	587	1.0
14.706775956284153	2459	1.0
14.719071038251364	5495	1.0
14.78016393442623	3632	1.0
14.813333333333334	9178	1.0
14.839617486338797	6907	1.0
14.84775956284153	4974	1.0
14.86415300546448	1379	1.0
14.874535519125683	318	1.0
14.897049180327869	2759	1.0
14.91016393442623	9844	1.0
14.920601092896176	2435	1.0
14.921693989071038	8552	1.0
14.941748633879781	3011	1.0
14.953825136612021	4190	1.0
15.020765027322403	317	1.0
15.024754098360656	3781	1.0
15.025683060109289	8483	1.0
15.030655737704917	4058	1.0
15.054043715846994	3102	1.0
15.054371584699453	891	1.0
15.081092896174862	1386	1.0
15.100109289617485	7698	1.0
15.117267759562841	5333	1.0
15.134535519125683	3336	1.0
15.148907103825136	2453	1.0
15.159453551912568	8748	1.0
15.16879781420765	9584	1.0
15.17622950819672	4115	1.0
15.17983606557377	9549	1.0
15.184808743169398	3676	1.0
15.1948087431694	4259	1.0
15.214972677595629	3249	1.0
15.221857923497266	1537	1.0
15.235956284153007	3064	1.0
15.241530054644809	3186	1.0
15.252950819672131	6818	1.0
15.262896174863387	6417	1.0
15.267540983606557	5499	1.0
15.275956284153006	5299	1.0
15.28	1419	1.0
15.289945355191257	1678	1.0
15.301584699453551	4162	1.0
15.303387978142077	4556	1.0
15.303770491803279	4950	1.0
15.330218579234973	223	1.0
15.345409836065572	9291	1.0
15.34896174863388	5244	1.0
15.389945355191257	8618	1.0
15.392349726775956	3813	1.0
15.401857923497268	9250	1.0
15.402240437158468	2329	1.0
15.406284153005464	4597	1.0
15.436939890710383	4267	1.0
15.439071038251367	5001	1.0
15.453606557377048	1939	1.0
15.481147540983606	1898	1.0
15.48983606557377	5385	1.0
15.494863387978143	4027	1.0
15.508142076502732	2681	0.0
15.513060109289619	8004	1.0
15.518087431693989	8314	1.0
15.518306010928962	8897	1.0
15.522459016393443	7489	1.0
15.523169398907104	4571	1.0
15.552131147540983	1542	1.0
15.553060109289618	5733	1.0
15.556065573770491	5588	1.0
15.567377049180328	5935	1.0
15.569945355191257	9102	1.0
15.580655737704918	5966	1.0
15.648852459016393	1068	1.0
15.648852459016393	3783	1.0
15.657431693989071	8243	1.0
15.658251366120219	909	1.0
15.669672131147541	5723	1.0
15.673333333333334	5984	1.0
15.676284153005465	8686	1.0
15.67775956284153	6500	1.0
15.701256830601093	3218	1.0
15.721912568306012	6986	1.0
15.746174863387978	7219	1.0
15.750928961748635	7061	1.0
15.781366120218578	8052	1.0
15.78327868852459	8535	1.0
15.805191256830602	3132	1.0
15.807978142076502	4509	1.0
15.819890710382515	7978	1.0
15.838633879781419	9873	1.0
15.850655737704917	905	1.0
15.85398907103825	4840	1.0
15.861584699453552	8655	1.0
15.867267759562841	2188	1.0
15.894754098360655	1074	1.0
15.897103825136613	2178	1.0
15.907103825136613	5506	1.0
15.911967213114753	1443	1.0
15.924043715846995	4059	1.0
15.93704918032787	9483	1.0
15.947322404371585	9776	1.0
15.956010928961748	7867	1.0
15.962513661202184	8091	1.0
15.980218579234972	7704	1.0
16.004918032786886	6315	1.0
16.04158469945355	3484	1.0
16.049398907103825	1124	1.0
16.056666666666665	9388	1.0
16.08382513661202	9474	1.0
16.086830601092895	568	1.0
16.12535519125683	3690	1.0
16.13453551912568	8190	1.0
16.14945355191257	9504	1.0
16.15382513661202	7710	1.0
16.197650273224042	3236	1.0
16.200874316939892	8511	1.0
16.21551912568306	7588	1.0
16.22415300546448	3684	1.0
16.232131147540983	9972	1.0
16.258688524590163	2201	1.0
16.262076502732242	7900	1.0
16.272950819672133	3246	1.0
16.31224043715847	6282	1.0
16.316994535519125	6307	1.0
16.318907103825136	6992	1.0
16.329672131147543	8944	1.0
16.337213114754096	1590	1.0
16.354590163934425	5248	1.0
16.36464480874317	3972	1.0
16.389726775956284	3803	1.0
16.404863387978143	9269	1.0
16.41672131147541	6771	1.0
16.426174863387978	8785	1.0
16.426830601092895	8286	1.0
16.433005464480875	5697	1.0
16.44382513661202	9503	1.0
16.48158469945355	7162	1.0
16.528524590163933	4825	1.0
16.529289617486338	1028	1.0
16.53775956284153	1288	1.0
16.54551912568306	1351	1.0
16.5475956284153	5011	1.0
16.552021857923496	2877	1.0
16.57054644808743	5341	1.0
16.574590163934428	6601	1.0
16.5848087431694	752	1.0
16.59639344262295	6942	1.0
16.615628415300545	9020	1.0
16.66207650273224	5828	1.0
16.681038251366118	5866	1.0
16.68743169398907	8805	1.0
16.692021857923496	4981	1.0
16.698469945355193	2180	1.0
16.70726775956284	1057	1.0
16.722841530054644	7630	1.0
16.729016393442624	8590	1.0
16.733060109289617	3926	1.0
16.76120218579235	1585	1.0
16.770437158469946	55	1.0
16.770874316939892	6745	1.0
16.775956284153008	6799	1.0
16.783387978142077	946	1.0
16.802677595628413	8401	1.0
16.813387978142078	6861	1.0
16.84229508196721	6550	1.0
16.850218579234973	7642	1.0
16.864754098360656	8262	1.0
16.87863387978142	3590	1.0
16.904808743169397	9251	1.0
16.909071038251366	6477	1.0
16.912513661202183	9681	1.0
16.939453551912568	1484	1.0
16.94049180327869	3682	1.0
16.943934426229507	6086	1.0
16.964918032786883	9224	1.0
16.978196721311473	5323	1.0
16.99311475409836	7156	1.0
16.998688524590165	1732	1.0
17.000601092896176	9013	1.0
17.004043715846993	3407	1.0
17.008524590163933	2684	1.0
17.012404371584697	3263	1.0
17.030983606557378	2703	1.0
17.05568306010929	5802	1.0
17.104262295081966	6937	1.0
17.109781420765028	4295	1.0
17.122131147540983	6625	1.0
17.131420765027325	4624	1.0
17.13896174863388	7727	1.0
17.139289617486337	3372	1.0
17.14158469945355	8610	1.0
17.146448087431697	7824	1.0
17.15213114754098	181	1.0
17.153224043715845	9521	1.0
17.159890710382516	4737	1.0
17.181038251366118	7105	1.0
17.1927868852459	2718	1.0
17.20601092896175	7797	1.0
17.2275956284153	7071	1.0
17.237322404371582	9996	1.0
17.316338797814208	5547	1.0
17.324426229508198	437	1.0
17.32830601092896	1159	1.0
17.33289617486339	4458	1.0
17.334918032786884	4005	1.0
17.336284153005465	2749	1.0
17.337322404371584	3941	1.0
17.34896174863388	943	1.0
17.369999999999997	7346	1.0
17.402021857923497	5829	1.0
17.41846994535519	416	1.0
17.42032786885246	2016	1.0
17.43846994535519	4917	1.0
17.458907103825137	3394	1.0
17.46311475409836	6779	1.0
17.47918032786885	5621	1.0
17.484207650273223	5196	1.0
17.489781420765027	6450	1.0
17.500983606557377	8465	1.0
17.507540983606557	8902	1.0
17.524262295081964	4240	1.0
17.53945355191257	8879	1.0
17.55765027322404	8132	1.0
17.57245901639344	427	1.0
17.573060109289617	3342	1.0
17.58475409836066	380	1.0
17.596284153005463	121	1.0
17.607540983606558	6489	0.0
17.619890710382514	3585	1.0
17.632841530054645	2409	1.0
17.642021857923496	3624	1.0
17.642841530054646	2547	1.0
17.656830601092896	4649	1.0
17.667814207650274	2450	1.0
17.676010928961748	2598	1.0
17.689562841530055	7805	1.0
17.699344262295085	1660	1.0
17.69983606557377	4433	1.0
17.717377049180328	9861	1.0
17.723989071038254	650	1.0
17.730765027322402	3232	1.0
17.76535519125683	490	1.0
17.785956284153006	8237	1.0
17.789289617486336	8757	1.0
17.790874316939888	8997	1.0
17.792732240437157	9031	1.0
17.80142076502732	4687	1.0
17.802732240437155	4869	1.0
17.80327868852459	7860	1.0
17.809562841530056	7944	1.0
17.811803278688526	9673	1.0
17.823278688524592	1745	1.0
17.855573770491805	8404	1.0
17.870655737704915	7828	1.0
17.908688524590165	9281	1.0
17.916448087431693	5192	1.0
17.932841530054645	4805	1.0
17.938142076502732	3652	1.0
17.940928961748632	7264	1.0
17.96207650273224	3252	1.0
17.967814207650274	8935	1.0
17.969562841530053	8048	1.0
17.978907103825136	1811	1.0
17.988196721311475	605	1.0
18.04568306010929	1091	1.0
18.048196721311477	4105	1.0
18.056229508196722	1244	1.0
18.07207650273224	5965	1.0
18.091311475409835	2757	1.0
18.093278688524588	7615	1.0
18.13016393442623	7159	1.0
18.138306010928964	4128	1.0
18.14863387978142	4850	1.0
18.15087431693989	5981	1.0
18.15573770491803	4652	1.0
18.184043715846997	4390	1.0
18.198743169398906	2500	1.0
18.21448087431694	388	1.0
18.231693989071037	9036	1.0
18.245136612021856	659	1.0
18.274371584699455	5176	1.0
18.275245901639344	6218	1.0
18.291038251366118	1680	1.0
18.291256830601093	2447	1.0
18.32535519125683	7548	1.0
18.33327868852459	8096	1.0
18.34464480874317	4338	1.0
18.365519125683058	6704	1.0
18.40306010928962	6792	1.0
18.441967213114754	5625	1.0
18.454590163934427	2702	1.0
18.47743169398907	6726	1.0
18.503879781420764	8437	1.0
18.531693989071037	3356	1.0
18.5351912568306	2736	1.0
18.54382513661202	4540	1.0
18.546120218579237	2257	1.0
18.580983606557375	7918	1.0
18.593005464480875	2639	1.0
18.603715846994536	1425	1.0
18.623879781420765	2978	1.0
18.630491803278687	8792	1.0
18.639398907103825	4168	1.0
18.690382513661202	6295	1.0
18.69311475409836	4963	1.0
18.709890710382513	7130	1.0
18.718360655737705	1777	1.0
18.732349726775954	9454	1.0
18.794316939890713	2681	1.0
18.79896174863388	5914	1.0
18.821420765027323	7108	1.0
18.870437158469944	9239	1.0
18.888579234972678	5210	1.0
18.90120218579235	5874	1.0
18.916338797814205	8288	1.0
18.91945355191257	9824	1.0
18.95754098360656	5470	1.0
18.971311475409834	4484	1.0
18.984480874316937	1389	1.0
18.995956284153003	6530	1.0
19.01590163934426	3650	1.0
19.01754098360656	5737	1.0
19.052404371584696	738	1.0
19.05639344262295	4258	1.0
19.068688524590165	9706	1.0
19.07071038251366	9087	1.0
19.077650273224044	7839	1.0
19.080765027322403	230	1.0
19.109617486338795	3305	1.0
19.12273224043716	1493	1.0
19.126065573770493	4559	1.0
19.13224043715847	579	1.0
19.13229508196721	8040	1.0
19.139508196721312	7312	1.0
19.145464480874317	1388	1.0
19.165355191256833	8218	1.0
19.19311475409836	7542	1.0
19.227486338797814	7767	1.0
19.255737704918033	3692	1.0
19.268415300546447	1438	1.0
19.272295081967215	950	1.0
19.288360655737705	9373	1.0
19.290655737704917	5768	1.0
19.314371584699455	9897	1.0
19.334480874316938	9337	1.0
19.376502732240436	6275	1.0
19.381311475409838	8745	1.0
19.384590163934426	9481	1.0
19.40644808743169	5864	1.0
19.427650273224042	3628	1.0
19.43295081967213	8516	1.0
19.43967213114754	2919	1.0
19.468469945355192	1910	1.0
19.48617486338798	3872	1.0
19.50224043715847	7858	1.0
19.51158469945355	8797	1.0
19.523551912568305	4334	1.0
19.53087431693989	2295	1.0
19.533934426229507	5416	1.0
19.55928961748634	6469	1.0
19.560437158469945	354	1.0
19.592841530054645	7214	1.0
19.59426229508197	2573	1.0
19.607377049180325	4531	1.0
19.640273224043714	2628	1.0
19.66431693989071	6144	1.0
19.69366120218579	9675	1.0
19.698306010928963	7451	1.0
19.75174863387978	8926	1.0
19.758142076502732	1017	1.0
19.759617486338797	4149	1.0
19.76693989071038	1810	1.0
19.776174863387975	6361	1.0
19.786120218579235	3412	1.0
19.80273224043716	4056	1.0
19.817868852459014	5443	1.0
19.823169398907105	2989	1.0
19.82584699453552	4998	1.0
19.827213114754098	6435	1.0
19.83016393442623	3665	1.0
19.85049180327869	3188	1.0
19.898907103825138	2902	1.0
19.969234972677594	7452	1.0
20.004426229508194	5399	1.0
20.035464480874317	5762	1.0
20.045464480874315	866	1.0
20.051530054644807	2728	1.0
20.068907103825136	1711	1.0
20.11617486338798	7930	1.0
20.126174863387977	4669	1.0
20.17125683060109	6007	1.0
20.194754098360654	8918	1.0
20.19535519125683	6358	1.0
20.196557377049178	3852	1.0
20.201092896174863	4453	1.0
20.236010928961747	1947	1.0
20.260601092896177	5342	1.0
20.302513661202187	5613	1.0
20.304426229508195	1160	1.0
20.318524590163932	8027	1.0
20.339180327868853	6682	1.0
20.346120218579234	9729	1.0
20.37590163934426	9183	1.0
20.388360655737706	7478	1.0
20.40497267759563	5580	1.0
20.41967213114754	8661	1.0
20.422622950819672	8417	1.0
20.43174863387978	1190	1.0
20.470000000000002	6146	1.0
20.485901639344263	2867	1.0
20.49065573770492	316	1.0
20.492513661202185	5585	1.0
20.516612021857924	1085	1.0
20.534043715846995	261	1.0
20.542185792349727	1491	1.0
20.556830601092894	1217	1.0
20.56366120218579	1475	1.0
20.568032786885244	8166	1.0
20.580054644808744	5449	1.0
20.601693989071038	1032	1.0
20.621857923497267	8937	1.0
20.633551912568304	7337	1.0
20.643551912568306	5880	1.0
20.695956284153006	6773	1.0
20.69693989071038	2977	1.0
20.724863387978143	1690	1.0
20.732185792349725	4746	1.0
20.751475409836065	5647	1.0
20.777704918032786	6584	1.0
20.829781420765027	3059	1.0
20.832896174863386	1923	1.0
20.846284153005463	5429	1.0
20.868142076502732	3414	1.0
20.879726775956282	678	1.0
20.880710382513662	8148	1.0
20.902568306010927	9847	1.0
20.90945355191257	2510	1.0
20.958688524590162	3501	1.0
20.959726775956284	9967	1.0
20.975081967213114	8137	1.0
21.005409836065574	2006	1.0
21.011475409836066	5075	1.0
21.046284153005463	6190	1.0
21.06879781420765	8716	1.0
21.078415300546446	5010	1.0
21.080382513661203	4223	1.0
21.099398907103822	4336	1.0
21.103387978142077	968	1.0
21.108852459016394	4358	1.0
21.113333333333333	783	1.0
21.12448087431694	2346	1.0
21.1307650273224	2689	1.0
21.14169398907104	6475	1.0
21.17289617486339	6516	1.0
21.200765027322404	6759	1.0
21.225027322404372	4179	1.0
21.23245901639344	8602	1.0
21.244480874316938	155	1.0
21.250054644808742	9965	1.0
21.250437158469946	7029	1.0
21.277923497267757	9141	1.0
21.280218579234973	2351	1.0
21.285956284153006	6687	1.0
21.29207650273224	4845	1.0
21.300491803278685	9575	1.0
21.307540983606557	7639	1.0
21.315300546448086	7741	1.0
21.315956284153003	9408	1.0
21.32765027322404	7838	1.0
21.33174863387978	638	1.0
21.333387978142078	9809	1.0
21.381311475409834	6306	1.0
21.3824043715847	1988	1.0
21.389016393442624	6449	1.0
21.3955737704918	9471	1.0
21.408743169398907	399	1.0
21.409453551912566	8129	1.0
21.430054644808745	448	1.0
21.468524590163934	1671	1.0
21.471256830601092	5881	1.0
21.482185792349725	2404	1.0
21.503879781420764	4270	1.0
21.51234972677596	5521	1.0
21.5175956284153	8856	1.0
21.537158469945354	9484	1.0
21.54185792349727	1270	1.0
21.547049180327868	901	1.0
21.557213114754095	5212	1.0
21.55814207650273	9047	1.0
21.560109289617483	300	1.0
21.577814207650274	5513	1.0
21.592185792349724	6725	1.0
21.61098360655738	8613	1.0
21.63950819672131	3097	1.0
21.652240437158472	2542	1.0
21.679453551912566	3117	1.0
21.679617486338795	5278	1.0
21.68945355191257	4833	1.0
21.73710382513661	8094	1.0
21.771967213114756	2090	1.0
21.82158469945355	4028	1.0
21.82825136612022	7706	1.0
21.82983606557377	8647	1.0
21.87032786885246	5533	1.0
21.885081967213114	3178	1.0
21.900327868852457	1090	1.0
21.915027322404374	6748	1.0
21.9348087431694	6826	1.0
21.966174863387977	5656	1.0
22.012076502732242	4111	1.0
22.02677595628415	79	1.0
22.027322404371585	9621	1.0
22.056448087431693	1412	1.0
22.0748087431694	4706	1.0
22.076666666666668	9895	1.0
22.082568306010927	2196	1.0
22.090601092896172	8747	1.0
22.093333333333334	5724	1.0
22.0975956284153	2804	1.0
22.107540983606558	8688	1.0
22.123224043715847	8838	1.0
22.136830601092896	6909	1.0
22.17950819672131	6254	1.0
22.184918032786886	3261	1.0
22.18846994535519	2782	1.0
22.200819672131146	6405	1.0
22.206994535519126	671	1.0
22.2096174863388	290	1.0
22.216666666666665	9260	1.0
22.228251366120215	9730	1.0
22.236174863387976	986	1.0
22.23928961748634	7470	1.0
22.258907103825138	2647	1.0
22.283169398907102	2508	1.0
22.292021857923498	1794	1.0
22.295300546448086	6916	1.0
22.299999999999997	5407	1.0
22.30103825136612	3706	1.0
22.308360655737705	9406	1.0
22.310765027322404	3826	1.0
22.328306010928962	1762	1.0
22.343825136612022	4529	1.0
22.34688524590164	516	1.0
22.365081967213115	8701	1.0
22.366557377049183	812	1.0
22.380382513661203	4524	1.0
22.397704918032787	629	1.0
22.398032786885246	1826	1.0
22.42808743169399	799	1.0
22.43153005464481	9823	1.0
22.49224043715847	2491	1.0
22.499617486338796	2739	1.0
22.505901639344263	700	1.0
22.563169398907103	2594	1.0
22.570928961748635	9061	1.0
22.574590163934428	4290	1.0
22.613661202185792	4647	1.0
22.62617486338798	1926	1.0
22.635792349726778	8455	1.0
22.661639344262294	8956	1.0
22.66874316939891	9603	1.0
22.697267759562838	8949	1.0
22.706885245901642	2831	1.0
22.712295081967216	3191	1.0
22.720928961748633	2983	1.0
22.74945355191257	2007	1.0
22.75535519125683	2685	1.0
22.770437158469946	5582	1.0
22.780765027322403	5156	1.0
22.786174863387977	4690	1.0
22.805519125683062	9303	1.0
22.81366120218579	1418	1.0
22.815683060109286	9792	1.0
22.86497267759563	3299	1.0
22.86639344262295	9053	1.0
22.914098360655736	7302	1.0
22.9455737704918	7246	1.0
22.96	6145	1.0
22.967540983606558	2875	1.0
22.97120218579235	8034	1.0
22.981693989071037	8987	1.0
22.990437158469945	59	1.0
22.99896174863388	3143	1.0
23.004754098360657	1236	1.0
23.01896174863388	8440	1.0
23.028633879781424	955	1.0
23.037704918032787	6402	1.0
23.051147540983607	5658	1.0
23.073224043715847	6431	1.0
23.091092896174864	859	1.0
23.15158469945355	6330	1.0
23.157595628415297	9443	1.0
23.166120218579234	9786	1.0
23.175573770491802	1127	1.0
23.225027322404372	9379	1.0
23.226502732240437	5700	1.0
23.296557377049183	6810	1.0
23.310437158469945	3496	1.0
23.357704918032788	9187	1.0
23.360874316939892	7056	1.0
23.394316939890707	77	1.0
23.429562841530053	1273	1.0
23.459836065573768	9091	1.0
23.46344262295082	6927	1.0
23.479508196721312	8581	1.0
23.4824043715847	9288	1.0
23.488688524590167	4124	1.0
23.492349726775956	3278	1.0
23.505245901639345	5997	1.0
23.53775956284153	6085	1.0
23.572896174863388	4487	1.0
23.593169398907104	6612	1.0
23.640765027322402	5091	1.0
23.645136612021858	4204	1.0
23.686229508196718	9517	1.0
23.704262295081968	3450	1.0
23.71032786885246	6521	1.0
23.721202185792347	7810	1.0
23.777595628415302	32	1.0
23.802021857923496	2145	1.0
23.80704918032787	9590	1.0
23.811366120218576	710	1.0
23.812841530054644	2532	1.0
23.826994535519127	8863	1.0
23.84825136612022	5680	1.0
23.853387978142077	7354	1.0
23.85726775956284	4936	1.0
23.884972677595627	2406	1.0
23.88841530054645	6401	1.0
23.89311475409836	5726	1.0
23.902404371584698	5655	1.0
23.910437158469943	2265	1.0
23.912896174863384	9815	1.0
23.92945355191257	5205	1.0
23.95830601092896	3268	1.0
23.98502732240437	7104	1.0
23.989617486338798	3959	1.0
23.99901639344262	9418	1.0
24.00174863387978	1548	1.0
24.00327868852459	7743	1.0
24.025737704918033	9308	1.0
24.052021857923496	9882	1.0
24.07224043715847	105	1.0
24.077158469945356	1291	1.0
24.121857923497267	1881	1.0
24.132185792349723	9396	1.0
24.136120218579237	5741	1.0
24.15196721311475	5049	1.0
24.174207650273225	2211	1.0
24.20136612021858	3421	1.0
24.21655737704918	1554	1.0
24.22584699453552	6396	1.0
24.246229508196723	1306	1.0
24.266775956284153	255	1.0
24.274262295081968	9708	1.0
24.280601092896173	1716	1.0
24.284153005464482	9643	1.0
24.30065573770492	8920	1.0
24.316174863387978	3922	1.0
24.31688524590164	5693	1.0
24.320054644808742	257	1.0
24.338196721311476	7195	1.0
24.377650273224045	2277	1.0
24.387595628415298	6933	1.0
24.3972131147541	9785	1.0
24.399617486338798	4377	1.0
24.425628415300547	1086	1.0
24.43983606557377	6926	1.0
24.466721311475407	7879	1.0
24.4672131147541	7772	1.0
24.472513661202182	1204	1.0
24.50693989071038	3605	1.0
24.508142076502732	3998	1.0
24.540546448087433	1916	1.0
24.55879781420765	2821	1.0
24.63486338797814	7206	1.0
24.64207650273224	2503	1.0
24.667486338797815	4948	1.0
24.682349726775957	1267	1.0
24.68508196721311	6653	1.0
24.716502732240436	9142	1.0
24.749890710382513	4331	1.0
24.7648087431694	4881	1.0
24.778142076502732	7345	1.0
24.78010928961749	9275	1.0
24.78710382513661	2258	1.0
24.814590163934426	9849	1.0
24.816830601092896	5393	1.0
24.844918032786882	88	1.0
24.869562841530055	6775	1.0
24.869672131147542	6476	1.0
24.905792349726777	9912	1.0
24.924426229508196	8728	1.0
24.945300546448088	7460	1.0
24.94568306010929	6724	1.0
24.955136612021857	7093	1.0
24.955191256830602	3088	1.0
24.96344262295082	6447	1.0
24.986830601092894	9853	1.0
25.003934426229506	7842	1.0
25.03109289617486	6421	1.0
25.03655737704918	7912	1.0
25.056174863387977	1050	1.0
25.060710382513662	8315	1.0
25.072513661202183	4885	1.0
25.08377049180328	929	1.0
25.108907103825135	6514	1.0
25.135300546448086	5820	1.0
25.13945355191257	2754	1.0
25.157814207650272	4141	1.0
25.164535519125682	5441	1.0
25.168688524590163	8706	1.0
25.183770491803276	8448	1.0
25.198633879781422	7621	1.0
25.218360655737705	692	1.0
25.218743169398905	817	1.0
25.235901639344263	6290	1.0
25.266939890710383	6466	1.0
25.26792349726776	7103	1.0
25.316393442622953	9782	1.0
25.35431693989071	2595	1.0
25.394590163934428	4731	1.0
25.40005464480874	3393	1.0
25.41633879781421	3055	1.0
25.436284153005463	1826	0.0
25.4444262295082	8779	1.0
25.4627868852459	7141	1.0
25.476666666666667	6871	1.0
25.489781420765027	9360	1.0
25.491912568306013	2846	1.0
25.493551912568304	7528	1.0
25.513333333333332	6260	1.0
25.53743169398907	7455	1.0
25.54841530054645	78	1.0
25.55087431693989	4795	1.0
25.573333333333334	76	1.0
25.587923497267756	2218	1.0
25.60366120218579	2126	1.0
25.62295081967213	4052	1.0
25.632021857923498	9032	1.0
25.637158469945355	8961	1.0
25.647868852459016	3398	1.0
25.67775956284153	3907	1.0
25.702732240437157	7677	1.0
25.70437158469945	365	1.0
25.723224043715845	8339	1.0
25.725628415300545	2148	1.0
25.7372131147541	3698	1.0
25.74032786885246	6000	1.0
25.743934426229508	8333	1.0
25.748743169398907	4554	1.0
25.75224043715847	1807	1.0
25.75622950819672	363	1.0
25.758196721311474	9834	1.0
25.76136612021858	7412	1.0
25.76743169398907	4126	1.0
25.77	9559	1.0
25.8024043715847	3192	1.0
25.81120218579235	1525	1.0
25.819234972677595	4456	1.0
25.822841530054646	8066	1.0
25.83584699453552	6962	1.0
25.875901639344264	6665	1.0
25.8772131147541	7960	1.0
25.887814207650273	9153	1.0
25.90229508196721	7385	1.0
25.908032786885247	3718	1.0
25.910054644808746	2529	1.0
25.92382513661202	2839	1.0
25.962459016393442	4161	1.0
25.975191256830602	9230	1.0
26.043497267759566	6096	1.0
26.054262295081966	4399	1.0
26.06606557377049	3480	1.0
26.081311475409837	1949	1.0
26.10366120218579	1301	1.0
26.120983606557377	4665	1.0
26.150765027322404	4444	1.0
26.155245901639343	6512	1.0
26.176174863387978	9197	1.0
26.191475409836062	6430	1.0
26.194098360655737	4470	1.0
26.20513661202186	8304	1.0
26.20688524590164	2340	1.0
26.223770491803275	4315	1.0
26.22393442622951	7267	1.0
26.2303825136612	4769	1.0
26.23218579234973	2874	1.0
26.237650273224045	3995	1.0
26.253224043715846	7344	1.0
26.257213114754098	1486	1.0
26.290546448087433	7855	1.0
26.306338797814206	7249	1.0
26.33535519125683	4834	1.0
26.380218579234974	1112	1.0
26.401857923497268	7891	1.0
26.40606557377049	9573	1.0
26.416830601092894	9719	1.0
26.418907103825138	7308	1.0
26.425792349726773	4475	1.0
26.42754098360656	2361	1.0
26.449945355191257	5584	1.0
26.540601092896175	2827	1.0
26.571530054644807	9393	1.0
26.57967213114754	7188	1.0
26.582841530054644	6502	1.0
26.607213114754096	8504	1.0
26.608852459016394	4911	1.0
26.613169398907104	6607	1.0
26.616830601092893	2205	1.0
26.622404371584697	8738	1.0
26.622841530054643	6841	1.0
26.640273224043717	7343	1.0
26.665136612021858	3353	1.0
26.694754098360658	7096	1.0
26.696120218579235	6321	1.0
26.706338797814208	4166	1.0
26.709890710382513	9051	1.0
26.725519125683057	1839	1.0
26.754371584699452	385	1.0
26.758087431693987	6414	1.0
26.768524590163935	7531	1.0
26.775519125683058	8527	1.0
26.783387978142073	9422	1.0
26.80218579234973	2648	1.0
26.808032786885242	286	1.0
26.80890710382514	3086	1.0
26.826284153005464	1830	1.0
26.826612021857926	5468	1.0
26.83950819672131	9988	1.0
26.89185792349727	2123	1.0
26.902841530054644	2029	1.0
26.91366120218579	5568	1.0
26.927650273224042	1232	1.0
26.944371584699454	8622	1.0
26.95087431693989	7601	1.0
26.975956284153003	5140	1.0
26.997540983606555	2079	1.0
27.012677595628414	9155	1.0
27.015191256830597	8355	1.0
27.02224043715847	6016	1.0
27.027868852459015	8506	1.0
27.036393442622952	8589	1.0
27.047540983606556	3223	1.0
27.071584699453553	4169	1.0
27.08573770491803	7207	1.0
27.091803278688523	4422	1.0
27.09535519125683	9535	1.0
27.098415300546446	3358	1.0
27.11398907103825	2425	1.0
27.120819672131145	7701	1.0
27.132185792349727	6491	1.0
27.194754098360658	8379	1.0
27.20453551912568	702	1.0
27.221803278688526	8919	1.0
27.256284153005463	8122	1.0
27.274590163934423	7801	1.0
27.285300546448088	3109	1.0
27.308251366120217	3162	1.0
27.32016393442623	4549	1.0
27.333387978142074	1775	1.0
27.343114754098362	9969	1.0
27.351475409836066	3876	1.0
27.351639344262296	6981	1.0
27.368579234972675	1888	1.0
27.37311475409836	6439	1.0
27.380109289617486	3929	1.0
27.397322404371582	6267	1.0
27.432732240437158	2805	1.0
27.439344262295084	7516	1.0
27.440218579234973	4646	1.0
27.461748633879782	4846	1.0
27.472950819672132	196	1.0
27.487322404371586	9095	1.0
27.50781420765027	6534	1.0
27.513934426229508	962	1.0
27.532240437158467	5287	1.0
27.537868852459017	7421	1.0
27.571147540983606	152	1.0
27.574207650273223	9199	1.0
27.577540983606557	1967	1.0
27.609945355191257	3735	1.0
27.616666666666667	5290	1.0
27.638196721311477	2107	1.0
27.643387978142076	485	1.0
27.6503825136612	7714	1.0
27.670382513661202	7664	1.0
27.67437158469945	1663	1.0
27.712240437158467	9707	1.0
27.71704918032787	7274	1.0
27.73431693989071	2527	1.0
27.754426229508194	1194	1.0
27.76950819672131	977	1.0
27.773551912568305	6510	1.0
27.774754098360656	7661	1.0
27.799234972677592	6335	1.0
27.80087431693989	2417	1.0
27.80327868852459	2633	1.0
27.828524590163934	8554	1.0
27.848907103825137	9646	1.0
27.851967213114754	5854	1.0
27.85256830601093	6076	1.0
27.879726775956282	2233	1.0
27.886994535519126	924	1.0
27.91191256830601	9804	1.0
27.912622950819674	5718	1.0
27.914535519125682	7218	1.0
27.923879781420762	6462	1.0
27.947540983606558	1514	1.0
27.96344262295082	4865	1.0
27.989398907103823	844	1.0
27.994207650273225	8256	1.0
27.996174863387978	5738	1.0
28.03010928961749	5703	1.0
28.07049180327869	2616	1.0
28.07311475409836	426	1.0
28.07415300546448	6635	1.0
28.079453551912568	3328	1.0
28.10327868852459	9248	1.0
28.113060109289616	206	1.0
28.11415300546448	2381	1.0
28.127158469945357	2461	1.0
28.127814207650275	8848	1.0
28.131420765027322	3126	1.0
28.1675956284153	9433	1.0
28.207814207650273	4243	1.0
28.22737704918033	3349	1.0
28.259999999999998	5763	1.0
28.272677595628416	3241	1.0
28.28830601092896	3911	1.0
28.290109289617487	6982	1.0
28.30688524590164	3491	1.0
28.319617486338796	5154	1.0
28.34901639344262	4501	1.0
28.353005464480876	2811	1.0
28.3572131147541	7690	1.0
28.358251366120218	4094	1.0
28.370491803278686	7465	1.0
28.379562841530053	483	1.0
28.394480874316937	9818	1.0
28.403169398907103	2686	1.0
28.41464480874317	9098	1.0
28.424043715846995	1600	1.0
28.441311475409837	4296	1.0
28.441639344262295	5	1.0
28.459234972677596	9983	1.0
28.47360655737705	8543	1.0
28.50087431693989	7408	1.0
28.50912568306011	4191	1.0
28.551366120218578	3860	1.0
28.55650273224044	4921	1.0
28.598579234972675	7950	1.0
28.618196721311477	8466	1.0
28.620327868852456	7039	1.0
28.65071038251366	8601	1.0
28.652568306010927	6995	1.0
28.65639344262295	5279	1.0
28.65672131147541	7681	1.0
28.67448087431694	6557	1.0
28.677650273224046	110	1.0
28.681092896174864	9765	1.0
28.735956284153005	2506	1.0
28.742732240437157	3124	1.0
28.744535519125684	1798	1.0
28.745464480874315	2063	1.0
28.76950819672131	6106	1.0
28.78136612021858	9793	1.0
28.802349726775955	41	1.0
28.805136612021858	3981	1.0
28.829016393442622	6920	1.0
28.83775956284153	8650	1.0
28.8727868852459	2226	1.0
28.92535519125683	2865	1.0
28.93409836065574	6993	1.0
28.94327868852459	2906	1.0
28.95377049180328	6130	1.0
28.96158469945355	7032	1.0
28.966666666666665	3083	1.0
28.967158469945353	5004	1.0
28.995027322404372	888	1.0
29.00021857923497	7024	1.0
29.008032786885245	5725	1.0
29.02453551912568	8418	1.0
29.040765027322404	5879	1.0
29.057322404371583	7464	1.0
29.07158469945355	4071	1.0
29.07540983606557	8282	1.0
29.09502732240437	8799	1.0
29.095136612021857	6400	1.0
29.1096174863388	2548	1.0
29.115191256830602	4253	1.0
29.11732240437158	9867	1.0
29.134535519125684	8369	1.0
29.156721311475412	2926	1.0
29.163005464480875	4708	1.0
29.19502732240437	982	1.0
29.199726775956282	3125	1.0
29.208579234972674	2620	1.0
29.214644808743166	4762	1.0
29.228743169398903	5557	1.0
29.233879781420764	8059	1.0
29.244262295081967	2955	1.0
29.245792349726774	1133	1.0
29.27863387978142	2959	1.0
29.286010928961748	6814	1.0
29.296830601092896	5536	1.0
29.312677595628415	8473	1.0
29.31398907103825	460	1.0
29.363060109289616	6148	1.0
29.374262295081966	8168	1.0
29.3972131147541	3851	1.0
29.445081967213117	3979	1.0
29.493114754098357	786	1.0
29.537650273224045	4744	1.0
29.553825136612023	5735	1.0
29.565081967213114	5720	1.0
29.570054644808742	2191	1.0
29.588306010928964	65	1.0
29.594590163934427	1710	1.0
29.610655737704917	8083	1.0
29.617377049180327	1054	1.0
29.640382513661205	1327	1.0
29.653387978142074	698	1.0
29.66349726775956	508	1.0
29.70289617486339	1907	1.0
29.748579234972677	7910	1.0
29.76792349726776	8780	1.0
29.76808743169399	9905	1.0
29.780983606557374	4431	1.0
29.78415300546448	6754	1.0
29.803989071038252	2250	1.0
29.80568306010929	3376	1.0
29.818360655737706	282	1.0
29.83415300546448	6643	1.0
29.83415300546448	4633	1.0
29.85120218579235	3314	1.0
29.857322404371583	136	1.0
29.86431693989071	4493	1.0
29.876229508196722	2580	1.0
29.905245901639343	1984	1.0
29.926502732240436	4958	1.0
29.947540983606554	7044	1.0
29.957923497267757	1465	1.0
29.97393442622951	3451	1.0
29.98415300546448	3050	1.0
29.995136612021856	3419	1.0
30.035956284153006	8481	1.0
30.078579234972675	1596	1.0
30.080601092896174	6762	1.0
30.081803278688525	7190	1.0
30.097759562841528	8643	1.0
30.110437158469946	2439	1.0
30.155573770491806	2466	1.0
30.160054644808746	8849	1.0
30.201420765027322	7021	1.0
30.201803278688523	7142	1.0
30.213387978142077	6108	1.0
30.21934426229508	5654	1.0
30.23224043715847	4912	1.0
30.239562841530056	3296	1.0
30.24606557377049	158	1.0
30.253333333333334	3200	1.0
30.26808743169399	7270	1.0
30.282841530054643	289	1.0
30.294918032786885	1170	1.0
30.333224043715845	193	1.0
30.341092896174864	5955	1.0
30.370218579234972	3811	1.0
30.397868852459016	9455	1.0
30.40830601092896	8965	1.0
30.41688524590164	2325	1.0
30.443387978142077	4450	1.0
30.487978142076503	3251	1.0
30.519180327868852	593	1.0
30.529890710382514	1666	1.0
30.541420765027322	5627	1.0
30.545191256830602	7747	1.0
30.547978142076502	107	1.0
30.561967213114755	9594	1.0
30.57535519125683	592	1.0
30.58814207650273	424	1.0
30.597650273224044	9819	1.0
30.603169398907102	7575	1.0
30.60743169398907	2899	1.0
30.613333333333333	673	1.0
30.635737704918032	9767	1.0
30.64071038251366	7334	1.0
30.649617486338798	6591	1.0
30.72814207650273	2901	1.0
30.72934426229508	9709	1.0
30.756338797814205	6999	1.0
30.76808743169399	4848	1.0
30.776994535519126	9139	1.0
30.781475409836066	7059	1.0
30.786994535519124	9845	1.0
30.799781420765026	6870	1.0
30.80693989071038	4463	1.0
30.830983606557375	6586	1.0
30.84125683060109	1287	1.0
30.842513661202187	5116	1.0
30.857158469945354	1863	1.0
30.863879781420763	4421	1.0
30.880546448087433	6728	1.0
30.89945355191257	9642	1.0
30.90622950819672	7507	1.0
30.92502732240437	818	1.0
30.92983606557377	2009	1.0
30.94437158469945	308	1.0
30.9475956284153	8713	1.0
30.97158469945355	4360	1.0
30.977759562841527	8704	1.0
30.980054644808742	58	1.0
30.989945355191256	1719	1.0
31.029289617486338	6904	1.0
31.078306010928962	3994	1.0
31.099453551912568	3062	1.0
31.1003825136612	6408	1.0
31.11879781420765	9174	1.0
31.13398907103825	8077	1.0
31.14551912568306	8014	1.0
31.154972677595627	4096	1.0
31.161748633879782	5543	1.0
31.23879781420765	3615	1.0
31.245300546448085	249	1.0
31.276448087431692	3152	1.0
31.289726775956282	6498	1.0
31.343934426229506	2109	1.0
31.38617486338798	3866	1.0
31.388196721311477	9150	1.0
31.39814207650273	3255	1.0
31.399398907103826	4177	1.0
31.409562841530057	7981	1.0
31.41426229508197	4366	1.0
31.418360655737704	298	1.0
31.445792349726776	755	1.0
31.44584699453552	9363	1.0
31.457486338797814	3098	1.0
31.471475409836064	3214	1.0
31.481748633879782	3030	1.0
31.50109289617486	3970	1.0
31.505464480874316	145	1.0
31.55065573770492	3274	1.0
31.58366120218579	9858	1.0
31.607377049180325	8776	1.0
31.621803278688525	7236	1.0
31.640109289617484	417	1.0
31.65311475409836	9457	1.0
31.669781420765027	1942	1.0
31.68688524590164	2239	1.0
31.741475409836063	8904	1.0
31.745956284153003	3379	1.0
31.746174863387978	2394	1.0
31.7727868852459	3076	1.0
31.77748633879781	9821	1.0
31.78535519125683	5302	1.0
31.787704918032787	3174	1.0
31.795300546448086	7568	1.0
31.795683060109287	6423	1.0
31.797103825136613	4109	1.0
31.797923497267757	1803	1.0
31.83912568306011	6041	1.0
31.904535519125684	8816	1.0
31.922677595628414	5993	1.0
31.923879781420762	6453	1.0
31.92846994535519	1865	1.0
31.93633879781421	4720	1.0
31.938743169398904	1651	1.0
31.952185792349724	5409	1.0
31.958251366120216	6701	1.0
31.973497267759562	2348	1.0
31.986338797814206	7532	1.0
31.996612021857924	7931	1.0
31.996885245901638	3844	1.0
32.011420765027324	1478	1.0
32.01945355191257	3608	1.0
32.063825136612024	5610	1.0
32.084316939890705	5428	1.0
32.15655737704918	1602	1.0
32.16923497267759	6171	1.0
32.17912568306011	9930	1.0
32.18683060109289	6708	1.0
32.201912568306014	7629	1.0
32.2048087431694	4937	1.0
32.20546448087432	9901	1.0
32.20989071038251	4410	1.0
32.21928961748634	1394	1.0
32.220163934426225	4008	1.0
32.23568306010929	9257	1.0
32.249398907103824	8522	1.0
32.26644808743169	1968	1.0
32.27655737704918	2608	1.0
32.28546448087432	8209	1.0
32.293661202185795	3887	1.0
32.33262295081967	1119	1.0
32.361693989071036	4339	1.0
32.40147540983607	520	1.0
32.40420765027322	2585	1.0
32.40901639344262	5566	1.0
32.425409836065576	6461	1.0
32.42983606557377	4349	1.0
32.447759562841526	1594	1.0
32.47196721311475	1868	1.0
32.472404371584695	5841	1.0
32.48431693989071	5752	1.0
32.51857923497268	6463	1.0
32.52098360655738	746	1.0
32.53672131147541	4878	1.0
32.570546448087434	9830	1.0
32.58464480874317	8782	1.0
32.62431693989071	9160	1.0
32.646120218579235	232	1.0
32.64781420765027	9270	1.0
32.65617486338798	5991	1.0
32.65803278688525	8117	1.0
32.680218579234975	2497	1.0
32.70945355191257	9540	1.0
32.721366120218576	1946	1.0
32.72715846994535	7980	1.0
32.73775956284153	9582	1.0
32.74300546448087	4172	1.0
32.74666666666666	3817	1.0
32.76748633879781	1075	1.0
32.76972677595628	7721	1.0
32.80229508196721	2593	1.0
32.81513661202186	5539	1.0
32.8207650273224	8685	1.0
32.823879781420764	6934	1.0
32.82808743169399	8702	1.0
32.86639344262295	3267	1.0
32.87786885245902	1787	1.0
32.88289617486339	737	1.0
32.88415300546448	5561	1.0
32.90021857923497	1504	1.0
32.914808743169395	569	1.0
32.93633879781421	9569	1.0
32.96169398907104	5978	1.0
32.96775956284153	4067	1.0
32.97147540983606	3586	1.0
32.975136612021856	6662	1.0
32.99049180327869	5236	1.0
33.00174863387978	5570	1.0
33.00622950819672	1638	1.0
33.0392349726776	8680	1.0
33.05792349726776	4279	1.0
33.06710382513661	741	1.0
33.08803278688524	3850	1.0
33.08907103825137	8235	1.0
33.093825136612026	1695	1.0
33.11704918032787	6131	1.0
33.118032786885244	1089	1.0
33.136830601092896	8562	1.0
33.144316939890714	9958	1.0
33.15300546448088	5020	1.0
33.16377049180328	9391	1.0
33.16448087431694	6742	1.0
33.173770491803275	1185	1.0
33.17617486338798	7174	1.0
33.22901639344262	1823	1.0
33.22950819672131	4574	1.0
33.25748633879781	3033	1.0
33.262131147540984	3006	1.0
33.298469945355194	4349	0.0
33.35360655737705	6542	1.0
33.35382513661202	8420	1.0
33.36071038251366	9636	1.0
33.37360655737705	8152	1.0
33.37912568306011	1172	1.0
33.41169398907104	2135	1.0
33.4224043715847	7268	1.0
33.45060109289617	320	1.0
33.49775956284153	4202	1.0
33.521530054644806	8222	1.0
33.54978142076503	8007	1.0
33.56251366120218	3566	1.0
33.57857923497268	3311	1.0
33.57863387978142	7153	1.0
33.579945355191256	4620	1.0
33.584371584699454	6390	1.0
33.59224043715847	1935	1.0
33.59508196721311	3487	1.0
33.59989071038252	459	1.0
33.62196721311475	5952	1.0
33.658087431693986	9662	1.0
33.67513661202186	1508	1.0
33.68868852459016	9544	1.0
33.749890710382516	5413	1.0
33.75338797814208	4793	1.0
33.759180327868854	2018	1.0
33.81120218579235	9741	1.0
33.814918032786885	8191	1.0
33.81502732240437	1896	1.0
33.8203825136612	3616	1.0
33.8255737704918	8617	1.0
33.838196721311476	1767	1.0
33.8575956284153	2479	1.0
33.86557377049181	6838	1.0
33.86792349726776	6845	1.0
33.876775956284156	517	1.0
33.88021857923497	1562	1.0
33.92628415300546	6381	1.0
33.933879781420764	8790	1.0
33.94426229508197	3439	1.0
34.04710382513661	7605	1.0
34.057377049180324	5159	1.0
34.0727868852459	7263	1.0
34.09027322404371	686	1.0
34.091967213114756	5980	1.0
34.14224043715847	2246	1.0
34.16420765027323	7107	1.0
34.18781420765027	9167	1.0
34.25027322404372	4838	1.0
34.260655737704916	3924	1.0
34.26081967213115	9024	1.0
34.280218579234976	3743	1.0
34.30901639344262	4590	1.0
34.32666666666666	9600	1.0
34.34650273224043	9775	1.0
34.37994535519125	7231	1.0
34.38311475409836	9097	1.0
34.384918032786885	3375	1.0
34.38945355191257	7069	1.0
34.397267759562844	9526	1.0
34.433224043715846	2480	1.0
34.458688524590166	7777	1.0
34.47415300546448	1852	1.0
34.47448087431694	4412	1.0
34.526448087431696	1310	1.0
34.53661202185792	1882	1.0
34.55568306010929	8194	1.0
34.57983606557377	1858	1.0
34.580273224043715	9658	1.0
34.58049180327869	6313	1.0
34.58398907103825	7991	1.0
34.59081967213115	584	1.0
34.611420765027326	7307	1.0
34.61918032786885	5312	1.0
34.636830601092896	6685	1.0
34.645409836065575	6101	1.0
34.64546448087432	7904	1.0
34.66240437158469	8176	1.0
34.668469945355184	8950	1.0
34.67464480874317	2560	1.0
34.687704918032786	7248	1.0
34.69830601092896	3078	1.0
34.70743169398907	1757	1.0
34.71983606557377	7384	1.0
34.73131147540983	7031	1.0
34.77693989071038	966	1.0
34.813005464480874	8092	1.0
34.81398907103825	4217	1.0
34.82251366120218	6324	1.0
34.83185792349727	7614	1.0
34.83803278688524	6153	1.0
34.844863387978144	3013	1.0
34.87836065573771	3917	1.0
34.88775956284153	6363	1.0
34.893551912568306	3269	1.0
34.8955737704918	4653	1.0
34.954863387978136	1129	1.0
34.95743169398907	3415	1.0
34.9824043715847	5368	1.0
34.990765027322404	1911	1.0
34.99923497267759	6686	1.0
34.99983606557377	9597	1.0
35.000491803278685	3745	1.0
35.018524590163935	8761	1.0
35.019289617486336	5757	1.0
35.030928961748636	1221	1.0
35.03234972677596	9082	1.0
35.05934426229508	923	1.0
35.06530054644809	8065	1.0
35.08224043715847	2806	1.0
35.08601092896175	7725	1.0
35.109071038251365	1168	1.0
35.11169398907104	5940	1.0
35.112404371584695	6293	1.0
35.11551912568306	7201	1.0
35.12213114754098	6852	1.0
35.164043715846994	4985	1.0
35.16579234972678	8232	1.0
35.1796174863388	3254	1.0
35.19060109289618	9839	1.0
35.19202185792349	1055	1.0
35.19786885245902	7319	1.0
35.202732240437165	9430	1.0
35.215956284153	6353	1.0
35.21661202185793	5912	1.0
35.21748633879782	9129	1.0
35.224043715846996	1364	1.0
35.247158469945354	2395	1.0
35.25568306010929	3323	1.0
35.28016393442623	8787	1.0
35.294699453551914	7889	1.0
35.304754098360654	3792	1.0
35.30584699453552	7687	1.0
35.30912568306011	3158	1.0
35.32322404371585	6049	1.0
35.34043715846994	7573	1.0
35.38683060109289	9991	1.0
35.437213114754094	7217	1.0
35.44644808743169	4851	1.0
35.447103825136615	8135	1.0
35.49120218579235	5164	1.0
35.500218579234975	7832	1.0
35.51109289617486	9915	1.0
35.522185792349724	4867	1.0
35.55677595628415	1135	1.0
35.57743169398907	9942	1.0
35.58103825136612	3595	1.0
35.58781420765027	9019	1.0
35.59333333333333	3014	1.0
35.5968306010929	9618	1.0
35.60136612021858	8023	1.0
35.605355191256834	4400	1.0
35.60666666666667	1679	1.0
35.61546448087432	8008	1.0
35.61743169398907	1416	1.0
35.61912568306011	5434	1.0
35.6411475409836	6223	1.0
35.654371584699454	2917	1.0
35.6587431693989	6035	1.0
35.71562841530055	6976	1.0
35.72601092896175	7110	1.0
35.738524590163934	4780	1.0
35.742349726775956	1802	1.0
35.751584699453545	3810	1.0
35.77245901639344	389	1.0
35.78841530054645	4075	1.0
35.79622950819672	7240	1.0
35.79945355191257	7072	1.0
35.81989071038251	6834	1.0
35.82021857923497	7637	1.0
35.831803278688525	6611	1.0
35.850491803278686	8354	1.0
35.8827868852459	209	1.0
35.91437158469945	2004	1.0
35.91765027322405	3789	1.0
35.94846994535519	5090	1.0
35.95426229508197	684	1.0
35.9624043715847	6107	1.0
35.9824043715847	8074	1.0
35.98770491803278	3877	1.0
36.003661202185796	2307	1.0
36.00666666666667	4182	1.0
36.00939890710383	2213	1.0
36.074316939890714	3588	1.0
36.07453551912568	1062	1.0
36.076502732240435	3694	1.0
36.115792349726775	8630	1.0
36.140218579234975	9149	1.0
36.14032786885246	1043	1.0
36.17081967213115	9042	1.0
36.17147540983606	8544	1.0
36.17901639344262	5063	1.0
36.18879781420765	5438	1.0
36.189562841530055	947	1.0
36.1924043715847	2832	1.0
36.19841530054645	5573	1.0
36.23983606557377	3113	1.0
36.253661202185796	9537	1.0
36.25371584699453	2254	1.0
36.2668306010929	8560	1.0
36.26879781420765	4934	1.0
36.27333333333333	5753	1.0
36.2807650273224	4792	1.0
36.28781420765027	7695	1.0
36.31016393442623	4873	1.0
36.33021857923497	7943	1.0
36.345519125683055	3435	1.0
36.37710382513661	4786	1.0
36.41316939890711	7310	1.0
36.416775956284155	2219	1.0
36.49693989071038	2583	1.0
36.497540983606555	4337	1.0
36.50579234972678	5335	1.0
36.51213114754098	7822	1.0
36.53349726775956	3411	1.0
36.54054644808743	9520	1.0
36.55950819672131	7705	1.0
36.56666666666667	1062	0.0
36.57546448087432	4440	1.0
36.59016393442623	455	1.0
36.60060109289618	6609	1.0
36.624153005464485	3966	1.0
36.64480874316939	4500	1.0
36.66387978142076	9127	1.0
36.66568306010929	8798	1.0
36.66956284153006	8533	1.0
36.670819672131145	3228	1.0
36.67453551912568	3065	1.0
36.68639344262295	1088	1.0
36.72360655737705	4247	1.0
36.75054644808743	3151	1.0
36.760710382513665	3799	1.0
36.783169398907106	8147	1.0
36.78404371584699	8170	1.0
36.79049180327869	3719	1.0
36.8248087431694	3767	1.0
36.83497267759562	4910	1.0
36.85546448087432	7903	1.0
36.868797814207646	1948	1.0
36.89825136612021	1338	1.0
36.89967213114754	8290	1.0
36.9024043715847	373	1.0
36.902513661202185	9619	1.0
36.909289617486344	5110	1.0
36.91655737704918	5799	1.0
36.91994535519125	7896	1.0
36.93229508196721	589	1.0
36.93371584699454	9637	1.0
36.954535519125685	9445	1.0
36.96502732240437	7414	1.0
36.96852459016394	9074	1.0
36.99579234972678	6897	1.0
37.011803278688525	4010	1.0
37.0235519125683	4314	1.0
37.02513661202185	640	1.0
37.02841530054645	553	1.0
37.036448087431694	4001	1.0
37.040218579234974	7887	1.0
37.06224043715847	6128	1.0
37.08114754098361	6269	1.0
37.08710382513661	340	1.0
37.095683060109295	8272	1.0
37.12267759562841	3173	1.0
37.17540983606557	233	1.0
37.17622950819672	7297	1.0
37.19196721311476	4219	1.0
37.20054644808743	5066	1.0
37.23508196721311	780	1.0
37.2351912568306	2675	1.0
37.256885245901636	8330	1.0
37.27125683060109	715	1.0
37.30568306010929	4343	1.0
37.31568306010929	2779	1.0
37.3296174863388	2775	1.0
37.3372131147541	9974	1.0
37.365464480874316	7787	1.0
37.415956284153005	1126	1.0
37.56109289617486	1827	1.0
37.57672131147541	9274	1.0
37.58540983606557	2869	1.0
37.59579234972677	5842	1.0
37.60409836065574	5947	1.0
37.607267759562845	8915	1.0
37.60901639344262	2026	1.0
37.61868852459017	4876	1.0
37.66486338797814	7468	1.0
37.67114754098361	5575	1.0
37.67546448087431	9394	1.0
37.72792349726775	8683	1.0
37.72896174863388	6388	1.0
37.7327868852459	3028	1.0
37.742950819672124	5152	1.0
37.74890710382514	709	1.0
37.749508196721315	8550	1.0
37.795409836065566	2714	1.0
37.80262295081967	9263	1.0
37.84841530054644	3396	1.0
37.86409836065574	1449	1.0
37.87497267759563	7230	1.0
37.89098360655738	7279	1.0
37.89453551912568	8664	1.0
37.91612021857924	3202	1.0
37.94196721311476	3819	1.0
37.94688524590164	9084	1.0
38.033879781420765	2338	1.0
38.040491803278684	7341	1.0
38.07377049180328	2592	1.0
38.085846994535515	2125	1.0
38.09398907103825	9415	1.0
38.101639344262296	6867	1.0
38.10546448087432	9747	1.0
38.141967213114754	1235	1.0
38.146502732240435	5260	1.0
38.1583606557377	7682	1.0
38.167868852459016	8385	1.0
38.192076502732235	9652	1.0
38.220601092896175	2581	1.0
38.24699453551912	7543	1.0
38.24934426229508	5532	1.0
38.27961748633879	2203	1.0
38.28409836065573	9946	1.0
38.287650273224045	8695	1.0
38.300382513661205	2704	1.0
38.32103825136612	7563	1.0
38.33972677595628	7445	1.0
38.340765027322405	6703	1.0
38.35404371584699	9887	1.0
38.38245901639344	6081	1.0
38.38989071038251	1368	1.0
38.404644808743164	8660	1.0
38.41530054644809	331	1.0
38.42065573770492	3871	1.0
38.44415300546448	4213	1.0
38.45071038251366	2268	1.0
38.46109289617486	6968	1.0
38.46912568306011	2858	1.0
38.47267759562841	6	1.0
38.481366120218574	3785	1.0
38.52437158469945	5976	1.0
38.52688524590164	910	1.0
38.536120218579235	4278	1.0
38.55081967213115	690	1.0
38.55655737704918	6620	1.0
38.561530054644805	9968	1.0
38.590437158469946	8909	1.0
38.5951912568306	8302	1.0
38.6275956284153	796	1.0
38.63546448087432	9530	1.0
38.65218579234973	4330	1.0
38.66590163934426	3670	1.0
38.69338797814207	148	1.0
38.70153005464481	305	1.0
38.76267759562842	2982	1.0
38.79338797814207	7171	1.0
38.82704918032787	3128	1.0
38.837704918032784	3446	1.0
38.84377049180328	681	1.0
38.87185792349727	4234	1.0
38.88622950819672	2023	1.0
38.89453551912568	4269	1.0
38.90005464480875	9963	1.0
38.90114754098361	2022	1.0
38.926775956284146	3560	1.0
38.932404371584695	9778	1.0
38.934316939890714	9060	1.0
38.95535519125683	6863	1.0
38.971366120218576	7585	1.0
38.97612021857923	7915	1.0
38.97912568306011	2722	1.0
39.01409836065574	5938	1.0
39.02677595628415	5087	1.0
39.0455737704918	9488	1.0
39.05437158469945	7877	1.0
39.064590163934426	7718	1.0
39.06918032786885	6031	1.0
39.09	7567	1.0
39.090327868852455	5100	1.0
39.11311475409836	8095	1.0
39.12650273224043	2790	1.0
39.13830601092896	7625	1.0
39.16579234972677	5849	1.0
39.16754098360655	634	1.0
39.17661202185792	462	1.0
39.18065573770492	608	1.0
39.23934426229508	1606	1.0
39.24049180327869	9109	1.0
39.24530054644809	5504	1.0
39.250163934426226	8853	1.0
39.25628415300547	1880	1.0
39.31841530054644	7723	1.0
39.32142076502732	822	1.0
39.32267759562841	1892	1.0
39.331311475409834	3470	1.0
39.337103825136616	7374	1.0
39.353169398907106	4032	1.0
39.35513661202186	4078	1.0
39.39748633879782	1353	1.0
39.410765027322405	2776	1.0
39.41409836065574	6893	1.0
39.43109289617486	9952	1.0
39.43295081967213	9937	1.0
39.488579234972676	815	1.0
39.49256830601093	1468	1.0
39.53655737704918	6195	1.0
39.55142076502732	33	1.0
39.560765027322404	1031	1.0
39.59016393442623	9661	1.0
39.61174863387978	4813	1.0
39.62016393442623	3350	1.0
39.62415300546448	6247	1.0
39.65174863387978	8416	1.0
39.66661202185792	6467	1.0
39.6872131147541	8621	1.0
39.69174863387978	8887	1.0
39.739016393442625	7976	1.0
39.7724043715847	1703	1.0
39.772568306010925	3549	1.0
39.784316939890715	9890	1.0
39.825355191256826	625	1.0
39.826174863387976	5447	1.0
39.85262295081967	7300	1.0
39.868142076502735	539	1.0
39.892404371584696	4083	1.0
39.90688524590164	5546	1.0
39.91732240437158	3129	1.0
39.93371584699453	6691	1.0
39.958251366120216	2499	1.0
39.965300546448084	7370	1.0
39.96885245901639	1864	1.0
39.970218579234974	9014	1.0
39.98273224043715	5304	1.0
40.029016393442625	761	1.0
40.045737704918025	4286	1.0
40.054754098360654	4176	1.0
40.06327868852459	622	1.0
40.06868852459016	7444	1.0
40.09830601092896	2824	1.0
40.10890710382514	1392	1.0
40.137158469945355	4365	1.0
40.14344262295082	5276	1.0
40.164043715846994	6473	1.0
40.17551912568306	5687	1.0
40.19420765027323	6149	1.0
40.217322404371586	7768	1.0
40.238579234972676	1903	1.0
40.240765027322404	2910	1.0
40.24469945355191	6173	1.0
40.249836065573774	2569	1.0
40.28366120218579	9412	1.0
40.38109289617486	2912	1.0
40.391639344262295	6460	1.0
40.41054644808743	7380	1.0
40.418633879781424	4612	1.0
40.430928961748634	307	1.0
40.451256830601096	4139	1.0
40.45153005464481	6432	1.0
40.46245901639344	9870	1.0
40.46497267759563	2460	1.0
40.48087431693989	9473	1.0
40.49344262295082	4207	1.0
40.4955737704918	3662	1.0
40.51983606557377	2540	1.0
40.52918032786885	3512	1.0
40.582841530054644	288	1.0
40.58459016393442	4660	1.0
40.59918032786885	2546	1.0
40.606830601092895	7633	1.0
40.615846994535524	600	1.0
40.62726775956284	9609	1.0
40.63027322404371	5206	1.0
40.6331693989071	5357	1.0
40.64568306010929	9103	1.0
40.6703825136612	6702	1.0
40.672677595628414	1276	1.0
40.68218579234973	3502	1.0
40.7107650273224	6053	1.0
40.71431693989071	8541	1.0
40.74590163934427	6323	1.0
40.77366120218579	4480	1.0
40.8044262295082	8872	1.0
40.80989071038251	5338	1.0
40.82448087431694	7556	1.0
40.82743169398907	6289	1.0
40.854972677595626	4583	1.0
40.86218579234973	4451	1.0
40.86234972677595	4739	1.0
40.87158469945355	1677	1.0
40.873606557377045	2761	1.0
40.88174863387978	2615	1.0
40.883825136612025	6284	1.0
40.8996174863388	7271	1.0
40.91273224043716	1422	1.0
40.932076502732244	3983	1.0
40.932732240437154	5123	1.0
40.93710382513662	2226	0.0
40.9420218579235	7128	1.0
40.950382513661204	5574	1.0
40.951475409836064	6965	1.0
40.95256830601093	5031	1.0
40.99464480874317	2498	1.0
41.01295081967213	2803	1.0
41.031584699453546	4062	1.0
41.04196721311475	8	1.0
41.049180327868854	645	1.0
41.06213114754098	4297	1.0
41.06355191256831	9063	1.0
41.09989071038251	9816	1.0
41.11147540983606	9629	1.0
41.14486338797814	5097	1.0
41.14590163934427	1658	1.0
41.149781420765024	2900	1.0
41.168142076502726	8250	1.0
41.18584699453552	5716	1.0
41.19087431693989	3975	1.0
41.19092896174863	3900	1.0
41.19655737704918	7647	1.0
41.20693989071038	9344	1.0
41.21109289617487	9318	1.0
41.21562841530054	2482	1.0
41.21967213114754	3678	1.0
41.24825136612022	4437	1.0
41.25349726775956	1437	1.0
41.254972677595624	1147	1.0
41.2696174863388	5353	1.0
41.288961748633874	2050	1.0
41.31169398907104	3545	1.0
41.317158469945355	1071	1.0
41.31726775956284	8694	1.0
41.33918032786885	7835	1.0
41.351256830601095	3163	1.0
41.35524590163934	8496	1.0
41.35540983606557	5336	1.0
41.36448087431694	5271	1.0
41.368087431693986	2153	1.0
41.37021857923497	7844	1.0
41.40606557377049	4158	1.0
41.41005464480874	2920	1.0
41.41573770491804	8468	1.0
41.435027322404366	4779	1.0
41.45131147540984	9655	1.0
41.46639344262295	3156	1.0
41.467322404371586	7570	1.0
41.4996174863388	3082	1.0
41.50185792349727	7488	1.0
41.5172131147541	4870	1.0
41.519289617486336	2953	1.0
41.52710382513661	1261	1.0
41.5351912568306	980	1.0
41.548852459016395	5138	1.0
41.56486338797814	4616	1.0
41.56535519125683	2768	1.0
41.5711475409836	2853	1.0
41.57185792349727	652	1.0
41.603060109289615	2622	1.0
41.631912568306014	5331	1.0
41.64551912568306	9613	1.0
41.664480874316936	9833	1.0
41.668579234972675	7269	1.0
41.669398907103826	1103	1.0
41.67666666666666	2299	1.0
41.685792349726775	8507	1.0
41.69601092896175	8412	1.0
41.712240437158464	8341	1.0
41.72584699453552	6832	1.0
41.75983606557377	4350	1.0
41.76825136612022	4789	1.0
41.769999999999996	8415	1.0
41.777158469945356	8673	1.0
41.80841530054645	2973	1.0
41.808579234972676	4666	1.0
41.81770491803278	2155	1.0
41.82256830601093	7038	1.0
41.82633879781421	6951	1.0
41.83530054644809	7073	1.0
41.836229508196716	9255	1.0
41.853169398907106	2367	1.0
41.85956284153006	7381	1.0
41.870273224043714	2836	1.0
41.88360655737705	7577	1.0
41.883770491803276	606	1.0
41.91224043715847	7007	1.0
41.91715846994535	5876	1.0
41.93158469945355	5431	1.0
41.944480874316945	3362	1.0
41.95475409836066	8984	1.0
41.9651912568306	6249	1.0
41.96825136612022	1476	1.0
41.98060109289618	6823	1.0
41.987868852459016	5514	1.0
41.990054644808744	8532	1.0
41.99956284153006	4064	1.0
42.00726775956284	2386	1.0
42.01174863387978	8270	1.0
42.01448087431694	2197	1.0
42.02010928961749	3666	1.0
42.05693989071038	8451	1.0
42.06978142076503	5956	1.0
42.0775956284153	1870	1.0
42.11273224043716	6587	1.0
42.148032786885246	7829	1.0
42.15857923497268	6373	1.0
42.167814207650274	5555	1.0
42.16852459016393	4960	1.0
42.17590163934426	8553	1.0
42.18136612021858	3532	1.0
42.190273224043715	328	1.0
42.19737704918033	9644	1.0
42.19841530054645	2554	1.0
42.23377049180328	7101	1.0
42.23699453551913	2765	1.0
42.251256830601086	963	1.0
42.25748633879782	6342	1.0
42.28027322404371	4125	1.0
42.2920218579235	2579	1.0
42.31612021857923	6276	1.0
42.32174863387978	5904	1.0
42.328415300546446	3939	1.0
42.33530054644809	1543	1.0
42.33584699453552	689	1.0
42.35639344262295	5425	1.0
42.35726775956284	632	1.0
42.37639344262295	2680	1.0
42.387978142076506	234	1.0
42.39300546448087	6984	1.0
42.40601092896175	5710	1.0
42.429781420765025	5788	1.0
42.44590163934426	747	1.0
42.455355191256835	3577	1.0
42.45579234972678	3572	1.0
42.46251366120218	8434	1.0
42.4896174863388	9889	1.0
42.49306010928962	868	1.0
42.514863387978146	4049	1.0
42.52005464480874	5576	1.0
42.522950819672126	440	1.0
42.5251912568306	6245	1.0
42.54415300546448	3544	1.0
42.584808743169404	5707	1.0
42.58726775956284	2271	1.0
42.589562841530054	7365	1.0
42.58983606557377	3589	1.0
42.60704918032786	974	1.0
42.62060109289617	4013	1.0
42.62732240437158	2938	1.0
42.63606557377049	5556	1.0
42.64617486338798	4300	1.0
42.65743169398907	5045	1.0
42.66497267759563	8690	1.0
42.67180327868853	3669	1.0
42.714863387978134	902	1.0
42.73032786885246	8181	1.0
42.74262295081967	3885	1.0
42.74672131147541	6874	1.0
42.75852459016394	6230	1.0
42.75934426229508	5445	1.0
42.76726775956284	4723	1.0
42.7687431693989	4461	1.0
42.7911475409836	8184	1.0
42.79349726775956	5748	1.0
42.79655737704918	4195	1.0
42.80639344262295	5073	1.0
42.807868852459016	2849	1.0
42.81644808743169	368	1.0
42.82808743169399	9407	1.0
42.85672131147541	7651	1.0
42.85688524590164	2786	1.0
42.858633879781415	7062	1.0
42.870983606557374	9795	1.0
42.901693989071035	4522	1.0
42.90535519125683	7077	1.0
42.91054644808743	7242	1.0
42.92989071038251	5009	1.0
42.9411475409836	8993	1.0
42.94765027322404	2408	1.0
42.94928961748634	4935	1.0
42.95010928961748	7496	1.0
42.95546448087431	2455	1.0
42.975573770491806	7239	1.0
43.02918032786886	2069	1.0
43.03562841530054	4123	1.0
43.03661202185792	8620	1.0
43.0455737704918	6631	1.0
43.055956284153005	9452	1.0
43.063497267759566	5529	1.0
43.081311475409834	1993	1.0
43.082896174863386	1749	1.0
43.091475409836065	9754	1.0
43.0924043715847	5818	1.0
43.12169398907104	8653	1.0
43.13502732240437	6596	1.0
43.144207650273216	6654	1.0
43.14852459016393	9885	1.0
43.16098360655738	3134	1.0
43.195245901639346	2778	1.0
43.21710382513661	2801	1.0
43.24546448087432	793	1.0
43.25256830601093	8390	1.0
43.25289617486339	4237	1.0
43.2675956284153	3247	1.0
43.27049180327869	4045	1.0
43.280928961748636	7450	1.0
43.30950819672131	5571	1.0
43.31262295081967	3982	1.0
43.3267213114754	2815	1.0
43.34322404371585	2072	1.0
43.35546448087431	4901	1.0
43.36819672131147	6975	1.0
43.38590163934426	5911	1.0
43.39770491803279	2781	1.0
43.40081967213114	648	1.0
43.415628415300546	1796	1.0
43.42344262295082	8553	0.0
43.425628415300544	1123	1.0
43.425956284153	9377	1.0
43.43185792349727	3880	1.0
43.43551912568306	7926	1.0
43.44092896174863	3306	1.0
43.450874316939895	5215	1.0
43.46732240437158	3950	1.0
43.48803278688525	6413	1.0
43.49174863387978	5121	1.0
43.49617486338798	2845	1.0
43.5003825136612	7517	1.0
43.52049180327869	952	1.0
43.57322404371585	8149	1.0
43.59054644808743	3695	1.0
43.594426229508194	4495	1.0
43.59923497267759	4601	1.0
43.6031693989071	920	1.0
43.60579234972678	8126	1.0
43.60819672131147	6599	1.0
43.62191256830601	7115	1.0
43.624153005464485	9701	1.0
43.64765027322404	4944	1.0
43.65601092896175	6622	1.0
43.663005464480875	7317	1.0
43.66437158469945	2286	1.0
43.671256830601095	7106	1.0
43.680163934426226	4831	1.0
43.69043715846994	3318	1.0
43.70814207650273	394	1.0
43.7320218579235	1688	1.0
43.73732240437158	1917	1.0
43.73775956284153	489	1.0
43.73808743169399	6061	1.0
43.740109289617486	7857	1.0
43.75289617486339	2632	1.0
43.75513661202186	9030	1.0
43.76131147540983	9622	1.0
43.76633879781421	4808	1.0
43.79508196721311	6851	1.0
43.822459016393445	2397	1.0
43.838196721311476	8829	1.0
43.84344262295082	2266	1.0
43.909562841530054	7606	1.0
43.94934426229508	9113	1.0
43.96852459016394	9423	1.0
43.97338797814207	3542	1.0
43.99584699453552	2164	1.0
44.03224043715847	5887	1.0
44.04415300546448	2602	1.0
44.04420765027322	6188	1.0
44.044644808743165	8586	1.0
44.113169398907104	6887	1.0
44.11568306010929	823	1.0
44.16448087431694	5076	1.0
44.170382513661195	1723	1.0
44.17622950819672	4194	1.0
44.19087431693989	1488	1.0
44.197049180327866	9003	1.0
44.20098360655737	6251	1.0
44.218633879781414	1980	1.0
44.22551912568306	9299	1.0
44.226229508196724	8667	1.0
44.23841530054644	9390	1.0
44.252404371584696	7722	1.0
44.259508196721306	1369	1.0
44.26841530054645	4157	1.0
44.28169398907104	443	1.0
44.286393442622945	7318	1.0
44.31360655737705	9571	1.0
44.32098360655738	4900	1.0
44.322841530054646	3101	1.0
44.3248087431694	8806	1.0
44.34245901639344	8962	1.0
44.350163934426234	663	1.0
44.371038251366116	903	1.0
44.374754098360654	1529	1.0
44.417759562841525	9046	1.0
44.4524043715847	6846	1.0
44.45355191256831	8734	1.0
44.4663387978142	4992	1.0
44.47786885245901	9154	1.0
44.48267759562842	8445	1.0
44.50098360655738	4156	1.0
44.50715846994535	1496	1.0
44.50765027322404	5465	1.0
44.5411475409836	5005	1.0
44.56103825136612	7000	1.0
44.563005464480874	4209	1.0
44.57366120218579	4585	1.0
44.58311475409836	3840	1.0
44.59142076502732	5442	1.0
44.59612021857924	931	1.0
44.61497267759563	7261	1.0
44.62497267759563	9789	1.0
44.627103825136615	6791	1.0
44.64349726775956	9734	1.0
44.64382513661202	8349	1.0
44.674207650273225	7848	1.0
44.67551912568306	5652	1.0
44.68885245901639	2696	1.0
44.696229508196716	6538	1.0
44.714043715847	3004	1.0
44.714262295081966	546	1.0
44.72344262295082	7149	1.0
44.73010928961749	6616	1.0
44.73158469945355	6299	1.0
44.73377049180328	9578	1.0
44.73945355191256	7899	1.0
44.75639344262295	1965	1.0
44.776010928961746	3460	1.0
44.779344262295076	4728	1.0
44.789453551912565	3930	1.0
44.79983606557377	1895	1.0
44.802950819672134	5772	1.0
44.849016393442625	1744	1.0
44.85808743169399	8006	1.0
44.858743169398906	2695	1.0
44.8603825136612	2086	1.0
44.86333333333334	5132	1.0
44.86459016393442	4926	1.0
44.864699453551914	1121	1.0
44.90191256830601	9117	1.0
44.9079781420765	3210	1.0
44.94792349726776	664	1.0
44.95426229508197	3971	1.0
44.986284153005464	8185	1.0
44.9931693989071	4054	1.0
45.01043715846995	2362	1.0
45.03704918032787	8231	1.0
45.05754098360656	8815	1.0
45.05863387978142	736	1.0
45.07	4175	1.0
45.07327868852459	2772	1.0
45.12360655737705	8770	1.0
45.12765027322404	8990	1.0
45.13819672131148	6879	1.0
45.15939890710382	4370	1.0
45.16989071038251	4053	1.0
45.172677595628414	6044	1.0
45.17781420765027	1549	1.0
45.18540983606557	3908	1.0
45.1924043715847	5483	1.0
45.19715846994536	5014	1.0
45.20366120218579	9018	1.0
45.221366120218576	5530	1.0
45.221693989071035	2142	1.0
45.22710382513661	9410	1.0
45.24349726775956	2724	1.0
45.24994535519126	6235	1.0
45.273005464480875	6969	1.0
45.28251366120218	1309	1.0
45.2907650273224	7139	1.0
45.30945355191257	8414	1.0
45.32344262295082	6544	1.0
45.32786885245901	2914	1.0
45.33120218579235	5756	1.0
45.33863387978142	5024	1.0
45.343825136612026	9994	1.0
45.34617486338798	744	1.0
45.353879781420765	9186	1.0
45.36923497267759	898	1.0
45.37431693989071	5968	1.0
45.39338797814208	9258	1.0
45.41169398907103	2256	1.0
45.42174863387978	9599	1.0
45.423060109289615	8708	1.0
45.42775956284153	8012	1.0
45.43065573770492	1641	1.0
45.4824043715847	3017	1.0
45.52185792349727	4630	1.0
45.528251366120216	1847	1.0
45.54338797814208	8439	1.0
45.54819672131148	8864	1.0
45.55573770491803	4918	1.0
45.64808743169399	5180	1.0
45.66726775956284	5130	1.0
45.68054644808743	4346	1.0
45.686120218579234	5942	1.0
45.69579234972677	6359	1.0
45.721693989071035	7501	1.0
45.724262295081964	2053	1.0
45.773497267759566	4821	1.0
45.779398907103825	4228	1.0
45.78666666666667	7735	1.0
45.83032786885246	8246	1.0
45.83535519125683	7616	1.0
45.85087431693989	8160	1.0
45.85295081967213	5817	1.0
45.855409836065576	3631	1.0
45.87087431693989	4065	1.0
45.91398907103825	3027	1.0
45.917049180327865	2039	1.0
45.91885245901639	6095	1.0
45.94601092896175	5190	1.0
45.96054644808743	1578	1.0
45.9803825136612	9920	1.0
45.98174863387978	4903	1.0
45.98890710382514	3677	1.0
45.991147540983604	9615	1.0
46.00306010928961	2676	1.0
46.00622950819672	6700	1.0
46.009890710382514	4598	1.0
46.010273224043715	4468	1.0
46.01573770491803	4651	1.0
46.022622950819674	2663	1.0
46.05743169398907	4763	1.0
46.061147540983605	993	1.0
46.08169398907104	2403	1.0
46.08726775956284	3973	1.0
46.10568306010929	1607	1.0
46.115355191256825	9876	1.0
46.23901639344262	4252	1.0
46.25453551912568	1001	1.0
46.260983606557375	4148	1.0
46.28448087431694	8165	1.0
46.294699453551914	9614	1.0
46.299125683060105	6185	1.0
46.306721311475414	3303	1.0
46.320928961748635	9527	1.0
46.32420765027322	8328	1.0
46.33191256830601	4427	1.0
46.33579234972677	1837	1.0
46.35049180327869	8952	1.0
46.3648087431694	5107	1.0
46.36513661202186	9742	1.0
46.38125683060109	3753	1.0
46.396120218579235	2390	1.0
46.40207650273224	5789	1.0
46.406612021857924	3528	1.0
46.41885245901639	7751	1.0
46.41978142076503	6520	1.0
46.43890710382513	6356	1.0
46.47721311475409	6921	1.0
46.492240437158465	9126	1.0
46.51426229508197	267	1.0
46.53994535519126	4031	1.0
46.56639344262295	5081	1.0
46.573497267759564	682	1.0
46.60693989071038	2331	1.0
46.61256830601093	379	1.0
46.61404371584699	4655	1.0
46.629726775956286	8520	1.0
46.64289617486339	8099	1.0
46.65224043715847	914	1.0
46.670819672131145	8534	1.0
46.67524590163934	2378	1.0
46.67765027322404	9111	1.0
46.686557377049176	7315	1.0
46.69010928961749	7313	1.0
46.72327868852459	5813	1.0
46.737759562841525	5194	1.0
46.739726775956285	3424	1.0
46.74622950819672	5007	1.0
46.74710382513661	1209	1.0
46.76633879781421	6778	1.0
46.768196721311476	3	1.0
46.77289617486339	9780	1.0
46.79158469945355	3646	1.0
46.79540983606557	2854	1.0
46.79803278688525	7885	1.0
46.81371584699453	9954	1.0
46.817103825136606	9449	1.0
46.819016393442624	8665	1.0
46.82027322404371	6918	1.0
46.82147540983607	9846	1.0
46.863551912568305	2713	1.0
46.87174863387978	5783	1.0
46.87491803278689	3637	1.0
46.875573770491805	8371	1.0
46.89322404371585	4152	1.0
46.90601092896175	5850	1.0
46.90754098360655	3870	1.0
46.91677595628415	8676	1.0
46.92027322404371	2204	1.0
46.92174863387978	5939	1.0
46.927923497267756	2558	1.0
46.929125683060114	6395	1.0
46.93032786885246	3475	1.0
46.94765027322404	6669	1.0
46.96491803278688	7245	1.0
46.96765027322404	4051	1.0
46.9887431693989	5909	1.0
47.002349726775954	5531	1.0
47.00524590163934	7443	1.0
47.00928961748634	6078	1.0
47.01158469945355	3782	1.0
47.01786885245902	1914	1.0
47.02202185792349	9475	1.0
47.02218579234973	2376	1.0
47.02322404371585	3555	1.0
47.031530054644804	8635	1.0
47.03907103825137	2669	1.0
47.048469945355194	6084	1.0
47.06071038251366	7789	1.0
47.070218579234975	1400	1.0
47.086885245901634	3265	1.0
47.09573770491804	6070	1.0
47.102349726775955	4035	1.0
47.10879781420765	1797	1.0
47.10912568306011	9641	1.0
47.10945355191257	3023	1.0
47.13136612021858	3329	1.0
47.13765027322405	5776	1.0
47.14885245901639	6375	1.0
47.157322404371584	3749	1.0
47.16431693989071	6208	1.0
47.17180327868852	6257	1.0
47.189890710382514	7609	1.0
47.198469945355185	2588	1.0
47.209726775956284	5900	1.0
47.226994535519125	1930	1.0
47.22890710382514	2519	1.0
47.23535519125683	2742	1.0
47.23983606557377	9724	1.0
47.24251366120218	8283	1.0
47.25333333333333	6020	1.0
47.25715846994536	8228	1.0
47.26349726775957	7826	1.0
47.26530054644809	825	1.0
47.27054644808743	972	1.0
47.274098360655735	5149	1.0
47.27792349726776	8108	1.0
47.284043715847	5145	1.0
47.306666666666665	6955	1.0
47.32245901639344	6040	1.0
47.34131147540984	4856	1.0
47.34590163934426	7123	1.0
47.3596174863388	7745	1.0
47.379726775956286	2991	1.0
47.38103825136612	8366	1.0
47.39158469945355	2289	1.0
47.396612021857926	9539	1.0
47.406612021857924	1095	1.0
47.41814207650273	2427	1.0
47.42857923497268	8422	1.0
47.43781420765028	6036	1.0
47.45994535519126	7657	1.0
47.464262295081966	9797	1.0
47.47081967213114	8531	1.0
47.479617486338796	7856	1.0
47.481584699453556	6527	1.0
47.51273224043716	7184	1.0
47.51939890710382	7892	1.0
47.53371584699453	6797	1.0
47.536010928961744	2122	1.0
47.56207650273224	4127	1.0
47.56568306010929	6796	1.0
47.570819672131144	6136	1.0
47.594918032786886	6592	1.0
47.60071038251366	5046	1.0
47.60978142076503	5507	1.0
47.62994535519125	7921	1.0
47.63049180327869	3671	1.0
47.657322404371584	419	1.0
47.66136612021858	949	1.0
47.67158469945355	5950	1.0
47.68136612021858	338	1.0
47.69377049180328	4785	1.0
47.69540983606557	9496	1.0
47.69765027322404	8730	1.0
47.70628415300547	5889	1.0
47.71153005464481	7286	1.0
47.71781420765027	9462	1.0
47.71890710382514	7541	1.0
47.72163934426229	4716	1.0
47.727377049180326	6114	1.0
47.73060109289617	4519	1.0
47.731420765027316	1748	1.0
47.74103825136612	9862	1.0
47.75409836065573	163	1.0
47.76092896174863	7112	1.0
47.76426229508197	4229	1.0
47.76765027322404	3725	1.0
47.77841530054645	8654	1.0
47.78251366120219	4972	1.0
47.78568306010929	8705	1.0
47.79	7685	1.0
47.79710382513661	7979	1.0
47.79808743169399	9143	1.0
47.80092896174863	4993	1.0
47.80453551912568	9566	1.0
47.81967213114754	2971	1.0
47.82103825136612	371	1.0
47.830601092896174	4686	1.0
47.84185792349727	343	1.0
47.84316939890711	44	1.0
47.84584699453551	4784	1.0
47.84737704918033	9773	0.0
47.86448087431694	9494	1.0
47.867267759562836	15	1.0
47.87650273224043	22	1.0
47.88366120218579	8709	1.0
47.88819672131147	4525	1.0
47.888797814207656	2305	1.0
47.88918032786885	8230	1.0
47.903278688524594	9562	1.0
47.905846994535516	4796	1.0
47.911147540983606	7518	1.0
47.928688524590164	5367	1.0
47.93672131147541	1332	1.0
47.94868852459016	4566	1.0
47.95661202185792	6073	1.0
47.962021857923496	6679	1.0
47.969125683060106	2931	1.0
47.993879781420766	3720	1.0
47.995683060109286	8365	1.0
48.000163934426226	8979	1.0
48.0027868852459	7617	1.0
48.00426229508197	4569	1.0
48.008360655737704	122	1.0
48.02950819672131	7551	1.0
48.0415300546448	9510	1.0
48.070218579234975	5792	1.0
48.076229508196725	4251	1.0
48.07639344262295	849	1.0
48.08530054644808	449	1.0
48.09180327868852	7122	1.0
48.10142076502732	5778	1.0
48.103169398907106	1308	1.0
48.10732240437159	4774	1.0
48.12322404371585	2658	1.0
48.14382513661202	9372	1.0
48.14393442622951	1512	1.0
48.14622950819672	3467	1.0
48.15344262295082	7724	1.0
48.15743169398907	915	1.0
48.16983606557377	5653	1.0
48.18639344262295	5120	1.0
48.19650273224044	4043	1.0
48.197377049180325	4485	1.0
48.208633879781424	1402	1.0
48.21322404371584	1239	1.0
48.21956284153005	6305	1.0
48.22234972677596	838	1.0
48.22781420765027	4354	1.0
48.234098360655736	17	1.0
48.23928961748634	917	1.0
48.24961748633879	6675	1.0
48.25273224043716	3477	1.0
48.29065573770492	7730	1.0
48.29158469945355	855	1.0
48.32071038251366	545	1.0
48.33459016393442	3853	1.0
48.335846994535515	7909	1.0
48.33841530054645	5559	1.0
48.34322404371584	5478	1.0
48.348579234972675	2584	1.0
48.35256830601093	8056	1.0
48.35530054644809	7296	1.0
48.36382513661202	8024	1.0
48.36448087431694	2	1.0
