0.11599398907103825	1624	1.0
0.22024754098360655	241	1.0
0.3392502732240437	6263	1.0
0.3676371584699454	4845	1.0
0.5386371584699454	6507	1.0
0.6077814207650273	9488	1.0
0.6459180327868852	7932	1.0
0.692016393442623	8167	1.0
0.7136338797814207	2669	1.0
0.7153005464480875	4614	1.0
0.832431693989071	1897	1.0
0.8722622950819673	6908	1.0
0.985568306010929	5617	1.0
0.9872404371584699	1258	1.0
0.9933989071038252	8735	1.0
1.0764371584699453	2120	1.0
1.3634426229508196	499	1.0
1.4268251366120217	6363	1.0
1.4519289617486337	3242	1.0
1.47124043715847	1289	1.0
1.7406830601092895	7801	1.0
1.7441420765027322	5986	1.0
1.7654863387978141	1922	1.0
1.7714043715846994	3408	1.0
1.929016393442623	5456	1.0
1.9542677595628415	2735	1.0
1.9605409836065573	5264	1.0
2.0317049180327866	3073	1.0
2.0720218579234975	4472	1.0
2.126393442622951	6705	1.0
2.157912568306011	3051	1.0
2.1617923497267757	684	1.0
2.206120218579235	3730	1.0
2.241322404371585	2685	1.0
2.2502131147540982	7965	1.0
2.3760437158469947	7411	1.0
2.428109289617486	8253	1.0
2.596	7977	1.0
2.6954808743169396	7753	1.0
2.789655737704918	1759	1.0
2.8974590163934426	760	1.0
3.032169398907104	2126	1.0
3.042120218579235	2224	1.0
3.046491803278688	6128	1.0
3.049169398907104	8903	1.0
3.119918032786885	8264	1.0
3.154295081967213	113	1.0
3.179043715846994	9331	1.0
3.1828797814207648	3489	1.0
3.230546448087432	5979	1.0
3.257005464480874	4466	1.0
3.2725573770491803	1560	1.0
3.2949890710382514	7317	1.0
3.3019781420765026	7100	1.0
3.313	3655	1.0
3.3712896174863385	5767	1.0
3.4512349726775957	1529	1.0
3.47775956284153	1284	1.0
3.5209453551912566	1981	1.0
3.561245901639344	9757	1.0
3.585191256830601	8556	1.0
3.6027322404371582	4417	1.0
3.6218961748633878	5088	1.0
3.650426229508197	9981	1.0
3.8177213114754096	3312	1.0
3.8530437158469946	8055	1.0
3.8672513661202186	8009	1.0
3.875846994535519	3812	1.0
3.9450327868852457	3784	1.0
3.9923387978142078	2880	1.0
3.998775956284153	9004	1.0
4.048650273224044	8425	1.0
4.102502732240437	2990	1.0
4.142027322404371	5853	1.0
4.323469945355191	5426	1.0
4.362300546448088	1442	1.0
4.364710382513661	630	1.0
4.402846994535519	612	1.0
4.407295081967213	7940	1.0
4.422918032786885	4571	1.0
4.444508196721312	8205	1.0
4.482890710382513	9517	1.0
4.531825136612022	937	1.0
4.533021857923497	8959	1.0
4.543699453551913	9307	1.0
4.642010928961748	2212	1.0
4.686743169398906	5942	1.0
4.713032786885246	1425	1.0
4.74816393442623	8221	1.0
4.8034153005464475	9925	1.0
4.8605191256830595	6341	1.0
4.865437158469946	7578	1.0
4.9239890710382515	8508	1.0
4.9347540983606555	2526	1.0
4.941524590163935	6022	1.0
4.983136612021857	734	1.0
4.991650273224044	3584	1.0
5.0406939890710385	9125	1.0
5.067005464480874	9465	1.0
5.166945355191257	4655	1.0
5.2330273224043715	1635	1.0
5.263502732240437	5624	1.0
5.337666666666666	142	1.0
5.345874316939891	9823	1.0
5.41775956284153	3272	1.0
5.453087431693989	9931	1.0
5.46551912568306	1031	1.0
5.466939890710382	1291	1.0
5.467322404371585	7997	1.0
5.502950819672131	9428	1.0
5.515136612021857	5316	1.0
5.519562841530054	5771	1.0
5.520327868852459	9355	1.0
5.53704918032787	2841	1.0
5.549125683060109	1850	1.0
5.581475409836066	7452	1.0
5.6286885245901646	7703	1.0
5.711475409836066	9883	1.0
5.736229508196721	5413	1.0
5.737650273224044	2049	1.0
5.737650273224044	9933	1.0
5.831092896174863	9528	1.0
5.869234972677596	4442	1.0
5.8801092896174865	2383	1.0
5.919398907103825	7818	1.0
5.978688524590163	8757	1.0
5.993934426229508	7789	1.0
6.071530054644809	4763	1.0
6.15087431693989	5825	1.0
6.233387978142076	6115	1.0
6.234207650273223	306	1.0
6.259726775956284	63	1.0
6.2931693989071045	674	1.0
6.300382513661202	8655	1.0
6.325683060109289	4849	1.0
6.357650273224044	4635	1.0
6.452732240437158	7188	1.0
6.518142076502732	4497	1.0
6.57535519125683	8269	1.0
6.598469945355191	4283	1.0
6.60327868852459	8001	1.0
6.620382513661203	1231	1.0
6.654754098360656	8027	1.0
6.768688524590164	6729	1.0
6.774590163934427	1405	1.0
6.895792349726776	8260	1.0
6.918469945355191	3075	1.0
6.930546448087432	8631	1.0
6.93103825136612	8002	1.0
6.94863387978142	3827	1.0
7.028415300546448	4898	1.0
7.058196721311475	9440	1.0
7.116065573770491	2725	1.0
7.137158469945355	8749	1.0
7.186557377049181	1065	1.0
7.224590163934426	1545	1.0
7.2247540983606555	6978	1.0
7.2390710382513666	4813	1.0
7.280874316939891	4218	1.0
7.326939890710382	6433	1.0
7.34136612021858	8848	1.0
7.345792349726776	4308	1.0
7.373825136612022	6642	1.0
7.40792349726776	1439	1.0
7.408196721311475	5388	1.0
7.410819672131148	2595	1.0
7.427650273224043	5779	1.0
7.437650273224044	8407	1.0
7.442513661202185	5987	1.0
7.507431693989071	2175	1.0
7.5373770491803285	1306	1.0
7.556338797814207	7864	1.0
7.666666666666667	7412	1.0
7.702841530054645	3792	1.0
7.737814207650273	3161	1.0
7.784699453551912	5768	1.0
7.811147540983606	9382	1.0
7.844754098360656	8267	1.0
7.929016393442622	5845	1.0
7.93775956284153	683	1.0
7.94775956284153	3348	1.0
8.062076502732241	3001	1.0
8.087103825136612	283	1.0
8.143661202185791	5202	1.0
8.16311475409836	2636	1.0
8.182404371584699	3387	1.0
8.183333333333334	1070	1.0
8.205027322404371	3525	1.0
8.214699453551912	5826	1.0
8.257540983606557	7071	1.0
8.326939890710383	4114	1.0
8.339016393442623	9372	1.0
8.372459016393442	6875	1.0
8.40726775956284	7391	1.0
8.44688524590164	4596	1.0
8.44775956284153	1722	1.0
8.455136612021857	1415	1.0
8.505573770491804	8588	1.0
8.524043715846995	338	1.0
8.53311475409836	7563	1.0
8.53825136612022	1176	1.0
8.586174863387978	9763	1.0
8.611584699453552	1721	1.0
8.625300546448088	1297	1.0
8.648415300546448	5183	1.0
8.702513661202186	1492	1.0
8.706775956284153	843	1.0
8.70775956284153	1874	1.0
8.716338797814208	8191	1.0
8.722349726775956	9160	1.0
8.762950819672131	7568	1.0
8.766065573770492	6832	1.0
8.840327868852459	3963	1.0
8.850710382513661	9805	1.0
8.920054644808744	4065	1.0
8.920928961748634	7520	1.0
8.93327868852459	5262	1.0
9.01551912568306	7013	1.0
9.130546448087431	2350	1.0
9.16207650273224	5412	1.0
9.166448087431695	3269	1.0
9.191092896174863	9739	1.0
9.304098360655738	8170	1.0
9.342131147540984	3588	1.0
9.358469945355191	6942	1.0
9.375245901639344	6859	1.0
9.399726775956285	4882	1.0
9.614207650273222	5760	1.0
9.633606557377048	6541	1.0
9.666502732240437	1122	1.0
9.680928961748632	757	1.0
9.696612021857923	7761	1.0
9.712021857923498	6721	1.0
9.725901639344261	508	1.0
9.733879781420764	9402	1.0
9.757978142076503	9611	1.0
9.767267759562841	8829	1.0
9.76879781420765	6240	1.0
9.773060109289617	7953	1.0
9.809890710382513	1764	1.0
9.810655737704918	2083	1.0
9.817540983606557	6987	1.0
9.82071038251366	7598	1.0
9.862404371584699	3736	1.0
9.865300546448088	7444	1.0
9.873333333333333	2110	1.0
9.87743169398907	9972	1.0
9.928142076502732	5544	1.0
9.946338797814208	5268	1.0
9.946666666666667	4212	1.0
9.972677595628415	1809	1.0
9.977103825136611	3835	1.0
9.988961748633878	2932	1.0
10.051092896174863	4013	1.0
10.088087431693989	3626	1.0
10.128142076502732	1041	1.0
10.15775956284153	9869	1.0
10.167704918032786	7316	1.0
10.195027322404371	7368	1.0
10.22191256830601	4971	1.0
10.263497267759561	2792	1.0
10.278415300546447	9828	1.0
10.29688524590164	101	1.0
10.313497267759562	2327	1.0
10.316393442622951	444	1.0
10.341693989071038	6757	1.0
10.352786885245902	9630	1.0
10.416775956284152	5450	1.0
10.494262295081967	6321	1.0
10.507650273224042	3603	1.0
10.512950819672131	8671	1.0
10.533387978142077	7564	1.0
10.56448087431694	5407	1.0
10.594644808743169	8448	1.0
10.602185792349726	3222	1.0
10.606830601092897	9210	1.0
10.623497267759562	8881	1.0
10.629617486338796	9866	1.0
10.666174863387978	912	1.0
10.68049180327869	2641	1.0
10.685409836065574	8024	1.0
10.74710382513661	9818	1.0
10.772131147540984	9806	1.0
10.786338797814206	2712	1.0
10.800491803278687	6248	1.0
10.812349726775956	1885	1.0
10.816174863387978	2324	1.0
10.852677595628416	6687	1.0
10.876229508196722	8273	1.0
10.892131147540985	1472	1.0
10.901311475409836	9397	1.0
10.952896174863389	3595	1.0
10.957540983606556	7767	1.0
10.976994535519125	1791	1.0
10.99	1062	1.0
11.025956284153006	2006	1.0
11.044863387978141	4492	1.0
11.047486338797814	8709	1.0
11.053989071038252	3429	1.0
11.235409836065575	3010	1.0
11.331147540983608	4372	1.0
11.34224043715847	6051	1.0
11.373551912568306	7450	1.0
11.422459016393443	3608	1.0
11.460819672131148	1707	1.0
11.541092896174863	2352	1.0
11.546721311475409	6279	1.0
11.58879781420765	974	1.0
11.624043715846994	5837	1.0
11.643879781420765	7244	1.0
11.649289617486337	9790	1.0
11.661639344262294	6080	1.0
11.753551912568305	9572	1.0
11.774863387978142	9603	1.0
11.826830601092896	8620	1.0
11.851967213114754	3818	1.0
11.874262295081968	4254	1.0
11.897103825136613	2739	1.0
11.95087431693989	8667	1.0
11.951420765027322	3260	1.0
12.035409836065574	7055	1.0
12.066557377049179	4608	1.0
12.079453551912568	5983	1.0
12.11	2533	1.0
12.13639344262295	8063	1.0
12.195245901639344	880	1.0
12.198142076502732	6406	1.0
12.3048087431694	9606	1.0
12.380928961748634	3083	1.0
12.401147540983606	3038	1.0
12.440273224043716	7008	1.0
12.476174863387978	5302	1.0
12.536229508196723	550	1.0
12.61672131147541	2955	1.0
12.640710382513662	5451	1.0
12.660054644808744	5718	1.0
12.665245901639345	7884	1.0
12.672513661202187	3917	1.0
12.73655737704918	4785	1.0
12.74071038251366	9480	1.0
12.753661202185793	8506	1.0
12.800218579234974	6775	1.0
12.81934426229508	638	1.0
12.844699453551913	6373	1.0
12.84710382513661	3812	0.0
12.906120218579234	8837	1.0
12.981639344262295	8534	1.0
13.018579234972679	5859	1.0
13.022131147540984	8470	1.0
13.037814207650273	2281	1.0
13.040601092896175	3251	1.0
13.047868852459015	7830	1.0
13.085409836065574	1556	1.0
13.109890710382514	5008	1.0
13.177377049180327	9478	1.0
13.18393442622951	6970	1.0
13.26655737704918	8057	1.0
13.294098360655738	9107	1.0
13.331584699453552	7330	1.0
13.378415300546449	3381	1.0
13.39415300546448	2238	1.0
13.406502732240437	4423	1.0
13.413114754098359	9504	1.0
13.413934426229508	915	1.0
13.419234972677597	1499	1.0
13.426174863387978	5576	1.0
13.43967213114754	195	1.0
13.454535519125683	7369	1.0
13.478743169398907	5608	1.0
13.511311475409835	2154	1.0
13.541256830601093	5289	1.0
13.544754098360656	9949	1.0
13.584754098360655	224	1.0
13.610546448087431	8492	1.0
13.610983606557376	2499	1.0
13.636284153005466	7405	1.0
13.663770491803279	5981	1.0
13.667814207650272	9175	1.0
13.704590163934427	7175	1.0
13.722131147540983	2670	1.0
13.74535519125683	5293	1.0
13.750874316939889	9795	1.0
13.789180327868852	4431	1.0
13.789836065573772	8827	1.0
13.809562841530054	5725	1.0
13.91934426229508	3771	1.0
13.956338797814206	511	1.0
13.959945355191255	9636	1.0
13.994590163934426	2953	1.0
14.007978142076503	9278	1.0
14.070546448087432	5351	1.0
14.120819672131146	1061	1.0
14.122896174863389	1358	1.0
14.159180327868853	1700	1.0
14.187377049180329	8035	1.0
14.189016393442623	8974	1.0
14.20535519125683	1679	1.0
14.26896174863388	4185	1.0
14.2924043715847	2475	1.0
14.310655737704918	9927	1.0
14.368415300546449	7438	1.0
14.392622950819673	1279	1.0
14.396939890710382	8704	1.0
14.399890710382515	1601	1.0
14.435792349726777	5729	1.0
14.440437158469946	8399	1.0
14.464098360655738	5480	1.0
14.585792349726775	2616	1.0
14.671256830601093	4118	1.0
14.708852459016393	2947	1.0
14.729016393442624	3540	1.0
14.742349726775956	3274	1.0
14.785245901639344	2581	1.0
14.8051912568306	3278	1.0
14.819180327868851	9272	1.0
14.870437158469946	9764	1.0
14.933825136612022	3135	1.0
14.93497267759563	2674	1.0
14.95655737704918	7039	1.0
14.964371584699453	7005	1.0
14.984426229508196	8675	1.0
15.01	3586	1.0
15.010109289617485	4158	1.0
15.047540983606556	2240	1.0
15.066830601092896	1589	1.0
15.073442622950818	2300	1.0
15.081147540983608	8041	1.0
15.130109289617486	9483	1.0
15.141147540983606	3449	1.0
15.187267759562841	9554	1.0
15.310327868852458	881	1.0
15.391857923497268	3996	1.0
15.40158469945355	152	1.0
15.419945355191256	8789	1.0
15.42311475409836	8020	1.0
15.45464480874317	6896	1.0
15.466120218579233	9441	1.0
15.475737704918034	7782	1.0
15.480218579234974	2618	1.0
15.591639344262296	9854	1.0
15.640874316939891	4248	1.0
15.667213114754098	7585	1.0
15.669180327868853	3302	1.0
15.685409836065572	3956	1.0
15.70049180327869	5287	1.0
15.709234972677596	719	1.0
15.779781420765026	5565	1.0
15.784371584699452	4018	1.0
15.796612021857923	4720	1.0
15.812513661202185	1543	1.0
15.814972677595629	1119	1.0
15.892732240437159	4643	1.0
15.90207650273224	8089	1.0
15.91486338797814	1780	1.0
15.956557377049181	3420	1.0
15.986010928961749	7232	1.0
16.064043715846992	9259	1.0
16.089726775956283	4144	1.0
16.09	7110	1.0
16.110819672131147	5932	1.0
16.1224043715847	5166	1.0
16.126065573770493	2341	1.0
16.139890710382513	6141	1.0
16.153497267759562	1334	1.0
16.202568306010928	3345	1.0
16.207158469945355	519	1.0
16.21513661202186	5104	1.0
16.229016393442624	791	1.0
16.321311475409836	8971	1.0
16.3575956284153	446	1.0
16.3927868852459	1237	1.0
16.41071038251366	7043	1.0
16.452568306010928	4624	1.0
16.485464480874317	3165	1.0
16.48584699453552	8583	1.0
16.49743169398907	4840	1.0
16.578524590163934	1485	1.0
16.594426229508198	8323	1.0
16.6055737704918	4876	1.0
16.61437158469945	2400	1.0
16.614863387978144	1668	1.0
16.61639344262295	4312	1.0
16.630382513661203	4552	1.0
16.64071038251366	1433	1.0
16.641366120218578	8464	1.0
16.6424043715847	3089	1.0
16.65967213114754	1972	1.0
16.66224043715847	3020	1.0
16.695136612021855	7150	1.0
16.759890710382514	7803	1.0
16.78945355191257	1064	1.0
16.841366120218577	1152	1.0
16.871639344262295	6231	1.0
16.87945355191257	9404	1.0
16.881420765027322	5026	1.0
16.898688524590163	5441	1.0
16.91584699453552	4175	1.0
16.922185792349726	6408	1.0
16.923333333333332	3144	1.0
16.98032786885246	4230	1.0
17.003224043715846	3205	1.0
17.035300546448088	9166	1.0
17.10590163934426	9312	1.0
17.106065573770493	7449	1.0
17.13338797814208	6268	1.0
17.15497267759563	1623	1.0
17.165628415300546	4165	1.0
17.17743169398907	3877	1.0
17.19273224043716	6318	1.0
17.304371584699453	978	1.0
17.305136612021858	5920	1.0
17.313715846994533	4462	1.0
17.320765027322405	7787	1.0
17.333879781420766	6679	1.0
17.34639344262295	3257	1.0
17.366830601092897	9365	1.0
17.397377049180328	4939	1.0
17.40677595628415	5735	1.0
17.413715846994535	8581	1.0
17.44071038251366	9246	1.0
17.455792349726778	818	1.0
17.55584699453552	1709	1.0
17.594754098360657	7162	1.0
17.596010928961746	1247	1.0
17.61262295081967	8745	1.0
17.63366120218579	1685	1.0
17.642185792349725	3605	1.0
17.65590163934426	5766	1.0
17.672677595628414	9985	1.0
17.69169398907104	4893	1.0
17.719890710382515	6108	1.0
17.76502732240437	8940	1.0
17.798688524590162	7397	1.0
17.825956284153005	1147	1.0
17.85295081967213	5346	1.0
17.88213114754098	9257	1.0
18.089071038251365	8052	1.0
18.094426229508194	2946	1.0
18.10502732240437	4975	1.0
18.169234972677597	2106	1.0
18.169672131147543	724	1.0
18.198142076502734	2077	1.0
18.21191256830601	2751	1.0
18.253661202185793	57	1.0
18.26639344262295	903	1.0
18.278743169398908	8915	1.0
18.33639344262295	1417	1.0
18.413224043715847	6569	1.0
18.422841530054647	207	1.0
18.46273224043716	7184	1.0
18.464918032786887	8228	1.0
18.485792349726776	2654	1.0
18.496721311475408	3723	1.0
18.541803278688526	993	1.0
18.561256830601092	4892	1.0
18.570054644808742	7771	1.0
18.575245901639345	7415	1.0
18.575901639344263	81	1.0
18.596174863387976	4548	1.0
18.598852459016392	5390	1.0
18.613114754098362	8784	1.0
18.64573770491803	8679	1.0
18.655245901639343	8866	1.0
18.700765027322404	4073	1.0
18.70448087431694	2323	1.0
18.708032786885244	4502	1.0
18.7348087431694	9374	1.0
18.92174863387978	2705	1.0
18.950655737704917	4057	1.0
18.9844262295082	682	1.0
19.000655737704918	3402	1.0
19.034153005464482	5527	1.0
19.046448087431692	7139	1.0
19.07207650273224	8801	1.0
19.086120218579236	9103	1.0
19.091803278688523	3579	1.0
19.09726775956284	4860	1.0
19.107650273224042	264	1.0
19.16300546448087	1364	1.0
19.18431693989071	7576	1.0
19.189453551912568	764	1.0
19.203114754098358	4696	1.0
19.326393442622948	5798	1.0
19.335737704918035	2600	1.0
19.359344262295078	3983	1.0
19.36912568306011	2245	1.0
19.378852459016393	8363	1.0
19.400601092896174	4438	1.0
19.441530054644808	9928	1.0
19.46289617486339	7679	1.0
19.49327868852459	9649	1.0
19.498032786885247	7465	1.0
19.521038251366118	6482	1.0
19.538579234972676	6453	1.0
19.61863387978142	4127	1.0
19.622185792349725	7038	1.0
19.63754098360656	360	1.0
19.66092896174863	9659	1.0
19.68393442622951	6505	1.0
19.704426229508194	381	1.0
19.729234972677595	9506	1.0
19.730273224043714	9251	1.0
19.747158469945354	3886	1.0
19.819726775956283	2243	1.0
19.878907103825135	3683	1.0
19.879562841530053	4130	1.0
19.889071038251366	4788	1.0
19.910054644808742	3026	1.0
19.923224043715845	5700	1.0
19.935027322404373	5454	1.0
19.940327868852457	1814	1.0
19.946994535519124	729	1.0
19.94792349726776	7196	1.0
19.95032786885246	4383	1.0
19.95469945355191	2181	1.0
19.962896174863385	8262	1.0
19.975737704918032	3319	1.0
20.01568306010929	9185	1.0
20.08360655737705	8540	1.0
20.084590163934426	6682	1.0
20.10071038251366	8569	1.0
20.15213114754098	9479	1.0
20.16469945355191	4163	1.0
20.19360655737705	4914	1.0
20.230655737704918	7948	1.0
20.256612021857922	8038	1.0
20.32825136612022	9099	1.0
20.335136612021856	9065	1.0
20.34901639344262	4326	1.0
20.349234972677593	7283	1.0
20.435409836065574	5298	1.0
20.458797814207653	5016	1.0
20.459180327868854	3777	1.0
20.496448087431695	2657	1.0
20.514371584699454	1068	1.0
20.54327868852459	6525	1.0
20.588961748633878	9843	1.0
20.65213114754098	3187	1.0
20.657049180327867	7838	1.0
20.668142076502733	5317	1.0
20.70846994535519	9241	1.0
20.739562841530052	9276	1.0
20.748907103825136	3394	1.0
20.788087431693988	2512	1.0
20.790928961748634	6449	1.0
20.828524590163937	3769	1.0
20.884262295081967	8803	1.0
20.90136612021858	6399	1.0
20.911147540983606	4854	1.0
20.962349726775958	3556	1.0
20.970218579234974	2174	1.0
21.015956284153006	7765	1.0
21.01846994535519	6326	1.0
21.03289617486339	7367	1.0
21.039781420765024	435	1.0
21.060601092896174	4896	1.0
21.07103825136612	7370	1.0
21.084918032786884	6204	1.0
21.116120218579237	9362	1.0
21.13770491803279	2812	1.0
21.14092896174863	4189	1.0
21.165136612021858	6050	1.0
21.175628415300544	9631	1.0
21.188032786885245	6315	1.0
21.203169398907104	8403	1.0
21.210765027322406	6340	1.0
21.250054644808742	9944	1.0
21.262677595628414	9557	1.0
21.280601092896173	5249	1.0
21.32950819672131	391	1.0
21.35081967213115	6515	1.0
21.36770491803279	9887	1.0
21.403005464480874	8121	1.0
21.4124043715847	6167	1.0
21.437595628415302	6037	1.0
21.439617486338797	3399	1.0
21.452841530054645	1829	1.0
21.475956284153007	2701	1.0
21.496830601092896	6178	1.0
21.49688524590164	741	1.0
21.513879781420766	103	1.0
21.530218579234973	5990	1.0
21.551693989071037	7723	1.0
21.57803278688525	1304	1.0
21.580983606557375	7145	1.0
21.60065573770492	979	1.0
21.611311475409835	5218	1.0
21.638196721311473	8865	1.0
21.652732240437157	7629	1.0
21.674426229508196	161	1.0
21.679016393442623	7499	1.0
21.692185792349726	4358	1.0
21.707486338797814	9930	1.0
21.717377049180328	8147	1.0
21.75	9153	1.0
21.756120218579234	9354	1.0
21.785409836065575	5157	1.0
21.790655737704917	8367	1.0
21.80486338797814	2099	1.0
21.808852459016393	6143	1.0
21.809726775956282	8222	1.0
21.857704918032788	5685	1.0
21.858688524590164	6686	1.0
21.865027322404373	4992	1.0
21.88087431693989	2377	1.0
21.91120218579235	7347	1.0
21.92295081967213	5136	1.0
21.972732240437157	6633	1.0
22.000819672131147	4131	1.0
22.01224043715847	8995	1.0
22.08573770491803	9814	1.0
22.108032786885246	6630	1.0
22.163715846994535	5881	1.0
22.189234972677593	2773	1.0
22.214043715846994	2800	1.0
22.21934426229508	7687	1.0
22.271366120218577	6062	1.0
22.276885245901642	3797	1.0
22.326885245901636	3076	1.0
22.330000000000002	5535	1.0
22.35032786885246	4970	1.0
22.432459016393445	2067	1.0
22.442513661202184	6259	1.0
22.451311475409838	7229	1.0
22.524043715846993	8350	1.0
22.52841530054645	1928	1.0
22.562021857923497	1745	1.0
22.562240437158472	3292	1.0
22.582622950819673	3680	1.0
22.64	8570	1.0
22.669180327868855	6409	1.0
22.716775956284156	1246	1.0
22.71896174863388	9212	1.0
22.754426229508198	477	1.0
22.76590163934426	4009	1.0
22.802459016393442	9082	1.0
22.80382513661202	9380	1.0
22.82573770491803	4126	1.0
22.84469945355191	9817	1.0
22.862841530054645	8574	1.0
22.923879781420766	2959	1.0
22.932841530054645	4968	1.0
22.945245901639343	4851	1.0
22.94934426229508	7604	1.0
22.96120218579235	3365	1.0
22.99825136612022	6126	1.0
23.036393442622952	6974	1.0
23.0396174863388	7318	1.0
23.05049180327869	6006	1.0
23.069781420765025	4741	1.0
23.07568306010929	623	1.0
23.08655737704918	6027	1.0
23.090109289617484	9600	1.0
23.13978142076503	589	1.0
23.23497267759563	662	1.0
23.27710382513661	2583	1.0
23.305846994535518	4791	1.0
23.31377049180328	2967	1.0
23.319180327868853	1312	1.0
23.32120218579235	4894	1.0
23.33464480874317	3160	1.0
23.36393442622951	2710	1.0
23.37633879781421	8538	1.0
23.491311475409837	6022	0.0
23.498415300546448	3650	1.0
23.507704918032786	5754	1.0
23.509726775956285	5634	1.0
23.543497267759562	7284	1.0
23.54393442622951	8639	1.0
23.586120218579236	4775	1.0
23.647923497267758	9633	1.0
23.66016393442623	3041	1.0
23.670601092896174	4029	1.0
23.705628415300545	7172	1.0
23.721311475409834	5366	1.0
23.735737704918034	1992	1.0
23.7372131147541	3679	1.0
23.821639344262298	8488	1.0
23.824153005464478	9013	1.0
23.887486338797814	2873	1.0
23.894972677595625	7875	1.0
23.89765027322404	3415	1.0
23.90322404371585	4703	1.0
23.93344262295082	3084	1.0
23.942185792349726	7644	1.0
24.01016393442623	4311	1.0
24.018633879781422	5059	1.0
24.025191256830603	4325	1.0
24.064098360655738	8289	1.0
24.09775956284153	3874	1.0
24.10885245901639	9030	1.0
24.147377049180328	5297	1.0
24.250819672131147	7099	1.0
24.277595628415302	3391	1.0
24.2827868852459	6397	1.0
24.28502732240437	5566	1.0
24.302131147540983	8781	1.0
24.31754098360656	5393	1.0
24.348306010928958	1673	1.0
24.36109289617486	6164	1.0
24.369726775956284	3706	1.0
24.389562841530054	7122	1.0
24.44896174863388	5058	1.0
24.455081967213115	2806	1.0
24.46464480874317	1273	1.0
24.470000000000002	6652	1.0
24.4772131147541	987	1.0
24.49825136612022	7970	1.0
24.519726775956283	7459	1.0
24.52950819672131	6683	1.0
24.558306010928963	6420	1.0
24.604699453551913	9199	1.0
24.626775956284153	3980	1.0
24.67590163934426	7050	1.0
24.696174863387977	9489	1.0
24.698688524590164	7277	1.0
24.702841530054645	8392	1.0
24.71846994535519	3657	1.0
24.797213114754097	9772	1.0
24.823114754098363	4092	1.0
24.831092896174862	6320	1.0
24.854863387978142	1153	1.0
24.857158469945354	8475	1.0
24.86409836065574	910	1.0
24.90775956284153	6393	1.0
24.949836065573773	1872	1.0
24.98185792349727	5992	1.0
25.07524590163934	6381	1.0
25.079398907103826	914	1.0
25.100218579234973	9076	1.0
25.21207650273224	1305	1.0
25.23224043715847	5554	1.0
25.27016393442623	2042	1.0
25.276338797814205	4296	1.0
25.295245901639344	5223	1.0
25.325901639344263	8490	1.0
25.355081967213113	5190	1.0
25.370109289617485	4049	1.0
25.39666666666667	4631	1.0
25.40677595628415	3885	1.0
25.410655737704918	116	1.0
25.49158469945355	5645	1.0
25.494590163934426	5956	1.0
25.525628415300545	2535	1.0
25.529234972677596	5614	1.0
25.536666666666665	8380	1.0
25.550819672131148	9481	1.0
25.575628415300546	8760	1.0
25.615792349726775	3314	1.0
25.641420765027323	5726	1.0
25.659125683060108	4047	1.0
25.667158469945356	8660	1.0
25.69655737704918	5564	1.0
25.71295081967213	4972	1.0
25.739617486338798	5063	1.0
25.76344262295082	4056	1.0
25.7668306010929	2929	1.0
25.792349726775956	270	1.0
25.811639344262296	8312	1.0
25.835464480874315	8717	1.0
25.840983606557376	3574	1.0
25.85295081967213	4858	1.0
25.866502732240438	3798	1.0
25.867322404371585	1659	1.0
25.876612021857923	1781	1.0
25.914535519125685	1327	1.0
25.94934426229508	8296	1.0
26.0903825136612	4204	1.0
26.091803278688523	3611	1.0
26.10967213114754	624	1.0
26.142404371584696	5579	1.0
26.15169398907104	8567	1.0
26.19934426229508	1004	1.0
26.22081967213115	7124	1.0
26.23377049180328	5181	1.0
26.236775956284152	8739	1.0
26.237322404371586	1144	1.0
26.25054644808743	4646	1.0
26.34207650273224	2063	1.0
26.361693989071036	1679	0.0
26.373169398907102	4605	1.0
26.378142076502733	2631	1.0
26.430983606557376	2410	1.0
26.448688524590164	3520	1.0
26.476502732240437	3821	1.0
26.481256830601094	9531	1.0
26.49497267759563	6547	1.0
26.53573770491803	5960	1.0
26.542459016393444	2358	1.0
26.62049180327869	6169	1.0
26.621639344262295	527	1.0
26.641366120218578	5484	1.0
26.647322404371582	3562	1.0
26.740437158469945	1329	1.0
26.772513661202186	7224	1.0
26.789180327868852	9889	1.0
26.791639344262297	8202	1.0
26.79710382513661	4779	1.0
26.80398907103825	2095	1.0
26.806338797814206	6810	1.0
26.808524590163934	4953	1.0
26.816721311475412	6927	1.0
26.823606557377047	1477	1.0
26.84584699453552	4028	1.0
26.853551912568303	2865	1.0
26.86377049180328	2098	1.0
26.877868852459017	3807	1.0
26.89584699453552	7200	1.0
26.983497267759564	2614	1.0
27.020054644808745	2716	1.0
27.02120218579235	932	1.0
27.098852459016392	8674	1.0
27.141693989071037	1490	1.0
27.178196721311473	7220	1.0
27.22448087431694	4075	1.0
27.23688524590164	1741	1.0
27.244644808743168	9803	1.0
27.248743169398907	9906	1.0
27.271639344262297	946	1.0
27.27704918032787	2578	1.0
27.296338797814204	8951	1.0
27.29786885245902	2522	1.0
27.326174863387976	4500	1.0
27.342513661202187	4749	1.0
27.36191256830601	8160	1.0
27.36622950819672	5728	1.0
27.371311475409836	1465	1.0
27.373224043715847	6450	1.0
27.431584699453552	7310	1.0
27.4327868852459	5609	1.0
27.470218579234974	8636	1.0
27.470327868852458	3435	1.0
27.48218579234973	733	1.0
27.486994535519123	7142	1.0
27.51530054644809	2801	1.0
27.54207650273224	1295	1.0
27.54437158469945	9529	1.0
27.565846994535516	7636	1.0
27.58693989071038	2579	1.0
27.594207650273223	265	1.0
27.6048087431694	2543	1.0
27.608196721311476	9769	1.0
27.61502732240437	2811	1.0
27.628251366120217	115	1.0
27.643989071038252	5993	1.0
27.69568306010929	6603	1.0
27.732513661202184	3077	1.0
27.781857923497267	8199	1.0
27.793060109289616	5383	1.0
27.821147540983606	5439	1.0
27.823169398907105	2135	1.0
27.858360655737705	2784	1.0
27.86726775956284	2961	1.0
27.88754098360656	4934	1.0
27.911202185792348	5221	1.0
27.942295081967213	781	1.0
27.99065573770492	3309	1.0
28.027377049180327	8624	1.0
28.035519125683063	418	1.0
28.04005464480874	7422	1.0
28.064262295081967	6831	1.0
28.0724043715847	3404	1.0
28.085956284153006	8220	1.0
28.108415300546447	7080	1.0
28.13775956284153	4965	1.0
28.16983606557377	4574	1.0
28.174863387978142	1588	1.0
28.18901639344262	8474	1.0
28.200928961748634	3434	1.0
28.205081967213115	9991	1.0
28.206284153005463	5482	1.0
28.208032786885244	9813	1.0
28.223005464480874	6358	1.0
28.297103825136613	2676	1.0
28.32672131147541	2355	1.0
28.36103825136612	2402	1.0
28.377158469945357	6513	1.0
28.378852459016393	8965	1.0
28.39142076502732	9328	1.0
28.47737704918033	2348	1.0
28.48398907103825	4384	1.0
28.49431693989071	4889	1.0
28.549125683060108	5816	1.0
28.56590163934426	4396	1.0
28.57032786885246	4623	1.0
28.587158469945354	352	1.0
28.61382513661202	377	1.0
28.63016393442623	3022	1.0
28.630819672131146	1228	1.0
28.64486338797814	1765	1.0
28.662622950819674	5755	1.0
28.72437158469945	463	1.0
28.79967213114754	6495	1.0
28.83032786885246	5705	1.0
28.83486338797814	8013	1.0
28.893551912568302	5874	1.0
28.903005464480874	9860	1.0
28.913060109289614	2144	1.0
28.938360655737707	4910	1.0
28.94825136612022	1431	1.0
28.952185792349727	2276	1.0
28.968688524590164	7246	1.0
28.973715846994534	9532	1.0
28.990765027322404	4444	1.0
29.028087431693987	1551	1.0
29.037158469945354	9142	1.0
29.07049180327869	1278	1.0
29.082295081967214	4445	1.0
29.109945355191254	2846	1.0
29.154262295081967	6816	1.0
29.182295081967215	973	1.0
29.22393442622951	6753	1.0
29.242131147540984	4563	1.0
29.245792349726774	2845	1.0
29.27016393442623	2109	1.0
29.286885245901637	1408	1.0
29.320109289617484	496	1.0
29.383005464480874	3451	1.0
29.39071038251366	2842	1.0
29.39256830601093	9116	1.0
29.398032786885246	8796	1.0
29.400109289617486	7901	1.0
29.419562841530052	9562	1.0
29.476448087431695	8171	1.0
29.492021857923497	842	1.0
29.499398907103824	7922	1.0
29.511147540983607	7584	1.0
29.515464480874318	5995	1.0
29.52065573770492	8832	1.0
29.525464480874316	751	1.0
29.552349726775955	5337	1.0
29.559781420765027	2202	1.0
29.57256830601093	6644	1.0
29.58273224043716	752	1.0
29.593715846994538	7570	1.0
29.602622950819672	8880	1.0
29.60289617486339	8090	1.0
29.62704918032787	4134	1.0
29.661803278688524	3677	1.0
29.66431693989071	4228	1.0
29.67360655737705	1347	1.0
29.67584699453552	314	1.0
29.676502732240436	7874	1.0
29.680437158469946	2114	1.0
29.715464480874317	4647	1.0
29.758743169398908	5347	1.0
29.761147540983607	1789	1.0
29.80153005464481	2249	1.0
29.82743169398907	7482	1.0
29.840928961748634	2457	1.0
29.84568306010929	7320	1.0
29.920874316939887	413	1.0
29.937431693989073	1606	1.0
29.938032786885245	6846	1.0
29.961693989071037	1950	1.0
29.970109289617486	4702	1.0
29.973114754098358	3922	1.0
29.975956284153007	9150	1.0
30.013060109289615	6117	1.0
30.01967213114754	209	1.0
30.073224043715847	7299	1.0
30.08535519125683	7371	1.0
30.103770491803278	6913	1.0
30.11983606557377	9034	1.0
30.123005464480876	4522	1.0
30.140546448087434	4256	1.0
30.15983606557377	2843	1.0
30.207814207650273	6383	1.0
30.217868852459016	6132	1.0
30.238306010928962	8663	1.0
30.24224043715847	8521	1.0
30.247267759562842	1205	1.0
30.252677595628413	4039	1.0
30.270273224043716	8495	1.0
30.28573770491803	3628	1.0
30.296448087431692	6088	1.0
30.30262295081967	2271	1.0
30.318907103825136	6864	1.0
30.326448087431693	7676	1.0
30.353169398907102	5689	1.0
30.35704918032787	9778	1.0
30.37032786885246	1519	1.0
30.37295081967213	7300	1.0
30.38726775956284	5458	1.0
30.392786885245904	7716	1.0
30.40967213114754	0	1.0
30.413060109289617	9308	1.0
30.416284153005464	9762	1.0
30.42726775956284	7910	1.0
30.428415300546447	2580	1.0
30.434426229508198	844	1.0
30.43601092896175	3757	1.0
30.448743169398906	3660	1.0
30.45568306010929	6113	1.0
30.461147540983607	7860	1.0
30.463224043715844	8897	1.0
30.46568306010929	5342	1.0
30.470710382513662	3638	1.0
30.495628415300548	4168	1.0
30.496502732240437	9969	1.0
30.496939890710383	1554	1.0
30.496939890710383	5313	1.0
30.512404371584697	4921	1.0
30.51590163934426	7726	1.0
30.525245901639344	5901	1.0
30.52677595628415	1666	1.0
30.528360655737703	3121	1.0
30.536612021857923	9311	1.0
30.53928961748634	3389	1.0
30.554098360655736	7950	1.0
30.56360655737705	982	1.0
30.571256830601094	2986	1.0
30.57448087431694	9683	1.0
30.577704918032786	6442	1.0
30.600437158469944	614	1.0
30.607978142076504	7321	1.0
30.62174863387978	2680	1.0
30.625081967213113	7447	1.0
30.63295081967213	1649	1.0
30.642786885245904	3735	1.0
30.658196721311477	4161	1.0
30.66601092896175	8962	1.0
30.669562841530055	2527	1.0
30.68393442622951	6526	1.0
30.691311475409837	358	1.0
30.706010928961746	9746	1.0
30.71136612021858	3512	1.0
30.718306010928963	7269	1.0
30.720765027322404	6477	1.0
30.72142076502732	7692	1.0
30.733715846994535	5061	1.0
30.73846994535519	6470	1.0
30.749945355191258	3033	1.0
30.754863387978144	9474	1.0
30.785846994535518	860	1.0
30.78650273224044	5010	1.0
30.787213114754095	1335	1.0
30.809344262295085	7259	1.0
30.814754098360652	8758	1.0
30.8196174863388	5829	1.0
30.82344262295082	9881	1.0
30.85644808743169	5236	1.0
30.88327868852459	2196	1.0
30.892513661202187	6288	1.0
30.893224043715843	1696	1.0
30.909344262295082	664	1.0
30.92071038251366	7828	1.0
30.921857923497267	9717	1.0
30.92459016393443	2989	1.0
30.930109289617487	7274	1.0
30.95191256830601	6011	1.0
30.958907103825137	1536	1.0
30.97825136612022	6825	1.0
30.979016393442624	1386	1.0
30.979398907103825	738	1.0
30.99551912568306	3412	1.0
30.997049180327867	3522	1.0
31.00054644808743	4524	1.0
31.002185792349724	8066	1.0
31.004371584699452	6999	1.0
31.010218579234973	6910	1.0
31.043224043715846	238	1.0
31.049398907103825	9007	1.0
31.050437158469943	3396	1.0
31.073224043715847	4132	1.0
31.07688524590164	6237	1.0
31.085573770491806	2361	1.0
31.090273224043717	8095	1.0
31.09464480874317	6768	1.0
31.095573770491804	2542	1.0
31.112732240437158	5399	1.0
31.116666666666667	9584	1.0
31.117923497267757	5155	1.0
31.130273224043716	2796	1.0
31.134043715846992	8099	1.0
31.14224043715847	4981	1.0
31.16071038251366	9025	1.0
31.16688524590164	7920	1.0
31.168852459016392	3305	1.0
31.18502732240437	5567	1.0
31.196775956284153	8589	1.0
31.197486338797813	4186	1.0
31.208579234972678	3280	1.0
31.21289617486339	5744	1.0
31.22672131147541	8042	1.0
31.231857923497266	7638	1.0
31.233715846994535	8536	1.0
31.235464480874317	1093	1.0
31.251366120218577	4662	1.0
31.258142076502732	5097	1.0
31.27704918032787	8378	1.0
31.310273224043716	7123	1.0
31.320546448087434	6773	1.0
31.34934426229508	6419	1.0
31.358251366120218	1863	1.0
31.36502732240437	6261	1.0
31.370546448087428	8790	1.0
31.373770491803278	7627	1.0
31.37737704918033	6049	1.0
31.38207650273224	9269	1.0
31.38267759562841	907	1.0
31.438360655737704	4270	1.0
31.474590163934423	7205	1.0
31.480765027322406	2983	1.0
31.48311475409836	7306	1.0
31.491147540983608	8562	1.0
31.50775956284153	9648	1.0
31.51224043715847	5392	1.0
31.519289617486336	261	1.0
31.52448087431694	4295	1.0
31.532896174863385	3977	1.0
31.545464480874315	2759	1.0
31.559726775956285	8747	1.0
31.565628415300544	5998	1.0
31.570273224043717	85	1.0
31.580382513661203	4123	1.0
31.604426229508196	4314	1.0
31.605519125683063	4243	1.0
31.64120218579235	8651	1.0
31.641748633879782	4427	1.0
31.647540983606557	5299	1.0
31.654153005464483	7331	1.0
31.686502732240434	3950	1.0
31.704043715846993	7428	1.0
31.72158469945355	3191	1.0
31.728142076502735	5487	1.0
31.73218579234973	2795	1.0
31.74360655737705	6467	1.0
31.772677595628416	3860	1.0
31.77502732240437	2297	1.0
31.77655737704918	7797	1.0
31.79431693989071	9964	1.0
31.797814207650273	3484	1.0
31.802404371584696	4792	1.0
31.81655737704918	2665	1.0
31.82021857923497	107	1.0
31.829289617486335	755	1.0
31.838633879781423	3357	1.0
31.840054644808742	8909	1.0
31.861420765027322	8176	1.0
31.86939890710382	4461	1.0
31.886338797814208	1876	1.0
31.89765027322404	3043	1.0
31.898688524590163	2780	1.0
31.904153005464483	9667	1.0
31.909234972677595	2177	1.0
31.909562841530054	3156	1.0
31.913715846994535	7340	1.0
31.921147540983608	5447	1.0
31.96366120218579	7134	1.0
31.98469945355191	223	1.0
31.994262295081967	5192	1.0
31.995846994535516	5775	1.0
31.99879781420765	4031	1.0
31.999890710382513	7077	1.0
32.00142076502732	2057	1.0
32.00814207650273	8504	1.0
32.01950819672131	9798	1.0
32.02092896174863	3358	1.0
32.03562841530055	9360	1.0
32.03617486338798	5205	1.0
32.05092896174863	8047	1.0
32.05213114754098	950	1.0
32.05693989071038	6539	1.0
32.05907103825137	4111	1.0
32.08327868852459	7622	1.0
32.08502732240437	3162	1.0
32.099016393442625	5115	1.0
32.09918032786885	5248	1.0
32.12213114754098	214	1.0
32.13502732240437	7478	1.0
32.14622950819672	4637	1.0
32.15256830601093	4885	1.0
32.155081967213114	6528	1.0
32.159617486338796	8130	1.0
32.166338797814205	299	1.0
32.16639344262295	1777	1.0
32.178360655737706	5955	1.0
32.18857923497268	6979	1.0
32.20765027322404	3200	1.0
32.21213114754098	8247	1.0
32.22978142076503	5332	1.0
32.2631693989071	2151	1.0
32.26677595628416	7600	1.0
32.28174863387978	4977	1.0
32.2824043715847	6290	1.0
32.28453551912568	5533	1.0
32.28655737704918	4353	1.0
32.29163934426229	9097	1.0
32.293224043715846	4725	1.0
32.299125683060105	7448	1.0
32.30737704918033	8661	1.0
32.312349726775956	9042	1.0
32.321311475409836	923	1.0
32.32688524590164	3984	1.0
32.33743169398907	8275	1.0
32.36491803278688	5001	1.0
32.366612021857925	8243	1.0
32.37229508196721	8728	1.0
32.37765027322404	4069	1.0
32.37901639344262	4707	1.0
32.39879781420765	8358	1.0
32.400273224043715	3132	1.0
32.41464480874317	8473	1.0
32.41967213114754	7559	1.0
32.429453551912566	9001	1.0
32.44633879781421	9739	0.0
32.48169398907104	4026	1.0
32.48994535519125	6377	1.0
32.506174863387976	8926	1.0
32.51945355191257	3852	1.0
32.527540983606556	6232	1.0
32.53131147540984	1692	1.0
32.53672131147541	1028	1.0
32.54562841530055	9549	1.0
32.54901639344262	1486	1.0
32.55021857923497	6862	1.0
32.56054644808743	6053	1.0
32.56224043715847	6034	1.0
32.56622950819672	7802	1.0
32.57027322404372	6087	1.0
32.59590163934426	4024	1.0
32.603497267759565	6444	1.0
32.60639344262295	448	1.0
32.617650273224044	732	1.0
32.618743169398904	8559	1.0
32.62284153005464	9454	1.0
32.63726775956284	544	1.0
32.66628415300546	9748	1.0
32.684371584699456	1379	1.0
32.70218579234973	6606	1.0
32.717923497267755	4458	1.0
32.72398907103825	687	1.0
32.74628415300546	1359	1.0
32.782349726775955	9122	1.0
32.81103825136612	879	1.0
32.82398907103825	4513	1.0
32.827267759562844	6582	1.0
32.82879781420765	5471	1.0
32.834754098360655	4040	1.0
32.8431693989071	230	1.0
32.84765027322404	6271	1.0
32.87136612021858	6295	1.0
32.89	1562	1.0
32.90021857923497	6423	1.0
32.905136612021856	6817	1.0
32.90765027322404	5738	1.0
32.91366120218579	4578	1.0
32.92224043715847	5802	1.0
32.9251912568306	6625	1.0
32.926010928961745	3448	1.0
32.93153005464481	5321	1.0
32.93459016393442	1566	1.0
32.95032786885246	9921	1.0
32.95398907103825	5083	1.0
32.96060109289618	5261	1.0
32.97704918032787	2252	1.0
32.98469945355191	2459	1.0
32.99972677595628	8330	1.0
33.004972677595624	7068	1.0
33.010983606557375	2001	1.0
33.020765027322405	5243	1.0
33.0255737704918	8081	1.0
33.04901639344262	5326	1.0
33.05043715846995	2645	1.0
33.077650273224044	9367	1.0
33.09989071038252	9926	1.0
33.102677595628414	6437	1.0
33.12726775956284	9574	1.0
33.14322404371585	6146	1.0
33.164863387978144	1388	1.0
33.183551912568305	5164	1.0
33.205628415300545	2205	1.0
33.216502732240436	5177	1.0
33.22830601092896	5620	1.0
33.24393442622951	427	1.0
33.2679781420765	3119	1.0
33.28896174863388	8558	1.0
33.30672131147541	9470	1.0
33.30945355191257	7810	1.0
33.322076502732244	5547	1.0
33.329508196721314	8198	1.0
33.41021857923497	1116	1.0
33.45568306010929	7621	1.0
33.456830601092896	7877	1.0
33.47043715846994	4676	1.0
33.48213114754098	9323	1.0
33.51431693989071	1725	1.0
33.51693989071038	8770	1.0
33.52808743169399	7714	1.0
33.53224043715847	2124	1.0
33.53289617486339	7163	1.0
33.54224043715847	9669	1.0
33.55879781420765	4545	1.0
33.560437158469945	8740	1.0
33.56245901639345	3816	1.0
33.56289617486339	3053	1.0
33.56934426229508	3637	1.0
33.572459016393445	6914	1.0
33.62311475409836	5763	1.0
33.640819672131144	7998	1.0
33.642404371584696	2219	1.0
33.70672131147541	1584	1.0
33.708196721311474	2414	1.0
33.723606557377046	5665	1.0
33.729234972677595	1732	1.0
33.73431693989071	2630	1.0
33.771584699453555	566	1.0
33.78005464480874	5848	1.0
33.802513661202184	6430	1.0
33.80535519125683	2530	1.0
33.80967213114754	3534	1.0
33.811967213114755	5894	1.0
33.81743169398907	8753	1.0
33.83245901639344	4629	1.0
33.832513661202185	193	1.0
33.83502732240437	2644	1.0
33.84054644808743	13	1.0
33.84874316939891	8441	1.0
33.85218579234972	6920	1.0
33.85672131147541	3011	1.0
33.867704918032786	5850	1.0
33.86918032786885	4249	1.0
33.875136612021855	3194	1.0
33.88295081967213	6576	1.0
33.88508196721312	1195	1.0
33.8851912568306	4610	1.0
33.89890710382514	2576	1.0
33.90934426229508	801	1.0
33.913005464480875	5502	1.0
33.91612021857923	1585	1.0
33.930928961748634	9384	1.0
33.93606557377049	4279	1.0
33.936994535519126	4387	1.0
33.94120218579235	5069	1.0
33.95792349726776	7795	1.0
33.9655737704918	6469	1.0
33.97071038251366	3920	1.0
33.985628415300546	5521	1.0
34.003661202185796	8384	1.0
34.01497267759563	7105	1.0
34.02	9503	1.0
34.045792349726774	6136	1.0
34.05508196721311	2013	1.0
34.057377049180324	8468	1.0
34.058907103825135	2029	1.0
34.06049180327869	6104	1.0
34.06087431693989	5245	1.0
34.063060109289616	3303	1.0
34.067158469945355	6082	1.0
34.07726775956284	619	1.0
34.088469945355186	7208	1.0
34.09120218579235	7908	1.0
34.10169398907104	6792	1.0
34.110601092896175	5780	1.0
34.13295081967213	8419	1.0
34.14262295081967	3878	1.0
34.14524590163934	4129	1.0
34.147322404371586	7903	1.0
34.18191256830601	9129	1.0
34.193715846994536	1384	1.0
34.211639344262295	5133	1.0
34.21961748633879	4812	1.0
34.248633879781416	3813	1.0
34.25453551912568	8694	1.0
34.26005464480874	6465	1.0
34.264699453551906	56	1.0
34.265901639344264	9343	1.0
34.272896174863384	3486	1.0
34.28453551912568	6754	1.0
34.30316939890711	2155	1.0
34.30879781420765	4888	1.0
34.32453551912569	663	1.0
34.327213114754095	4460	1.0
34.32825136612021	1249	1.0
34.34475409836065	5270	1.0
34.34737704918033	6435	1.0
34.39415300546448	2217	1.0
34.4112568306011	6353	1.0
34.423169398907106	770	1.0
34.44153005464481	4499	1.0
34.45661202185792	1154	1.0
34.459836065573775	3166	1.0
34.47262295081967	8920	1.0
34.502349726775954	6699	1.0
34.51267759562841	7190	1.0
34.522896174863384	1590	1.0
34.53852459016393	7976	1.0
34.55349726775956	6422	1.0
34.55382513661202	2090	1.0
34.554098360655736	4679	1.0
34.555956284153005	1155	1.0
34.60464480874317	9032	1.0
34.61901639344262	7633	1.0
34.62355191256831	5226	1.0
34.633060109289616	6893	1.0
34.63737704918032	5153	1.0
34.64502732240437	4077	1.0
34.65076502732241	9178	1.0
34.6520218579235	1077	1.0
34.666666666666664	9234	1.0
34.68306010928961	8552	1.0
34.72032786885246	3459	1.0
34.73213114754098	8922	1.0
34.74469945355191	1847	1.0
34.7563387978142	3388	1.0
34.77054644808743	9580	1.0
34.801092896174865	7018	1.0
34.80469945355191	597	1.0
34.81185792349727	8388	1.0
34.82043715846994	2209	1.0
34.834644808743164	5727	1.0
34.85475409836066	7917	1.0
34.865792349726775	6298	1.0
34.87005464480874	7689	1.0
34.87338797814207	8939	1.0
34.87579234972677	7806	1.0
34.8796174863388	6076	1.0
34.899836065573766	5172	1.0
34.91153005464481	9429	1.0
34.92890710382514	7783	1.0
34.93448087431694	8218	1.0
34.93770491803279	4343	1.0
34.94273224043715	5703	1.0
34.94989071038251	1296	1.0
34.95049180327869	4036	1.0
34.952568306010924	943	1.0
34.954426229508194	3114	1.0
34.961530054644804	6841	1.0
34.96218579234973	1534	1.0
34.96852459016394	5615	1.0
34.97710382513661	7671	1.0
35.02382513661202	9895	1.0
35.02601092896175	8786	1.0
35.063770491803275	1409	1.0
35.07273224043716	6587	1.0
35.07584699453552	1683	1.0
35.082185792349726	342	1.0
35.08688524590164	5536	1.0
35.09551912568306	9324	1.0
35.10311475409836	9094	1.0
35.10322404371585	7717	1.0
35.10770491803279	5809	1.0
35.10786885245901	6172	1.0
35.1088524590164	4744	1.0
35.12530054644809	3825	1.0
35.12830601092896	4816	1.0
35.16819672131148	6685	1.0
35.174535519125676	1264	1.0
35.18306010928961	1699	1.0
35.18491803278688	5545	1.0
35.187213114754094	9467	1.0
35.21868852459016	1393	1.0
35.221311475409834	7297	1.0
35.2372131147541	9776	1.0
35.265846994535515	6287	1.0
35.26754098360656	6611	1.0
35.268142076502734	9990	1.0
35.27398907103825	5518	1.0
35.293224043715846	2450	1.0
35.32185792349727	8194	1.0
35.32196721311475	3326	1.0
35.32295081967213	4027	1.0
35.32699453551912	121	1.0
35.341748633879774	6628	1.0
35.34234972677596	89	1.0
35.36256830601093	2404	1.0
35.363606557377054	2555	1.0
35.38355191256831	4543	1.0
35.389453551912574	4516	1.0
35.39912568306011	2506	1.0
35.41027322404372	1503	1.0
35.41426229508196	3802	1.0
35.42355191256831	2430	1.0
35.48945355191257	6189	1.0
35.51754098360656	9947	1.0
35.576939890710385	3437	1.0
35.587322404371584	3804	1.0
35.59797814207651	8901	1.0
35.623224043715844	1418	1.0
35.6372131147541	30	1.0
35.6720218579235	9260	1.0
35.68344262295082	1638	1.0
35.701912568306014	1451	1.0
35.704535519125685	7240	1.0
35.71808743169399	5653	1.0
35.72300546448088	6939	1.0
35.73306010928962	3271	1.0
35.73377049180328	6934	1.0
35.7396174863388	9616	1.0
35.74502732240437	3973	1.0
35.75775956284153	8048	1.0
35.75934426229508	3523	1.0
35.767704918032784	5584	1.0
35.77699453551912	8912	1.0
35.80743169398907	9617	1.0
35.81579234972678	4382	1.0
35.82781420765027	8603	1.0
35.849999999999994	2850	1.0
35.857267759562845	3297	1.0
35.877377049180325	6015	1.0
35.90590163934426	4260	1.0
35.92327868852459	5520	1.0
35.95950819672131	4227	1.0
35.96486338797814	3916	1.0
35.975081967213114	4557	1.0
35.99103825136611	8680	1.0
35.991857923497264	9945	1.0
35.99475409836065	717	1.0
36.009562841530055	3806	1.0
36.01032786885246	3331	1.0
36.0379781420765	6989	1.0
36.05218579234973	955	1.0
36.09142076502732	4475	1.0
36.099344262295084	6839	1.0
36.1235519125683	6702	1.0
36.1331693989071	4868	1.0
36.13404371584699	4649	1.0
36.14360655737705	2180	1.0
36.1496174863388	1637	1.0
36.17191256830601	3143	1.0
36.17726775956284	7952	1.0
36.26808743169399	1680	1.0
36.28032786885245	7420	1.0
36.31945355191257	2749	1.0
36.33415300546448	2371	1.0
36.34366120218579	513	1.0
36.38726775956284	3277	1.0
36.4024043715847	4251	1.0
36.41994535519125	9903	1.0
36.4348087431694	4395	1.0
36.43502732240437	7264	1.0
36.44377049180328	2836	1.0
36.478524590163936	9185	0.0
36.50147540983607	2189	1.0
36.51120218579235	1686	1.0
36.51551912568306	2232	1.0
36.52994535519126	2860	1.0
36.57224043715847	3903	1.0
36.604644808743174	905	1.0
36.62989071038251	3249	1.0
36.63213114754098	7827	1.0
36.67229508196721	3597	1.0
36.67584699453552	3842	1.0
36.67688524590164	296	1.0
36.70814207650273	5883	1.0
36.72338797814207	6904	1.0
36.72469945355191	4960	1.0
36.75306010928962	6335	1.0
36.76568306010929	1120	1.0
36.81972677595628	6992	1.0
36.825792349726775	6166	1.0
36.83830601092896	2394	1.0
36.86234972677595	6546	1.0
36.89475409836066	6798	1.0
36.91502732240437	8817	1.0
36.93857923497267	5770	1.0
36.97524590163934	2210	1.0
36.98710382513661	1	1.0
36.99147540983606	7996	1.0
37.0096174863388	5039	1.0
37.01142076502732	5150	1.0
37.013278688524586	4956	1.0
37.0155737704918	3710	1.0
37.01693989071038	7228	1.0
37.02010928961749	6238	1.0
37.024426229508194	3078	1.0
37.03267759562842	9301	1.0
37.037650273224045	1371	1.0
37.03994535519126	7989	1.0
37.04300546448087	6529	1.0
37.05382513661202	5526	1.0
37.05448087431694	4021	1.0
37.0572131147541	3942	1.0
37.067540983606555	67	1.0
37.06808743169399	9492	1.0
37.07677595628415	6220	1.0
37.078032786885245	2658	1.0
37.08005464480874	425	1.0
37.08158469945355	555	1.0
37.08398907103825	4184	1.0
37.09060109289617	549	1.0
37.091092896174864	3008	1.0
37.10688524590164	2319	1.0
37.12224043715847	2531	1.0
37.1272131147541	1600	1.0
37.13049180327869	1820	1.0
37.13699453551912	6517	1.0
37.13918032786885	6436	1.0
37.14781420765027	4850	1.0
37.14868852459016	6509	1.0
37.152950819672135	2269	1.0
37.15311475409836	9966	1.0
37.16918032786885	5745	1.0
37.17251366120218	6535	1.0
37.17994535519126	3526	1.0
37.193005464480876	9345	1.0
37.19868852459016	3439	1.0
37.206338797814205	5253	1.0
37.20846994535519	4886	1.0
37.21071038251366	2264	1.0
37.2163387978142	9443	1.0
37.22306010928962	8288	1.0
37.22568306010929	6098	1.0
37.23262295081967	6759	1.0
37.2344262295082	2911	1.0
37.2455737704918	5015	1.0
37.249398907103824	8179	1.0
37.256612021857926	1292	1.0
37.28770491803279	2118	1.0
37.29153005464481	3082	1.0
37.2951912568306	7845	1.0
37.30688524590164	8256	1.0
37.31497267759563	9247	1.0
37.315628415300544	814	1.0
37.331311475409834	7102	1.0
37.33743169398907	3642	1.0
37.343333333333334	172	1.0
37.34704918032787	5400	1.0
37.35060109289617	4235	1.0
37.35103825136611	5345	1.0
37.354699453551916	5065	1.0
37.35852459016393	487	1.0
37.37092896174863	5459	1.0
37.376666666666665	7235	1.0
37.39590163934426	7516	1.0
37.41098360655737	2111	1.0
37.422677595628414	4912	1.0
37.423879781420766	8258	1.0
37.44781420765027	9051	1.0
37.45508196721311	2637	1.0
37.45950819672131	4465	1.0
37.47213114754098	947	1.0
37.47273224043716	3290	1.0
37.47338797814208	9897	1.0
37.47896174863388	8563	1.0
37.48491803278689	2686	1.0
37.48830601092896	123	1.0
37.49016393442623	4897	1.0
37.4992349726776	9832	1.0
37.50644808743169	579	1.0
37.50726775956284	8184	1.0
37.514371584699454	8726	1.0
37.535956284153	9809	1.0
37.54114754098361	7435	1.0
37.55743169398907	1907	1.0
37.55792349726776	4060	1.0
37.5707650273224	486	1.0
37.57584699453552	7388	1.0
37.58049180327868	819	1.0
37.58109289617486	5895	1.0
37.61644808743169	9729	1.0
37.639508196721316	9829	1.0
37.670109289617486	6860	1.0
37.670491803278686	9891	1.0
37.672349726775956	3811	1.0
37.683114754098355	824	1.0
37.685792349726775	7394	1.0
37.70333333333333	3192	1.0
37.71218579234973	4375	1.0
37.72398907103825	374	1.0
37.73836065573771	3342	1.0
37.75196721311475	3131	1.0
37.7544262295082	7900	1.0
37.76158469945355	7588	1.0
37.76907103825136	2470	1.0
37.78475409836066	9238	1.0
37.79573770491803	3976	1.0
37.80131147540983	7360	1.0
37.80136612021858	163	1.0
37.83032786885246	7962	1.0
37.8675956284153	3210	1.0
37.87590163934426	4684	1.0
37.899071038251364	1044	1.0
37.899562841530056	8643	1.0
37.90103825136612	831	1.0
37.91174863387978	9092	1.0
37.91994535519125	5159	1.0
37.923387978142074	1086	1.0
37.92590163934427	8134	1.0
37.93617486338798	8455	1.0
37.941475409836066	7424	1.0
37.94273224043716	7030	1.0
37.95475409836065	6488	1.0
37.95803278688525	2465	1.0
37.97191256830601	8732	1.0
37.99092896174863	1861	1.0
37.99928961748633	5641	1.0
38.01502732240437	7210	1.0
38.03393442622951	7313	1.0
38.04377049180328	456	1.0
38.04584699453552	4149	1.0
38.04601092896175	5493	1.0
38.049890710382506	5323	1.0
38.060054644808744	6159	1.0
38.07147540983607	1533	1.0
38.082404371584694	3149	1.0
38.088633879781426	6795	1.0
38.09918032786886	6763	1.0
38.10234972677596	7287	1.0
38.104207650273224	7222	1.0
38.10666666666666	3481	1.0
38.115081967213115	4054	1.0
38.118797814207646	2146	1.0
38.11972677595629	611	1.0
38.120765027322406	9666	1.0
38.12885245901639	731	1.0
38.13846994535519	5425	1.0
38.16021857923497	5927	1.0
38.17071038251366	3410	1.0
38.18896174863388	7736	1.0
38.19349726775956	7617	1.0
38.195573770491805	7327	1.0
38.196557377049174	3336	1.0
38.20732240437159	3005	1.0
38.20923497267759	1818	1.0
38.21065573770492	3836	1.0
38.22338797814208	3255	1.0
38.24486338797814	3625	1.0
38.25229508196721	1715	1.0
38.25382513661202	1698	1.0
38.25770491803278	5695	1.0
38.26300546448087	1948	1.0
38.281639344262295	520	1.0
38.294754098360656	1712	1.0
38.303005464480876	9657	1.0
38.30874316939891	5100	1.0
38.32590163934426	6405	1.0
38.33677595628416	8143	1.0
38.33836065573771	4177	1.0
38.3472131147541	570	1.0
38.36524590163935	4048	1.0
38.37103825136612	5840	1.0
38.37114754098361	1655	1.0
38.37349726775956	1032	1.0
38.40081967213115	6303	1.0
38.40234972677595	128	1.0
38.402513661202185	2566	1.0
38.42289617486339	2633	1.0
38.430983606557376	2628	1.0
38.43371584699453	8721	1.0
38.435409836065574	4665	1.0
38.43726775956284	7899	1.0
38.43846994535519	4681	1.0
38.452677595628415	7848	1.0
38.4688524590164	7238	1.0
38.474316939890706	2016	1.0
38.482950819672126	7285	1.0
38.484153005464485	7067	1.0
38.492404371584705	8118	1.0
38.49267759562841	8374	1.0
38.49530054644809	1930	1.0
38.50109289617487	4409	1.0
38.519617486338795	3241	1.0
38.52912568306011	4697	1.0
38.53114754098361	4919	1.0
38.53398907103825	5269	1.0
38.56699453551913	2424	1.0
38.5835519125683	3684	1.0
38.60863387978142	7807	1.0
38.61710382513662	5764	1.0
38.6220218579235	7022	1.0
38.63513661202185	3715	1.0
38.637158469945355	4246	1.0
38.64770491803279	2807	1.0
38.65677595628415	4451	1.0
38.6579781420765	8836	1.0
38.65863387978142	6826	1.0
38.66797814207651	8910	1.0
38.67852459016394	1788	1.0
38.6855737704918	1011	1.0
38.68628415300546	1684	1.0
38.71693989071038	803	1.0
38.720000000000006	7704	1.0
38.7263387978142	7181	1.0
38.759125683060105	5018	1.0
38.76754098360656	8887	1.0
38.78896174863388	8633	1.0
38.7996174863388	2206	1.0
38.80459016393443	262	1.0
38.810765027322404	6745	1.0
38.81224043715847	9515	1.0
38.823497267759564	3711	1.0
38.826120218579234	5027	1.0
38.82846994535519	6579	1.0
38.83191256830601	3164	1.0
38.836666666666666	9971	1.0
38.84781420765027	8907	1.0
38.853169398907106	4738	1.0
38.86306010928962	9279	1.0
38.86409836065574	4023	1.0
38.86590163934426	4157	1.0
38.88961748633879	6493	1.0
38.89273224043716	4549	1.0
38.90185792349727	5966	1.0
38.91393442622951	548	1.0
38.92448087431694	5470	1.0
38.942131147540984	3300	1.0
38.96415300546448	7363	1.0
38.982950819672126	5504	1.0
38.99398907103826	582	1.0
39.003169398907104	3407	1.0
39.00775956284153	8166	1.0
39.016612021857924	5783	1.0
39.0268306010929	7409	1.0
39.02775956284153	5872	1.0
39.03606557377049	8964	1.0
39.04038251366121	1196	1.0
39.04540983606557	4133	1.0
39.06092896174864	6911	1.0
39.08377049180328	3987	1.0
39.083989071038246	8207	1.0
39.087322404371584	6218	1.0
39.10551912568306	7393	1.0
39.10852459016393	7469	1.0
39.128961748633884	6307	1.0
39.129726775956286	7961	1.0
39.13021857923497	2557	1.0
39.130819672131146	9718	1.0
39.15147540983606	5994	1.0
39.152131147540985	7361	1.0
39.171967213114755	3122	1.0
39.175409836065576	4711	1.0
39.19043715846995	1127	1.0
39.20251366120218	6748	1.0
39.211038251366126	4658	1.0
39.23726775956284	1400	1.0
39.26	7191	1.0
39.27459016393443	1139	1.0
39.291420765027326	625	1.0
39.29398907103825	2693	1.0
39.296557377049176	8746	1.0
39.29868852459016	361	1.0
39.301475409836065	8137	1.0
39.30191256830601	5149	1.0
39.334754098360655	8119	1.0
39.35245901639344	7255	1.0
39.35262295081967	2112	1.0
39.352677595628414	7457	1.0
39.357650273224046	9484	1.0
39.37300546448087	255	1.0
39.38573770491803	6417	1.0
39.389781420765026	3068	1.0
39.39814207650273	7400	1.0
39.40081967213115	6096	1.0
39.4048087431694	1199	1.0
39.40497267759562	3349	1.0
39.421967213114755	4597	1.0
39.43114754098361	5282	1.0
39.44994535519126	7535	1.0
39.4572131147541	6799	1.0
39.46016393442623	6853	1.0
39.48027322404372	9157	1.0
39.48437158469945	754	1.0
39.491639344262296	8324	1.0
39.502841530054646	9226	1.0
39.505683060109284	7681	1.0
39.507267759562836	6026	1.0
39.54928961748634	2461	1.0
39.56540983606558	8348	1.0
39.57928961748634	1565	1.0
39.593989071038244	5062	1.0
39.603879781420765	5715	1.0
39.624754098360654	8641	1.0
39.655081967213114	9373	1.0
39.66060109289617	6844	1.0
39.661092896174864	9910	1.0
39.66639344262295	5424	1.0
39.67808743169399	3701	1.0
39.678360655737706	5237	1.0
39.68120218579235	595	1.0
39.69765027322404	9856	1.0
39.703715846994534	1631	1.0
39.71480874316939	9493	1.0
39.720601092896175	898	1.0
39.72568306010929	6311	1.0
39.74060109289618	5182	1.0
39.75950819672131	8354	1.0
39.77125683060109	9595	1.0
39.802240437158474	3641	1.0
39.80890710382514	3296	1.0
39.81289617486338	5273	1.0
39.81349726775956	3346	1.0
39.81819672131147	7061	1.0
39.81912568306011	6461	1.0
39.82901639344262	8530	1.0
39.83306010928962	8444	1.0
39.84803278688524	8916	1.0
39.85060109289617	3117	1.0
39.86863387978142	5612	1.0
39.87540983606557	4797	1.0
39.8875956284153	8383	1.0
39.89677595628415	5440	1.0
39.905573770491806	8472	1.0
39.90573770491803	6454	1.0
39.935081967213115	2993	1.0
39.950437158469946	7111	1.0
39.95153005464481	5432	1.0
39.95213114754098	2965	1.0
39.96284153005465	3440	1.0
39.96327868852459	1837	1.0
39.97540983606557	9387	1.0
39.98546448087431	2816	1.0
39.98568306010929	6962	1.0
40.00459016393443	8623	1.0
40.00524590163934	6304	1.0
40.01322404371585	1748	1.0
40.01540983606557	8776	1.0
40.051038251366116	4834	1.0
40.06846994535519	7164	1.0
40.07043715846994	4226	1.0
40.0779781420765	1048	1.0
40.09650273224044	8564	1.0
40.11218579234973	8597	1.0
40.13770491803279	6124	1.0
40.1396174863388	5691	1.0
40.142404371584696	7065	1.0
40.14377049180328	9215	1.0
40.15639344262295	9451	1.0
40.17180327868852	3155	1.0
40.19502732240437	2011	1.0
40.197377049180325	7821	1.0
40.21661202185793	5523	1.0
40.221038251366124	4602	1.0
40.23322404371585	2698	1.0
40.24027322404372	16	1.0
40.26398907103825	9255	1.0
40.26715846994536	8229	1.0
40.28939890710383	1294	1.0
40.29032786885246	8291	1.0
40.315683060109286	4978	1.0
40.32939890710382	7278	1.0
40.33737704918033	6900	1.0
40.35092896174863	8114	1.0
40.353169398907106	6388	1.0
40.363224043715846	2038	1.0
40.36338797814208	4917	1.0
40.36491803278688	4470	1.0
40.37136612021858	382	1.0
40.37322404371585	9197	1.0
40.378907103825135	9826	1.0
40.388633879781416	7839	1.0
40.39273224043716	8625	1.0
40.39928961748634	7661	1.0
40.4	9389	1.0
40.40672131147541	7720	1.0
40.420819672131145	7934	1.0
40.423825136612024	3245	1.0
40.42879781420765	5761	1.0
40.43590163934426	9146	1.0
40.439180327868854	6732	1.0
40.443989071038246	6781	1.0
40.46049180327869	7047	1.0
40.46284153005465	6531	1.0
40.49147540983606	9601	1.0
40.493387978142074	2653	1.0
40.49781420765027	6094	1.0
40.51972677595628	9675	1.0
40.519999999999996	9785	1.0
40.522677595628416	577	1.0
40.53617486338798	2235	1.0
40.53983606557377	5184	1.0
40.5520218579235	1054	1.0
40.55901639344262	1982	1.0
40.563825136612024	9040	1.0
40.57262295081968	1912	1.0
40.574699453551915	6549	1.0
40.59306010928962	4193	1.0
40.59688524590164	2525	1.0
40.60628415300546	4091	1.0
40.620765027322406	3640	1.0
40.62715846994536	9596	1.0
40.661857923497266	9815	1.0
40.668142076502726	8454	1.0
40.67677595628415	9784	1.0
40.68786885245902	5868	1.0
40.709071038251366	3372	1.0
40.71180327868853	8628	1.0
40.74284153005464	3772	1.0
40.74743169398907	5838	1.0
40.7544262295082	4973	1.0
40.754972677595624	7385	1.0
40.76568306010929	8742	1.0
40.78502732240437	1537	1.0
40.79945355191256	6093	1.0
40.81060109289617	7698	1.0
40.85409836065573	6902	1.0
40.86109289617487	3573	1.0
40.862459016393444	871	1.0
40.86644808743169	2279	1.0
40.890601092896176	9868	1.0
40.89371584699453	7198	1.0
40.908852459016394	6451	1.0
40.938743169398904	6592	1.0
40.95060109289617	9565	1.0
40.95071038251366	5079	1.0
40.95398907103826	9118	1.0
40.958688524590166	5397	1.0
40.98153005464481	4399	1.0
40.99049180327869	1898	1.0
41.000601092896176	1798	1.0
41.005081967213115	6091	1.0
41.025519125683054	868	1.0
41.03180327868852	9752	1.0
41.04234972677595	6871	1.0
41.073169398907105	9837	1.0
41.07344262295082	5531	1.0
41.0948087431694	491	1.0
41.10704918032787	1142	1.0
41.11032786885246	3299	1.0
41.11420765027322	836	1.0
41.1216393442623	3826	1.0
41.1316393442623	1350	1.0
41.147978142076504	3932	1.0
41.16688524590164	3598	1.0
41.17409836065574	9802	1.0
41.17814207650274	1168	1.0
41.18601092896175	5051	1.0
41.19191256830601	812	1.0
41.21715846994536	3951	1.0
41.24207650273224	8533	1.0
41.25071038251366	8302	1.0
41.253169398907104	5529	1.0
41.27295081967213	7237	1.0
41.286448087431694	357	1.0
41.293169398907104	1996	1.0
41.30284153005465	9745	1.0
41.32497267759563	7218	1.0
41.33639344262295	9863	1.0
41.346393442622954	8985	1.0
41.346721311475406	3475	1.0
41.35147540983606	6717	1.0
41.37426229508197	8185	1.0
41.382786885245906	9792	1.0
41.387049180327864	8691	1.0
41.39158469945355	2317	1.0
41.40180327868852	6667	1.0
41.4144262295082	6233	1.0
41.41874316939891	1005	1.0
41.43289617486339	9019	1.0
41.43852459016393	2031	1.0
41.44016393442623	9673	1.0
41.486229508196715	2854	1.0
41.48732240437158	9100	1.0
41.493825136612024	8806	1.0
41.4992349726776	1731	1.0
41.501420765027326	1888	1.0
41.50666666666667	5401	1.0
41.51513661202186	6924	1.0
41.51683060109289	2833	1.0
41.52142076502732	7619	1.0
41.52213114754098	9461	1.0
41.524808743169395	2330	1.0
41.526666666666664	1080	1.0
41.55207650273224	5469	1.0
41.57060109289617	3056	1.0
41.57622950819672	8209	1.0
41.577213114754095	109	1.0
41.577322404371586	1124	1.0
41.58989071038251	928	1.0
41.594098360655735	119	1.0
41.594535519125685	4824	1.0
41.597049180327865	258	1.0
41.60103825136612	9446	1.0
41.60371584699454	2502	1.0
41.62573770491803	2289	1.0
41.63202185792349	9486	1.0
41.63661202185792	231	1.0
41.638306010928964	8135	1.0
41.641639344262295	6965	1.0
41.66803278688525	5325	1.0
41.67688524590164	2715	1.0
41.681693989071036	2132	1.0
41.69120218579235	3054	1.0
41.704918032786885	4783	1.0
41.73579234972677	5656	1.0
41.736338797814206	2793	1.0
41.73775956284153	894	1.0
41.7383606557377	3790	1.0
41.74174863387978	7916	1.0
41.7579781420765	4561	1.0
41.75967213114754	4710	1.0
41.78300546448087	9371	1.0
41.78622950819672	337	1.0
41.79295081967213	8246	1.0
41.796885245901635	5964	1.0
41.79704918032787	8308	1.0
41.79989071038251	9844	1.0
41.801803278688524	9684	1.0
41.83	7719	1.0
41.83344262295082	8950	1.0
41.84808743169399	1878	1.0
41.84912568306011	5539	1.0
41.86251366120218	2769	1.0
41.874535519125686	2236	1.0
41.88218579234972	5581	1.0
41.88661202185792	363	1.0
41.88918032786885	1200	1.0
41.89453551912568	203	1.0
41.90224043715847	3743	1.0
41.90377049180328	8957	1.0
41.911147540983606	9499	1.0
41.912185792349725	6778	1.0
41.91366120218579	2351	1.0
41.914043715846994	9426	1.0
41.916010928961754	3338	1.0
41.91792349726776	8159	1.0
41.9435519125683	8795	1.0
41.95360655737705	3775	1.0
41.96453551912568	4869	1.0
41.97267759562842	5127	1.0
41.975573770491806	1380	1.0
41.993060109289615	9997	1.0
41.99377049180328	3017	1.0
41.99568306010929	7477	1.0
41.99814207650273	7216	1.0
42.02027322404371	7645	1.0
42.039071038251365	4055	1.0
42.04032786885246	8822	1.0
42.04928961748634	4178	1.0
42.05338797814208	4507	1.0
42.07349726775956	460	1.0
42.075409836065575	3087	1.0
42.096338797814205	6247	1.0
42.09808743169398	1174	1.0
42.11065573770492	7958	1.0
42.110928961748634	7009	1.0
42.11295081967213	5208	1.0
42.128087431693984	8627	1.0
42.13054644808743	9286	1.0
42.13437158469946	2409	1.0
42.13622950819672	8874	1.0
42.1372131147541	2399	1.0
42.14005464480874	8580	1.0
42.1431693989071	5242	1.0
42.143606557377055	3291	1.0
42.15868852459016	9686	1.0
42.15945355191257	8158	1.0
42.16918032786885	5000	1.0
42.169726775956285	892	1.0
42.18677595628415	5945	1.0
42.199289617486336	6056	1.0
42.20540983606557	4640	1.0
42.21918032786885	1033	1.0
42.23459016393443	9546	1.0
42.242786885245906	4933	1.0
42.259508196721306	4258	1.0
42.259672131147546	5873	1.0
42.292513661202186	6737	1.0
42.29327868852459	8238	1.0
42.294316939890706	5638	1.0
42.29453551912568	7146	1.0
42.30420765027323	2748	1.0
42.307431693989066	1256	1.0
42.326502732240435	4288	1.0
42.3383606557377	9369	1.0
42.34098360655737	4289	1.0
42.36010928961749	7571	1.0
42.366557377049176	4263	1.0
42.38819672131147	7380	1.0
42.38967213114754	6186	1.0
42.39191256830601	404	1.0
42.3996174863388	8839	1.0
42.41765027322404	3896	1.0
42.42300546448087	5672	1.0
42.4396174863388	5475	1.0
42.4548087431694	5965	1.0
42.4635519125683	7819	1.0
42.46972677595628	9031	1.0
42.494590163934426	6118	1.0
42.500601092896176	3220	1.0
42.510655737704916	5050	1.0
42.52016393442623	9590	1.0
42.52081967213115	9137	1.0
42.52737704918032	8294	1.0
42.56382513661202	7016	1.0
42.57775956284153	3786	1.0
42.58573770491803	9861	1.0
42.58945355191257	5659	1.0
42.6151912568306	6028	1.0
42.62765027322404	8856	1.0
42.63071038251366	5560	1.0
42.63781420765027	3059	1.0
42.64005464480874	1625	1.0
42.64595628415301	6463	1.0
42.65245901639344	4063	1.0
42.65868852459016	9357	1.0
42.6612568306011	521	1.0
42.67579234972678	9996	1.0
42.67814207650273	5473	1.0
42.678251366120215	2668	1.0
42.684754098360656	4464	1.0
42.69415300546448	7056	1.0
42.69491803278688	3361	1.0
42.71661202185793	8340	1.0
42.7248087431694	3689	1.0
42.72901639344262	8424	1.0
42.72972677595628	5741	1.0
42.73726775956285	7973	1.0
42.73803278688525	1678	1.0
42.738306010928966	2738	1.0
42.747978142076505	6814	1.0
42.749781420765025	7113	1.0
42.7607650273224	4831	1.0
42.761475409836066	7453	1.0
42.76366120218579	7381	1.0
42.784207650273224	1443	1.0
42.80579234972678	2066	1.0
42.81879781420765	6032	1.0
42.828306010928955	6671	1.0
42.86387978142076	5233	1.0
42.8772131147541	6903	1.0
42.87956284153005	3697	1.0
42.884480874316935	4633	1.0
42.907103825136616	7642	1.0
42.91163934426229	8306	1.0
42.92071038251366	9110	1.0
42.93267759562842	2539	1.0
42.940655737704915	3530	1.0
42.9411475409836	7554	1.0
42.94393442622951	7630	1.0
42.948251366120225	5131	1.0
42.951857923497265	5410	1.0
42.974644808743165	1339	1.0
42.97497267759562	3901	1.0
42.981038251366115	4873	1.0
42.98202185792349	4685	1.0
42.989726775956285	5648	1.0
42.99131147540983	6522	1.0
42.99590163934426	273	1.0
42.996338797814204	2822	1.0
42.99737704918032	4661	1.0
42.998688524590165	1908	1.0
43.01683060109289	1695	1.0
43.042404371584695	269	1.0
43.04333333333333	554	1.0
43.06327868852458	4722	1.0
43.067158469945355	8808	1.0
43.07153005464481	2921	1.0
43.091967213114756	9439	1.0
43.09688524590164	3040	1.0
43.0996174863388	8615	1.0
43.11442622950819	7552	1.0
43.128524590163934	4261	1.0
43.140109289617484	2190	1.0
43.14262295081967	4170	1.0
43.26163934426229	2730	1.0
43.2631693989071	2944	1.0
43.27502732240437	1097	1.0
43.29672131147541	5320	1.0
43.300765027322406	4201	1.0
43.30426229508197	3176	1.0
43.30584699453552	1008	1.0
43.3083606557377	2982	1.0
43.30907103825136	3072	1.0
43.329180327868855	6418	1.0
43.34415300546448	1453	1.0
43.36737704918033	5999	1.0
43.37775956284153	6631	1.0
43.41125683060109	8820	1.0
43.41196721311475	9141	1.0
43.41655737704918	2357	1.0
43.417759562841525	7786	1.0
43.42404371584699	5559	1.0
43.42896174863388	6221	1.0
43.44792349726776	1926	1.0
43.45677595628415	7665	1.0
43.46060109289618	5374	1.0
43.466830601092894	4214	1.0
43.47032786885246	1100	1.0
43.47491803278688	8821	1.0
43.48234972677595	6230	1.0
43.49174863387978	8068	1.0
43.50251366120219	6139	1.0
43.50710382513661	3421	1.0
43.51338797814208	5937	1.0
43.538032786885246	2610	1.0
43.571256830601094	9356	1.0
43.57540983606557	8592	1.0
43.5779781420765	6658	1.0
43.583278688524594	20	1.0
43.598196721311474	7615	1.0
43.60065573770492	7160	1.0
43.61366120218579	5024	1.0
43.623715846994536	3945	1.0
43.65010928961748	6790	1.0
43.65928961748634	6337	1.0
43.66387978142077	9169	1.0
43.67027322404372	1283	1.0
43.677158469945354	9671	1.0
43.68715846994536	2093	1.0
43.68978142076503	5091	1.0
43.70808743169398	6412	1.0
43.7207650273224	9214	1.0
43.722896174863386	8332	1.0
43.736775956284156	2774	1.0
43.74054644808743	8483	1.0
43.77234972677596	8777	1.0
43.78032786885245	4341	1.0
43.78322404371584	526	1.0
43.786502732240436	7454	1.0
43.79218579234972	5197	1.0
43.82628415300546	8716	1.0
43.83781420765027	8449	1.0
43.84245901639344	2435	1.0
43.85950819672131	1966	1.0
43.8607650273224	8352	1.0
43.86726775956284	9682	1.0
43.87191256830601	401	1.0
43.87562841530055	711	1.0
43.89043715846994	2379	1.0
43.902841530054644	9922	1.0
43.92622950819672	232	1.0
43.930928961748634	4957	1.0
43.93415300546448	3500	1.0
43.94060109289617	8602	1.0
43.94338797814208	7888	1.0
43.945519125683056	3282	1.0
43.94601092896175	2549	1.0
43.958196721311474	2469	1.0
43.968360655737705	5847	1.0
43.97125683060109	505	1.0
43.99551912568305	6783	1.0
44.00136612021858	2848	1.0
44.00775956284153	5361	1.0
44.008032786885245	8124	1.0
44.011038251366124	3184	1.0
44.01918032786885	6534	1.0
44.02021857923497	5300	1.0
44.021475409836064	5075	1.0
44.030054644808736	4809	1.0
44.031967213114754	6917	1.0
44.04382513661202	7812	1.0
44.05016393442623	5836	1.0
44.053333333333335	1426	1.0
44.05885245901639	3355	1.0
44.06174863387978	6175	1.0
44.06180327868852	7844	1.0
44.06688524590164	2138	1.0
44.0727868852459	4322	1.0
44.07655737704918	2356	1.0
44.08639344262295	977	1.0
44.08846994535519	3287	1.0
44.10808743169399	8710	1.0
44.11289617486339	541	1.0
44.124808743169396	2702	1.0
44.13262295081967	2534	1.0
44.13590163934426	5676	1.0
44.13912568306011	4385	1.0
44.14967213114754	9660	1.0
44.16726775956284	6967	1.0
44.167923497267765	1892	1.0
44.17185792349727	660	1.0
44.182021857923495	4017	1.0
44.192896174863385	9781	1.0
44.22295081967213	747	1.0
44.22568306010929	1399	1.0
44.22754098360656	4135	1.0
44.23284153005465	8594	1.0
44.23770491803278	6275	1.0
44.240109289617486	7217	1.0
44.25644808743169	8871	1.0
44.259508196721306	7785	1.0
44.266284153005465	8447	1.0
44.26693989071038	3620	1.0
44.270437158469946	5030	1.0
44.274098360655735	5085	1.0
44.27688524590163	4259	1.0
44.27885245901639	2976	1.0
44.286448087431694	9587	1.0
44.289836065573766	7691	1.0
44.29426229508197	8697	1.0
44.30721311475409	3362	1.0
44.312240437158465	6694	1.0
44.314098360655734	8098	1.0
44.31956284153006	4531	1.0
44.31956284153006	939	1.0
44.32415300546448	1414	1.0
44.33420765027322	2328	1.0
44.339344262295086	8645	1.0
44.34612021857924	6385	1.0
44.35218579234973	2892	1.0
44.35300546448087	1461	1.0
44.36683060109289	2434	1.0
44.37109289617486	6693	1.0
44.37120218579235	3754	1.0
44.380327868852454	6599	1.0
44.41650273224044	3686	1.0
44.42065573770491	9014	1.0
44.423497267759565	710	1.0
44.44120218579235	1794	1.0
44.466010928961744	655	1.0
44.467650273224045	7867	1.0
44.482185792349725	127	1.0
44.48508196721311	9339	1.0
44.494535519125684	4277	1.0
44.510983606557375	5339	1.0
44.512185792349726	6241	1.0
44.52142076502732	7219	1.0
44.532349726775955	405	1.0
44.54322404371585	1496	1.0
44.55125683060109	2621	1.0
44.556338797814206	8349	1.0
44.56994535519125	2101	1.0
44.59497267759563	9613	1.0
44.5996174863388	4818	1.0
44.6227868852459	9431	1.0
44.622896174863385	9047	1.0
44.63207650273224	825	1.0
44.63251366120218	5799	1.0
44.633770491803276	5196	1.0
44.63863387978142	3443	1.0
44.6403825136612	7550	1.0
44.65650273224043	3177	1.0
44.65945355191257	4223	1.0
44.66081967213115	7013	0.0
44.683169398907104	1994	1.0
44.70136612021858	9213	1.0
44.712786885245905	1401	1.0
44.71852459016394	9593	1.0
44.7227868852459	1887	1.0
44.730273224043714	3665	1.0
44.732513661202184	3367	1.0
44.74857923497268	7294	1.0
44.7775956284153	442	1.0
44.78136612021858	7052	1.0
44.79573770491803	6557	1.0
44.81284153005464	1293	1.0
44.83005464480874	4918	1.0
44.836666666666666	6394	1.0
44.8407650273224	1069	1.0
44.84661202185792	4737	1.0
44.85103825136612	7733	1.0
44.86792349726775	4509	1.0
44.87841530054645	2123	1.0
44.878469945355185	5907	1.0
44.88945355191257	5690	1.0
44.9011475409836	5723	1.0
44.91295081967213	4208	1.0
44.91650273224044	3364	1.0
44.929344262295075	6506	1.0
44.94327868852459	4528	1.0
44.94453551912569	4494	1.0
44.948907103825135	6998	1.0
44.96677595628415	1955	1.0
44.9727868852459	9911	1.0
44.97978142076502	8421	1.0
44.980273224043714	2869	1.0
44.983005464480875	8864	1.0
44.98464480874317	9890	1.0
44.99158469945355	6584	1.0
45.03743169398907	3316	1.0
45.044644808743165	1747	1.0
45.06442622950819	896	1.0
45.07360655737705	8712	1.0
45.0748087431694	1671	1.0
45.0779781420765	8685	1.0
45.085081967213114	4867	1.0
45.092896174863384	3766	1.0
45.09661202185792	8529	1.0
45.10453551912568	688	1.0
45.16174863387978	2100	1.0
45.174043715847	176	1.0
45.178360655737706	8335	1.0
45.179508196721315	5598	1.0
45.20475409836065	9317	1.0
45.22021857923497	1942	1.0
45.222459016393444	8481	1.0
45.25825136612021	1857	1.0
45.25928961748634	6479	1.0
45.26409836065574	5886	1.0
45.273387978142075	2814	1.0
45.30415300546448	3382	1.0
45.31344262295082	138	1.0
45.33224043715847	7960	1.0
45.35049180327869	9583	1.0
45.3551912568306	4675	1.0
45.35846994535519	5924	1.0
45.362404371584695	8600	1.0
45.37486338797814	4302	1.0
45.38426229508196	9050	1.0
45.393060109289614	966	1.0
45.40584699453552	1546	1.0
45.43486338797815	4758	1.0
45.43628415300546	7251	1.0
45.44606557377049	2532	1.0
45.46333333333334	8765	1.0
45.46442622950819	4848	1.0
45.47939890710383	3803	1.0
45.48311475409836	9437	1.0
45.48655737704918	9724	1.0
45.49213114754098	615	1.0
45.509890710382514	2024	1.0
45.51076502732241	204	1.0
45.52136612021858	9646	1.0
45.527158469945356	6551	1.0
45.53158469945355	5174	1.0
45.544754098360656	1946	1.0
45.54612021857923	3940	1.0
45.578032786885245	4583	1.0
45.58464480874317	7295	1.0
45.595628415300546	5749	1.0
45.598633879781424	5077	1.0
45.60284153005465	8577	1.0
45.63530054644809	8665	1.0
45.64049180327869	620	1.0
45.651311475409834	2603	1.0
45.65136612021858	2452	1.0
45.666393442622955	7392	1.0
45.66863387978142	8109	1.0
45.67628415300546	2130	1.0
45.69032786885246	5080	1.0
45.69273224043716	1620	1.0
45.69622950819672	4146	1.0
45.70672131147541	5350	1.0
45.71098360655738	7603	1.0
45.72420765027322	2237	1.0
45.7355737704918	4280	1.0
45.73868852459017	3759	1.0
45.752076502732244	2321	1.0
45.760273224043715	5603	1.0
45.761038251366124	7431	1.0
45.77912568306011	4616	1.0
45.785027322404375	3215	1.0
45.78535519125683	2188	1.0
45.80781420765027	131	1.0
45.816338797814204	6014	1.0
45.82983606557377	3865	1.0
45.85579234972677	6565	1.0
45.8603825136612	8609	1.0
45.882349726775956	7138	1.0
45.886721311475405	8994	1.0
45.89404371584699	7036	1.0
45.903661202185795	6806	1.0
45.910874316939896	4732	1.0
45.92103825136612	3833	1.0
45.947049180327866	1711	1.0
45.97109289617486	4477	1.0
45.973224043715845	4180	1.0
45.978524590163936	3515	1.0
45.9820218579235	7041	1.0
45.99404371584699	3253	1.0
45.99775956284153	9681	1.0
46.00819672131148	4998	1.0
46.00890710382514	1101	1.0
46.03715846994535	8065	1.0
46.037650273224045	4838	1.0
46.04174863387978	2191	1.0
46.05464480874316	4698	1.0
46.065300546448086	705	1.0
46.06732240437158	5900	1.0
46.069836065573774	3673	1.0
46.07071038251367	6637	1.0
46.07420765027322	1656	1.0
46.09404371584699	7555	1.0
46.09950819672131	9917	1.0
46.10808743169399	3944	1.0
46.108743169398906	403	1.0
46.115081967213115	7741	1.0
46.11584699453552	4656	1.0
46.12103825136612	2213	1.0
46.12289617486339	4615	1.0
46.13699453551912	8869	1.0
46.17387978142076	9219	1.0
46.183169398907104	7616	1.0
46.188743169398904	2684	1.0
46.19114754098361	7710	1.0
46.19284153005464	5336	1.0
46.19311475409836	6398	1.0
46.19983606557377	1760	1.0
46.20989071038252	7677	1.0
46.214590163934425	9958	1.0
46.21486338797814	1653	1.0
46.239289617486335	2917	1.0
46.26153005464481	9550	1.0
46.26349726775957	7873	1.0
46.26781420765027	8844	1.0
46.27229508196721	9668	1.0
46.281202185792345	5786	1.0
46.28273224043716	9337	1.0
46.289562841530056	9913	1.0
46.290163934426225	7397	0.0
46.292786885245896	295	1.0
46.300382513661205	7001	1.0
46.33010928961749	3042	1.0
46.37551912568306	722	1.0
46.38010928961749	7401	1.0
46.386393442622946	9329	1.0
46.39071038251366	287	1.0
46.394644808743166	3428	1.0
46.39972677595628	1079	1.0
46.40087431693989	855	1.0
46.40371584699454	2183	1.0
46.40945355191257	5247	1.0
46.43071038251366	5220	1.0
46.435792349726775	146	1.0
46.44306010928962	9569	1.0
46.44978142076503	759	1.0
46.461748633879786	2167	1.0
46.47497267759563	1784	1.0
46.48633879781421	6475	1.0
46.49060109289617	3659	1.0
46.510327868852464	6187	1.0
46.5135519125683	2507	1.0
46.55530054644809	4197	1.0
46.55601092896175	8342	1.0
46.55693989071038	1113	1.0
46.572732240437155	1229	1.0
46.57519125683061	2509	1.0
46.58306010928962	1299	1.0
46.58420765027322	317	1.0
46.5944262295082	6434	1.0
46.59475409836065	4844	1.0
46.61748633879781	2294	1.0
46.63180327868852	2851	1.0
46.63382513661202	392	1.0
46.6763387978142	9161	1.0
46.70437158469945	9159	1.0
46.708196721311474	9075	1.0
46.70945355191257	6820	1.0
46.72005464480874	253	1.0
46.72939890710383	4799	1.0
46.737431693989066	7790	1.0
46.74852459016393	796	1.0
46.74918032786885	4932	1.0
46.750109289617484	9741	1.0
46.77027322404371	6947	1.0
46.788797814207655	399	1.0
46.789508196721314	2690	1.0
46.80469945355191	9725	1.0
46.81136612021858	3531	1.0
46.823879781420764	9459	1.0
46.83049180327869	5812	1.0
46.85147540983606	6674	1.0
46.858360655737705	6265	1.0
46.87377049180328	2094	1.0
46.88311475409836	1336	1.0
46.88437158469945	170	1.0
46.90349726775956	6512	1.0
46.91841530054645	2642	1.0
46.919726775956285	728	1.0
46.9231693989071	3074	1.0
46.92393442622951	3992	1.0
46.92442622950819	8190	1.0
46.92770491803279	6396	1.0
46.935737704918026	4828	1.0
46.9444262295082	9912	1.0
46.95065573770492	3800	1.0
46.95743169398907	110	1.0
46.96327868852459	1787	1.0
46.96360655737705	2604	1.0
46.96420765027322	1325	1.0
46.97016393442623	434	1.0
46.9820218579235	8863	1.0
46.98502732240438	5147	1.0
46.986775956284156	1092	1.0
46.989726775956285	899	1.0
46.991147540983604	7157	1.0
47.00043715846994	2145	1.0
47.00530054644809	6833	1.0
47.00896174863388	2942	1.0
47.012513661202185	23	1.0
47.0135519125683	4315	1.0
47.01677595628415	140	1.0
47.024098360655735	3021	1.0
47.033060109289615	6227	1.0
47.03622950819672	2050	1.0
47.03852459016394	3742	1.0
47.048524590163936	2561	1.0
47.05131147540983	6004	1.0
47.05311475409836	5210	1.0
47.05387978142076	723	1.0
47.054808743169396	5699	1.0
47.056666666666665	9703	1.0
47.067978142076505	9896	1.0
47.07311475409836	7836	1.0
47.07524590163934	4347	1.0
47.087704918032784	4381	1.0
47.08912568306011	6361	1.0
47.1003825136612	999	1.0
47.10333333333333	3289	1.0
47.17065573770492	7186	1.0
47.17672131147541	5940	1.0
47.18601092896174	9406	1.0
47.18907103825136	9560	1.0
47.19633879781421	7254	1.0
47.20191256830601	9919	1.0
47.23213114754098	2908	1.0
47.28377049180328	2403	1.0
47.28398907103825	563	1.0
47.28475409836066	3395	1.0
47.28524590163934	4922	1.0
47.29846994535519	7699	1.0
47.307049180327866	3722	1.0
47.31857923497268	5556	1.0
47.33453551912568	4257	1.0
47.351584699453554	889	1.0
47.35497267759563	1361	1.0
47.35928961748633	7707	1.0
47.36	6390	1.0
47.36950819672131	929	1.0
47.38459016393442	430	1.0
47.39114754098361	5551	1.0
47.40803278688525	7591	1.0
47.41726775956285	9304	1.0
47.41863387978142	7620	1.0
47.434043715847	961	1.0
47.43786885245901	6421	1.0
47.44267759562841	2363	1.0
47.45540983606558	3031	1.0
47.45765027322404	2089	1.0
47.463442622950815	6619	1.0
47.463442622950815	2661	1.0
47.473333333333336	6756	1.0
47.47459016393442	8997	1.0
47.4751912568306	4669	1.0
47.47590163934426	6972	1.0
47.48475409836066	795	1.0
47.49109289617486	2591	1.0
47.49814207650273	3375	1.0
47.53147540983606	5980	1.0
47.53655737704918	3411	1.0
47.54666666666667	2021	1.0
47.56049180327869	5113	1.0
47.56846994535519	1650	1.0
47.595245901639345	3972	1.0
47.60016393442623	7708	1.0
47.60830601092896	1939	1.0
47.61950819672131	6508	1.0
47.629617486338795	1112	1.0
47.63333333333333	542	1.0
47.635355191256835	7709	1.0
47.66245901639344	2987	1.0
47.66306010928962	9641	1.0
47.66770491803279	1880	1.0
47.66939890710382	2565	1.0
47.67021857923497	1569	1.0
47.673497267759565	5899	1.0
47.703005464480874	3039	1.0
47.70459016393443	1404	1.0
47.71486338797814	2228	1.0
47.71737704918033	4691	1.0
47.720601092896175	8923	1.0
47.72978142076503	8841	1.0
47.730655737704915	7943	1.0
47.741530054644805	9851	1.0
47.75153005464481	8437	1.0
47.76147540983606	4493	1.0
47.76333333333333	9300	1.0
47.77825136612022	2368	1.0
47.79879781420765	6459	1.0
47.80163934426229	7522	1.0
47.808579234972676	7501	1.0
47.822786885245904	1288	1.0
47.82360655737705	1134	1.0
47.83868852459017	8261	1.0
47.86185792349727	2230	1.0
47.87934426229508	7351	1.0
47.898415300546446	5855	1.0
47.90043715846994	7956	1.0
47.90863387978142	6595	1.0
47.90874316939891	8440	1.0
47.96245901639344	8409	1.0
47.96409836065574	1567	1.0
47.96852459016393	6612	1.0
47.98912568306011	3445	1.0
47.99142076502732	685	1.0
47.99781420765027	4370	1.0
47.99961748633879	3891	1.0
48.00136612021858	6195	1.0
48.0044262295082	702	1.0
48.00448087431694	118	1.0
48.00677595628415	9939	1.0
48.02344262295082	9109	1.0
48.03568306010929	5748	1.0
48.039125683060114	7826	1.0
48.05158469945355	1367	1.0
48.052185792349725	328	1.0
48.059999999999995	2134	1.0
48.0624043715847	9133	1.0
48.076174863387976	6245	1.0
48.07677595628415	53	1.0
48.07775956284153	8250	1.0
48.09267759562841	1051	1.0
48.097103825136614	6719	1.0
48.113661202185796	9056	1.0
48.13262295081967	4006	1.0
48.15049180327868	5557	1.0
48.163333333333334	1963	1.0
48.18890710382514	1481	1.0
48.19153005464481	1071	1.0
48.19830601092896	7091	1.0
48.19939890710383	2598	1.0
48.20131147540984	3618	1.0
48.204207650273226	8516	1.0
48.210437158469944	7029	1.0
48.21584699453552	1782	1.0
48.223224043715845	3178	1.0
48.225573770491806	3964	1.0
48.23644808743169	5305	1.0
48.261092896174866	3544	1.0
48.261803278688525	8438	1.0
48.272896174863384	3745	1.0
48.27775956284153	3819	1.0
48.28393442622951	3000	1.0
48.295846994535516	8905	1.0
48.29666666666667	181	1.0
48.299617486338796	5017	1.0
48.31475409836065	7931	1.0
48.31967213114754	3552	1.0
48.31994535519126	4456	1.0
48.353879781420765	9862	1.0
48.39218579234973	8969	1.0
48.41743169398907	6621	1.0
48.42213114754098	3636	1.0
48.42513661202186	1729	1.0
48.430218579234975	5416	1.0
48.43147540983607	9039	1.0
48.44732240437158	9485	1.0
48.45065573770491	4667	1.0
48.47601092896175	1470	1.0
48.48289617486339	517	1.0
48.48486338797814	4677	1.0
48.485901639344256	3079	1.0
48.50081967213115	3883	1.0
48.51344262295082	1251	1.0
48.523333333333326	3049	1.0
48.527978142076506	4190	1.0
48.53213114754098	962	1.0
48.532677595628414	2407	1.0
48.53486338797814	4504	1.0
48.54710382513661	8237	1.0
48.56540983606558	4338	1.0
48.56628415300547	308	1.0
48.57978142076502	8647	1.0
48.58338797814208	5486	1.0
48.58524590163935	7116	1.0
48.58737704918033	8076	1.0
48.5875956284153	7013	1.0
48.59448087431694	4887	1.0
48.59639344262295	616	1.0
48.60748633879781	7749	1.0
48.613989071038255	100	1.0
48.63131147540984	6360	1.0
48.69120218579235	8079	1.0
48.69918032786885	5538	1.0
48.711311475409836	8826	1.0
48.729617486338796	983	1.0
48.73311475409836	4723	1.0
48.742295081967214	8573	1.0
48.74551912568306	9155	1.0
48.74808743169399	4994	1.0
48.7548087431694	8608	1.0
48.76633879781421	2948	1.0
48.76830601092897	3218	1.0
48.7851912568306	2466	1.0
48.80950819672131	8125	1.0
48.816775956284154	6498	1.0
48.82568306010929	8396	1.0
48.84961748633879	1975	1.0
48.851256830601095	4109	1.0
48.85693989071038	5344	1.0
48.874863387978145	3894	1.0
48.894262295081965	6530	1.0
48.89748633879782	6439	1.0
48.898032786885246	3470	1.0
48.915573770491804	7087	1.0
48.92508196721311	117	1.0
48.925737704918035	6821	1.0
48.92743169398907	2964	1.0
48.94191256830601	5391	1.0
48.94431693989071	1466	1.0
48.94836065573771	6760	1.0
48.94912568306011	4238	1.0
48.96295081967214	9900	1.0
48.9883606557377	2320	1.0
48.98923497267759	1318	1.0
49.00633879781421	2092	1.0
49.01677595628415	5194	1.0
49.02606557377049	2488	1.0
49.03699453551913	8377	1.0
49.07120218579235	9123	1.0
49.07158469945355	9770	1.0
49.07491803278688	7489	1.0
49.075956284153	2681	1.0
49.09136612021858	6933	1.0
49.09540983606557	8931	1.0
49.104590163934425	9173	1.0
49.11486338797814	7058	1.0
49.1151912568306	5234	1.0
49.12459016393443	4269	1.0
49.13245901639344	1514	1.0
49.13311475409836	6772	1.0
49.13442622950819	5578	1.0
49.14273224043716	4748	1.0
49.206830601092896	6635	1.0
49.20989071038251	8458	1.0
49.22071038251366	3405	1.0
49.22092896174863	1628	1.0
49.23043715846994	68	1.0
49.2424043715847	8230	1.0
49.24770491803279	351	1.0
49.26185792349727	7288	1.0
49.2624043715847	8961	1.0
49.265464480874314	933	1.0
49.268415300546444	7678	1.0
49.26956284153005	8487	1.0
49.27415300546448	2373	1.0
49.27431693989071	2438	1.0
49.27579234972677	2907	1.0
49.27650273224044	7992	1.0
49.27737704918032	5861	1.0
49.278196721311474	7518	1.0
49.281530054644804	5963	1.0
49.282786885245905	700	1.0
49.29027322404371	7872	1.0
49.29081967213114	8477	1.0
49.302185792349725	673	1.0
49.30945355191257	1462	1.0
49.33043715846994	1267	1.0
49.348196721311474	1583	1.0
49.35852459016394	2802	1.0
49.37601092896175	237	1.0
49.38087431693989	7734	1.0
49.40546448087432	8544	1.0
49.422732240437156	47	1.0
49.45535519125683	3965	1.0
49.461967213114754	3417	1.0
49.469125683060106	7713	1.0
49.47322404371585	1854	1.0
49.47890710382514	4674	1.0
49.48245901639344	2259	1.0
49.484535519125686	5616	1.0
49.49513661202186	817	1.0
49.49622950819672	7984	1.0
49.500601092896176	4826	1.0
49.50333333333333	4401	1.0
49.504043715847	522	1.0
49.50852459016394	2859	1.0
49.51573770491803	2422	1.0
49.51846994535519	5694	1.0
49.52426229508197	9201	1.0
49.524426229508194	7731	1.0
49.52699453551913	52	1.0
49.52803278688525	5009	1.0
49.54786885245902	3181	1.0
49.566448087431695	839	1.0
49.56830601092896	9224	1.0
49.585464480874315	846	1.0
49.59071038251366	1392	1.0
49.59469945355191	4979	1.0
49.595136612021854	104	1.0
49.597759562841524	981	1.0
49.64699453551913	4150	1.0
49.650601092896174	8715	1.0
49.653934426229505	5649	1.0
49.65617486338798	8759	1.0
49.667158469945356	2207	1.0
49.6755737704918	3970	1.0
49.689180327868854	5251	1.0
49.70650273224044	2840	1.0
49.70655737704918	3733	1.0
49.71251366120218	2999	1.0
49.713169398907105	5511	1.0
49.72748633879781	1971	1.0
49.73234972677596	432	1.0
49.74131147540984	4498	1.0
49.74387978142076	7531	1.0
49.75912568306011	8019	1.0
49.7751912568306	8833	1.0
49.77967213114754	888	1.0
49.79448087431694	6191	1.0
49.80338797814208	7025	1.0
49.80420765027323	5362	1.0
49.80704918032787	4580	1.0
49.81174863387978	4538	1.0
49.818360655737706	9058	1.0
49.82349726775956	9254	1.0
49.856939890710386	8867	1.0
49.86355191256831	2877	1.0
49.86710382513661	3616	1.0
49.8679781420765	6048	1.0
49.896939890710385	5130	1.0
49.94502732240437	2386	1.0
49.95573770491803	4890	1.0
49.95737704918033	5550	1.0
49.971311475409834	1714	1.0
49.97874316939891	506	1.0
49.98846994535519	5953	1.0
50.001420765027326	2776	1.0
50.00524590163934	5448	1.0
50.02890710382514	2234	1.0
50.0344262295082	2020	1.0
50.0420218579235	6243	1.0
50.06912568306011	9202	1.0
50.085355191256824	9965	1.0
50.102677595628414	4422	1.0
50.103060109289615	9982	1.0
50.12513661202186	1014	1.0
50.131202185792354	9731	1.0
50.14295081967213	7697	1.0
50.14770491803279	1956	1.0
50.151366120218576	3496	1.0
50.15344262295082	3889	1.0
50.155792349726774	7480	1.0
50.161366120218574	1166	1.0
50.17300546448087	3153	1.0
50.18005464480874	2834	1.0
50.186174863387976	5405	1.0
50.20989071038251	3498	1.0
50.219125683060106	3170	1.0
50.22825136612022	919	1.0
50.23617486338798	2451	1.0
50.24207650273224	8451	1.0
50.24803278688525	7601	1.0
50.25469945355191	4386	1.0
50.25918032786885	9330	1.0
50.268852459016394	8711	1.0
50.27010928961749	6038	1.0
50.27601092896175	936	1.0
50.27683060109289	3776	1.0
50.29043715846995	5098	1.0
50.29207650273224	4242	1.0
50.30016393442623	9263	1.0
50.31098360655738	2537	1.0
50.314808743169394	1202	1.0
50.3383606557377	6400	1.0
50.340437158469946	3279	1.0
50.37185792349727	7850	1.0
50.39251366120219	8469	1.0
50.41142076502732	8510	1.0
50.41551912568306	8970	1.0
50.4175956284153	6709	1.0
50.44256830601093	7817	1.0
50.44568306010929	9877	1.0
50.45032786885246	586	1.0
50.46218579234973	7542	1.0
50.46918032786885	5112	1.0
50.470491803278684	4554	1.0
50.4772131147541	1353	1.0
50.497868852459014	8850	1.0
50.50043715846995	6950	1.0
50.5020218579235	8501	1.0
50.502404371584696	4728	1.0
50.50732240437158	5675	1.0
50.52967213114754	3949	1.0
50.53016393442623	5666	1.0
50.540983606557376	8666	1.0
50.561147540983605	7040	1.0
50.5707650273224	7397	1.0
50.58229508196721	5398	1.0
50.58415300546448	8161	1.0
50.58874316939891	571	1.0
50.6127868852459	9006	1.0
50.61535519125683	1151	1.0
50.62229508196721	8316	1.0
50.624808743169396	9182	1.0
50.63912568306011	6183	1.0
50.64109289617486	5120	1.0
50.64677595628415	7155	1.0
50.66174863387978	5708	1.0
50.66830601092896	2821	1.0
50.688360655737704	7319	1.0
50.72551912568306	1121	1.0
50.734535519125686	1825	1.0
50.74879781420765	2064	1.0
50.75639344262295	1902	1.0
50.76098360655738	4206	1.0
50.76098360655738	4116	1.0
50.76338797814207	8050	1.0
50.76743169398907	4345	1.0
50.77726775956284	9543	1.0
50.78284153005465	5019	1.0
50.783551912568306	6786	1.0
50.78775956284153	9003	1.0
50.79158469945355	6368	1.0
50.810054644808744	2	1.0
