0.03623726775956284	269	1.0
0.07696120218579235	8864	1.0
0.14138852459016393	6719	1.0
0.15302240437158468	3459	1.0
0.1556655737704918	8099	1.0
0.29948524590163933	6125	1.0
0.3007486338797814	1298	1.0
0.3204513661202186	5590	1.0
0.4418437158469945	9927	1.0
0.5173666666666666	5191	1.0
0.5764699453551912	5125	1.0
0.6203497267759563	6019	1.0
0.6404371584699454	5514	1.0
0.6588306010928963	8336	1.0
0.7477103825136612	3043	1.0
0.7722295081967213	6461	1.0
0.7802732240437158	2591	1.0
0.8647978142076503	3613	1.0
0.8991748633879781	5345	1.0
0.9968142076502732	9571	1.0
1.0442459016393442	504	1.0
1.1151857923497266	9879	1.0
1.339590163934426	4253	1.0
1.3469890710382513	2464	1.0
1.4235792349726777	1899	1.0
1.4297486338797813	7926	1.0
1.4951475409836064	1179	1.0
1.5158852459016394	1795	1.0
1.6137049180327867	2577	1.0
1.6391147540983606	5086	1.0
1.6851202185792349	7818	1.0
1.8194863387978142	9288	1.0
1.8588251366120219	6764	1.0
1.8996994535519125	683	1.0
1.9190491803278689	3757	1.0
2.052306010928962	2421	1.0
2.068573770491803	8692	1.0
2.1686284153005464	2145	1.0
2.2259289617486337	4171	1.0
2.267912568306011	5482	1.0
2.288366120218579	342	1.0
2.3073551912568306	2714	1.0
2.3233442622950817	9318	1.0
2.374901639344262	896	1.0
2.3911693989071034	4902	1.0
2.3956994535519125	3854	1.0
2.4974480874316938	5845	1.0
2.501628415300546	420	1.0
2.572967213114754	1706	1.0
2.5812185792349727	5557	1.0
2.6075628415300547	1750	1.0
2.625814207650273	8183	1.0
2.674622950819672	4855	1.0
2.7146775956284155	5992	1.0
2.716568306010929	9485	1.0
2.7344699453551913	3216	1.0
2.764710382513661	4731	1.0
2.772158469945355	5562	1.0
2.780114754098361	5275	1.0
2.782710382513661	6605	1.0
2.7830655737704917	753	1.0
2.7994644808743168	6203	1.0
2.8076174863387977	6257	1.0
2.9736174863387976	8209	1.0
3.047551912568306	3973	1.0
3.0844207650273225	4063	1.0
3.103344262295082	4389	1.0
3.1546775956284154	3906	1.0
3.160415300546448	6791	1.0
3.229448087431694	5157	1.0
3.2499234972677593	981	1.0
3.290978142076503	6566	1.0
3.306398907103825	8463	1.0
3.3403715846994535	2080	1.0
3.4513551912568303	7286	1.0
3.5188196721311478	6903	1.0
3.578912568306011	1921	1.0
3.629573770491803	2537	1.0
3.729732240437158	8904	1.0
3.734989071038251	7106	1.0
3.825377049180328	5739	1.0
3.873950819672131	7998	1.0
3.9241857923497268	2445	1.0
3.975737704918033	7189	1.0
3.997814207650273	9902	1.0
4.104081967213115	2417	1.0
4.281956284153005	6918	1.0
4.289120218579234	8390	1.0
4.354289617486339	8320	1.0
4.577431693989071	2757	1.0
4.632775956284153	3028	1.0
4.682065573770491	7777	1.0
4.695213114754098	6019	0.0
4.695464480874317	2415	1.0
4.822	9135	1.0
4.825704918032787	4197	1.0
4.876224043715847	9034	1.0
4.937890710382514	8854	1.0
4.999710382513661	7836	1.0
5.10688524590164	3934	1.0
5.257693989071038	3738	1.0
5.2901366120218585	3891	1.0
5.351311475409836	6086	1.0
5.369366120218579	7383	1.0
5.589508196721312	4419	1.0
5.689508196721311	6449	1.0
5.71983606557377	8035	1.0
5.768688524590164	8123	1.0
5.898360655737704	6255	1.0
5.914153005464481	9005	1.0
5.985683060109289	8544	1.0
6.0556284153005455	1409	1.0
6.117540983606557	3962	1.0
6.160601092896175	2531	1.0
6.178524590163934	9916	1.0
6.32448087431694	9160	1.0
6.3619125683060105	6901	1.0
6.376830601092896	542	1.0
6.382295081967213	3812	1.0
6.434262295081967	1038	1.0
6.469016393442622	8283	1.0
6.47672131147541	2973	1.0
6.5078688524590165	9262	1.0
6.612896174863388	4189	1.0
6.6447540983606554	6009	1.0
6.6737158469945355	6283	1.0
6.717704918032786	5060	1.0
6.746393442622951	1283	1.0
6.753005464480874	1927	1.0
6.761147540983606	8614	1.0
6.829180327868853	8174	1.0
6.973551912568306	8829	1.0
7.022404371584699	1813	1.0
7.076448087431694	7695	1.0
7.1463934426229505	686	1.0
7.151256830601093	3110	1.0
7.179289617486338	5593	1.0
7.179562841530054	6640	1.0
7.340819672131147	5781	1.0
7.394699453551913	6529	1.0
7.457267759562842	478	1.0
7.498087431693989	6729	1.0
7.520273224043716	9216	1.0
7.556830601092896	4336	1.0
7.613497267759563	5131	1.0
7.716393442622951	2445	0.0
7.77535519125683	6456	1.0
7.841693989071038	7105	1.0
7.871530054644809	6520	1.0
7.911639344262294	7382	1.0
7.918142076502732	4367	1.0
8.019398907103824	228	1.0
8.087267759562842	4568	1.0
8.130054644808743	7914	1.0
8.148196721311475	6727	1.0
8.18655737704918	1012	1.0
8.2175956284153	5811	1.0
8.2975956284153	558	1.0
8.331475409836067	5216	1.0
8.33655737704918	4094	1.0
8.346174863387978	4443	1.0
8.38087431693989	9192	1.0
8.394043715846994	5444	1.0
8.430765027322405	4706	1.0
8.47464480874317	7065	1.0
8.563551912568306	6821	1.0
8.679125683060109	1972	1.0
8.7075956284153	215	1.0
8.74983606557377	2840	1.0
9.080819672131149	9087	1.0
9.090218579234973	7304	1.0
9.102349726775955	7388	1.0
9.154098360655738	9739	1.0
9.16863387978142	5261	1.0
9.193497267759563	9245	1.0
9.210437158469945	4777	1.0
9.304371584699453	9915	1.0
9.372950819672132	2374	1.0
9.385519125683059	1751	1.0
9.412841530054646	9349	1.0
9.42945355191257	3582	1.0
9.472131147540983	1647	1.0
9.473224043715847	3948	1.0
9.485792349726776	7034	1.0
9.556666666666667	7029	1.0
9.577814207650272	3485	1.0
9.590491803278688	7880	1.0
9.594426229508196	120	1.0
9.633387978142077	2823	1.0
9.642568306010928	6667	1.0
9.672513661202185	8511	1.0
9.67584699453552	7921	1.0
9.735901639344263	4309	1.0
9.769726775956284	3775	1.0
9.76983606557377	3963	1.0
9.770054644808743	9148	1.0
9.79049180327869	7132	1.0
9.799453551912569	2493	1.0
9.810983606557377	3869	1.0
9.836775956284153	3840	1.0
9.875737704918032	2814	1.0
9.927540983606557	9317	1.0
9.934590163934425	3100	1.0
10.050710382513662	7984	1.0
10.101092896174864	5393	1.0
10.107377049180327	6988	1.0
10.117377049180329	1837	1.0
10.12792349726776	9377	1.0
10.177267759562842	7775	1.0
10.181420765027323	3258	1.0
10.221147540983607	4986	1.0
10.224371584699455	5376	1.0
10.227540983606557	1049	1.0
10.261584699453552	657	1.0
10.269890710382512	5566	1.0
10.272404371584699	5983	1.0
10.323879781420764	9961	1.0
10.553333333333333	1634	1.0
10.554918032786885	1217	1.0
10.56912568306011	961	1.0
10.75158469945355	7154	1.0
10.804972677595627	5156	1.0
10.807158469945355	9088	1.0
10.942622950819672	5494	1.0
11.041530054644808	1035	1.0
11.23	964	1.0
11.246393442622951	1873	1.0
11.261584699453552	9882	1.0
11.273989071038251	6862	1.0
11.369234972677596	4439	1.0
11.420819672131149	1807	1.0
11.451475409836066	4610	1.0
11.49655737704918	9926	1.0
11.498032786885245	6301	1.0
11.50224043715847	7769	1.0
11.541967213114754	4241	1.0
11.594207650273225	1714	1.0
11.65016393442623	9086	1.0
11.732021857923495	2198	1.0
11.767267759562841	8589	1.0
11.789234972677596	6043	1.0
11.845573770491804	8748	1.0
11.854863387978142	8564	1.0
11.876775956284153	123	1.0
11.894918032786885	938	1.0
11.922513661202185	2929	1.0
11.938469945355191	3133	1.0
11.959180327868852	6051	1.0
11.989016393442622	3254	1.0
12.025956284153004	4899	1.0
12.036338797814208	5456	1.0
12.045464480874315	426	1.0
12.0524043715847	7117	1.0
12.103661202185792	7724	1.0
12.107377049180327	8225	1.0
12.133715846994535	6179	1.0
12.172021857923497	1937	1.0
12.200601092896175	6686	1.0
12.20879781420765	2727	1.0
12.210819672131146	9386	1.0
12.227103825136611	4273	1.0
12.262841530054644	9277	1.0
12.26327868852459	4919	1.0
12.27825136612022	6741	1.0
12.295519125683061	6432	1.0
12.321530054644809	5011	1.0
12.323387978142076	7336	1.0
12.34551912568306	2436	1.0
12.347704918032786	8257	1.0
12.358907103825135	9806	1.0
12.387978142076502	7907	1.0
12.398306010928962	4038	1.0
12.57502732240437	7810	1.0
12.584863387978142	9054	1.0
12.694098360655737	6495	1.0
12.695573770491803	3676	1.0
12.699234972677594	7039	1.0
12.703551912568306	3538	1.0
12.711311475409836	8012	1.0
12.746010928961748	2936	1.0
12.764098360655737	4718	1.0
12.774918032786884	2013	1.0
12.78464480874317	494	1.0
12.818415300546448	5648	1.0
12.841256830601093	6416	1.0
12.899890710382515	8580	1.0
12.905846994535517	4590	1.0
12.921147540983606	1386	1.0
12.92814207650273	5203	1.0
12.953934426229507	4689	1.0
13.022021857923496	9660	1.0
13.091366120218579	3149	1.0
13.18448087431694	562	1.0
13.191147540983605	1464	1.0
13.227158469945355	8961	1.0
13.242131147540984	3384	1.0
13.251530054644808	1145	1.0
13.266502732240436	672	1.0
13.27967213114754	7667	1.0
13.29792349726776	7045	1.0
13.32327868852459	8105	1.0
13.377049180327868	3694	1.0
13.40568306010929	1760	1.0
13.505573770491804	207	1.0
13.52945355191257	6648	1.0
13.604262295081966	2760	1.0
13.723825136612023	7861	1.0
13.725573770491803	5457	1.0
13.80535519125683	5702	1.0
13.894098360655738	5314	1.0
13.900109289617486	1975	1.0
13.908087431693989	5421	1.0
13.926284153005465	5074	1.0
13.996994535519125	6766	1.0
14.050983606557377	9651	1.0
14.05311475409836	4874	1.0
14.058251366120217	3747	1.0
14.066174863387978	379	1.0
14.079945355191256	276	1.0
14.178087431693989	3900	1.0
14.1972131147541	4794	1.0
14.23568306010929	7571	1.0
14.260327868852459	6490	1.0
14.26344262295082	6557	1.0
14.266885245901639	3431	1.0
14.271366120218579	9619	1.0
14.307158469945355	8254	1.0
14.312732240437159	1135	1.0
14.318688524590163	8621	1.0
14.369726775956284	670	1.0
14.373934426229507	1395	1.0
14.493387978142076	6734	1.0
14.496612021857924	7099	1.0
14.49672131147541	8968	1.0
14.504754098360655	1150	1.0
14.518961748633881	9757	1.0
14.523169398907104	404	1.0
14.56224043715847	350	1.0
14.62273224043716	8028	1.0
14.626775956284153	9850	1.0
14.645245901639344	2508	1.0
14.67879781420765	292	1.0
14.743224043715847	3523	1.0
14.79896174863388	706	1.0
14.817158469945356	3239	1.0
14.829453551912568	7483	1.0
14.829726775956283	6552	1.0
14.846448087431693	4091	1.0
14.869945355191257	1989	1.0
14.879999999999999	4073	1.0
14.933169398907104	2414	1.0
14.954918032786885	7008	1.0
14.954972677595627	3422	1.0
14.957103825136612	6082	1.0
14.99879781420765	6575	1.0
15.001639344262296	441	1.0
15.056448087431693	5001	1.0
15.067978142076502	6753	1.0
15.082021857923497	4062	1.0
15.103387978142075	5476	1.0
15.107486338797814	3101	1.0
15.116994535519126	7832	1.0
15.144699453551913	4791	1.0
15.213989071038252	4137	1.0
15.264535519125683	7474	1.0
15.373770491803278	7282	1.0
15.375519125683061	5938	1.0
15.42087431693989	2258	1.0
15.508524590163933	9797	1.0
15.534371584699453	2322	1.0
15.54792349726776	4363	1.0
15.562950819672132	4802	1.0
15.602349726775955	8481	1.0
15.622349726775957	4862	1.0
15.661639344262294	1005	1.0
15.6703825136612	7092	1.0
15.683715846994534	9194	1.0
15.706174863387977	3273	1.0
15.758688524590164	1729	1.0
15.834480874316938	6320	1.0
15.834808743169399	250	1.0
15.87743169398907	3476	1.0
15.914043715846995	5661	1.0
15.925956284153006	3925	1.0
15.982568306010927	3689	1.0
16.003934426229506	451	1.0
16.009453551912568	1044	1.0
16.02502732240437	721	1.0
16.0527868852459	3074	1.0
16.066448087431695	9032	1.0
16.097595628415302	5658	1.0
16.1403825136612	5808	1.0
16.144535519125682	4838	1.0
16.188032786885245	2270	1.0
16.19808743169399	5360	1.0
16.251639344262294	2156	1.0
16.256666666666668	3712	1.0
16.318415300546448	6565	1.0
16.358907103825135	706	0.0
16.366448087431696	4713	1.0
16.375245901639342	2602	1.0
16.407540983606555	2136	1.0
16.430765027322405	9865	1.0
16.48125683060109	4728	1.0
16.48207650273224	901	1.0
16.565737704918032	5793	1.0
16.6055737704918	8867	1.0
16.633169398907103	2012	1.0
16.641475409836065	8474	1.0
16.65158469945355	5530	1.0
16.667431693989073	4102	1.0
16.67535519125683	2679	1.0
16.685737704918033	9190	1.0
16.713387978142077	8769	1.0
16.775737704918033	6005	1.0
16.81622950819672	3600	1.0
16.83098360655738	8896	1.0
16.848852459016392	9465	1.0
16.89688524590164	7567	1.0
16.902568306010927	7908	1.0
16.902622950819673	9412	1.0
16.929453551912566	2069	1.0
16.972841530054644	9767	1.0
17.028196721311474	8038	1.0
17.03158469945355	7714	1.0
17.044918032786885	3022	1.0
17.11245901639344	9028	1.0
17.133497267759562	5697	1.0
17.15415300546448	5789	1.0
17.17726775956284	7264	1.0
17.181584699453552	6687	1.0
17.185628415300545	3999	1.0
17.203442622950817	2071	1.0
17.217486338797816	4433	1.0
17.234535519125686	3019	1.0
17.243989071038254	4324	1.0
17.247158469945354	6267	1.0
17.254207650273223	1818	1.0
17.304207650273224	5023	1.0
17.369836065573768	5486	1.0
17.39765027322404	2641	1.0
17.418251366120217	8408	1.0
17.428907103825136	650	1.0
17.477650273224043	8724	1.0
17.487650273224045	7136	1.0
17.502732240437158	6364	1.0
17.504043715846997	7232	1.0
17.54021857923497	5958	1.0
17.5520218579235	8400	1.0
17.56273224043716	5749	1.0
17.583879781420762	6967	1.0
17.60726775956284	9862	1.0
17.628852459016393	133	1.0
17.62950819672131	4085	1.0
17.663387978142076	5582	1.0
17.737868852459016	7101	1.0
17.740163934426228	7414	1.0
17.75207650273224	7963	1.0
17.754754098360653	9156	1.0
17.765409836065572	7922	1.0
17.794535519125684	4844	1.0
17.80262295081967	6305	1.0
17.821967213114757	8081	1.0
17.875792349726773	9437	1.0
17.881803278688526	6022	1.0
17.886830601092896	3114	1.0
17.916174863387976	6285	1.0
17.992021857923497	4596	1.0
18.022131147540986	8113	1.0
18.084918032786884	9783	1.0
18.113934426229505	4626	1.0
18.116775956284155	3615	1.0
18.118360655737707	5210	1.0
18.14327868852459	5531	1.0
18.217049180327866	7685	1.0
18.228524590163932	6791	0.0
18.2468306010929	7377	1.0
18.290491803278687	1269	1.0
18.318907103825136	329	1.0
18.352732240437156	874	1.0
18.374371584699453	1470	1.0
18.384972677595627	7628	1.0
18.39448087431694	777	1.0
18.423715846994536	9843	1.0
18.437322404371585	804	1.0
18.45901639344262	9472	1.0
18.472732240437157	1626	1.0
18.485136612021858	3991	1.0
18.55666666666667	8063	1.0
18.573770491803277	1189	1.0
18.606721311475408	4039	1.0
18.613278688524588	2932	1.0
18.62743169398907	9536	1.0
18.64087431693989	6986	1.0
18.65344262295082	7298	1.0
18.688196721311474	1277	1.0
18.722404371584698	3883	1.0
18.731475409836065	3077	1.0
18.74601092896175	4788	1.0
18.75071038251366	9591	1.0
18.757868852459016	9015	1.0
18.761639344262292	7274	1.0
18.797322404371585	5707	1.0
18.852131147540984	9815	1.0
18.87234972677596	2837	1.0
18.883169398907103	9210	1.0
18.918907103825138	3318	1.0
18.94049180327869	8997	1.0
18.999071038251365	8966	1.0
19.0051912568306	9520	1.0
19.0327868852459	5549	1.0
19.065081967213114	8650	1.0
19.068852459016394	9287	1.0
19.07743169398907	1877	1.0
19.086448087431695	5539	1.0
19.130983606557376	7623	1.0
19.19103825136612	6154	1.0
19.225956284153003	7135	1.0
19.247486338797813	1118	1.0
19.307978142076504	2982	1.0
19.31863387978142	2551	1.0
19.383497267759562	9033	1.0
19.398415300546446	5636	1.0
19.425409836065572	783	1.0
19.455191256830602	2378	1.0
19.4651912568306	3612	1.0
19.469234972677594	3248	1.0
19.481639344262295	4341	1.0
19.491475409836063	463	1.0
19.528415300546445	1069	1.0
19.58431693989071	8195	1.0
19.60344262295082	365	1.0
19.615792349726778	7319	1.0
19.62224043715847	7707	1.0
19.633169398907103	5990	1.0
19.68032786885246	9221	1.0
19.68344262295082	7344	1.0
19.68754098360656	6622	1.0
19.694754098360654	5081	1.0
19.702513661202186	5042	1.0
19.728579234972678	8298	1.0
19.80639344262295	814	1.0
19.838579234972677	1861	1.0
19.873224043715844	5048	1.0
19.88693989071038	9543	1.0
19.905300546448085	2612	1.0
19.94103825136612	7486	1.0
19.96142076502732	2213	1.0
19.972841530054644	4056	1.0
20.032459016393442	3641	1.0
20.106338797814207	875	1.0
20.126284153005464	1528	1.0
20.154043715846996	3100	0.0
20.17377049180328	7588	1.0
20.202513661202186	1642	1.0
20.22169398907104	5801	1.0
20.230655737704918	248	1.0
20.259617486338797	1357	1.0
20.325300546448087	2561	1.0
20.32672131147541	7657	1.0
20.32896174863388	2728	1.0
20.369562841530055	6165	1.0
20.40327868852459	5271	1.0
20.42699453551913	3634	1.0
20.443333333333335	1169	1.0
20.45409836065574	6870	1.0
20.50207650273224	2835	1.0
20.505792349726775	7927	1.0
20.54617486338798	7871	1.0
20.553770491803277	8499	1.0
20.556994535519127	5542	1.0
20.56	3296	1.0
20.56754098360656	7500	1.0
20.605464480874314	6221	1.0
20.615737704918033	9858	1.0
20.629398907103827	6989	1.0
20.64863387978142	6421	1.0
20.70950819672131	4256	1.0
20.709890710382513	9724	1.0
20.760218579234973	6481	1.0
20.773333333333333	8811	1.0
20.799344262295083	5722	1.0
20.79967213114754	8990	1.0
20.82256830601093	4754	1.0
20.849071038251367	8806	1.0
20.85049180327869	4097	1.0
20.85639344262295	6509	1.0
20.86710382513661	2698	1.0
20.884590163934423	3995	1.0
20.90639344262295	6632	1.0
20.912786885245904	7427	1.0
20.91633879781421	6097	1.0
20.952513661202186	868	1.0
21.015081967213114	3877	1.0
21.023387978142075	628	1.0
21.0251912568306	2825	1.0
21.041639344262293	8850	1.0
21.08743169398907	9398	1.0
21.113551912568305	5882	1.0
21.12256830601093	5665	1.0
21.179180327868853	8385	1.0
21.194918032786884	8237	1.0
21.195409836065572	2351	1.0
21.1972131147541	6898	1.0
21.20726775956284	4906	1.0
21.208524590163936	6668	1.0
21.219398907103823	3087	1.0
21.226502732240434	4564	1.0
21.252131147540982	8741	1.0
21.272459016393444	4210	1.0
21.295191256830602	3454	1.0
21.31704918032787	1535	1.0
21.324699453551915	4316	1.0
21.327213114754098	3731	1.0
21.359398907103827	143	1.0
21.379016393442623	2523	1.0
21.3875956284153	8436	1.0
21.390163934426226	6949	1.0
21.393060109289618	9329	1.0
21.433169398907104	1667	1.0
21.473387978142075	9662	1.0
21.5	8623	1.0
21.5051912568306	7333	1.0
21.530382513661202	3692	1.0
21.53775956284153	7721	1.0
21.563333333333333	6675	1.0
21.59639344262295	2380	1.0
21.647322404371586	5761	1.0
21.689945355191256	6975	1.0
21.730655737704918	4612	1.0
21.731803278688524	1620	1.0
21.736229508196722	8874	1.0
21.7403825136612	3256	1.0
21.772896174863387	6459	1.0
21.796830601092896	8950	1.0
21.80814207650273	9284	1.0
21.837322404371584	1538	1.0
21.83814207650273	3622	1.0
21.912950819672133	3851	1.0
21.926721311475408	1790	1.0
21.92879781420765	978	1.0
21.95622950819672	4740	1.0
22.042677595628415	5867	1.0
22.118688524590162	4565	1.0
22.312021857923497	9995	1.0
22.337322404371584	6882	1.0
22.346994535519126	6563	1.0
22.39464480874317	4348	1.0
22.435573770491803	1626	0.0
22.44551912568306	2609	1.0
22.47617486338798	9703	1.0
22.49311475409836	8995	1.0
22.566775956284154	8668	1.0
22.570655737704918	9598	1.0
22.595081967213112	8115	1.0
22.60431693989071	5334	1.0
22.6255737704918	490	1.0
22.642349726775954	8800	1.0
22.648688524590163	6116	1.0
22.66300546448087	4121	1.0
22.67846994535519	2046	1.0
22.73704918032787	7953	1.0
22.76497267759563	7552	1.0
22.778196721311478	2529	1.0
22.780601092896177	3352	1.0
22.78666666666667	6631	1.0
22.796994535519126	3635	1.0
22.841475409836065	6447	1.0
22.843333333333334	9586	1.0
22.851256830601095	9675	1.0
22.873825136612023	6192	1.0
22.893442622950822	681	1.0
22.89349726775956	4463	1.0
22.902677595628415	4180	1.0
22.915792349726775	2426	1.0
22.945409836065576	6543	1.0
22.94726775956284	6996	1.0
22.949180327868852	8369	1.0
22.960601092896173	2293	1.0
23.011748633879783	8782	1.0
23.02918032786885	6230	1.0
23.036775956284153	7174	1.0
23.051256830601094	3242	1.0
23.09415300546448	7641	1.0
23.104535519125683	3849	1.0
23.110491803278688	8890	1.0
23.144808743169396	3531	1.0
23.174699453551913	1045	1.0
23.176557377049182	8324	1.0
23.194918032786884	319	1.0
23.218032786885246	2541	1.0
23.260109289617485	244	1.0
23.260382513661202	5930	1.0
23.260983606557375	7303	1.0
23.26224043715847	1947	1.0
23.268360655737702	1902	1.0
23.276120218579237	3325	1.0
23.277650273224044	8729	1.0
23.346557377049177	3884	1.0
23.36005464480874	2688	1.0
23.4992349726776	4652	1.0
23.50409836065574	2240	1.0
23.52398907103825	9367	1.0
23.543169398907104	4271	1.0
23.553770491803277	2477	1.0
23.57710382513661	8009	1.0
23.622841530054643	1017	1.0
23.72114754098361	2	1.0
23.732622950819675	4682	1.0
23.751803278688524	5335	1.0
23.775792349726775	7056	1.0
23.778524590163936	832	1.0
23.78945355191257	3398	1.0
23.79289617486339	8685	1.0
23.796448087431695	9871	1.0
23.80841530054645	4101	1.0
23.82983606557377	5049	1.0
23.833934426229508	2860	1.0
23.84092896174863	6370	1.0
23.848907103825137	6190	1.0
23.84934426229508	8677	1.0
23.85256830601093	7650	1.0
23.8627868852459	9409	1.0
23.888251366120215	7281	1.0
23.91928961748634	2313	1.0
23.933005464480875	4236	1.0
23.976557377049183	7434	1.0
23.97945355191257	108	1.0
23.98502732240437	6530	1.0
23.987759562841532	8703	1.0
24.01404371584699	5847	1.0
24.032896174863385	706	1.0
24.050054644808743	4386	1.0
24.061748633879784	4465	1.0
24.08846994535519	8546	1.0
24.117103825136613	4819	1.0
24.144371584699453	1913	1.0
24.14639344262295	7942	1.0
24.162896174863388	7338	1.0
24.18896174863388	3169	1.0
24.232295081967212	3969	1.0
24.237158469945353	6296	1.0
24.23896174863388	4615	1.0
24.242459016393443	8533	1.0
24.261311475409833	8743	1.0
24.264207650273224	7971	1.0
24.27601092896175	9092	1.0
24.280983606557378	4291	1.0
24.293224043715846	88	1.0
24.295573770491803	3049	1.0
24.29617486338798	9049	1.0
24.297814207650273	1343	1.0
24.326338797814206	7368	1.0
24.352076502732242	3805	1.0
24.36071038251366	5863	1.0
24.36453551912568	1987	1.0
24.366284153005463	633	1.0
24.3724043715847	4603	1.0
24.394207650273223	7727	1.0
24.400109289617486	7980	1.0
24.410382513661204	6133	1.0
24.45120218579235	5369	1.0
24.481366120218578	4753	1.0
24.48147540983607	5346	1.0
24.4848087431694	9998	1.0
24.486830601092898	6060	1.0
24.50710382513661	5799	1.0
24.543333333333333	2188	1.0
24.553224043715844	2277	1.0
24.56120218579235	2995	1.0
24.580819672131145	5529	1.0
24.58606557377049	9041	1.0
24.602404371584697	8239	1.0
24.64153005464481	9310	1.0
24.65382513661202	1805	1.0
24.663060109289617	2473	1.0
24.6651912568306	6831	1.0
24.682131147540986	6680	1.0
24.682950819672133	1787	1.0
24.692240437158468	2925	1.0
24.72311475409836	3947	1.0
24.740382513661203	5650	1.0
24.744590163934426	2296	1.0
24.745136612021856	8431	1.0
24.746775956284154	4573	1.0
24.76606557377049	538	1.0
24.766775956284153	1500	1.0
24.81622950819672	116	1.0
24.820601092896176	2606	1.0
24.831092896174862	957	1.0
24.832459016393443	4217	1.0
24.843825136612022	33	1.0
24.863169398907104	9734	1.0
24.87426229508197	6585	1.0
24.878196721311475	4785	1.0
24.8951912568306	3342	1.0
24.912021857923495	3231	1.0
24.91333333333333	6089	1.0
24.92005464480874	8133	1.0
24.92311475409836	701	1.0
24.926448087431694	9626	1.0
24.926666666666666	8186	1.0
24.93349726775956	2827	1.0
24.952841530054645	7934	1.0
24.95338797814208	8727	1.0
24.954535519125685	2598	1.0
24.971803278688526	9554	1.0
24.977049180327867	665	1.0
25.001584699453552	4297	1.0
25.02464480874317	8007	1.0
25.05087431693989	9761	1.0
25.064535519125684	4762	1.0
25.09021857923497	3008	1.0
25.09688524590164	6181	1.0
25.106065573770493	6891	1.0
25.113715846994538	3359	1.0
25.13114754098361	5961	1.0
25.13191256830601	4410	1.0
25.14464480874317	4606	1.0
25.156448087431695	5078	1.0
25.16857923497268	6112	1.0
25.18770491803279	4692	1.0
25.196338797814207	9781	1.0
25.19775956284153	1657	1.0
25.199945355191257	6757	1.0
25.200601092896175	4357	1.0
25.217158469945353	4534	1.0
25.268032786885243	3034	1.0
25.27191256830601	147	1.0
25.302295081967213	4334	1.0
25.310710382513662	1848	1.0
25.321256830601094	2333	1.0
25.330163934426228	7450	1.0
25.33945355191257	4912	1.0
25.34229508196721	7693	1.0
25.345737704918033	1517	1.0
25.368360655737707	8948	1.0
25.375300546448088	5637	1.0
25.4075956284153	4385	1.0
25.411530054644807	6120	1.0
25.430655737704917	5629	1.0
25.43224043715847	9461	1.0
25.43726775956284	1212	1.0
25.4427868852459	8331	1.0
25.460928961748635	8879	1.0
25.466502732240436	297	1.0
25.499398907103824	4187	1.0
25.5379781420765	3921	1.0
25.541530054644806	4611	1.0
25.56	7545	1.0
25.569071038251366	8612	1.0
25.572677595628413	7192	1.0
25.617650273224044	9170	1.0
25.622021857923496	8325	1.0
25.62568306010929	5412	1.0
25.630601092896175	1173	1.0
25.636885245901638	1636	1.0
25.63825136612022	2476	1.0
25.645792349726776	5699	1.0
25.654754098360655	1430	1.0
25.672295081967214	5378	1.0
25.699016393442623	9076	1.0
25.7379781420765	9818	1.0
25.73983606557377	3470	1.0
25.765409836065572	4148	1.0
25.777978142076503	9379	1.0
25.810109289617483	9070	1.0
25.812677595628415	1318	1.0
25.82169398907104	8909	1.0
25.826338797814206	7493	1.0
25.828524590163934	8046	1.0
25.83120218579235	8106	1.0
25.83224043715847	6591	1.0
25.839344262295082	11	1.0
25.88814207650273	5340	1.0
25.932513661202183	5729	1.0
25.962841530054643	4330	1.0
26.014644808743167	3570	1.0
26.016502732240436	9975	1.0
26.016666666666666	9940	1.0
26.018688524590164	8449	1.0
26.021475409836068	8373	1.0
26.047759562841527	9813	1.0
26.054262295081966	4543	1.0
26.084863387978142	4869	1.0
26.097377049180327	6465	1.0
26.104153005464482	7605	1.0
26.13360655737705	175	1.0
26.143169398907105	780	1.0
26.1479781420765	6512	1.0
26.154207650273225	8653	1.0
26.161693989071036	2560	1.0
26.180983606557376	5480	1.0
26.185683060109287	6037	1.0
26.190765027322406	3021	1.0
26.196338797814207	4537	1.0
26.204426229508197	3590	1.0
26.20896174863388	6567	1.0
26.251639344262294	5502	1.0
26.264644808743167	2813	1.0
26.290765027322404	4265	1.0
26.291530054644806	6621	1.0
26.302021857923496	8040	1.0
26.312459016393444	8227	1.0
26.314262295081967	5165	1.0
26.318524590163936	7118	1.0
26.379726775956286	7482	1.0
26.387486338797814	8849	1.0
26.389234972677595	7255	1.0
26.416448087431693	1928	1.0
26.452677595628412	2018	1.0
26.45863387978142	524	1.0
26.47928961748634	9978	1.0
26.503442622950818	8317	1.0
26.528360655737703	4158	1.0
26.53120218579235	9640	1.0
26.537213114754095	2097	1.0
26.56415300546448	8323	1.0
26.566338797814204	5084	1.0
26.58431693989071	6568	1.0
26.587486338797813	9576	1.0
26.60551912568306	3771	1.0
26.607650273224042	1663	1.0
26.612513661202186	364	1.0
26.619890710382514	6124	1.0
26.62846994535519	1569	1.0
26.633333333333333	9299	1.0
26.639453551912567	4800	1.0
26.64896174863388	4111	1.0
26.666338797814205	5963	1.0
26.671912568306013	3322	1.0
26.683387978142076	4751	1.0
26.69295081967213	7086	1.0
26.704207650273226	9133	1.0
26.735081967213116	3003	1.0
26.773715846994538	8745	1.0
26.787868852459013	4159	1.0
26.79863387978142	3392	1.0
26.807868852459016	4790	1.0
26.82125683060109	9120	1.0
26.832185792349726	4847	1.0
26.832459016393443	7292	1.0
26.854480874316938	9482	1.0
26.870437158469944	5230	1.0
26.880819672131146	7767	1.0
26.886721311475412	9315	1.0
26.909344262295082	6784	1.0
26.914918032786886	225	1.0
26.91874316939891	3388	1.0
26.953715846994537	2651	1.0
26.95754098360656	1567	1.0
26.96950819672131	2231	1.0
26.983442622950818	2273	1.0
27.000382513661204	2140	1.0
27.049180327868854	9853	1.0
27.068743169398907	6184	1.0
27.079726775956285	3355	1.0
27.08737704918033	7729	1.0
27.101475409836066	6961	1.0
27.109726775956283	4672	1.0
27.172841530054644	4998	1.0
27.203497267759563	8599	1.0
27.206830601092896	8624	1.0
27.217540983606558	4527	1.0
27.226994535519125	9663	1.0
27.231639344262295	3200	1.0
27.24213114754098	2127	1.0
27.263551912568307	2352	1.0
27.29087431693989	8949	1.0
27.293715846994534	5461	1.0
27.33573770491803	4141	1.0
27.3407650273224	4022	1.0
27.351038251366116	9788	1.0
27.36601092896175	6235	1.0
27.367486338797814	3102	1.0
27.37551912568306	5701	1.0
27.378142076502733	877	1.0
27.38229508196721	8845	1.0
27.389836065573768	1305	1.0
27.39688524590164	6074	1.0
27.402404371584698	8716	1.0
27.416612021857922	5416	1.0
27.450765027322404	2847	1.0
27.450928961748634	8036	1.0
27.456448087431692	4087	1.0
27.471803278688526	9808	1.0
27.474535519125684	5406	1.0
27.48655737704918	2207	1.0
27.51606557377049	4319	1.0
27.524808743169398	4936	1.0
27.539016393442623	5864	1.0
27.541092896174863	1163	1.0
27.564426229508197	6885	1.0
27.584590163934426	5327	1.0
27.590491803278685	8103	1.0
27.594098360655735	6081	1.0
27.66071038251366	2348	1.0
27.664207650273223	4638	1.0
27.686502732240434	5174	1.0
27.704153005464484	1122	1.0
27.708907103825133	2779	1.0
27.74398907103825	523	1.0
27.75928961748634	2582	1.0
27.77409836065574	3834	1.0
27.795300546448086	9847	1.0
27.800983606557377	3197	1.0
27.809071038251368	3268	1.0
27.81306010928962	8956	1.0
27.83792349726776	8680	1.0
27.85032786885246	4711	1.0
27.86153005464481	9846	1.0
27.86661202185792	7244	1.0
27.886612021857925	2783	1.0
27.88868852459016	1365	1.0
27.891147540983603	6978	1.0
27.893333333333334	5298	1.0
27.91677595628415	2768	1.0
27.925081967213114	3281	1.0
27.93857923497268	230	1.0
27.944207650273224	2859	1.0
27.982404371584696	7080	1.0
28.03743169398907	6083	1.0
28.04153005464481	6503	1.0
28.046721311475412	8712	1.0
28.058251366120217	302	1.0
28.06229508196721	6377	1.0
28.09207650273224	4333	1.0
28.120109289617485	8136	1.0
28.144371584699453	6837	1.0
28.156885245901638	8895	1.0
28.168142076502733	2857	1.0
28.16918032786885	4014	1.0
28.185409836065574	3713	1.0
28.19874316939891	7164	1.0
28.202295081967215	5248	1.0
28.205737704918032	995	1.0
28.207486338797814	9204	1.0
28.233060109289614	1529	1.0
28.245792349726777	1833	1.0
28.248907103825136	8380	1.0
28.28120218579235	4513	1.0
28.29382513661202	9010	1.0
28.302021857923496	7026	1.0
28.31103825136612	326	1.0
28.318032786885244	1405	1.0
28.32021857923497	8452	1.0
28.377486338797812	7678	1.0
28.378032786885246	5237	1.0
28.423387978142078	9358	1.0
28.42360655737705	4114	1.0
28.44464480874317	9187	1.0
28.44726775956284	4268	1.0
28.46393442622951	7409	1.0
28.46464480874317	8862	1.0
28.4796174863388	6914	1.0
28.490491803278687	8134	1.0
28.49879781420765	4650	1.0
28.508907103825134	7656	1.0
28.530218579234973	2214	1.0
28.534207650273224	4948	1.0
28.53513661202186	8520	1.0
28.547650273224043	1525	1.0
28.55655737704918	6262	1.0
28.55950819672131	9925	1.0
28.565956284153007	3822	1.0
28.568196721311477	9578	1.0
28.59382513661202	6278	1.0
28.608306010928963	5079	1.0
28.617704918032786	2746	1.0
28.632677595628415	7489	1.0
28.6403825136612	403	1.0
28.640601092896176	9901	1.0
28.651092896174863	2003	1.0
28.67349726775956	2739	1.0
28.70584699453552	3405	1.0
28.719945355191257	7563	1.0
28.72071038251366	6376	1.0
28.724043715846996	7658	1.0
28.744262295081967	4388	1.0
28.816994535519125	1539	1.0
28.819234972677595	8747	1.0
28.854699453551913	5211	1.0
28.854918032786884	6947	1.0
28.879781420765028	6265	1.0
28.913661202185793	8551	1.0
28.940983606557378	5399	1.0
28.953060109289616	9659	1.0
28.954590163934427	6006	1.0
28.960928961748632	2671	1.0
28.973551912568308	7586	1.0
28.980601092896173	7266	1.0
28.983551912568306	2548	1.0
28.997486338797813	9487	1.0
29.005792349726775	8578	1.0
29.036448087431694	2102	1.0
29.057814207650274	8733	1.0
29.07071038251366	1401	1.0
29.072185792349728	6188	1.0
29.097213114754098	6048	1.0
29.09967213114754	9732	1.0
29.1051912568306	9291	1.0
29.116502732240438	9750	1.0
29.135573770491803	7723	1.0
29.138032786885244	8665	1.0
29.174426229508196	9649	1.0
29.19016393442623	9518	1.0
29.24032786885246	2244	1.0
29.27551912568306	8605	1.0
29.27885245901639	1773	1.0
29.282513661202188	198	1.0
29.287486338797812	5022	1.0
29.3003825136612	2342	1.0
29.316338797814208	9943	1.0
29.32153005464481	9896	1.0
29.324371584699453	1511	1.0
29.325081967213116	6368	1.0
29.344918032786882	3553	1.0
29.352841530054643	1117	1.0
29.35584699453552	8054	1.0
29.359398907103827	6214	1.0
29.384535519125684	7294	1.0
29.388360655737706	5338	1.0
29.396120218579235	8130	1.0
29.40661202185792	5037	1.0
29.42245901639344	6042	1.0
29.425464480874318	5838	1.0
29.44868852459016	7696	1.0
29.450382513661204	7543	1.0
29.46174863387978	4958	1.0
29.471256830601092	387	1.0
29.48409836065574	3327	1.0
29.485956284153005	8978	1.0
29.49295081967213	7939	1.0
29.494153005464483	6958	1.0
29.50360655737705	2964	1.0
29.50672131147541	7225	1.0
29.515956284153003	4909	1.0
29.527704918032786	5145	1.0
29.536994535519128	3116	1.0
29.55092896174863	8061	1.0
29.56928961748634	2015	1.0
29.57830601092896	1690	1.0
29.599125683060112	2821	1.0
29.60366120218579	1598	1.0
29.612896174863387	767	1.0
29.613060109289616	5757	1.0
29.62934426229508	7884	1.0
29.633442622950817	8628	1.0
29.637158469945355	799	1.0
29.642896174863388	8491	1.0
29.653825136612024	1448	1.0
29.656284153005465	8055	1.0
29.658524590163935	6413	1.0
29.65896174863388	4778	1.0
29.662677595628416	1379	1.0
29.663934426229506	2325	1.0
29.70005464480874	6492	1.0
29.700491803278688	2894	1.0
29.718688524590164	4825	1.0
29.75426229508197	2182	1.0
29.757868852459016	5522	1.0
29.77016393442623	3795	1.0
29.77693989071038	4303	1.0
29.784426229508195	8981	1.0
29.862131147540982	3953	1.0
29.874098360655736	7955	1.0
29.888524590163936	9749	1.0
29.892459016393442	314	1.0
29.89295081967213	6776	1.0
29.904863387978143	99	1.0
29.910710382513663	3596	1.0
29.919945355191256	4983	1.0
29.943497267759565	9478	1.0
29.94704918032787	6110	1.0
29.949617486338795	3681	1.0
29.956448087431696	5545	1.0
29.994754098360655	4306	1.0
29.995136612021856	8886	1.0
30.005792349726775	8553	1.0
30.02792349726776	5500	1.0
30.030437158469947	4232	1.0
30.032076502732238	2061	1.0
30.064262295081967	2546	1.0
30.075628415300546	8591	1.0
30.07896174863388	2980	1.0
30.0924043715847	9038	1.0
30.120273224043714	997	1.0
30.122021857923496	5897	1.0
30.12781420765027	445	1.0
30.127868852459017	4343	1.0
30.154426229508196	1104	1.0
30.170382513661202	639	1.0
30.174918032786884	2460	1.0
30.18191256830601	74	1.0
30.191967213114754	340	1.0
30.205901639344262	3826	1.0
30.20622950819672	8908	1.0
30.20983606557377	1558	1.0
30.227213114754097	9837	1.0
30.250054644808742	3091	1.0
30.25743169398907	8072	1.0
30.27185792349727	8464	1.0
30.2824043715847	8433	1.0
30.288797814207648	3575	1.0
30.31535519125683	6730	1.0
30.320601092896176	8536	1.0
30.325737704918033	6556	1.0
30.337868852459017	3961	1.0
30.343825136612022	2286	1.0
30.35808743169399	9703	0.0
30.359890710382512	9089	1.0
30.374043715846994	8876	1.0
30.40415300546448	212	1.0
30.412295081967216	8604	1.0
30.431202185792348	6164	1.0
30.46497267759563	1973	1.0
30.467704918032783	3416	1.0
30.476830601092896	640	1.0
30.476885245901638	313	1.0
30.483989071038252	3863	1.0
30.49863387978142	8188	1.0
30.508852459016392	8465	1.0
30.510163934426227	2184	1.0
30.541147540983605	883	1.0
30.54136612021858	1756	1.0
30.55087431693989	3376	1.0
30.559398907103823	12	1.0
30.569781420765025	7398	1.0
30.583715846994536	6103	1.0
30.584808743169397	4707	1.0
30.588032786885247	3111	1.0
30.59322404371585	3652	1.0
30.594808743169395	7854	1.0
30.60382513661202	3843	1.0
30.609071038251365	4496	1.0
30.625245901639346	7425	1.0
30.63431693989071	4307	1.0
30.656775956284154	2941	1.0
30.664918032786886	1382	1.0
30.69863387978142	5059	1.0
30.710819672131148	3887	1.0
30.729836065573767	4988	1.0
30.73497267759563	2139	1.0
30.780109289617485	9692	1.0
30.780491803278686	8307	1.0
30.79808743169399	2626	1.0
30.79825136612022	5233	1.0
30.827486338797815	1191	1.0
30.894918032786887	3319	1.0
30.898142076502733	4666	1.0
30.90245901639344	3347	1.0
30.92420765027322	8607	1.0
30.92830601092896	351	1.0
30.93655737704918	1289	1.0
30.973387978142075	8912	1.0
31.01	3308	1.0
31.033715846994536	5229	1.0
31.043551912568304	9466	1.0
31.065300546448086	4016	1.0
31.069071038251366	1471	1.0
31.076065573770492	5959	1.0
31.077213114754098	6597	1.0
31.09142076502732	4758	1.0
31.092185792349728	8579	1.0
31.106612021857924	2059	1.0
31.109234972677594	8760	1.0
31.116448087431696	2960	1.0
31.12136612021858	8596	1.0
31.12885245901639	8881	1.0
31.14016393442623	434	1.0
31.1483606557377	9046	1.0
31.15032786885246	6539	1.0
31.157868852459014	1689	1.0
31.161256830601094	2970	1.0
31.169453551912568	4392	1.0
31.201530054644806	2623	1.0
31.209836065573768	9357	1.0
31.219071038251364	9346	1.0
31.219726775956282	296	1.0
31.222349726775953	4755	1.0
31.237868852459016	8049	1.0
31.24153005464481	9402	1.0
31.268797814207648	3761	1.0
31.273333333333333	2553	1.0
31.30311475409836	6228	1.0
31.324535519125682	8291	1.0
31.32743169398907	3936	1.0
31.33601092896175	1935	1.0
31.339945355191258	9709	1.0
31.352349726775955	8360	1.0
31.37109289617486	1243	1.0
31.37710382513661	8384	1.0
31.37967213114754	5070	1.0
31.382185792349727	4122	1.0
31.401256830601096	3756	1.0
31.428579234972677	4922	1.0
31.428579234972677	7510	1.0
31.436284153005463	2025	1.0
31.436448087431696	1367	1.0
31.479398907103825	4264	1.0
31.481147540983606	5179	1.0
31.49071038251366	7638	1.0
31.492185792349726	6348	1.0
31.509508196721313	1925	1.0
31.53158469945355	3048	1.0
31.54103825136612	6681	1.0
31.54617486338798	8951	1.0
31.549672131147542	8280	1.0
31.561311475409838	5683	1.0
31.568360655737703	3717	1.0
31.576065573770492	4213	1.0
31.578032786885245	6523	1.0
31.582732240437156	280	1.0
31.58344262295082	9558	1.0
31.6127868852459	7042	1.0
31.629180327868852	9353	1.0
31.6475956284153	770	1.0
31.65382513661202	6879	1.0
31.658032786885244	8561	1.0
31.665683060109288	8002	1.0
31.67360655737705	8030	1.0
31.68967213114754	334	1.0
31.693934426229507	7841	1.0
31.6975956284153	8658	1.0
31.716830601092894	4160	1.0
31.72016393442623	2745	1.0
31.72601092896175	9193	1.0
31.73469945355191	8503	1.0
31.754043715846993	6850	1.0
31.76136612021858	7941	1.0
31.77016393442623	5591	1.0
31.770601092896175	2988	1.0
31.80109289617486	5998	1.0
31.80289617486339	7914	0.0
31.838743169398906	3677	1.0
31.842513661202183	5247	1.0
31.842732240437158	2082	1.0
31.843715846994535	5936	1.0
31.87945355191257	9026	1.0
31.879781420765028	2227	1.0
31.882622950819673	9390	1.0
31.9	1194	1.0
31.90568306010929	7839	1.0
31.92349726775956	719	1.0
31.979180327868853	4394	1.0
31.989344262295084	4340	1.0
32.00327868852459	5321	1.0
32.01016393442623	3285	1.0
32.014371584699454	9799	1.0
32.01469945355191	836	1.0
32.02885245901639	7497	1.0
32.048743169398904	4397	1.0
32.06983606557377	4935	1.0
32.09579234972677	7909	1.0
32.099016393442625	4196	1.0
32.10174863387978	6381	1.0
32.10590163934426	7078	1.0
32.10775956284153	691	1.0
32.11819672131147	9313	1.0
32.19060109289617	4727	1.0
32.22896174863388	2704	1.0
32.232185792349725	7229	1.0
32.23453551912568	6587	1.0
32.23530054644809	8640	1.0
32.237049180327865	9666	1.0
32.24781420765027	3913	1.0
32.30590163934426	7437	1.0
32.320928961748635	7116	1.0
32.321256830601094	9540	1.0
32.326612021857926	9677	1.0
32.41054644808743	3282	1.0
32.43224043715847	7436	1.0
32.441420765027324	5243	1.0
32.442568306010934	4540	1.0
32.44267759562842	6343	1.0
32.51300546448087	5949	1.0
32.536502732240436	7484	1.0
32.53994535519126	6225	1.0
32.562568306010924	4113	1.0
32.56967213114754	1579	1.0
32.604918032786884	6350	1.0
32.60901639344262	5718	1.0
32.61142076502732	6444	1.0
32.63737704918033	6696	1.0
32.64027322404372	2567	1.0
32.648415300546446	1257	1.0
32.65803278688525	6341	1.0
32.68377049180328	3466	1.0
32.722404371584695	7785	1.0
32.73617486338798	7539	1.0
32.771147540983605	6623	1.0
32.77699453551912	8852	1.0
32.7927868852459	7948	1.0
32.796174863387975	157	1.0
32.80994535519125	2309	1.0
32.81027322404371	9528	1.0
32.91792349726776	1461	1.0
32.928251366120215	6288	1.0
32.92918032786885	3678	1.0
32.95180327868852	2332	1.0
32.963442622950815	183	1.0
32.98207650273224	9743	1.0
32.98622950819672	3109	1.0
32.990109289617486	4061	1.0
33.00415300546448	5907	1.0
33.013661202185794	4496	0.0
33.01726775956284	5926	1.0
33.03885245901639	6911	1.0
33.041803278688526	2038	1.0
33.079562841530056	200	1.0
33.09103825136612	939	1.0
33.09661202185792	6595	1.0
33.109398907103824	4609	1.0
33.11377049180328	6926	1.0
33.114754098360656	9320	1.0
33.14830601092896	8041	1.0
33.15114754098361	4673	1.0
33.19857923497268	3157	1.0
33.2024043715847	4558	1.0
33.22349726775956	8781	1.0
33.23142076502732	3065	1.0
33.24426229508197	4208	1.0
33.259945355191256	6501	1.0
33.26005464480874	86	1.0
33.262896174863386	18	1.0
33.300710382513664	6807	1.0
33.327267759562844	9895	1.0
33.3292349726776	3394	1.0
33.33601092896175	3401	1.0
33.35295081967213	7072	1.0
33.37426229508197	6273	1.0
33.37491803278689	4202	1.0
33.38174863387978	1739	1.0
33.389781420765026	9996	1.0
33.40715846994535	9980	1.0
33.451256830601096	5860	1.0
33.474371584699455	6347	1.0
33.5103825136612	7783	1.0
33.528306010928965	6274	1.0
33.53530054644809	5255	1.0
33.55978142076503	7782	1.0
33.581366120218576	9855	1.0
33.59087431693989	2915	1.0
33.59852459016393	4163	1.0
33.60136612021858	5420	1.0
33.62196721311475	9209	1.0
33.65765027322404	2926	1.0
33.669726775956285	4240	1.0
33.67568306010929	962	1.0
33.67710382513661	3366	1.0
33.69207650273224	3886	1.0
33.69469945355191	4803	1.0
33.7016393442623	5786	1.0
33.70344262295082	4644	1.0
33.71087431693989	6117	1.0
33.74890710382514	9319	1.0
33.76120218579235	1238	1.0
33.76792349726776	6661	1.0
33.790983606557376	3184	1.0
33.80213114754098	4907	1.0
33.80382513661202	6887	1.0
33.83333333333333	398	1.0
33.8348087431694	1054	1.0
33.839617486338796	8441	1.0
33.844918032786886	3972	1.0
33.85207650273224	9361	1.0
33.85699453551913	5328	1.0
33.867704918032786	6549	1.0
33.88120218579235	4826	1.0
33.88950819672131	6745	1.0
33.8955737704918	7442	1.0
33.89666666666667	5794	1.0
33.90983606557377	6573	1.0
33.91092896174863	224	1.0
33.95497267759563	7560	1.0
33.96289617486339	2253	1.0
33.96360655737705	4621	1.0
33.9675956284153	6614	1.0
33.97125683060109	4220	1.0
33.98846994535519	2402	1.0
34.03890710382513	6193	1.0
34.039836065573766	7320	1.0
34.043224043715846	7251	1.0
34.052185792349725	4554	1.0
34.059234972677594	1769	1.0
34.0603825136612	7273	1.0
34.10453551912568	8726	1.0
34.1103825136612	476	1.0
34.12469945355191	6017	1.0
34.16393442622951	3122	1.0
34.193333333333335	1207	1.0
34.19765027322404	7152	1.0
34.20431693989071	8592	1.0
34.21136612021858	126	1.0
34.26868852459016	7302	1.0
34.27344262295082	7920	1.0
34.29295081967213	8504	1.0
34.29901639344262	6031	1.0
34.31945355191257	5835	1.0
34.363989071038255	1509	1.0
34.36743169398907	6000	1.0
34.37846994535519	7688	1.0
34.3875956284153	9735	1.0
34.39994535519126	9344	1.0
34.41497267759563	7538	1.0
34.416065573770496	8584	1.0
34.4831693989071	251	1.0
34.50398907103825	3974	1.0
34.50568306010929	8963	1.0
34.53147540983606	5760	1.0
34.55650273224044	4963	1.0
34.56704918032787	6464	1.0
34.578360655737704	7897	1.0
34.59431693989071	6711	1.0
34.60142076502733	3391	1.0
34.60442622950819	9810	1.0
34.63426229508197	5284	1.0
34.646830601092894	5132	1.0
34.647322404371586	6698	1.0
34.65535519125683	3266	1.0
34.65901639344262	4370	1.0
34.660327868852455	1128	1.0
34.66240437158469	4074	1.0
34.664808743169395	7512	1.0
34.67803278688525	9987	1.0
34.67879781420765	2321	1.0
34.68234972677596	9830	1.0
34.70415300546448	9231	1.0
34.742568306010924	1931	1.0
34.74617486338798	537	1.0
34.75672131147541	8353	1.0
34.77852459016393	5140	1.0
34.79595628415301	7676	1.0
34.80196721311475	2040	1.0
34.80551912568306	3872	1.0
34.80825136612022	8857	1.0
34.83491803278688	6688	1.0
34.83710382513661	2639	1.0
34.83726775956284	6359	1.0
34.84415300546448	599	1.0
34.854043715847	7919	1.0
34.857158469945354	5620	1.0
34.91437158469945	5264	1.0
34.92185792349727	5614	1.0
34.9311475409836	1814	1.0
34.96136612021858	2524	1.0
34.979945355191255	1716	1.0
34.98267759562842	295	1.0
34.99049180327869	5909	1.0
34.991530054644805	747	1.0
35.02890710382514	9458	1.0
35.03360655737705	5050	1.0
35.03677595628415	1310	1.0
35.04016393442623	4117	1.0
35.05688524590164	5056	1.0
35.06666666666667	1196	1.0
35.087431693989075	9650	1.0
35.09775956284153	4982	1.0
35.11464480874317	6726	1.0
35.118524590163936	7888	1.0
35.137486338797814	7944	1.0
35.144699453551915	5698	1.0
35.15841530054645	5533	1.0
35.19338797814208	4691	1.0
35.20688524590164	9635	1.0
35.20693989071039	3621	1.0
35.21442622950819	663	1.0
35.219890710382515	9391	1.0
35.22568306010929	1532	1.0
35.22688524590164	3563	1.0
35.24415300546448	3794	1.0
35.25573770491803	8759	1.0
35.285956284153	2323	1.0
35.29295081967213	7166	1.0
35.307759562841525	2499	1.0
35.332896174863386	9613	1.0
35.357158469945354	2407	1.0
35.393770491803274	8308	1.0
35.40497267759563	9383	1.0
35.45693989071039	5357	1.0
35.463114754098356	4449	1.0
35.465792349726776	7028	1.0
35.487486338797815	6264	1.0
35.48918032786885	9621	1.0
35.51021857923497	9017	1.0
35.52005464480874	7599	1.0
35.53437158469945	6445	1.0
35.55721311475409	4709	1.0
35.56633879781421	1120	1.0
35.5896174863388	6384	1.0
35.618852459016395	6467	1.0
35.63950819672131	7212	1.0
35.6463387978142	8902	1.0
35.66803278688524	1702	1.0
35.66989071038251	1192	1.0
35.693005464480876	2471	1.0
35.701147540983605	3619	1.0
35.726612021857925	2730	1.0
35.72754098360656	7541	1.0
35.743442622950816	6396	1.0
35.750218579234975	9870	1.0
35.768524590163935	3399	1.0
35.778688524590166	3875	1.0
35.77983606557377	4246	1.0
35.817213114754104	7527	1.0
35.82098360655738	1545	1.0
35.842677595628416	4384	1.0
35.85754098360656	3935	1.0
35.9175956284153	9121	1.0
35.929508196721315	5807	1.0
35.95142076502732	2439	1.0
35.95431693989071	9489	1.0
35.978852459016395	1148	1.0
35.98256830601093	4786	1.0
35.983387978142076	2842	1.0
35.99360655737705	414	1.0
35.99404371584699	6385	1.0
36.00786885245902	8016	1.0
36.00857923497268	1607	1.0
36.02568306010929	203	1.0
36.03770491803278	5467	1.0
36.03967213114754	6410	1.0
36.06251366120218	3418	1.0
36.065355191256835	179	1.0
36.072459016393445	8493	1.0
36.07918032786885	1563	1.0
36.080601092896174	9253	1.0
36.10475409836065	9893	1.0
36.114262295081964	1486	1.0
36.114972677595624	517	1.0
36.118415300546445	9827	1.0
36.11978142076502	651	1.0
36.129999999999995	1384	1.0
36.145737704918034	4962	1.0
36.15573770491803	6874	1.0
36.1575956284153	9416	1.0
36.16885245901639	9832	1.0
36.192513661202184	7206	1.0
36.20289617486339	8228	1.0
36.20617486338798	9354	1.0
36.227377049180326	4026	1.0
36.25005464480874	9457	1.0
36.26688524590163	1915	1.0
36.27918032786885	6107	1.0
36.28513661202186	7910	1.0
36.30114754098361	4920	1.0
36.31841530054645	3508	1.0
36.33453551912568	1551	1.0
36.384808743169394	3045	1.0
36.38918032786886	1614	1.0
36.39852459016393	8071	1.0
36.40584699453552	5431	1.0
36.435464480874316	8398	1.0
36.43557377049181	8931	1.0
36.442786885245894	4956	1.0
36.446721311475414	5469	1.0
36.49956284153005	2250	1.0
36.50513661202186	146	1.0
36.50584699453552	3193	1.0
36.521475409836064	431	1.0
36.52245901639344	9285	1.0
36.52459016393443	5181	1.0
36.540327868852465	2534	1.0
36.57273224043716	3148	1.0
36.574972677595625	9186	1.0
36.5755737704918	5654	1.0
36.57748633879782	4060	1.0
36.586666666666666	9936	1.0
36.61666666666667	226	1.0
36.63497267759563	9943	0.0
36.64251366120219	8975	1.0
36.64568306010929	6600	1.0
36.6772131147541	6969	1.0
36.68125683060109	9561	1.0
36.70497267759563	8494	1.0
36.715792349726776	1530	1.0
36.73513661202186	3220	1.0
36.741857923497264	9407	1.0
36.75398907103825	3574	1.0
36.78524590163934	762	1.0
36.79300546448087	7791	1.0
36.79896174863388	6399	1.0
36.81584699453552	4212	1.0
36.823114754098356	7993	1.0
36.84743169398907	422	1.0
36.855300546448085	2807	1.0
36.88398907103825	620	1.0
36.911092896174864	4407	1.0
36.94524590163934	101	1.0
36.94655737704918	7064	1.0
37.00830601092896	3825	1.0
37.02628415300546	9798	1.0
37.067540983606555	1608	1.0
37.07907103825137	1757	1.0
37.08857923497268	5278	1.0
37.09535519125683	8610	1.0
37.10284153005465	4099	1.0
37.115792349726775	3927	1.0
37.13890710382514	5141	1.0
37.16754098360656	7887	1.0
37.18666666666667	8346	1.0
37.205300546448086	5065	1.0
37.2248087431694	4010	1.0
37.232896174863384	1828	1.0
37.23502732240437	7815	1.0
37.23901639344262	2616	1.0
37.24071038251366	482	1.0
37.252732240437155	848	1.0
37.268852459016394	1983	1.0
37.302568306010926	8334	1.0
37.306338797814206	9841	1.0
37.330655737704916	7807	1.0
37.3387431693989	6685	1.0
37.348251366120216	4257	1.0
37.348961748633876	3291	1.0
37.350109289617485	2420	1.0
37.35256830601093	1158	1.0
37.36262295081968	3548	1.0
37.403989071038254	4350	1.0
37.41797814207651	9527	1.0
37.42508196721312	2790	1.0
37.42639344262295	6694	1.0
37.44043715846994	2202	1.0
37.4855737704918	8709	1.0
37.50568306010929	7834	1.0
37.510601092896174	6254	1.0
37.51207650273224	7911	1.0
37.527868852459015	9752	1.0
37.563060109289616	8705	1.0
37.574590163934424	9421	1.0
37.578415300546446	7957	1.0
37.62092896174863	1789	1.0
37.629726775956286	4455	1.0
37.63535519125683	4594	1.0
37.63770491803278	8198	1.0
37.64475409836066	4875	1.0
37.65584699453552	6851	1.0
37.71207650273224	5290	1.0
37.713497267759564	3165	1.0
37.71437158469946	9706	1.0
37.716120218579235	8044	1.0
37.73224043715847	6819	1.0
37.75060109289617	2160	1.0
37.76131147540984	5311	1.0
37.78377049180328	1901	1.0
37.82098360655737	1996	1.0
37.8503825136612	1624	1.0
37.866174863387975	3230	1.0
37.86726775956284	9952	1.0
37.9024043715847	7381	1.0
37.90524590163935	6875	1.0
37.954918032786885	8732	1.0
37.99071038251366	1339	1.0
38.00185792349727	744	1.0
38.03442622950819	6211	1.0
38.08868852459016	7221	1.0
38.098251366120216	5189	1.0
38.12120218579235	3260	1.0
38.121693989071034	2706	1.0
38.12382513661202	6085	1.0
38.12786885245902	3513	1.0
38.162568306010925	2718	1.0
38.16415300546448	5439	1.0
38.196721311475414	1847	1.0
38.20087431693989	5342	1.0
38.21786885245902	7966	1.0
38.23693989071038	7180	1.0
38.24081967213115	618	1.0
38.28743169398907	7862	1.0
38.292240437158476	1952	1.0
38.30950819672131	2890	1.0
38.312568306010924	4503	1.0
38.31934426229508	8205	1.0
38.324262295081965	7386	1.0
38.328087431693994	8288	1.0
38.33535519125683	8382	1.0
38.35153005464481	7816	1.0
38.3783606557377	5645	1.0
38.386830601092896	9653	1.0
38.39256830601093	9374	1.0
38.397650273224045	5460	1.0
38.39781420765027	9976	1.0
38.398360655737704	2327	1.0
38.427650273224046	3874	1.0
38.43043715846995	5304	1.0
38.43366120218579	7161	1.0
38.45890710382514	7831	1.0
38.460218579234976	6321	1.0
38.46972677595629	2953	1.0
38.48426229508196	3238	1.0
38.49021857923498	4346	1.0
38.49131147540984	5856	1.0
38.516994535519125	6514	1.0
38.51912568306011	8479	1.0
38.52366120218579	4490	1.0
38.53131147540984	7820	1.0
38.53366120218579	8901	1.0
38.54295081967213	424	1.0
38.55174863387978	878	1.0
38.55688524590164	2060	1.0
38.57448087431694	8865	1.0
38.594863387978144	4024	1.0
38.6003825136612	9873	1.0
38.6211475409836	1993	1.0
38.64601092896175	5764	1.0
38.655956284153	4290	1.0
38.66863387978142	1138	1.0
38.67934426229508	471	1.0
38.6848087431694	6105	1.0
38.68491803278689	5916	1.0
38.720000000000006	7053	1.0
38.759125683060105	8371	1.0
38.759836065573765	3915	1.0
38.76	1687	1.0
38.796502732240434	3023	1.0
38.80420765027322	8622	1.0
38.81032786885246	5082	1.0
38.81469945355191	6830	1.0
38.81704918032787	4173	1.0
38.86677595628415	7639	1.0
38.873715846994536	7143	1.0
38.891967213114754	5003	1.0
38.89907103825137	5980	1.0
38.90005464480875	6928	1.0
38.90191256830601	9707	1.0
38.91153005464481	8989	1.0
38.91398907103825	7375	1.0
38.96360655737705	5741	1.0
38.97568306010929	5823	1.0
39.0116393442623	4366	1.0
39.01382513661202	6717	1.0
39.03344262295082	4296	1.0
39.06049180327869	9077	1.0
39.11387978142076	1854	1.0
39.131584699453555	2636	1.0
39.13382513661202	1451	1.0
39.146612021857926	7806	1.0
39.150273224043715	3684	1.0
39.167377049180324	6099	1.0
39.17174863387979	4570	1.0
39.18005464480874	4868	1.0
39.2027868852459	4321	1.0
39.2268306010929	4501	1.0
39.2892349726776	3207	1.0
39.300710382513664	5844	1.0
39.33573770491803	4776	1.0
39.4083606557377	2086	1.0
39.40989071038252	9324	1.0
39.41781420765027	2502	1.0
39.42508196721312	2937	1.0
39.42765027322404	5134	1.0
39.44688524590163	3175	1.0
39.48163934426229	6310	1.0
39.48185792349727	6234	1.0
39.520382513661204	6780	1.0
39.54535519125683	8301	1.0
39.567923497267756	4916	1.0
39.57628415300547	4946	1.0
39.576502732240435	2976	1.0
39.576502732240435	7341	1.0
39.580983606557375	5301	1.0
39.58573770491803	3636	1.0
39.585846994535515	9462	1.0
39.593442622950825	6245	1.0
39.63109289617486	7760	1.0
39.63890710382513	6590	1.0
39.660054644808746	8655	1.0
39.672349726775956	1368	1.0
39.71404371584699	8739	1.0
39.72092896174863	1294	1.0
39.72218579234973	8338	1.0
39.72562841530054	394	1.0
39.73153005464481	2220	1.0
39.75437158469945	5300	1.0
39.76928961748634	3702	1.0
39.78475409836066	8100	1.0
39.784918032786884	7277	1.0
39.793114754098355	6335	1.0
39.80158469945355	3511	1.0
39.82475409836065	355	1.0
39.83016393442623	7889	1.0
39.83142076502732	1890	1.0
39.85229508196721	2516	1.0
39.872896174863385	5716	1.0
39.895409836065575	7824	1.0
39.91655737704918	4989	1.0
39.92109289617486	2924	1.0
39.92120218579235	1865	1.0
39.96934426229508	8483	1.0
39.98530054644809	1938	1.0
39.99142076502732	154	1.0
40.023770491803276	9362	1.0
40.05174863387978	4525	1.0
40.06136612021858	2695	1.0
40.070601092896176	8078	1.0
40.074262295081965	4887	1.0
40.092950819672126	8552	1.0
40.09502732240438	170	1.0
40.09535519125683	3817	1.0
40.13896174863388	5769	1.0
40.15693989071038	9644	1.0
40.16295081967213	7574	1.0
40.209398907103825	2271	1.0
40.20989071038251	8585	1.0
40.21896174863388	3203	1.0
40.22065573770492	4631	1.0
40.230054644808746	2611	1.0
40.240382513661196	8416	1.0
40.244098360655734	7968	1.0
40.24710382513661	2624	1.0
40.27032786885246	5887	1.0
40.28158469945355	7254	1.0
40.30131147540983	6963	1.0
40.31770491803278	5390	1.0
40.3472131147541	2174	1.0
40.352732240437156	503	1.0
40.35896174863388	55	1.0
40.36311475409836	1039	1.0
40.369562841530055	8057	1.0
40.38125683060109	3235	1.0
40.39409836065574	3655	1.0
40.3972131147541	1566	1.0
40.39918032786885	1190	1.0
40.40038251366121	2758	1.0
40.40262295081967	3333	1.0
40.4120218579235	9243	1.0
40.41710382513661	9579	1.0
40.41989071038252	5603	1.0
40.43781420765028	2865	1.0
40.44109289617486	6593	1.0
40.46032786885245	1978	1.0
40.471693989071035	1053	1.0
40.48349726775957	7346	1.0
40.49426229508197	4065	1.0
40.49896174863388	7668	1.0
40.50437158469945	3013	1.0
40.50655737704918	3307	1.0
40.534043715847	707	1.0
40.538032786885246	9174	1.0
40.571639344262294	5447	1.0
40.59540983606557	1782	1.0
40.603879781420765	4320	1.0
40.61557377049181	5273	1.0
40.61775956284153	1309	1.0
40.61885245901639	3824	1.0
40.62049180327869	1349	1.0
40.62874316939891	3591	1.0
40.63344262295082	3456	1.0
40.655191256830605	6423	1.0
40.7079781420765	1317	1.0
40.710546448087435	8402	1.0
40.72726775956284	8835	1.0
40.74846994535519	6078	1.0
40.75065573770492	3383	1.0
40.753169398907104	904	1.0
40.75950819672131	8778	1.0
40.775245901639344	671	1.0
40.78180327868852	7133	1.0
40.79896174863388	1278	1.0
40.80814207650273	3688	1.0
40.81147540983606	9784	1.0
40.82196721311475	8945	1.0
40.84431693989071	2119	1.0
40.84540983606557	5277	1.0
40.87896174863388	2525	1.0
40.89120218579235	2798	1.0
40.899071038251364	8891	1.0
40.90092896174863	2243	1.0
40.91207650273223	2816	1.0
40.915519125683055	1876	1.0
40.97590163934426	2629	1.0
40.993879781420766	6770	1.0
40.99540983606557	7295	1.0
41.00021857923497	3080	1.0
41.00491803278688	1300	1.0
41.018524590163935	6018	1.0
41.029726775956284	5175	1.0
41.04191256830601	6216	1.0
41.0427868852459	7719	1.0
41.04972677595628	9999	1.0
41.05010928961749	8117	1.0
41.05715846994535	3509	1.0
41.07393442622951	5820	1.0
41.08945355191257	1970	1.0
41.13229508196721	7755	1.0
41.13251366120219	5776	1.0
41.15978142076503	9468	1.0
41.16196721311476	5589	1.0
41.1644262295082	3894	1.0
41.169999999999995	9942	1.0
41.18868852459017	9949	1.0
41.18890710382514	8831	1.0
41.229617486338796	1842	1.0
41.27437158469946	4520	1.0
41.28508196721312	2620	1.0
41.30366120218579	4839	1.0
41.338196721311476	8706	1.0
41.339234972677595	7075	1.0
41.36	7568	1.0
41.38065573770492	5767	1.0
41.390491803278685	2466	1.0
41.39601092896174	8351	1.0
41.43327868852459	9165	1.0
41.4368306010929	626	1.0
41.44409836065574	7931	1.0
41.44907103825136	9064	1.0
41.4492349726776	4560	1.0
41.461202185792345	3598	1.0
41.46879781420765	760	1.0
41.48885245901639	2241	1.0
41.50081967213114	1934	1.0
41.50677595628415	9394	1.0
41.540546448087426	5040	1.0
41.570109289617484	6307	1.0
41.57584699453552	1449	1.0
41.57792349726776	6298	1.0
41.58071038251366	3852	1.0
41.588852459016394	1800	1.0
41.60901639344262	8314	1.0
41.622896174863385	1255	1.0
41.639672131147535	106	1.0
41.681038251366125	5567	1.0
41.71584699453552	7420	1.0
41.723551912568304	7449	1.0
41.75169398907104	5259	1.0
41.802185792349725	1493	1.0
41.81863387978142	4881	1.0
41.85841530054645	3774	1.0
41.87273224043716	6216	0.0
41.87377049180328	714	1.0
41.87639344262295	5783	1.0
41.925300546448085	7387	1.0
41.942513661202184	5912	1.0
41.9483606557377	9418	1.0
41.96016393442623	7130	1.0
41.9816393442623	7104	1.0
41.98612021857924	8482	1.0
41.99666666666667	9669	1.0
42.01540983606557	3857	1.0
42.075792349726775	7223	1.0
42.08983606557377	5656	1.0
42.09803278688524	5143	1.0
42.12021857923497	3536	1.0
42.12939890710382	2209	1.0
42.13994535519126	8549	1.0
42.151748633879784	2596	1.0
42.15377049180328	2855	1.0
42.16322404371584	8073	1.0
42.17163934426229	4866	1.0
42.21475409836066	3419	1.0
42.232896174863384	7335	1.0
42.24	328	1.0
42.24568306010929	80	1.0
42.25743169398907	8976	1.0
42.27349726775956	8738	1.0
42.2920218579235	3051	1.0
42.30120218579235	9380	1.0
42.30185792349727	1437	1.0
42.304426229508195	3274	1.0
42.31060109289617	9339	1.0
42.32196721311475	166	1.0
42.3375956284153	9364	1.0
42.346010928961746	3721	1.0
42.36065573770492	6197	1.0
42.364644808743165	6014	1.0
42.36469945355191	8394	1.0
42.3655737704918	561	1.0
42.373333333333335	9923	1.0
42.378196721311475	4457	1.0
42.38513661202186	3464	1.0
42.3931693989071	511	1.0
42.39404371584699	3361	1.0
42.42579234972678	3172	1.0
42.429890710382516	7851	1.0
42.43338797814208	2194	1.0
42.47191256830601	9177	1.0
42.47819672131148	7187	1.0
42.491530054644805	5917	1.0
42.52016393442623	8988	1.0
42.524098360655735	7334	1.0
42.52901639344262	2005	1.0
42.5375956284153	4804	1.0
42.53808743169399	3601	1.0
42.56218579234972	5466	1.0
42.57437158469945	9766	1.0
42.588142076502734	6352	1.0
42.59103825136612	8796	1.0
42.63327868852459	8050	1.0
42.633387978142075	8447	1.0
42.63415300546448	7205	1.0
42.637868852459015	9095	1.0
42.64245901639344	6332	1.0
42.646502732240435	8930	1.0
42.6635519125683	8954	1.0
42.67060109289617	1943	1.0
42.67224043715847	8142	1.0
42.683879781420764	9150	1.0
42.716502732240436	2168	1.0
42.80502732240437	8887	1.0
42.81469945355191	1845	1.0
42.8227868852459	9869	1.0
42.835901639344264	1584	1.0
42.84393442622951	5569	1.0
42.87273224043716	2055	1.0
42.90043715846995	3833	1.0
42.913333333333334	9244	1.0
42.921256830601095	6866	1.0
42.93890710382514	969	1.0
42.947431693989074	5126	1.0
42.960491803278686	9845	1.0
42.9724043715847	4445	1.0
42.974043715846996	2781	1.0
43.01693989071038	7703	1.0
43.02163934426229	9938	1.0
43.034207650273224	9251	1.0
43.037213114754095	9341	1.0
43.050765027322406	4605	1.0
43.054043715846994	9513	1.0
43.079180327868855	7485	1.0
43.095191256830596	6983	1.0
43.10125683060109	3993	1.0
43.11224043715847	646	1.0
43.11792349726776	9332	1.0
43.12639344262295	7000	1.0
43.13808743169399	1009	1.0
43.15131147540984	1308	1.0
43.15311475409836	2073	1.0
43.153333333333336	7416	1.0
43.15693989071038	4153	1.0
43.16989071038251	6233	1.0
43.17666666666666	9141	1.0
43.18415300546448	5184	1.0
43.19393442622951	8429	1.0
43.21639344262295	7429	1.0
43.22825136612022	56	1.0
43.24207650273224	2217	1.0
43.248251366120215	5678	1.0
43.289781420765024	5984	1.0
43.29163934426229	7868	1.0
43.29781420765027	3414	1.0
43.33683060109289	8102	1.0
43.347486338797815	8869	1.0
43.3672131147541	7717	1.0
43.38404371584699	7859	1.0
43.38535519125683	8281	1.0
43.42218579234972	7937	1.0
43.463497267759564	7451	1.0
43.47103825136612	9545	1.0
43.48153005464481	7823	1.0
43.508743169398905	4181	1.0
43.527486338797814	6872	1.0
43.533169398907106	3232	1.0
43.56590163934426	9255	1.0
43.575027322404374	9823	1.0
43.59918032786885	1534	1.0
43.60109289617486	7870	1.0
43.60213114754098	5509	1.0
43.65049180327869	1788	1.0
43.65568306010929	5615	1.0
43.65715846994535	9436	1.0
43.67540983606557	5285	1.0
43.684699453551914	2833	1.0
43.714262295081966	100	1.0
43.72595628415301	1748	1.0
43.753879781420764	1418	1.0
43.78896174863388	3137	1.0
43.799234972677596	3691	1.0
43.80087431693989	8704	1.0
43.81852459016394	8309	1.0
43.823825136612015	5945	1.0
43.86295081967213	8540	1.0
43.88628415300547	3710	1.0
43.89879781420765	5282	1.0
43.92027322404372	7549	1.0
43.94021857923497	8290	1.0
43.940655737704915	6106	1.0
44.00672131147541	392	1.0
44.007213114754094	3506	1.0
44.01983606557377	4277	1.0
44.02196721311475	2027	1.0
44.038688524590164	7216	1.0
44.04754098360655	1590	1.0
44.07366120218579	2838	1.0
44.1212568306011	827	1.0
44.13207650273224	8450	1.0
44.14065573770492	7010	1.0
44.14633879781421	7465	1.0
44.15579234972678	4531	1.0
44.171256830601095	9119	1.0
44.21606557377049	1924	1.0
44.23846994535519	2112	1.0
44.2479781420765	5245	1.0
44.249781420765025	5921	1.0
44.29502732240437	5241	1.0
44.29775956284153	4437	1.0
44.323551912568306	6773	1.0
44.33169398907104	2224	1.0
44.35857923497268	5038	1.0
44.36737704918033	1649	1.0
44.397650273224045	5402	1.0
44.41579234972678	7664	1.0
44.41639344262295	3363	1.0
44.42081967213115	2762	1.0
44.455956284153004	3302	1.0
44.478032786885244	9876	1.0
44.498306010928964	5592	1.0
44.499781420765025	2562	1.0
44.51754098360656	4428	1.0
44.539180327868856	2303	1.0
44.54387978142076	4328	1.0
44.56316939890711	2711	1.0
44.57983606557377	3096	1.0
44.5916393442623	9756	1.0
44.59693989071038	8529	1.0
44.61704918032787	8992	1.0
44.6527868852459	6032	1.0
44.660765027322405	8518	1.0
44.688415300546446	8922	1.0
44.697377049180325	9913	1.0
44.69863387978142	8240	1.0
44.70207650273224	6073	1.0
44.71109289617486	6854	1.0
44.72530054644808	7579	1.0
44.73459016393443	4393	1.0
44.73683060109289	3158	1.0
44.73786885245901	1588	1.0
44.747267759562845	3433	1.0
44.75524590163935	3841	1.0
44.800765027322406	5077	1.0
44.82754098360655	4216	1.0
44.856120218579235	132	1.0
44.86081967213114	3816	1.0
44.86830601092896	8873	1.0
44.88267759562841	4996	1.0
44.901092896174866	3698	1.0
44.90393442622951	4966	1.0
44.91316939890711	3512	1.0
44.93950819672131	5312	1.0
44.95311475409836	5877	1.0
44.95841530054645	9122	1.0
44.98650273224044	3562	1.0
44.98972677595628	4640	1.0
45.01224043715847	6295	1.0
45.03245901639344	5524	1.0
45.05661202185792	1360	1.0
45.0627868852459	5576	1.0
45.07513661202186	9117	1.0
45.08540983606557	6019	1.0
45.10366120218579	6393	1.0
45.156284153005465	181	1.0
45.170819672131145	3505	1.0
45.18338797814207	6259	1.0
45.20983606557377	5742	1.0
45.21765027322404	4779	1.0
45.229672131147545	2619	1.0
45.292841530054645	1815	1.0
45.30054644808743	7873	1.0
45.32595628415301	300	1.0
45.32601092896174	372	1.0
45.34535519125683	6362	1.0
45.3620218579235	2424	1.0
45.37267759562841	6175	1.0
45.380546448087436	6546	1.0
45.386885245901645	8639	1.0
45.449344262295085	3313	1.0
45.45054644808743	5906	1.0
45.456448087431696	2908	1.0
45.463879781420765	7726	1.0
45.46655737704918	4652	0.0
45.467923497267755	6136	1.0
45.476229508196724	2986	1.0
45.4920218579235	2793	1.0
45.50049180327869	9018	1.0
45.50251366120219	5347	1.0
45.50360655737705	5501	1.0
45.5048087431694	148	1.0
45.56180327868852	2377	1.0
45.56890710382513	3229	1.0
45.57109289617486	5102	1.0
45.5715300546448	7014	1.0
45.585081967213114	7157	1.0
45.59765027322404	5169	1.0
45.60595628415301	2361	1.0
45.62819672131147	9001	1.0
45.62956284153005	8967	1.0
45.65983606557377	1577	1.0
45.688415300546446	7269	1.0
45.717213114754095	7058	1.0
45.730327868852456	1346	1.0
45.743770491803275	7544	1.0
45.7492349726776	7440	1.0
45.77508196721312	6782	1.0
45.79191256830601	3377	1.0
45.79420765027322	7150	1.0
45.80590163934426	373	1.0
45.843661202185785	412	1.0
45.873989071038245	1024	1.0
45.883005464480874	4349	1.0
45.892021857923496	3272	1.0
45.9124043715847	5440	1.0
45.928633879781415	4104	1.0
45.93743169398907	9312	1.0
45.95355191256831	4484	1.0
45.95683060109289	4878	1.0
45.979672131147545	1583	1.0
45.99453551912568	5858	1.0
46.00333333333333	1571	1.0
46.01928961748634	4646	1.0
46.02415300546448	7561	1.0
46.05251366120219	4834	1.0
46.056284153005464	9583	1.0
46.07601092896174	2510	1.0
46.09098360655738	8156	1.0
46.09338797814208	3566	1.0
46.10262295081967	7977	1.0
46.10546448087432	9359	1.0
46.14715846994536	4734	1.0
46.156994535519125	2997	1.0
46.17114754098361	3744	1.0
46.17486338797814	2192	1.0
46.18639344262295	5398	1.0
46.21398907103825	1218	1.0
46.21819672131147	7728	1.0
46.25262295081967	2357	1.0
46.253169398907104	5370	1.0
46.25502732240437	7705	1.0
46.275901639344255	5128	1.0
46.28901639344262	5429	1.0
46.28978142076503	9515	1.0
46.28989071038251	9946	1.0
46.29825136612022	3768	1.0
46.3079781420765	1466	1.0
46.31486338797814	3012	1.0
46.37934426229508	4764	1.0
46.39939890710382	8052	1.0
46.411857923497266	3607	1.0
46.41792349726776	5158	1.0
46.42770491803279	4495	1.0
46.44530054644809	8087	1.0
46.47142076502732	378	1.0
46.505464480874316	9464	1.0
46.51409836065574	9892	1.0
46.52196721311475	9014	1.0
46.573114754098356	2645	1.0
46.587049180327874	5225	1.0
46.609071038251365	1738	1.0
46.64043715846994	3205	1.0
46.69650273224044	4768	1.0
46.706448087431696	8345	1.0
46.748688524590165	4398	1.0
46.77207650273224	7972	1.0
46.774098360655735	2072	1.0
46.78344262295082	9532	1.0
46.78710382513661	7036	1.0
46.82830601092896	3997	1.0
46.83087431693989	1869	1.0
46.83098360655738	2854	1.0
46.84016393442623	9710	1.0
46.84989071038251	7396	1.0
46.85163934426229	7479	1.0
46.8555737704918	7426	1.0
46.85579234972678	8695	1.0
46.88551912568306	9643	1.0
46.89666666666667	7366	1.0
46.92284153005464	5918	1.0
46.93814207650273	8051	1.0
46.95650273224044	5971	1.0
46.96765027322404	9263	1.0
46.96863387978142	4034	1.0
47.0283606557377	6470	1.0
47.02912568306011	3539	1.0
47.02961748633879	7122	1.0
47.04683060109289	9599	1.0
47.06743169398907	405	1.0
47.11890710382514	1662	1.0
47.12770491803279	4229	1.0
47.146612021857926	1971	1.0
47.16475409836065	9000	1.0
47.18464480874317	8273	1.0
47.185191256830606	1959	1.0
47.23174863387978	4807	1.0
47.23502732240438	3790	1.0
47.27229508196721	7666	1.0
47.27622950819672	1922	1.0
47.2896174863388	4670	1.0
47.28972677595628	589	1.0
47.324699453551915	3670	1.0
47.32901639344262	3206	1.0
47.33081967213114	1052	1.0
47.33081967213114	6993	1.0
47.367213114754094	174	1.0
47.369125683060105	5496	1.0
47.38322404371585	6434	1.0
47.38502732240437	2014	1.0
47.391639344262295	6157	1.0
47.42453551912568	930	1.0
47.43234972677595	7779	1.0
47.43333333333334	1784	1.0
47.446557377049174	5766	1.0
47.44989071038251	1070	1.0
47.45890710382514	4081	1.0
47.46453551912568	9083	1.0
47.46770491803279	9937	1.0
47.49437158469945	5099	1.0
47.497158469945354	9679	1.0
47.509234972677596	8616	1.0
47.51420765027322	2399	1.0
47.53606557377049	1185	1.0
47.56628415300546	8615	1.0
47.573879781420764	4139	1.0
47.57704918032787	9809	1.0
47.59185792349727	5563	1.0
47.62644808743169	2083	1.0
47.64868852459016	2035	1.0
47.6572131147541	8671	1.0
47.65983606557377	2920	1.0
47.673442622950816	7087	1.0
47.67360655737705	4214	1.0
47.69295081967213	8374	1.0
47.707540983606556	8663	1.0
47.71524590163935	4255	1.0
47.72333333333333	8924	1.0
47.764043715846995	9577	1.0
47.76868852459016	8359	1.0
47.774098360655735	7444	1.0
47.78158469945355	9716	1.0
47.781639344262295	1981	1.0
47.81349726775956	450	1.0
47.81540983606558	489	1.0
47.820601092896176	9213	1.0
47.83868852459017	4399	1.0
47.84366120218579	19	1.0
47.85415300546448	2870	1.0
47.865464480874316	653	1.0
47.88590163934426	9984	1.0
47.889016393442624	6550	1.0
47.895300546448084	2263	1.0
47.89890710382513	3924	1.0
47.91016393442623	4049	1.0
47.91540983606558	6353	1.0
47.949999999999996	5598	1.0
47.95234972677596	7986	1.0
47.953005464480874	5540	1.0
47.958688524590166	8131	1.0
47.97049180327869	4456	1.0
47.99748633879781	4518	1.0
48.033169398907106	7271	1.0
48.06420765027322	8934	1.0
48.0672131147541	8842	1.0
48.071693989071036	4165	1.0
48.07945355191257	9258	1.0
48.088469945355186	6517	1.0
48.09448087431694	2404	1.0
48.10480874316939	8084	1.0
48.11688524590164	7974	1.0
48.1251912568306	2232	1.0
48.12765027322404	2773	1.0
48.15054644808743	238	1.0
48.15054644808743	2264	1.0
48.155464480874315	6580	1.0
48.16153005464481	70	1.0
48.16628415300546	4294	1.0
48.18109289617486	9254	1.0
48.183606557377054	3930	1.0
48.197759562841526	809	1.0
48.21770491803278	6847	1.0
48.229562841530054	9714	1.0
48.24803278688524	4911	1.0
48.276393442622954	273	1.0
48.301366120218574	9874	1.0
48.33934426229508	4380	1.0
48.38393442622951	4698	1.0
48.42409836065574	9356	1.0
48.42934426229508	9567	1.0
48.43371584699453	6291	1.0
48.442622950819676	3125	1.0
48.49956284153006	4270	1.0
48.51306010928961	4471	1.0
48.52475409836065	4850	1.0
48.52513661202186	1112	1.0
48.53218579234973	2379	1.0
48.56071038251366	8349	1.0
48.56256830601093	8660	1.0
48.601967213114754	9161	1.0
48.61896174863388	5093	1.0
48.637868852459015	4166	1.0
48.642349726775954	8974	1.0
48.68081967213114	2985	1.0
48.68568306010929	1095	1.0
48.68972677595629	4849	1.0
48.69562841530055	9333	1.0
48.71404371584699	160	1.0
48.71497267759563	32	1.0
48.72409836065574	4105	1.0
48.75672131147541	1630	1.0
48.779672131147535	2977	1.0
48.806775956284156	3980	1.0
48.817158469945355	23	1.0
48.82590163934426	3150	1.0
48.8324043715847	9365	1.0
48.85371584699454	7686	1.0
48.87196721311476	7533	1.0
48.886338797814204	2017	1.0
48.88792349726776	2530	1.0
48.89125683060109	5970	1.0
48.894316939890714	6494	1.0
48.90016393442623	5008	1.0
48.90109289617486	867	1.0
48.91191256830601	7914	1.0
48.91606557377049	594	1.0
48.918142076502726	5186	1.0
48.9244262295082	8347	1.0
48.936994535519126	1494	1.0
48.950382513661204	4551	1.0
48.950382513661204	3882	1.0
48.95819672131148	660	1.0
48.99896174863388	4676	1.0
49.014754098360655	5363	1.0
49.03469945355191	3669	1.0
49.04562841530055	3374	1.0
49.04857923497268	2959	1.0
49.06147540983606	3271	1.0
49.07256830601093	3751	1.0
49.08579234972678	3072	1.0
49.095136612021854	2689	1.0
49.103825136612016	1919	1.0
49.114754098360656	5192	1.0
49.12131147540983	6227	1.0
49.139016393442624	177	1.0
49.15038251366121	3448	1.0
49.156666666666666	1617	1.0
49.167377049180324	9568	1.0
49.1720218579235	9992	1.0
49.1739344262295	4355	1.0
49.18267759562841	564	1.0
49.21262295081967	1234	1.0
49.220273224043716	291	1.0
49.2331693989071	1701	1.0
49.24639344262295	713	1.0
49.26191256830601	2410	1.0
49.29464480874317	2756	1.0
49.300327868852456	8601	1.0
49.320874316939886	3123	1.0
49.32486338797814	8588	1.0
49.33453551912569	298	1.0
49.34661202185792	5087	1.0
49.3507650273224	5928	1.0
49.36371584699454	84	1.0
49.364754098360656	3211	1.0
49.3875956284153	7772	1.0
49.3963387978142	8343	1.0
49.39650273224044	1374	1.0
49.397650273224045	9405	1.0
49.40245901639344	7402	1.0
49.41120218579235	887	1.0
49.43306010928962	8140	1.0
49.44830601092896	1268	1.0
49.44945355191257	3673	1.0
49.46934426229508	6186	1.0
49.48092896174863	8943	1.0
49.50262295081967	6379	1.0
49.52628415300546	361	1.0
49.534590163934425	2900	1.0
49.54786885245902	5616	1.0
49.57344262295082	4353	1.0
49.60863387978142	5302	1.0
49.633497267759566	7326	1.0
49.6388524590164	9176	1.0
49.661530054644814	386	1.0
49.686502732240434	5349	1.0
49.71726775956284	9246	1.0
49.74169398907104	7328	1.0
49.753169398907104	4004	1.0
49.78300546448087	7970	1.0
49.79486338797814	4926	1.0
49.79530054644808	8725	1.0
49.843715846994535	7332	1.0
49.84612021857924	1202	1.0
49.851530054644805	475	1.0
49.8820218579235	5173	1.0
49.884535519125684	1387	1.0
49.90021857923497	2028	1.0
49.93196721311475	7756	1.0
49.983387978142076	1206	1.0
50.02065573770492	6389	1.0
50.023387978142075	7502	1.0
50.02972677595628	1764	1.0
50.039180327868856	8994	1.0
50.043551912568304	2453	1.0
50.04737704918033	4880	1.0
50.04896174863388	3033	1.0
50.073879781420764	8401	1.0
50.07437158469945	805	1.0
50.08010928961748	5981	1.0
50.091857923497265	4079	1.0
50.11032786885246	774	1.0
50.13546448087431	9875	1.0
50.164808743169395	8555	1.0
50.18672131147541	5296	1.0
50.18825136612021	3241	1.0
50.192131147540984	7827	1.0
50.20065573770491	7706	1.0
50.21251366120218	344	1.0
50.22486338797814	2132	1.0
50.23043715846994	4489	1.0
50.237049180327865	8586	1.0
50.24803278688525	2819	1.0
50.27535519125683	2034	1.0
50.29109289617486	75	1.0
50.32431693989071	3703	1.0
50.326830601092894	8357	1.0
50.330273224043715	8600	1.0
50.39071038251366	3180	1.0
50.41377049180328	3528	1.0
50.439125683060105	5468	1.0
50.45360655737705	4008	1.0
50.46710382513661	3571	1.0
50.48841530054645	4634	1.0
50.51229508196722	7141	1.0
50.51234972677595	7330	1.0
50.51387978142077	6695	1.0
50.530437158469944	7882	1.0
50.57672131147541	6209	1.0
50.59437158469945	953	1.0
50.61120218579235	4372	1.0
50.61737704918033	3489	1.0
50.62213114754098	7178	1.0
50.66950819672131	6705	1.0
50.67431693989071	2849	1.0
50.70546448087431	6545	1.0
50.72103825136612	4815	1.0
50.72502732240437	5097	1.0
50.75535519125683	3516	1.0
50.764043715846995	2051	1.0
50.794316939890706	366	1.0
50.802295081967216	2538	1.0
50.81808743169399	4860	1.0
50.899781420765024	9137	1.0
50.91885245901639	4735	1.0
50.921147540983604	5446	1.0
50.928251366120215	2871	1.0
50.94803278688524	7185	1.0
50.95945355191257	7743	1.0
50.97355191256831	8172	1.0
50.98448087431694	6294	1.0
50.988087431693984	3683	1.0
50.990109289617486	2564	1.0
51.00737704918033	8803	1.0
51.00978142076502	8454	1.0
51.04754098360656	2225	1.0
51.04792349726776	380	1.0
51.04939890710382	3732	1.0
51.056284153005464	95	1.0
51.09032786885246	2481	1.0
51.098907103825134	1646	1.0
51.12377049180328	7257	1.0
51.12885245901639	5403	1.0
51.15	5837	1.0
51.15612021857923	9219	1.0
51.18174863387978	6201	1.0
51.18229508196721	5007	1.0
51.183497267759556	2625	1.0
51.19338797814208	3839	1.0
51.19497267759563	4170	1.0
51.19584699453552	2043	1.0
51.196994535519124	4226	1.0
51.256939890710385	119	1.0
51.259945355191256	7311	1.0
51.27109289617486	7054	1.0
51.30612021857923	2869	1.0
51.30770491803278	6253	1.0
51.31360655737705	2465	1.0
51.3175956284153	9645	1.0
51.34989071038252	2257	1.0
51.355300546448085	2409	1.0
51.36054644808743	5745	1.0
51.3720218579235	7872	1.0
51.37387978142077	7757	1.0
51.375191256830604	629	1.0
51.38273224043716	2368	1.0
51.392404371584696	8037	1.0
51.399781420765024	3576	1.0
51.40612021857923	7155	1.0
51.41502732240438	389	1.0
51.42710382513661	5483	1.0
51.43606557377049	6599	1.0
51.44508196721312	1335	1.0
51.44846994535519	6808	1.0
51.44885245901639	4961	1.0
51.45650273224044	5649	1.0
51.46098360655738	1889	1.0
51.48502732240437	9546	1.0
51.48655737704918	530	1.0
51.50431693989071	6671	1.0
51.508360655737704	4178	1.0
51.52989071038251	9637	1.0
51.57065573770491	7404	1.0
51.58775956284153	5521	1.0
51.59349726775957	3733	1.0
51.611420765027326	7408	1.0
51.61857923497268	6040	1.0
51.638961748633875	5706	1.0
51.65371584699453	1994	1.0
51.65934426229508	9943	1.0
51.66699453551912	6129	1.0
51.67333333333333	0	1.0
