0.05015289617486339	3348	1.0
0.18153661202185795	5583	1.0
0.2653524590163934	8678	1.0
0.3073196721311476	16	1.0
0.4890087431693989	7445	1.0
0.660879781420765	8658	1.0
0.716912568306011	1008	1.0
0.7469508196721312	8392	1.0
0.8544043715846995	1694	1.0
0.8587103825136612	9142	1.0
0.8705464480874318	5990	1.0
1.0558196721311475	2816	1.0
1.067726775956284	9823	1.0
1.270191256830601	980	1.0
1.284	6326	1.0
1.3582131147540983	5651	1.0
1.3945628415300546	2677	1.0
1.423497267759563	9679	1.0
1.4239617486338796	7822	1.0
1.426535519125683	6825	1.0
1.44251912568306	3293	1.0
1.4621420765027322	3486	1.0
1.4659726775956283	7886	1.0
1.4728579234972679	6759	1.0
1.6147377049180327	5228	1.0
1.6722131147540984	2561	1.0
1.7371803278688525	6760	1.0
1.7465901639344261	9992	1.0
1.7608852459016393	3412	1.0
1.863207650273224	2208	1.0
1.9842295081967214	73	1.0
2.0039289617486338	8880	1.0
2.1043224043715845	4020	1.0
2.115846994535519	717	1.0
2.1376502732240437	7983	1.0
2.209967213114754	8348	1.0
2.2372459016393442	6656	1.0
2.2409562841530053	2196	1.0
2.291661202185792	1609	1.0
2.439606557377049	7453	1.0
2.4444535519125683	9676	1.0
2.4536338797814206	5767	1.0
2.4882131147540982	2043	1.0
2.523601092896175	9898	1.0
2.5487759562841528	2138	1.0
2.563453551912568	4402	1.0
2.6097868852459016	9477	1.0
2.6847213114754096	7627	1.0
2.7391147540983605	1365	1.0
2.7553169398907102	4901	1.0
2.799978142076503	7253	1.0
2.82203825136612	4567	1.0
2.8861147540983607	578	1.0
2.9343169398907105	3528	1.0
3.1485464480874317	2241	1.0
3.2022568306010926	4714	1.0
3.2032459016393444	6444	1.0
3.216885245901639	9682	1.0
3.2281475409836067	6918	1.0
3.299311475409836	9064	1.0
3.3353770491803276	6556	1.0
3.338459016393443	4676	1.0
3.3526448087431695	8917	1.0
3.356655737704918	3793	1.0
3.45827868852459	2782	1.0
3.4634590163934424	2895	1.0
3.46531693989071	4113	1.0
3.508994535519126	9617	1.0
3.5424426229508197	1299	1.0
3.551590163934426	9839	1.0
3.6247704918032784	7419	1.0
3.6666502732240436	7648	1.0
3.686584699453552	787	1.0
3.703612021857923	1753	1.0
3.742136612021858	7106	1.0
3.769754098360656	8527	1.0
3.792792349726776	3515	1.0
3.820672131147541	571	1.0
3.9830601092896174	6937	1.0
4.024846994535519	3916	1.0
4.0291147540983605	8850	1.0
4.0302131147540985	6064	1.0
4.079989071038251	1277	1.0
4.085530054644809	1366	1.0
4.149885245901639	6437	1.0
4.161846994535519	5283	1.0
4.275573770491802	9180	1.0
4.315136612021858	5499	1.0
4.336295081967213	2183	1.0
4.357267759562841	124	1.0
4.369147540983607	6522	1.0
4.395879781420764	3487	1.0
4.398218579234973	5610	1.0
4.433562841530055	8365	1.0
4.4396939890710385	3468	1.0
4.445666666666667	3957	1.0
4.452983606557377	9556	1.0
4.524098360655738	1678	1.0
4.53139344262295	9396	1.0
4.54812568306011	8966	1.0
4.558262295081967	8642	1.0
4.560568306010929	9229	1.0
4.575524590163934	1161	1.0
4.633841530054645	3858	1.0
4.726256830601093	434	1.0
4.74483606557377	9795	1.0
4.745846994535519	7811	1.0
4.933994535519125	5672	1.0
4.938480874316939	6129	1.0
4.95755737704918	6406	1.0
5.005016393442623	7733	1.0
5.033027322404371	7943	1.0
5.17079781420765	2858	1.0
5.176825136612022	6577	1.0
5.193693989071038	8634	1.0
5.224147540983607	108	1.0
5.233327868852459	1710	1.0
5.281486338797814	7642	1.0
5.330393442622951	1886	1.0
5.34235519125683	7498	1.0
5.40051912568306	7026	1.0
5.419404371584699	1149	1.0
5.421311475409835	4230	1.0
5.4466393442622945	4451	1.0
5.466666666666667	7495	1.0
5.467377049180328	3320	1.0
5.535956284153006	4677	1.0
5.5657923497267765	6337	1.0
5.668524590163934	8200	1.0
5.70191256830601	4695	1.0
5.70207650273224	792	1.0
5.720874316939891	8683	1.0
5.744644808743169	6267	1.0
5.7515300546448085	7175	1.0
5.864699453551912	3350	1.0
5.8828961748633875	9710	1.0
5.936174863387978	8895	1.0
5.989453551912568	4802	1.0
6.066666666666667	1597	1.0
6.085846994535519	9677	1.0
6.188907103825136	9520	1.0
6.197267759562842	8121	1.0
6.216448087431694	1080	1.0
6.225300546448087	9222	1.0
6.258633879781421	2395	1.0
6.259180327868853	9736	1.0
6.274590163934426	9587	1.0
6.2826775956284155	5289	1.0
6.3188524590163935	6388	1.0
6.499453551912568	6994	1.0
6.5139344262295085	5542	1.0
6.523497267759563	2083	1.0
6.547158469945355	4040	1.0
6.5798907103825135	3178	1.0
6.592896174863387	5667	1.0
6.641420765027322	4650	1.0
6.7048087431694	9854	1.0
6.761748633879781	7117	1.0
6.765191256830601	4561	1.0
6.8020218579234974	9157	1.0
6.815737704918032	9035	1.0
6.835792349726776	3718	1.0
6.8469945355191255	4853	1.0
6.847431693989071	3111	1.0
6.880710382513661	6965	1.0
6.932131147540984	2470	1.0
6.949289617486339	2132	1.0
6.976885245901639	7846	1.0
6.986502732240437	7286	1.0
7.148360655737704	7613	1.0
7.206939890710382	8518	1.0
7.284808743169399	6008	1.0
7.329180327868852	7524	1.0
7.345737704918033	856	1.0
7.352076502732241	5253	1.0
7.363989071038251	3014	1.0
7.400218579234973	4885	1.0
7.400655737704918	6615	1.0
7.4203825136612025	8618	1.0
7.439508196721311	7179	1.0
7.467213114754098	8604	1.0
7.476939890710383	3721	1.0
7.519617486338797	5379	1.0
7.540655737704918	9339	1.0
7.591639344262295	9995	1.0
7.676502732240436	4806	1.0
7.698142076502732	4383	1.0
7.70568306010929	7323	1.0
7.737650273224044	3190	1.0
7.8287978142076495	2824	1.0
7.889508196721311	9652	1.0
7.9338797814207656	1107	1.0
7.97360655737705	3476	1.0
7.979016393442622	4800	1.0
8.016338797814207	6160	1.0
8.06726775956284	700	1.0
8.147486338797814	8745	1.0
8.197322404371585	8886	1.0
8.213715846994535	1339	1.0
8.260327868852459	6397	1.0
8.310437158469945	7089	1.0
8.392021857923497	3604	1.0
8.425956284153004	5832	1.0
8.448360655737705	3072	1.0
8.46103825136612	424	1.0
8.48032786885246	7570	1.0
8.483879781420764	867	1.0
8.508032786885247	1663	1.0
8.574098360655737	3942	1.0
8.608469945355191	569	1.0
8.693387978142077	2687	1.0
8.781693989071039	8023	1.0
8.785683060109289	9749	1.0
8.824207650273225	8072	1.0
8.827814207650272	2943	1.0
8.924371584699454	8158	1.0
8.929344262295082	7146	1.0
9.161803278688524	8909	1.0
9.165081967213116	7174	1.0
9.199180327868852	2765	1.0
9.216557377049181	7155	1.0
9.423989071038251	1588	1.0
9.447704918032787	8262	1.0
9.460983606557376	9510	1.0
9.540109289617485	6864	1.0
9.67415300546448	4208	1.0
9.731311475409836	6200	1.0
9.738415300546448	6300	1.0
9.757049180327868	3514	1.0
9.82071038251366	2148	1.0
9.830928961748633	5802	1.0
9.840655737704918	7904	1.0
9.904918032786885	8432	1.0
9.91863387978142	273	1.0
9.929071038251367	5134	1.0
9.94377049180328	4287	1.0
9.94743169398907	9271	1.0
9.951420765027322	2000	1.0
10.01672131147541	7849	1.0
10.029453551912567	261	1.0
10.036775956284153	1120	1.0
10.068579234972677	690	1.0
10.119071038251366	9630	1.0
10.15448087431694	600	1.0
10.183825136612022	6076	1.0
10.190546448087431	2405	1.0
10.26568306010929	6390	1.0
10.271748633879781	3664	1.0
10.359344262295082	8070	1.0
10.362677595628416	1867	1.0
10.404699453551913	9034	1.0
10.407540983606559	449	1.0
10.443060109289618	3338	1.0
10.472677595628417	2158	1.0
10.485901639344263	6856	1.0
10.526666666666667	4052	1.0
10.541147540983607	5351	1.0
10.578524590163934	4114	1.0
10.58344262295082	9666	1.0
10.601857923497267	4404	1.0
10.616775956284153	6882	1.0
10.627486338797816	866	1.0
10.629726775956286	5263	1.0
10.695683060109289	9778	1.0
10.739836065573769	5102	1.0
10.749562841530055	8955	1.0
10.786557377049181	2203	1.0
10.80032786885246	8569	1.0
10.813060109289617	6469	1.0
10.903770491803279	537	1.0
10.984590163934426	8047	1.0
10.996612021857924	7961	1.0
11.013224043715848	8293	1.0
11.080765027322403	540	1.0
11.172786885245902	8944	1.0
11.202786885245903	1658	1.0
11.20398907103825	4253	1.0
11.209016393442623	5475	1.0
11.22054644808743	391	1.0
11.2351912568306	3649	1.0
11.25344262295082	2095	1.0
11.281967213114754	9530	1.0
11.298032786885246	5070	1.0
11.328852459016394	8120	1.0
11.330054644808742	7594	1.0
11.348415300546447	9953	1.0
11.349398907103826	1532	1.0
11.365683060109289	9390	1.0
11.3851912568306	7299	1.0
11.466174863387979	6253	1.0
11.496775956284154	8253	1.0
11.49863387978142	641	1.0
11.507868852459016	7036	1.0
11.527377049180327	1942	1.0
11.60120218579235	7914	1.0
11.603224043715846	7123	1.0
11.605901639344262	621	1.0
11.635300546448086	7295	1.0
11.638852459016395	4923	1.0
11.693551912568307	6004	1.0
11.70983606557377	2682	1.0
11.71415300546448	8323	1.0
11.723879781420765	3098	1.0
11.749071038251365	1166	1.0
11.797978142076502	7919	1.0
11.828852459016394	4168	1.0
11.86207650273224	7263	1.0
11.908852459016392	7895	1.0
11.97153005464481	7650	1.0
12.187540983606556	9575	1.0
12.222841530054644	7231	1.0
12.24360655737705	3299	1.0
12.26863387978142	4734	1.0
12.311912568306012	5976	1.0
12.402841530054644	8607	1.0
12.506338797814207	3317	1.0
12.524371584699452	2376	1.0
12.525409836065574	8676	1.0
12.538524590163934	8278	1.0
12.588306010928962	541	1.0
12.597978142076503	1114	1.0
12.647158469945355	6699	1.0
12.663989071038252	4710	1.0
12.729180327868852	5264	1.0
12.815573770491804	6764	1.0
12.848142076502732	6328	1.0
12.864426229508197	1811	1.0
13.01693989071038	8050	1.0
13.03431693989071	7369	1.0
13.054098360655738	3534	1.0
13.118961748633879	1479	1.0
13.155355191256831	8677	1.0
13.157377049180328	8936	1.0
13.224426229508195	2705	1.0
13.229562841530054	7387	1.0
13.35153005464481	443	1.0
13.36191256830601	5833	1.0
13.402896174863386	9147	1.0
13.405191256830602	2717	1.0
13.42639344262295	1913	1.0
13.42879781420765	1168	1.0
13.44601092896175	9383	1.0
13.446721311475411	5483	1.0
13.471857923497266	4904	1.0
13.488688524590163	2867	1.0
13.50224043715847	5534	1.0
13.529726775956284	2657	1.0
13.546994535519126	2517	1.0
13.583224043715846	7224	1.0
13.585409836065573	5322	1.0
13.59775956284153	7056	1.0
13.7424043715847	1155	1.0
13.786174863387977	2348	1.0
13.798415300546447	1627	1.0
13.815901639344261	8279	1.0
13.863005464480874	666	1.0
13.879453551912567	4090	1.0
13.929180327868853	708	1.0
13.93	8332	1.0
13.933497267759563	9141	1.0
13.94295081967213	1571	1.0
14.013497267759563	5823	1.0
14.041967213114754	1170	1.0
14.247704918032786	9698	1.0
14.274535519125683	5477	1.0
14.29	983	1.0
14.294426229508197	1878	1.0
14.349398907103824	6860	1.0
14.407540983606555	4782	1.0
14.462295081967213	8712	1.0
14.466065573770491	5122	1.0
14.526284153005463	7241	1.0
14.551584699453553	6900	1.0
14.564699453551913	6777	1.0
14.57688524590164	5337	1.0
14.599726775956285	6640	1.0
14.666939890710383	3746	1.0
14.695628415300547	4822	1.0
14.739562841530056	2937	1.0
14.75486338797814	8783	1.0
14.780601092896175	9486	1.0
14.865409836065574	2690	1.0
14.890273224043716	8002	1.0
14.960928961748634	1536	1.0
14.968743169398905	2430	1.0
14.998251366120218	7726	1.0
15.006775956284153	8962	1.0
15.01120218579235	1808	1.0
15.020327868852458	2828	1.0
15.051475409836065	4071	1.0
15.053114754098361	6203	1.0
15.085956284153006	5819	1.0
15.126612021857923	7844	1.0
15.152622950819671	7278	1.0
15.204972677595627	2408	1.0
15.263497267759563	7918	1.0
15.274863387978142	4834	1.0
15.281857923497267	1557	1.0
15.378743169398907	482	1.0
15.40983606557377	6685	1.0
15.419945355191256	9417	1.0
15.501693989071038	670	1.0
15.520928961748634	8206	1.0
15.52120218579235	9728	1.0
15.63327868852459	4433	1.0
15.65879781420765	9399	1.0
15.669617486338797	1848	1.0
15.685464480874318	575	1.0
15.686010928961748	1270	1.0
15.730491803278689	743	1.0
15.808688524590165	8790	1.0
15.823114754098361	6901	1.0
15.830819672131147	3372	1.0
15.859234972677596	6550	1.0
15.886775956284152	2371	1.0
15.890928961748633	4435	1.0
15.897213114754098	271	1.0
15.912896174863388	9754	1.0
15.960983606557377	8150	1.0
15.969726775956284	7959	1.0
16.030491803278686	4855	1.0
16.04606557377049	4130	1.0
16.06103825136612	7655	1.0
16.101420765027324	9432	1.0
16.105628415300547	7475	1.0
16.16191256830601	2369	1.0
16.213715846994535	7984	1.0
16.239016393442622	7099	1.0
16.333005464480873	5563	1.0
16.365081967213115	1179	1.0
16.394754098360654	5918	1.0
16.398469945355192	5721	1.0
16.42065573770492	6415	1.0
16.481420765027323	8090	1.0
16.496502732240437	6966	1.0
16.51814207650273	6804	1.0
16.51846994535519	3287	1.0
16.544207650273226	7947	1.0
16.553989071038252	9158	1.0
16.602896174863385	6068	1.0
16.660601092896176	7688	1.0
16.74983606557377	1263	1.0
16.80655737704918	1325	1.0
16.99273224043716	1134	1.0
17.031530054644808	5092	1.0
17.04245901639344	875	1.0
17.047486338797814	5471	1.0
17.228087431693986	6536	1.0
17.251202185792348	1318	1.0
17.255191256830603	2744	1.0
17.257540983606557	8084	1.0
17.318196721311477	1430	1.0
17.345792349726775	6887	1.0
17.365191256830602	9039	1.0
17.378852459016393	8078	1.0
17.410054644808742	8994	1.0
17.43972677595628	9452	1.0
17.463715846994532	7672	1.0
17.50622950819672	994	1.0
17.569999999999997	6651	1.0
17.58601092896175	500	1.0
17.58808743169399	7625	1.0
17.60054644808743	9625	1.0
17.6224043715847	8209	1.0
17.656830601092896	2333	1.0
17.69169398907104	7739	1.0
17.7648087431694	583	1.0
17.807377049180328	101	1.0
17.82497267759563	2405	0.0
17.845409836065574	494	1.0
17.89393442622951	7968	1.0
17.927103825136612	6282	1.0
17.962459016393442	1525	1.0
18.052459016393446	9748	1.0
18.111967213114752	8478	1.0
18.11568306010929	290	1.0
18.1244262295082	8695	1.0
18.154808743169397	1850	1.0
18.172131147540984	8690	1.0
18.1748087431694	4723	1.0
18.183224043715846	1431	1.0
18.19792349726776	6359	1.0
18.230491803278685	6613	1.0
18.255519125683062	1864	1.0
18.281366120218582	6988	1.0
18.29825136612022	5864	1.0
18.31	3844	1.0
18.330327868852457	5522	1.0
18.350655737704916	4651	1.0
18.35103825136612	2734	1.0
18.363551912568305	2643	1.0
18.376502732240436	8273	1.0
18.390054644808743	9042	1.0
18.48726775956284	3101	1.0
18.492786885245902	2399	1.0
18.49420765027322	2383	1.0
18.498579234972677	3373	1.0
18.537322404371587	5997	1.0
18.590273224043717	4024	1.0
18.59174863387978	7695	1.0
18.595136612021857	3146	1.0
18.604480874316938	2715	1.0
18.65808743169399	5380	1.0
18.68174863387978	6065	1.0
18.69087431693989	7865	1.0
18.706010928961746	376	1.0
18.713060109289618	5839	1.0
18.777650273224044	2865	1.0
18.79792349726776	608	1.0
18.802677595628413	2804	1.0
18.839234972677595	2150	1.0
18.878524590163934	3311	1.0
18.88901639344262	5937	1.0
18.917431693989073	6509	1.0
18.996666666666666	7376	1.0
19.01655737704918	9787	1.0
19.027486338797814	233	1.0
19.11562841530055	4803	1.0
19.151639344262296	7691	1.0
19.219945355191257	9714	1.0
19.22	6364	1.0
19.258196721311478	9058	1.0
19.263169398907102	8353	1.0
19.272295081967215	2217	1.0
19.286994535519124	6854	1.0
19.313333333333333	9692	1.0
19.320765027322405	4349	1.0
19.36131147540984	929	1.0
19.372021857923496	4864	1.0
19.37207650273224	6491	1.0
19.38469945355191	2993	1.0
19.427486338797817	8822	1.0
19.439453551912568	8076	1.0
19.444207650273224	710	1.0
19.466830601092894	7004	1.0
19.47120218579235	8580	1.0
19.585628415300544	1714	1.0
19.58808743169399	1417	1.0
19.597759562841528	4470	1.0
19.613715846994534	2142	1.0
19.618360655737703	7931	1.0
19.623879781420765	9533	1.0
19.679234972677598	4757	1.0
19.68169398907104	8798	1.0
19.70256830601093	6016	1.0
19.70617486338798	1728	1.0
19.74349726775956	8919	1.0
19.747213114754096	2837	1.0
19.896120218579235	7009	1.0
19.899617486338798	1750	1.0
19.904371584699454	3434	1.0
19.947322404371583	7350	1.0
19.969071038251364	6902	1.0
20.000437158469946	7678	1.0
20.036338797814206	8460	1.0
20.059508196721314	9175	1.0
20.09655737704918	3176	1.0
20.103060109289615	5951	1.0
20.125245901639342	8830	1.0
20.175464480874314	5575	1.0
20.200437158469946	2909	1.0
20.223551912568308	8924	1.0
20.224262295081967	8108	1.0
20.262622950819672	5655	1.0
20.272131147540982	4043	1.0
20.30049180327869	3294	1.0
20.35174863387978	5949	1.0
20.362677595628412	6608	1.0
20.378688524590164	7017	1.0
20.39382513661202	8789	1.0
20.39688524590164	8203	1.0
20.441530054644808	3592	1.0
20.443387978142074	510	1.0
20.461912568306012	9073	1.0
20.48333333333333	4350	1.0
20.490710382513658	3100	1.0
20.491475409836067	4775	1.0
20.51207650273224	7044	1.0
20.55295081967213	7188	1.0
20.555683060109292	7086	1.0
20.58382513661202	9127	1.0
20.590601092896176	8361	1.0
20.61169398907104	8961	1.0
20.615409836065574	5924	1.0
20.667540983606557	6831	1.0
20.705464480874316	9150	1.0
20.713387978142077	9861	1.0
20.73049180327869	3379	1.0
20.744207650273225	9123	1.0
20.773005464480875	359	1.0
20.78398907103825	5862	1.0
20.830218579234973	6617	1.0
20.837814207650272	6512	1.0
20.868852459016395	6806	1.0
20.891420765027323	1509	1.0
20.946284153005465	2005	1.0
21.015519125683056	4413	1.0
21.05983606557377	9102	1.0
21.09502732240437	9297	1.0
21.142622950819675	732	1.0
21.193989071038253	4729	1.0
21.222786885245903	1950	1.0
21.25016393442623	4731	1.0
21.250273224043713	9812	1.0
21.25366120218579	9190	1.0
21.33398907103825	5872	1.0
21.34169398907104	8953	1.0
21.40289617486339	3560	1.0
21.41551912568306	1639	1.0
21.439016393442625	8022	1.0
21.46289617486339	5752	1.0
21.46967213114754	9656	1.0
21.477049180327867	3036	1.0
21.512295081967213	1487	1.0
21.521256830601093	2409	1.0
21.53333333333333	1364	1.0
21.535792349726776	2234	1.0
21.546666666666663	546	1.0
21.582459016393443	6264	1.0
21.583060109289615	6612	1.0
21.637377049180326	4333	1.0
21.63841530054645	7340	1.0
21.651092896174863	6422	1.0
21.75153005464481	5656	1.0
21.771584699453552	5579	1.0
21.80792349726776	7393	1.0
21.820983606557377	806	1.0
21.833169398907106	3198	1.0
21.85344262295082	4525	1.0
21.883169398907103	6477	1.0
21.90081967213115	6232	1.0
21.932896174863387	2815	1.0
22.006448087431696	8980	1.0
22.05830601092896	9621	1.0
22.109071038251365	7228	1.0
22.112896174863387	9043	1.0
22.134863387978143	6451	1.0
22.13879781420765	657	1.0
22.1403825136612	9767	1.0
22.17814207650273	9797	1.0
22.180655737704917	3671	1.0
22.233989071038252	8868	1.0
22.286557377049178	5813	1.0
22.29879781420765	8451	1.0
22.334808743169397	4231	1.0
22.375901639344264	6757	1.0
22.376939890710382	9669	1.0
22.38879781420765	1159	1.0
22.40464480874317	7659	1.0
22.429234972677595	9969	1.0
22.446284153005465	2685	1.0
22.45109289617486	1157	1.0
22.46415300546448	2579	1.0
22.65382513661202	3456	1.0
22.657267759562842	9368	1.0
22.663497267759563	8729	1.0
22.753661202185793	9617	0.0
22.778907103825134	1016	1.0
22.821967213114753	413	1.0
22.822295081967212	2195	1.0
22.842841530054645	4248	1.0
22.861475409836064	9658	1.0
22.870382513661202	2548	1.0
22.87781420765027	479	1.0
22.914316939890707	2611	1.0
22.925136612021856	1944	1.0
22.931639344262294	3175	1.0
22.942295081967213	3482	1.0
22.99775956284153	3278	1.0
23.010437158469944	7364	1.0
23.017814207650275	8556	1.0
23.080491803278687	4870	1.0
23.08639344262295	5142	1.0
23.09415300546448	4457	1.0
23.147814207650274	5069	1.0
23.24174863387978	3905	1.0
23.244043715846995	8464	1.0
23.260437158469948	7911	1.0
23.300601092896173	9057	1.0
23.3203825136612	8198	1.0
23.330655737704916	3588	1.0
23.366284153005466	3449	1.0
23.37295081967213	2874	1.0
23.382513661202186	6321	1.0
23.3972131147541	8950	1.0
23.47825136612022	3062	1.0
23.585573770491802	7337	1.0
23.61005464480874	7794	1.0
23.618196721311474	5256	1.0
23.620054644808743	2754	1.0
23.629071038251364	3804	1.0
23.636284153005462	8105	1.0
23.65032786885246	2553	1.0
23.668907103825138	4721	1.0
23.7	8577	1.0
23.7131693989071	1635	1.0
23.77191256830601	8595	1.0
23.77994535519126	2883	1.0
23.80207650273224	6602	1.0
23.81229508196721	3759	1.0
23.822349726775954	1484	1.0
23.823169398907105	5731	1.0
23.826830601092894	7607	1.0
23.908852459016394	5387	1.0
23.916666666666668	9117	1.0
23.91688524590164	3533	1.0
23.956393442622954	7532	1.0
23.974262295081967	868	1.0
23.99327868852459	562	1.0
24.057486338797816	8421	1.0
24.066120218579233	1903	1.0
24.076775956284155	3158	1.0
24.08322404371585	8939	1.0
24.102404371584697	7541	1.0
24.164262295081965	9348	1.0
24.17983606557377	9279	1.0
24.196775956284153	8436	1.0
24.23945355191257	5233	1.0
24.329453551912568	5903	1.0
24.335792349726773	767	1.0
24.349180327868854	9577	1.0
24.411366120218577	3615	1.0
24.412021857923495	9406	1.0
24.428415300546447	4605	1.0
24.47726775956284	1265	1.0
24.492185792349726	9454	1.0
24.598306010928958	3579	1.0
24.61830601092896	8631	1.0
24.651202185792346	3354	1.0
24.663606557377047	1337	1.0
24.748360655737706	2893	1.0
24.80814207650273	3750	1.0
24.813387978142075	8088	1.0
24.823333333333334	9377	1.0
24.823497267759564	2410	1.0
24.82540983606557	8539	1.0
24.85120218579235	6767	1.0
24.89655737704918	1625	1.0
24.911584699453552	8591	1.0
24.99	7112	1.0
25.031693989071037	6591	1.0
25.035245901639346	7244	1.0
25.04491803278688	8908	1.0
25.059672131147543	4831	1.0
25.079726775956285	2134	1.0
25.0951912568306	1219	1.0
25.16857923497268	8685	1.0
25.181967213114753	2720	1.0
25.183060109289617	676	1.0
25.186120218579237	8870	1.0
25.196721311475407	8844	1.0
25.19983606557377	3883	1.0
25.20830601092896	2403	1.0
25.21896174863388	6801	1.0
25.225081967213114	3692	1.0
25.22617486338798	2873	1.0
25.305737704918034	8414	1.0
25.30704918032787	2496	1.0
25.340382513661204	8092	1.0
25.404918032786885	6546	1.0
25.412513661202187	6652	1.0
25.42327868852459	3692	0.0
25.43710382513661	6635	1.0
25.467158469945353	8147	1.0
25.468251366120217	8735	1.0
25.481311475409836	9944	1.0
25.54169398907104	8082	1.0
25.551803278688524	559	1.0
25.56360655737705	3053	1.0
25.59081967213115	2818	1.0
25.62590163934426	775	1.0
25.638743169398907	8706	1.0
25.678907103825136	1633	1.0
25.71704918032787	7795	1.0
25.73448087431694	9702	1.0
25.767868852459017	1989	1.0
25.79327868852459	2151	1.0
25.833551912568307	5490	1.0
25.859945355191257	3177	1.0
25.867540983606556	3415	1.0
25.867540983606556	7991	1.0
25.867759562841528	4627	1.0
25.88382513661202	9164	1.0
25.89502732240437	8686	1.0
25.896612021857923	699	1.0
25.907049180327867	3149	1.0
25.960163934426227	4293	1.0
26.056939890710385	5000	1.0
26.115409836065574	4969	1.0
26.13661202185792	7219	1.0
26.178360655737706	4272	1.0
26.1979781420765	635	1.0
26.227978142076502	4645	1.0
26.235792349726776	5246	1.0
26.275901639344262	7604	1.0
26.277814207650273	7677	1.0
26.281584699453553	4945	1.0
26.296612021857925	1183	1.0
26.305573770491804	2031	1.0
26.31863387978142	6790	1.0
26.359726775956283	4518	1.0
26.37606557377049	5810	1.0
26.39049180327869	6625	1.0
26.463333333333335	6587	1.0
26.48366120218579	8954	1.0
26.507978142076503	7440	1.0
26.508852459016392	8884	1.0
26.515792349726777	9637	1.0
26.53551912568306	5327	1.0
26.565628415300548	5005	1.0
26.59120218579235	6633	1.0
26.62502732240437	9086	1.0
26.629726775956286	9226	1.0
26.630000000000003	7038	1.0
26.66524590163934	4314	1.0
26.712950819672134	5693	1.0
26.788852459016393	5408	1.0
26.828087431693987	1907	1.0
26.863333333333333	515	1.0
26.88677595628415	5770	1.0
26.910273224043713	4386	1.0
26.9327868852459	1872	1.0
26.94781420765027	9965	1.0
26.99158469945355	6949	1.0
27.00792349726776	5382	1.0
27.017322404371583	2602	1.0
27.032841530054647	2523	1.0
27.066284153005466	9325	1.0
27.070601092896172	9604	1.0
27.080327868852457	4275	1.0
27.157486338797813	3792	1.0
27.19191256830601	8370	1.0
27.222950819672132	746	1.0
27.263224043715844	5574	1.0
27.267103825136612	4467	1.0
27.27879781420765	8573	1.0
27.310601092896174	3784	1.0
27.38568306010929	9096	1.0
27.402841530054644	6907	1.0
27.474808743169397	6644	1.0
27.59928961748634	2748	1.0
27.640054644808743	4565	1.0
27.685901639344262	2153	1.0
27.71863387978142	3080	1.0
27.73918032786885	9717	1.0
27.747322404371584	9481	1.0
27.778196721311474	1308	1.0
27.80349726775956	7178	1.0
27.81590163934426	607	1.0
27.844918032786886	7105	1.0
27.84502732240437	1661	1.0
27.863606557377047	1292	1.0
27.8775956284153	7536	1.0
27.882185792349723	2050	1.0
27.887322404371584	3142	1.0
27.890218579234972	9100	1.0
27.891803278688524	8290	1.0
27.919945355191256	8636	1.0
28.0024043715847	6951	1.0
28.024098360655735	5271	1.0
28.02857923497268	9241	1.0
28.036939890710382	6239	1.0
28.039344262295085	8753	1.0
28.085956284153006	5786	1.0
28.08655737704918	7454	1.0
28.09606557377049	3443	1.0
28.09901639344262	4313	1.0
28.11021857923497	5887	1.0
28.113715846994534	8839	1.0
28.119289617486338	1328	1.0
28.137814207650273	3610	1.0
28.15863387978142	3241	1.0
28.18677595628415	3355	1.0
28.204590163934423	3966	1.0
28.239726775956285	6588	1.0
28.318032786885244	8188	1.0
28.36743169398907	9458	1.0
28.391366120218578	4541	1.0
28.47158469945355	9076	1.0
28.503879781420768	6939	1.0
28.51967213114754	1911	1.0
28.558633879781418	1093	1.0
28.57928961748634	6683	1.0
28.581420765027325	3826	1.0
28.59245901639344	6928	1.0
28.60551912568306	7765	1.0
28.663005464480875	26	1.0
28.667978142076503	24	1.0
28.67207650273224	6603	1.0
28.69120218579235	1434	1.0
28.691912568306012	3706	1.0
28.736448087431693	4764	1.0
28.752677595628416	8193	1.0
28.786010928961748	8169	1.0
28.794098360655738	6413	1.0
28.825300546448087	2105	1.0
28.827158469945356	2334	1.0
28.83415300546448	7664	1.0
28.848524590163933	4711	1.0
28.871584699453553	917	1.0
28.882841530054645	1884	1.0
28.888907103825137	2599	1.0
28.904808743169397	8637	1.0
28.946448087431694	9851	1.0
28.947978142076504	8749	1.0
28.971967213114755	3699	1.0
29.011420765027324	7458	1.0
29.014098360655737	4166	1.0
29.026448087431696	8514	1.0
29.030546448087428	978	1.0
29.043551912568308	9636	1.0
29.048087431693986	5437	1.0
29.112349726775957	9301	1.0
29.12180327868852	8701	1.0
29.182185792349724	3950	1.0
29.188032786885245	1935	1.0
29.20601092896175	898	1.0
29.234371584699453	133	1.0
29.238196721311475	8431	1.0
29.296448087431695	8530	1.0
29.305464480874317	9231	1.0
29.365792349726775	4154	1.0
29.43469945355191	5480	1.0
29.439945355191256	8501	1.0
29.53087431693989	9050	1.0
29.532349726775955	8566	1.0
29.573333333333334	8874	1.0
29.575081967213116	4437	1.0
29.597978142076503	5196	1.0
29.64032786885246	4787	1.0
29.647377049180328	4081	1.0
29.665901639344263	4685	1.0
29.68142076502732	6871	1.0
29.721311475409838	508	1.0
29.75377049180328	3221	1.0
29.79469945355191	9291	1.0
29.82377049180328	749	1.0
29.8596174863388	1502	1.0
29.861639344262297	6779	1.0
29.927704918032788	4964	1.0
29.930928961748634	1670	1.0
29.959726775956284	2013	1.0
29.961420765027324	1466	1.0
29.963879781420765	5078	1.0
29.980819672131148	799	1.0
29.9848087431694	1048	1.0
29.98896174863388	5095	1.0
30.034371584699453	6170	1.0
30.0383606557377	5137	1.0
30.074262295081965	4763	1.0
30.075464480874317	4641	1.0
30.12196721311475	8512	1.0
30.162295081967216	9627	1.0
30.268524590163935	993	1.0
30.269508196721308	8852	1.0
30.27185792349727	7934	1.0
30.35967213114754	9092	1.0
30.420491803278686	5048	1.0
30.432841530054645	5064	1.0
30.472732240437157	3589	1.0
30.554590163934424	4343	1.0
30.58754098360656	5821	1.0
30.595136612021857	8160	1.0
30.63726775956284	3081	1.0
30.65245901639344	8619	1.0
30.652841530054644	3945	1.0
30.699945355191257	3384	1.0
30.703224043715846	8152	1.0
30.710273224043718	9963	1.0
30.733224043715847	5549	1.0
30.753770491803277	171	1.0
30.809016393442622	223	1.0
30.816448087431695	4403	1.0
30.83087431693989	8222	1.0
30.83792349726776	9153	1.0
30.845300546448087	1651	1.0
30.849071038251363	2916	1.0
30.86174863387978	2889	1.0
30.88	7577	1.0
30.8979781420765	7855	1.0
30.900655737704916	227	1.0
30.917595628415302	5905	1.0
30.921092896174862	7552	1.0
30.950382513661204	3433	1.0
30.99606557377049	9646	1.0
31.053005464480876	229	1.0
31.07551912568306	4630	1.0
31.08207650273224	6624	1.0
31.09950819672131	6903	1.0
31.106393442622952	5280	1.0
31.147650273224045	8620	1.0
31.17573770491803	1403	1.0
31.235792349726776	1813	1.0
31.289453551912565	2582	1.0
31.29934426229508	7031	1.0
31.303770491803277	2040	1.0
31.320109289617484	9988	1.0
31.346666666666668	6814	1.0
31.361584699453548	4835	1.0
31.36289617486339	3805	1.0
31.365300546448086	6464	1.0
31.368360655737703	1127	1.0
31.515245901639343	6462	1.0
31.518251366120218	5807	1.0
31.52857923497268	6508	1.0
31.55398907103825	5314	1.0
31.561092896174863	639	1.0
31.58950819672131	6520	1.0
31.625792349726776	2046	1.0
31.65398907103825	6737	1.0
31.684207650273226	7313	1.0
31.687704918032786	7048	1.0
31.70409836065574	1983	1.0
31.723224043715845	5225	1.0
31.738196721311475	9015	1.0
31.79688524590164	6274	1.0
31.803879781420765	7771	1.0
31.829016393442625	2010	1.0
31.846994535519123	8793	1.0
31.874426229508195	2363	1.0
31.88754098360656	9234	1.0
31.89136612021858	8513	1.0
31.894754098360654	2541	1.0
31.90344262295082	3632	1.0
31.911311475409835	8064	1.0
31.93032786885246	5411	1.0
31.939726775956284	6053	1.0
31.95918032786885	369	1.0
31.972677595628415	5783	1.0
31.98726775956284	7205	1.0
32.031967213114754	2454	1.0
32.03617486338798	5463	1.0
32.043661202185795	6302	1.0
32.05464480874317	5936	1.0
32.07431693989071	9317	1.0
32.09256830601093	6009	1.0
32.09836065573771	2388	1.0
32.09950819672131	2439	1.0
32.13136612021858	1214	1.0
32.14852459016393	5031	1.0
32.1703825136612	4332	1.0
32.225136612021856	8173	1.0
32.3051912568306	5456	1.0
32.342185792349724	51	1.0
32.35486338797814	6447	1.0
32.37945355191257	5871	1.0
32.381912568306014	9214	1.0
32.3903825136612	6718	1.0
32.406666666666666	6104	1.0
32.42857923497268	6875	1.0
32.460218579234976	5565	1.0
32.468797814207655	3256	1.0
32.583333333333336	7412	1.0
32.60524590163934	3436	1.0
32.607213114754096	2269	1.0
32.6096174863388	9346	1.0
32.66120218579235	4500	1.0
32.67098360655738	8397	1.0
32.67360655737705	7676	1.0
32.67568306010929	4838	1.0
32.68191256830601	6682	1.0
32.73907103825137	4436	1.0
32.761693989071034	7255	1.0
32.7720218579235	1329	1.0
32.80814207650273	5151	1.0
32.81622950819672	1468	1.0
32.81628415300546	2963	1.0
32.834043715846995	109	1.0
32.85655737704918	2028	1.0
32.86420765027322	3928	1.0
32.90633879781421	6797	1.0
32.928251366120215	8049	1.0
32.93180327868852	1980	1.0
32.94234972677595	9080	1.0
32.945956284153006	8616	1.0
32.97890710382514	3766	1.0
33.00021857923497	6093	1.0
33.000928961748635	5300	1.0
33.01704918032787	8270	1.0
33.01710382513661	7711	1.0
33.045792349726774	4407	1.0
33.05081967213115	2550	1.0
33.05530054644809	4370	1.0
33.057868852459016	262	1.0
33.107213114754096	9591	1.0
33.11	6495	1.0
33.142459016393445	9184	1.0
33.14382513661202	1984	1.0
33.146939890710385	2798	1.0
33.18513661202186	7294	1.0
33.20021857923497	7078	1.0
33.22311475409836	6307	1.0
33.230327868852456	487	1.0
33.26043715846995	9176	1.0
33.28005464480874	6504	1.0
33.2903825136612	4960	1.0
33.35032786885246	2400	1.0
33.356448087431694	7030	1.0
33.37377049180328	9475	1.0
33.418196721311475	9540	1.0
33.43289617486339	7749	1.0
33.491857923497264	3498	1.0
33.492677595628415	3018	1.0
33.49841530054645	2578	1.0
33.52103825136612	2692	1.0
33.54229508196721	6465	1.0
33.57715846994535	888	1.0
33.635956284153	4083	1.0
33.640163934426226	9267	1.0
33.64726775956284	6334	1.0
33.660437158469946	8143	1.0
33.66437158469945	8978	1.0
33.68382513661202	5661	1.0
33.68584699453552	367	1.0
33.686612021857925	8000	1.0
33.69907103825137	4884	1.0
33.70109289617486	5710	1.0
33.714207650273224	3436	0.0
33.78191256830601	3939	1.0
33.79153005464481	9236	1.0
33.828142076502736	4116	1.0
33.84814207650273	4914	1.0
33.86825136612022	5371	1.0
33.87120218579235	5958	1.0
33.89398907103825	317	1.0
33.92579234972678	2099	1.0
33.93781420765027	1749	1.0
33.97338797814208	3674	1.0
33.97765027322404	4625	1.0
33.980710382513664	8581	1.0
33.98464480874317	8214	1.0
33.98732240437158	3305	1.0
34.025300546448086	4861	1.0
34.03393442622951	2228	1.0
34.05868852459016	524	1.0
34.06819672131147	5636	1.0
34.110983606557376	9531	1.0
34.11688524590164	22	1.0
34.14661202185792	9539	1.0
34.15786885245902	1909	1.0
34.16617486338798	4596	1.0
34.19081967213115	9016	1.0
34.206830601092896	2090	1.0
34.216448087431694	4674	1.0
34.24737704918033	1383	1.0
34.250601092896176	9738	1.0
34.25978142076502	7879	1.0
34.296885245901635	3234	1.0
34.33748633879781	7285	1.0
34.35912568306011	7390	1.0
34.39087431693989	5654	1.0
34.39262295081967	9985	1.0
34.43497267759563	6134	1.0
34.497868852459014	1190	1.0
34.503224043715846	1245	1.0
34.51568306010929	6783	1.0
34.51639344262295	4983	1.0
34.54639344262295	6431	1.0
34.62010928961749	5898	1.0
34.62622950819672	4135	1.0
34.63590163934426	5360	1.0
34.67896174863388	3203	1.0
34.68267759562842	5878	1.0
34.69120218579235	3469	1.0
34.69584699453552	7753	1.0
34.70770491803279	9891	1.0
34.7507650273224	8028	1.0
34.7672131147541	5347	1.0
34.7968306010929	5666	1.0
34.80863387978142	2345	1.0
34.816010928961745	4291	1.0
34.88983606557377	2608	1.0
34.92590163934426	9461	1.0
34.93081967213115	7601	1.0
34.972841530054644	565	1.0
34.98978142076503	8137	1.0
35.12650273224044	2955	1.0
35.134918032786885	7605	1.0
35.155519125683064	5529	1.0
35.172950819672124	5114	1.0
35.18513661202186	5110	1.0
35.19590163934426	7489	1.0
35.21284153005464	2856	1.0
35.215027322404374	5423	1.0
35.22743169398907	7064	1.0
35.26109289617486	8812	1.0
35.26431693989071	7543	1.0
35.27846994535519	6756	1.0
35.300983606557374	7832	1.0
35.31295081967213	4468	1.0
35.372513661202184	4590	1.0
35.37398907103825	1825	1.0
35.38213114754098	9395	1.0
35.44978142076503	1332	1.0
35.48234972677595	9827	1.0
35.48765027322404	7362	1.0
35.593715846994535	7810	1.0
35.59792349726776	5403	1.0
35.62983606557377	50	1.0
35.63218579234972	7410	1.0
35.641256830601094	1693	1.0
35.67289617486339	5186	1.0
35.725136612021856	8973	1.0
35.728415300546445	256	1.0
35.76918032786885	7252	1.0
35.78612021857923	5608	1.0
35.7951912568306	9320	1.0
35.84131147540983	6199	1.0
35.854207650273224	3322	1.0
35.90234972677596	7916	1.0
35.912295081967216	7504	1.0
35.92819672131148	5734	1.0
35.94885245901639	9534	1.0
35.96409836065574	6097	1.0
35.97486338797815	4736	1.0
35.975846994535516	1002	1.0
35.990765027322404	4399	1.0
35.994535519125684	2249	1.0
36.00513661202186	5034	1.0
36.034918032786884	8856	1.0
36.07939890710382	9899	1.0
36.08202185792349	7819	1.0
36.08754098360655	4996	1.0
36.097377049180324	4812	1.0
36.107923497267755	6284	1.0
36.11109289617486	939	1.0
36.11196721311475	5358	1.0
36.12163934426229	2210	1.0
36.155464480874315	1115	1.0
36.15568306010929	2293	1.0
36.16027322404372	3926	1.0
36.18989071038251	1385	1.0
36.22972677595628	5481	1.0
36.27234972677596	6067	1.0
36.2916393442623	8185	1.0
36.30092896174863	3386	1.0
36.319071038251366	7568	1.0
36.33245901639344	5175	1.0
36.38502732240437	3710	1.0
36.42256830601093	2064	1.0
36.42513661202185	6917	1.0
36.42699453551912	4438	1.0
36.431693989071036	3217	1.0
36.47021857923497	536	1.0
36.51540983606557	4030	1.0
36.517103825136616	8918	1.0
36.51956284153005	2328	1.0
36.53475409836066	6242	1.0
36.542131147540985	2974	1.0
36.54349726775956	9299	1.0
36.58191256830601	7631	1.0
36.615191256830606	6358	1.0
36.61672131147541	9951	1.0
36.645409836065575	6980	1.0
36.6975956284153	7657	1.0
36.707868852459015	5418	1.0
36.76459016393442	9140	1.0
36.7775956284153	5464	1.0
36.788688524590164	8140	1.0
36.78967213114754	1018	1.0
36.79224043715847	6054	1.0
36.81103825136612	9298	1.0
36.814590163934426	1321	1.0
36.83245901639344	9085	1.0
36.859180327868856	5354	1.0
36.87562841530055	2216	1.0
36.88	7170	1.0
36.90612021857924	9523	1.0
36.91081967213115	3929	1.0
36.94639344262295	5100	1.0
36.9524043715847	347	1.0
36.98459016393443	9386	1.0
36.998251366120215	8643	1.0
37.00065573770492	3153	1.0
37.02174863387978	4799	1.0
37.035792349726776	8252	1.0
37.068688524590165	8747	1.0
37.11377049180328	8389	1.0
37.140163934426226	9195	1.0
37.1848087431694	8380	1.0
37.20136612021858	8766	1.0
37.20426229508197	9958	1.0
37.21699453551913	4970	1.0
37.226557377049176	3330	1.0
37.28655737704918	693	1.0
37.313497267759566	3065	1.0
37.33540983606557	9720	1.0
37.34087431693989	2750	1.0
37.37459016393442	9753	1.0
37.3887431693989	7164	1.0
37.43382513661202	8468	1.0
37.47792349726776	4648	1.0
37.481366120218574	9960	1.0
37.49743169398907	5115	1.0
37.51491803278689	139	1.0
37.53628415300546	2675	1.0
37.55426229508197	2461	1.0
37.58	5053	1.0
37.582568306010934	7912	1.0
37.585136612021856	3222	1.0
37.59010928961749	6694	1.0
37.61781420765028	3042	1.0
37.65715846994536	2070	1.0
37.66546448087431	1028	1.0
37.668196721311475	7069	1.0
37.72683060109289	8441	1.0
37.74256830601093	9978	1.0
37.75071038251366	2172	1.0
37.75956284153005	3165	1.0
37.76382513661202	6297	1.0
37.77081967213115	1424	1.0
37.82448087431694	4444	1.0
37.84377049180328	3310	1.0
37.85109289617486	8387	1.0
37.89437158469945	6997	1.0
37.906174863387974	5974	1.0
37.90907103825136	9350	1.0
37.911912568306015	3273	1.0
37.93103825136612	3616	1.0
37.96098360655738	8559	1.0
37.97256830601093	4305	1.0
37.989398907103826	9880	1.0
37.9996174863388	7339	1.0
38.001311475409835	3867	1.0
38.01590163934426	2060	1.0
38.02732240437158	3798	1.0
38.02994535519125	5370	1.0
38.03448087431694	5342	1.0
38.09765027322404	6063	1.0
38.139071038251366	1626	1.0
38.19710382513661	1606	1.0
38.236666666666665	7558	1.0
38.24863387978142	1456	1.0
38.248688524590165	1208	1.0
38.27540983606557	108	0.0
38.28333333333333	6389	1.0
38.29677595628415	7333	1.0
38.365519125683065	7610	1.0
38.40092896174863	668	1.0
38.407267759562835	7752	1.0
38.4255737704918	4550	1.0
38.43295081967213	9098	1.0
38.43530054644808	2601	1.0
38.44743169398907	4768	1.0
38.478524590163936	9609	1.0
38.486666666666665	6057	1.0
38.53180327868852	3143	1.0
38.53398907103825	7361	1.0
38.55874316939891	8622	1.0
38.562786885245906	7827	1.0
38.633005464480874	5914	1.0
38.63781420765027	2308	1.0
38.64710382513661	6153	1.0
38.653934426229505	3019	1.0
38.69092896174863	4065	1.0
38.727814207650276	2495	1.0
38.73841530054645	3591	1.0
38.74065573770491	5759	1.0
38.74803278688525	4946	1.0
38.75699453551913	8038	1.0
38.767103825136616	9782	1.0
38.775355191256835	7923	1.0
38.789508196721314	7917	1.0
38.83633879781421	1310	1.0
38.85546448087432	5216	1.0
38.86491803278688	5178	1.0
38.89557377049181	8141	1.0
39.07819672131147	912	1.0
39.085846994535515	518	1.0
39.08792349726776	6299	1.0
39.10213114754099	4667	1.0
39.1103825136612	4447	1.0
39.117978142076495	2053	1.0
39.16606557377049	6349	1.0
39.18065573770492	9287	1.0
39.18677595628416	8885	1.0
39.220983606557375	8660	1.0
39.24169398907104	296	1.0
39.27830601092896	1664	1.0
39.288633879781415	1595	1.0
39.303661202185786	2698	1.0
39.30453551912568	8905	1.0
39.31546448087432	4972	1.0
39.32464480874317	9094	1.0
39.355409836065576	377	1.0
39.36371584699454	7088	1.0
39.3651912568306	7386	1.0
39.39989071038251	811	1.0
39.42409836065574	7139	1.0
39.42688524590164	3131	1.0
39.44677595628416	8590	1.0
39.45398907103825	4015	1.0
39.45732240437159	3193	1.0
39.46005464480874	3898	1.0
39.469836065573766	6880	1.0
39.47393442622951	858	1.0
39.48213114754098	7218	1.0
39.506612021857926	2254	1.0
39.522622950819674	9286	1.0
39.53065573770492	4965	1.0
39.53901639344262	7769	1.0
39.54704918032787	405	1.0
39.572732240437155	3437	1.0
39.615355191256825	6977	1.0
39.6175956284153	830	1.0
39.62125683060109	3084	1.0
39.62814207650273	835	1.0
39.62830601092896	4915	1.0
39.655464480874315	3236	1.0
39.66956284153005	2326	1.0
39.678743169398906	4719	1.0
39.71606557377049	2696	1.0
39.77021857923497	4558	1.0
39.771530054644806	4411	1.0
39.776448087431696	6802	1.0
39.7920218579235	2182	1.0
39.79366120218579	9819	1.0
39.81999999999999	2361	1.0
39.832622950819676	3622	1.0
39.836666666666666	5065	1.0
39.8675956284153	7124	1.0
39.88743169398907	4959	1.0
39.914918032786886	2845	1.0
39.928743169398906	6376	1.0
39.95655737704918	7161	1.0
39.966448087431694	2467	1.0
39.983333333333334	8186	1.0
39.99311475409836	6289	1.0
40.008415300546446	2977	1.0
40.03180327868852	9198	1.0
40.07016393442623	1898	1.0
40.10486338797814	9019	1.0
40.1148087431694	3414	1.0
40.12644808743169	1814	1.0
40.13355191256831	4717	1.0
40.13737704918033	6573	1.0
40.14295081967213	6766	1.0
40.199617486338795	636	1.0
40.20169398907104	9186	1.0
40.21245901639344	2366	1.0
40.249781420765025	1791	1.0
40.29896174863388	8030	1.0
40.302076502732234	9296	1.0
40.30513661202186	4849	1.0
40.32333333333333	8610	1.0
40.33032786885246	9568	1.0
40.34437158469945	9824	1.0
40.34765027322405	9800	1.0
40.35087431693989	5275	1.0
40.35693989071038	6230	1.0
40.3592349726776	8810	1.0
40.368415300546445	3364	1.0
40.40464480874317	2884	1.0
40.45622950819672	8935	1.0
40.45726775956284	1095	1.0
40.51398907103825	878	1.0
40.56169398907104	3500	1.0
40.58387978142076	2604	1.0
40.58590163934426	880	1.0
40.587322404371584	3653	1.0
40.60229508196721	1677	1.0
40.611202185792344	9764	1.0
40.62415300546448	9244	1.0
40.67256830601093	7999	1.0
40.6920218579235	8302	1.0
40.72978142076503	2012	1.0
40.74622950819672	8217	1.0
40.75273224043716	6844	1.0
40.80497267759563	417	1.0
40.82109289617486	6601	1.0
40.82349726775956	759	1.0
40.827213114754095	5515	1.0
40.842185792349724	7805	1.0
40.85524590163934	3000	1.0
40.86426229508197	6414	1.0
40.90125683060109	1539	1.0
40.901366120218576	4460	1.0
40.90234972677595	9825	1.0
40.90371584699454	2640	1.0
40.91792349726776	2924	1.0
40.98644808743169	8334	1.0
40.99551912568306	9952	1.0
41.01825136612022	8772	1.0
41.03398907103825	384	1.0
41.04295081967213	7016	1.0
41.06	414	1.0
41.076612021857926	3662	1.0
41.07857923497268	2147	1.0
41.08830601092896	2702	1.0
41.096393442622954	1831	1.0
41.125245901639346	7720	1.0
41.126284153005464	560	1.0
41.17142076502732	876	1.0
41.18846994535519	8457	1.0
41.19371584699453	6716	1.0
41.213169398907105	9796	1.0
41.23060109289618	6570	1.0
41.242240437158465	4749	1.0
41.254043715847	2468	1.0
41.29464480874317	5573	1.0
41.30770491803278	3002	1.0
41.31792349726776	5176	1.0
41.32808743169399	3012	1.0
41.34382513661202	7518	1.0
41.3855737704918	5350	1.0
41.387158469945355	9867	1.0
41.39251366120219	5631	1.0
41.39486338797814	9101	1.0
41.40234972677595	1578	1.0
41.40754098360656	2441	1.0
41.411147540983606	8828	1.0
41.44289617486339	6552	1.0
41.45284153005464	352	1.0
41.4607650273224	8063	1.0
41.461967213114754	6501	1.0
41.47644808743169	6574	1.0
41.482513661202184	9784	1.0
41.48846994535519	9993	1.0
41.50295081967213	5894	1.0
41.51092896174863	8554	1.0
41.556775956284156	5407	1.0
41.57120218579235	1192	1.0
41.592240437158466	1313	1.0
41.61688524590164	9252	1.0
41.618415300546445	8900	1.0
41.658469945355186	313	1.0
41.664808743169395	2890	1.0
41.70639344262295	2663	1.0
41.710874316939886	1258	1.0
41.713879781420765	7542	1.0
41.723551912568304	979	1.0
41.731475409836065	4018	1.0
41.73606557377049	6286	1.0
41.73928961748634	3657	1.0
41.75021857923497	5513	1.0
41.75830601092896	3114	1.0
41.767704918032784	8887	1.0
41.77950819672131	1560	1.0
41.80311475409836	9723	1.0
41.823879781420764	4106	1.0
41.858743169398906	9706	1.0
41.89644808743169	70	1.0
41.90371584699453	3489	1.0
41.90535519125683	1941	1.0
41.90683060109289	9597	1.0
41.93409836065574	5981	1.0
41.94415300546448	3113	1.0
41.95245901639344	6921	1.0
41.972896174863386	1272	1.0
42.003551912568305	9311	1.0
42.02234972677595	7584	1.0
42.032349726775955	5484	1.0
42.047650273224036	7675	1.0
42.05306010928962	9143	1.0
42.08983606557377	7383	1.0
42.11688524590164	8021	1.0
42.118087431693986	8454	1.0
42.12311475409836	5804	1.0
42.12491803278688	7634	1.0
42.147595628415296	1169	1.0
42.15825136612022	4929	1.0
42.162896174863384	8847	1.0
42.17218579234972	7745	1.0
42.176393442622945	5197	1.0
42.18786885245902	8356	1.0
42.21524590163934	4285	1.0
42.22103825136612	1330	1.0
42.234426229508195	5739	1.0
42.25639344262295	9934	1.0
42.26355191256831	4108	1.0
42.293606557377046	8764	1.0
42.31693989071038	9518	1.0
42.32453551912569	1243	1.0
42.334426229508196	2007	1.0
42.339617486338796	2584	1.0
42.37043715846995	1293	1.0
42.41224043715847	9514	1.0
42.4151912568306	6884	1.0
42.435792349726775	6268	1.0
42.436174863387976	8016	1.0
42.44311475409836	1441	1.0
42.446174863387974	7025	1.0
42.475956284153	9648	1.0
42.51191256830601	5341	1.0
42.51327868852459	123	1.0
42.53245901639344	411	1.0
42.544480874316946	7014	1.0
42.57409836065573	5798	1.0
42.605355191256834	1336	1.0
42.623224043715844	7451	1.0
42.64295081967213	7905	1.0
42.66459016393443	8073	1.0
42.713169398907105	7660	1.0
42.72295081967213	5946	1.0
42.760655737704916	9704	1.0
42.76431693989071	9003	1.0
42.78174863387978	6070	1.0
42.78464480874317	5900	1.0
42.805901639344256	7134	1.0
42.80650273224044	1397	1.0
42.80945355191257	9690	1.0
42.81098360655738	9923	1.0
42.825081967213116	2101	1.0
42.826174863387976	6193	1.0
42.839999999999996	7909	1.0
42.85005464480874	8796	1.0
42.86147540983607	5502	1.0
42.87896174863388	7296	1.0
42.94382513661202	2852	1.0
42.953715846994534	3349	1.0
42.97196721311476	6505	1.0
42.98475409836065	3853	1.0
43.009562841530055	6022	1.0
43.01163934426229	2192	1.0
43.019289617486336	4379	1.0
43.019672131147544	3986	1.0
43.05120218579235	4027	1.0
43.06327868852458	333	1.0
43.06890710382513	6540	1.0
43.081748633879776	5077	1.0
43.09551912568306	9358	1.0
43.12327868852459	6144	1.0
43.13256830601093	5447	1.0
43.15661202185792	410	1.0
43.17398907103826	7647	1.0
43.18896174863388	1252	1.0
43.19989071038251	512	1.0
43.21672131147541	4429	1.0
43.22032786885246	3226	1.0
43.26224043715847	8560	1.0
43.29081967213115	7837	1.0
43.29333333333333	4690	1.0
43.30049180327869	8791	1.0
43.301092896174865	3890	1.0
43.34808743169398	8995	1.0
43.45710382513661	6885	1.0
43.47218579234973	5498	1.0
43.47989071038251	7913	1.0
43.48606557377049	9954	1.0
43.49245901639344	3090	1.0
43.53300546448087	5703	1.0
43.537213114754095	7551	1.0
43.567868852459014	3755	1.0
43.5831693989071	6534	1.0
43.59513661202186	9072	1.0
43.602732240437156	2232	1.0
43.6115300546448	4351	1.0
43.632677595628415	9196	1.0
43.65655737704918	5701	1.0
43.68431693989071	4508	1.0
43.701475409836064	4245	1.0
43.70502732240437	5975	1.0
43.74300546448087	6288	1.0
43.74901639344262	6111	1.0
43.78437158469945	2743	1.0
43.79076502732241	8949	1.0
43.82092896174863	6967	1.0
43.88601092896175	754	1.0
43.91896174863388	5309	1.0
43.92513661202185	12	1.0
43.9292349726776	848	1.0
43.937650273224044	144	1.0
43.945901639344264	6938	1.0
44.00142076502732	3614	1.0
44.01076502732241	5827	1.0
44.01448087431694	9070	1.0
44.033060109289615	4210	1.0
44.06180327868852	7784	1.0
44.1031693989071	1220	1.0
44.1096174863388	7121	1.0
44.166721311475406	3076	1.0
44.19382513661202	846	1.0
44.19989071038251	7988	1.0
44.21224043715847	5998	1.0
44.27732240437159	8732	1.0
44.27765027322405	3923	1.0
44.28743169398908	9209	1.0
44.33191256830601	6119	1.0
44.33612021857923	9388	1.0
44.336666666666666	7098	1.0
44.35704918032787	2540	1.0
44.359890710382516	9192	1.0
44.373989071038245	6075	1.0
44.38415300546448	3339	1.0
44.388688524590165	5258	1.0
44.42300546448087	9114	1.0
44.42333333333333	6131	1.0
44.43622950819672	8006	1.0
44.44158469945355	1020	1.0
44.44338797814208	1868	1.0
44.49360655737705	8292	1.0
44.52912568306011	5325	1.0
44.53617486338798	4389	1.0
44.559672131147536	8004	1.0
44.58786885245901	8017	1.0
44.59579234972677	6610	1.0
44.63153005464481	7221	1.0
44.63289617486339	768	1.0
44.72005464480874	4223	1.0
44.73010928961749	2071	1.0
44.760710382513665	1656	1.0
44.76737704918033	3421	1.0
44.79896174863388	3802	1.0
44.80043715846994	6255	1.0
44.88387978142077	7746	1.0
44.928797814207655	8362	1.0
44.93622950819672	2025	1.0
44.9451912568306	5995	1.0
44.95415300546448	8674	1.0
44.9596174863388	2051	1.0
44.9707650273224	3506	1.0
44.99338797814208	6626	1.0
45.01109289617486	2678	1.0
45.02333333333333	3618	1.0
45.0524043715847	5356	1.0
45.08765027322404	7476	1.0
45.12453551912568	8127	1.0
45.12945355191257	8359	1.0
45.13071038251366	222	1.0
45.164535519125685	5442	1.0
45.17622950819672	2507	1.0
45.178360655737706	4928	1.0
45.1964480874317	2087	1.0
45.22081967213114	8718	1.0
45.22868852459016	1917	1.0
45.24393442622951	1123	1.0
45.31202185792349	7850	1.0
45.332896174863386	4743	1.0
45.335191256830605	4191	1.0
45.344535519125685	4776	1.0
45.34972677595628	9067	1.0
45.408142076502735	4658	1.0
45.437595628415295	5597	1.0
45.453005464480874	7229	1.0
45.4551912568306	1757	1.0
45.45584699453552	3544	1.0
45.47229508196722	4483	1.0
45.5516393442623	4011	1.0
45.58098360655738	5116	1.0
45.587322404371584	7145	1.0
45.598196721311474	2710	1.0
45.60464480874317	7922	1.0
45.63316939890711	5002	1.0
45.63349726775956	8320	1.0
45.65092896174863	491	1.0
45.66994535519125	432	1.0
45.67934426229508	9734	1.0
45.69071038251366	8020	1.0
45.693224043715844	1761	1.0
45.70355191256831	4369	1.0
45.71650273224044	5372	1.0
45.719071038251364	1816	1.0
45.719071038251364	5393	1.0
45.72218579234973	5494	1.0
45.73830601092896	9981	1.0
45.741857923497264	2168	1.0
45.77174863387978	6320	1.0
45.78213114754099	1224	1.0
45.82256830601092	6155	1.0
45.83491803278689	9503	1.0
45.85300546448087	587	1.0
45.86306010928962	7215	1.0
45.86978142076502	1100	1.0
45.88273224043716	5143	1.0
45.899125683060106	1949	1.0
45.94983606557377	7814	1.0
45.95852459016393	1994	1.0
45.97371584699453	5361	1.0
45.99967213114754	1492	1.0
46.00251366120219	2277	1.0
46.04256830601093	9456	1.0
46.07852459016394	9693	1.0
46.08409836065574	6150	1.0
46.098961748633876	4173	1.0
46.131147540983605	8612	1.0
46.134863387978136	7817	1.0
46.15677595628415	8652	1.0
46.159234972677595	9645	1.0
46.171639344262296	6470	1.0
46.18950819672131	7463	1.0
46.21945355191257	9059	1.0
46.22224043715847	944	1.0
46.26857923497268	192	1.0
46.2716393442623	1711	1.0
46.28885245901639	8784	1.0
46.29765027322404	6826	1.0
46.31207650273224	4672	1.0
46.32114754098361	9001	1.0
46.333989071038246	2079	1.0
46.34983606557377	2	1.0
46.352349726775955	2530	1.0
46.35453551912568	3021	1.0
46.35475409836065	7897	1.0
46.357158469945354	3034	1.0
46.357923497267755	9781	1.0
46.36344262295082	1367	1.0
46.37284153005464	4016	1.0
46.37737704918033	4250	1.0
46.38584699453552	6554	1.0
46.391311475409836	5349	1.0
46.39327868852459	3401	1.0
46.39426229508197	1346	1.0
46.397322404371586	7694	1.0
46.411475409836065	2706	1.0
46.4348087431694	6074	1.0
46.43710382513661	8157	1.0
46.444808743169396	741	1.0
46.44846994535519	1887	1.0
46.45245901639344	1769	1.0
46.4607650273224	6152	1.0
46.47005464480874	6874	1.0
46.483005464480875	5406	1.0
46.49475409836066	3947	1.0
46.4996174863388	7820	1.0
46.50377049180327	9659	1.0
46.50524590163934	4306	1.0
46.50928961748633	883	1.0
46.509836065573765	8055	1.0
46.51010928961748	3927	1.0
46.51781420765027	8611	1.0
46.546612021857925	9203	1.0
46.5472131147541	2776	1.0
46.55284153005464	2102	1.0
46.564535519125684	9846	1.0
46.576939890710385	4551	1.0
46.60590163934426	6489	1.0
46.60857923497268	2299	1.0
46.61606557377049	4629	1.0
46.63169398907103	1933	1.0
46.63497267759563	6530	1.0
46.63612021857924	7456	1.0
46.65524590163934	225	1.0
46.6664480874317	691	1.0
46.6879781420765	2411	1.0
46.689453551912564	7729	1.0
46.691366120218575	7082	1.0
46.69836065573771	4601	1.0
46.702622950819666	3619	1.0
46.70655737704918	4394	1.0
46.70765027322404	5991	1.0
46.718415300546454	9850	1.0
46.721748633879784	8680	1.0
46.72415300546448	4520	1.0
46.724262295081964	179	1.0
46.73174863387978	7971	1.0
46.737923497267765	9455	1.0
46.74360655737705	5203	1.0
46.75377049180327	8068	1.0
46.76081967213115	2762	1.0
46.76196721311475	6616	1.0
46.790601092896175	7628	1.0
46.793934426229505	9640	1.0
46.79420765027322	1687	1.0
46.79622950819672	5109	1.0
46.81131147540983	5960	1.0
46.81967213114754	3325	1.0
46.83464480874317	8151	1.0
46.844808743169395	5860	1.0
46.865792349726775	5378	1.0
46.866284153005466	1569	1.0
46.867650273224044	9249	1.0
46.87868852459017	8834	1.0
46.88617486338797	9668	1.0
46.933114754098355	6585	1.0
46.93683060109289	2342	1.0
46.955628415300545	8391	1.0
46.964699453551916	701	1.0
46.96508196721311	4392	1.0
46.97213114754098	2718	1.0
46.97295081967213	3179	1.0
47.00426229508197	9583	1.0
47.01896174863388	8172	1.0
47.02120218579235	69	1.0
47.032677595628414	5910	1.0
47.03857923497267	9743	1.0
47.04043715846994	5550	1.0
47.044043715846996	931	1.0
47.04710382513661	1126	1.0
47.05601092896175	1267	1.0
47.06125683060109	5037	1.0
47.06344262295082	1736	1.0
47.07322404371585	132	1.0
47.07781420765028	3327	1.0
47.08005464480874	415	1.0
47.08327868852459	6189	1.0
47.08469945355191	1400	1.0
47.08748633879782	953	1.0
47.08934426229508	1253	1.0
47.09322404371584	4074	1.0
47.12540983606557	2213	1.0
47.12590163934426	1925	1.0
47.12792349726776	5104	1.0
47.15355191256831	9397	1.0
47.156666666666666	9193	1.0
47.16765027322404	9561	1.0
47.17595628415301	3516	1.0
47.185792349726775	8567	1.0
47.18846994535519	2934	1.0
47.18939890710383	8551	1.0
47.20065573770492	7581	1.0
47.20207650273224	9038	1.0
47.20885245901639	4022	1.0
47.22398907103825	5311	1.0
47.22562841530054	4842	1.0
47.2392349726776	6127	1.0
47.246775956284154	3603	1.0
47.25311475409836	4556	1.0
47.25688524590164	6490	1.0
47.25699453551912	8934	1.0
47.27655737704918	2062	1.0
47.277158469945356	6942	1.0
47.278688524590166	5238	1.0
47.31180327868852	6017	1.0
47.31814207650273	6164	1.0
47.32502732240437	6245	1.0
47.33573770491803	5847	1.0
47.36486338797814	7670	1.0
47.36644808743169	1987	1.0
47.37644808743169	9411	1.0
47.392021857923496	1938	1.0
47.39770491803279	8364	1.0
47.411092896174864	8599	1.0
47.4396174863388	148	1.0
47.44114754098361	9576	1.0
47.45540983606558	6926	1.0
47.483387978142076	6839	1.0
47.48989071038251	8788	1.0
47.49344262295082	55	1.0
47.50606557377049	7816	1.0
47.543114754098355	198	1.0
47.57016393442623	2288	1.0
47.571584699453545	230	1.0
47.576502732240435	4010	1.0
47.59781420765027	1129	1.0
47.59841530054645	7312	1.0
47.604262295081966	1649	1.0
47.6079781420765	6188	1.0
47.61786885245902	3507	1.0
47.620655737704915	7308	1.0
47.62732240437158	3789	1.0
47.62983606557378	2962	1.0
47.633060109289616	5079	1.0
47.64295081967213	3795	1.0
47.6572131147541	6960	1.0
47.661038251366115	760	1.0
47.66409836065574	7561	1.0
47.67775956284153	3318	1.0
47.687322404371585	1530	1.0
47.68814207650273	8325	1.0
47.70136612021857	6323	1.0
47.76540983606557	2476	1.0
47.770054644808745	1461	1.0
47.7727868852459	6014	1.0
47.77918032786885	7151	1.0
47.78327868852459	9041	1.0
47.784262295081966	9319	1.0
47.79786885245901	4745	1.0
47.81650273224044	5643	1.0
47.81814207650273	5935	1.0
47.822841530054646	5388	1.0
47.85360655737705	4340	1.0
47.8735519125683	8561	1.0
47.882677595628415	9925	1.0
47.88590163934426	1216	1.0
47.900273224043715	3422	1.0
47.926120218579236	7513	1.0
47.941420765027324	1854	1.0
47.945519125683056	3539	1.0
47.96049180327869	2992	1.0
47.96120218579235	8596	1.0
47.98721311475409	4992	1.0
47.9883606557377	7762	1.0
47.99256830601093	4439	1.0
48.00366120218579	112	1.0
48.01781420765027	814	1.0
48.021475409836064	6698	1.0
48.02688524590164	9282	1.0
48.03191256830601	8956	1.0
48.03781420765028	2091	1.0
48.06918032786886	9380	1.0
48.082841530054644	3199	1.0
48.09092896174863	4583	1.0
48.12885245901639	5174	1.0
48.13065573770491	2806	1.0
48.132568306010924	7116	1.0
48.1496174863388	8647	1.0
48.156721311475415	5552	1.0
48.15792349726776	3681	1.0
48.161803278688524	304	1.0
48.163333333333334	4283	1.0
48.175300546448085	8202	1.0
48.18945355191257	1433	1.0
48.19371584699453	4227	1.0
48.21693989071038	6459	1.0
48.22081967213115	1555	1.0
48.22715846994536	337	1.0
48.22792349726776	3904	1.0
48.232185792349725	3268	1.0
48.23978142076503	2242	1.0
48.24475409836066	5520	1.0
48.247213114754096	845	1.0
48.24928961748634	4505	1.0
48.263224043715844	2312	1.0
48.27109289617486	8972	1.0
48.274426229508194	2119	1.0
48.283551912568306	7251	1.0
48.3155737704918	2332	1.0
48.3327868852459	1148	1.0
48.338797814207645	3537	1.0
48.34382513661202	7611	1.0
48.349398907103826	2733	1.0
48.350437158469944	5594	1.0
48.35530054644809	7942	1.0
48.37382513661202	4907	1.0
48.376284153005464	6099	1.0
48.39437158469945	9414	1.0
48.40273224043716	212	1.0
48.406612021857924	8807	1.0
48.42191256830601	2556	1.0
48.47672131147541	8915	1.0
48.47830601092896	6184	1.0
48.479617486338796	9847	1.0
48.48060109289618	6715	1.0
48.49174863387978	3938	1.0
48.4927868852459	6416	1.0
48.49284153005464	3824	1.0
48.50584699453552	3206	1.0
48.52595628415301	2503	1.0
48.52939890710382	7994	1.0
48.53896174863388	2106	1.0
48.54021857923497	4464	1.0
48.54792349726776	7854	1.0
48.548415300546445	2049	1.0
48.55382513661202	4103	1.0
48.55770491803278	6301	1.0
48.56584699453552	2763	1.0
48.569890710382516	7409	1.0
48.5811475409836	5211	1.0
48.59284153005464	4894	1.0
48.60251366120218	8475	1.0
48.605027322404375	3340	1.0
48.606830601092895	7509	1.0
48.60857923497267	4825	1.0
48.61032786885246	6392	1.0
48.638306010928964	4134	1.0
48.642021857923496	7356	1.0
48.66743169398907	3200	1.0
48.69469945355191	9185	1.0
48.711202185792345	4212	1.0
48.74901639344262	2528	1.0
48.75010928961749	1657	1.0
48.75081967213115	3274	1.0
48.75415300546448	9225	1.0
48.75967213114754	457	1.0
48.81469945355192	9315	1.0
48.81846994535519	1934	1.0
48.82076502732241	4793	1.0
48.831803278688525	116	1.0
48.841475409836065	689	1.0
48.86683060109289	2227	1.0
48.88021857923497	6384	1.0
48.907322404371584	7737	1.0
48.93530054644808	4722	1.0
48.93710382513662	5099	1.0
48.970218579234974	5384	1.0
48.972513661202186	5886	1.0
48.97825136612021	3209	1.0
48.983715846994535	5251	1.0
48.98551912568306	6112	1.0
48.99748633879782	6872	1.0
49.025300546448086	6190	1.0
49.03180327868852	984	1.0
49.044043715846996	5945	1.0
49.058469945355185	2740	1.0
49.06819672131147	3342	1.0
49.07300546448087	5789	1.0
49.102240437158464	5022	1.0
49.15081967213115	4365	1.0
49.154699453551906	5339	1.0
49.16590163934426	2353	1.0
49.17289617486338	8728	1.0
49.19978142076502	7281	1.0
49.20136612021857	2421	1.0
49.204207650273226	2398	1.0
49.20655737704918	8327	1.0
49.210218579234976	5330	1.0
49.214590163934425	9122	1.0
49.2224043715847	5101	1.0
49.23426229508197	7442	1.0
49.237759562841525	5601	1.0
49.24169398907104	7767	1.0
49.24540983606557	6246	1.0
49.258360655737704	511	1.0
49.263606557377045	3302	1.0
49.279781420765026	3713	1.0
49.282677595628414	5066	1.0
49.296994535519126	6052	1.0
49.3	3137	1.0
49.305846994535514	6454	1.0
49.313114754098365	662	1.0
49.33639344262295	907	1.0
49.33852459016393	6564	1.0
49.38136612021858	9351	1.0
49.38765027322404	1089	1.0
49.389781420765026	4506	1.0
49.39409836065574	2367	1.0
49.39590163934426	1828	1.0
49.39983606557377	7799	1.0
49.41098360655738	6103	1.0
49.44021857923497	7034	1.0
49.44087431693989	4301	1.0
49.446666666666665	4445	1.0
49.454863387978136	5538	1.0
49.45612021857923	4153	1.0
49.45945355191257	6706	1.0
49.46169398907104	6630	1.0
49.46300546448087	9488	1.0
49.493169398907106	7549	1.0
49.493387978142074	1294	1.0
49.496010928961745	1372	1.0
49.51169398907104	5030	1.0
49.51704918032787	5645	1.0
49.52333333333333	9872	1.0
49.53338797814207	4591	1.0
49.56748633879781	8947	1.0
49.567595628415305	4771	1.0
49.59196721311475	5779	1.0
49.59644808743169	7160	1.0
49.60169398907103	2112	1.0
49.613169398907104	4673	1.0
49.61639344262295	3229	1.0
49.64983606557377	1534	1.0
49.65180327868852	4897	1.0
49.657814207650276	620	1.0
49.66081967213115	9037	1.0
49.670054644808744	317	0.0
49.67732240437159	2986	1.0
49.7027868852459	9069	1.0
49.70666666666666	2386	1.0
49.708251366120216	3	1.0
49.7107650273224	5029	1.0
49.71371584699454	4609	1.0
49.727431693989075	7936	1.0
49.73650273224043	2940	1.0
49.74360655737705	599	1.0
49.74726775956284	1558	1.0
49.74781420765027	4600	1.0
49.75382513661202	3720	1.0
49.75491803278688	7939	1.0
49.7696174863388	6837	1.0
49.77890710382514	4984	1.0
49.783442622950815	7345	1.0
49.7848087431694	5190	1.0
49.7896174863388	3847	1.0
49.789781420765024	1462	1.0
49.79841530054645	1647	1.0
49.806994535519124	5959	1.0
49.812240437158465	9126	1.0
49.81382513661202	972	1.0
49.82049180327869	5126	1.0
49.82295081967213	4854	1.0
49.82338797814208	6675	1.0
49.83508196721311	3888	1.0
49.837431693989075	8195	1.0
49.84398907103825	2827	1.0
49.845136612021854	5792	1.0
49.84726775956284	3876	1.0
49.85655737704918	3912	1.0
49.85688524590164	4462	1.0
49.860491803278684	2813	1.0
49.87153005464481	2483	1.0
49.89224043715847	5241	1.0
49.90672131147541	2558	1.0
49.91699453551912	4095	1.0
49.93524590163935	5687	1.0
49.939180327868854	7227	1.0
49.93978142076502	3822	1.0
49.94808743169399	8257	1.0
49.95497267759563	2413	1.0
49.95633879781421	6221	1.0
49.95743169398907	2458	1.0
49.95836065573771	5460	1.0
49.96027322404372	6833	1.0
49.97273224043716	3568	1.0
49.97371584699454	8851	1.0
49.98655737704918	9359	1.0
49.98775956284153	2577	1.0
49.99065573770492	2352	1.0
49.99377049180328	4833	1.0
49.994207650273225	1360	1.0
49.99748633879781	1780	1.0
50.00967213114754	8248	1.0
50.01180327868852	4950	1.0
50.02732240437159	4880	1.0
50.03382513661202	8869	1.0
50.05830601092896	3035	1.0
50.06710382513661	3289	1.0
50.07251366120219	3207	1.0
50.07333333333333	7882	1.0
50.077213114754095	9874	1.0
50.07754098360655	7443	1.0
50.09666666666667	7783	1.0
50.097049180327865	7007	1.0
50.10819672131147	1845	1.0
50.11950819672131	392	1.0
50.13060109289617	7439	1.0
50.13688524590164	7420	1.0
50.13732240437158	801	1.0
50.14043715846995	671	1.0
50.14983606557377	6278	1.0
50.1503825136612	9552	1.0
50.158415300546444	4398	1.0
50.15939890710383	1636	1.0
50.166338797814205	197	1.0
50.16814207650273	8382	1.0
50.17819672131147	7288	1.0
50.186502732240434	5434	1.0
50.200437158469946	1742	1.0
50.20540983606557	3169	1.0
50.217978142076504	3392	1.0
50.21808743169399	7876	1.0
50.22879781420765	6955	1.0
50.245191256830594	3239	1.0
50.25918032786885	1373	1.0
50.26349726775956	9694	1.0
50.278196721311474	8297	1.0
50.27950819672131	3352	1.0
50.311147540983605	199	1.0
50.31289617486339	1251	1.0
50.31726775956284	9639	1.0
50.31967213114754	3319	1.0
50.321202185792345	8106	1.0
50.329945355191256	9206	1.0
50.35229508196721	7652	1.0
50.36147540983606	9077	1.0
50.362459016393444	7972	1.0
50.368524590163936	2971	1.0
50.39180327868852	1047	1.0
50.39672131147541	6794	1.0
50.40234972677595	611	1.0
50.405081967213114	8295	1.0
50.40535519125683	9081	1.0
50.419617486338794	1188	1.0
50.42049180327869	4280	1.0
50.423770491803275	4751	1.0
50.427540983606555	3961	1.0
50.42956284153005	8555	1.0
50.44273224043715	7993	1.0
50.44377049180328	946	1.0
50.44732240437158	5799	1.0
50.47420765027322	6418	1.0
50.49213114754098	8459	1.0
50.50273224043716	8479	1.0
50.50409836065574	5317	1.0
50.51010928961749	2522	1.0
50.529999999999994	4738	1.0
50.530109289617485	5199	1.0
50.531967213114754	8520	1.0
50.5568306010929	9599	1.0
50.59551912568306	7332	1.0
50.59590163934426	2358	1.0
50.59803278688524	1000	1.0
50.60475409836066	3913	1.0
50.614972677595624	6196	1.0
50.618852459016395	8694	1.0
50.62535519125683	2669	1.0
50.63672131147541	8878	1.0
50.641639344262295	8493	1.0
50.6448087431694	826	1.0
50.64967213114754	2928	1.0
50.650601092896174	7002	1.0
50.663333333333334	3909	1.0
50.664863387978144	6745	1.0
50.66918032786885	2875	1.0
50.67972677595628	1396	1.0
50.68743169398907	1547	1.0
50.69092896174863	6788	1.0
50.6931693989071	5712	1.0
50.69770491803279	1512	1.0
50.697814207650275	705	1.0
50.7035519125683	9528	1.0
50.72081967213115	8524	1.0
50.72819672131148	6001	1.0
50.730765027322406	2925	1.0
50.74595628415301	3989	1.0
50.75704918032787	1905	1.0
50.76043715846995	3731	1.0
50.76158469945355	3840	1.0
50.767049180327874	554	1.0
50.82322404371585	5338	1.0
50.83950819672131	9235	1.0
50.84218579234973	7338	1.0
50.845956284153004	7545	1.0
50.8483606557377	1881	1.0
50.85213114754098	3365	1.0
50.8524043715847	5614	1.0
50.8572131147541	8571	1.0
50.85743169398907	5013	1.0
50.86234972677595	6266	1.0
50.87420765027322	6529	1.0
50.875464480874314	4912	1.0
50.884535519125684	3563	1.0
50.89120218579235	1035	1.0
50.89382513661202	4455	1.0
50.9	7979	1.0
50.90524590163935	5455	1.0
50.90639344262295	3976	1.0
50.90836065573771	9416	1.0
50.92704918032787	1284	1.0
50.932131147540986	6870	1.0
50.93267759562842	4355	1.0
50.9431693989071	2420	1.0
50.94666666666667	6083	1.0
50.975464480874315	8979	1.0
50.97715846994536	6060	1.0
50.98049180327869	2995	1.0
50.99131147540983	4891	1.0
51.01989071038251	703	1.0
51.030437158469944	9509	1.0
51.04267759562841	1960	1.0
51.05469945355191	5603	1.0
51.05540983606557	1973	1.0
51.07092896174863	6830	1.0
51.071639344262294	187	1.0
51.076939890710385	6621	1.0
51.07890710382514	4939	1.0
51.0792349726776	7172	1.0
51.089234972677595	5290	1.0
51.098306010928965	437	1.0
51.10191256830601	7166	1.0
51.101967213114754	8224	1.0
51.12284153005464	2674	1.0
51.12879781420765	1988	1.0
51.13049180327869	1173	1.0
51.13808743169399	1010	1.0
51.14360655737705	1519	1.0
51.146229508196726	8716	1.0
51.147978142076504	1376	1.0
51.151803278688526	3930	1.0
51.18180327868853	5884	1.0
51.18825136612021	6106	1.0
51.18857923497268	7563	1.0
51.21344262295082	7405	1.0
51.21535519125683	7776	1.0
51.216939890710385	7986	1.0
51.2244262295082	4986	1.0
51.22748633879782	1634	1.0
51.23158469945355	933	1.0
51.236284153005464	9335	1.0
51.24136612021858	6254	1.0
51.24393442622951	7382	1.0
51.2903825136612	6293	1.0
51.29289617486339	5306	1.0
51.29306010928962	7966	1.0
51.29622950819672	1066	1.0
51.29726775956284	1450	1.0
51.307814207650274	1319	1.0
51.31393442622951	996	1.0
51.31617486338797	9588	1.0
51.320163934426226	4225	1.0
51.332513661202185	6154	1.0
51.338524590163935	2592	1.0
51.35825136612022	1955	1.0
51.366885245901635	3048	1.0
51.36863387978141	9421	1.0
51.40021857923497	4665	1.0
51.405464480874315	382	1.0
51.40808743169399	4683	1.0
51.410655737704914	7402	1.0
51.41360655737705	8820	1.0
51.416775956284155	4679	1.0
51.42814207650273	302	1.0
51.439890710382514	5416	1.0
51.46535519125683	8958	1.0
51.46622950819672	9079	1.0
51.49617486338798	1305	1.0
51.525628415300545	9731	1.0
51.530218579234976	1699	1.0
51.54786885245902	3782	1.0
51.554426229508195	8249	1.0
51.58939890710382	7775	1.0
51.59535519125683	3252	1.0
51.59808743169398	4543	1.0
51.59879781420765	292	1.0
51.60191256830601	7593	1.0
51.60606557377049	7407	1.0
51.609125683060114	8932	1.0
51.62114754098361	7284	1.0
51.625846994535515	8254	1.0
51.62825136612022	6202	1.0
51.6503825136612	126	1.0
51.656284153005465	8548	1.0
51.661147540983606	2759	1.0
51.66715846994535	5145	1.0
51.67327868852459	2863	1.0
51.676065573770494	4569	1.0
51.680601092896175	9010	1.0
51.680928961748634	7673	1.0
51.692950819672134	7525	1.0
51.698087431693985	6412	1.0
51.69983606557377	9524	1.0
51.706830601092896	1796	1.0
51.711639344262295	779	1.0
51.73710382513661	5539	1.0
51.74251366120219	2323	1.0
51.745300546448085	2958	1.0
51.74688524590164	7662	1.0
51.75628415300547	4321	1.0
51.7675956284153	7011	1.0
51.785409836065575	1537	1.0
51.79142076502732	4251	1.0
51.7948087431694	9689	1.0
51.806666666666665	7892	1.0
51.82224043715846	6348	1.0
51.82267759562841	280	1.0
51.82622950819672	4535	1.0
51.851530054644805	9724	1.0
51.85655737704918	2450	1.0
51.86371584699453	9976	1.0
51.86513661202186	6701	1.0
51.88737704918032	5476	1.0
51.88879781420765	6156	1.0
51.893442622950815	7896	1.0
51.901803278688526	9340	1.0
51.90841530054645	764	1.0
51.914426229508194	8494	1.0
51.924207650273225	2329	1.0
51.92590163934426	4781	1.0
51.927213114754096	8059	1.0
51.92978142076503	7469	1.0
51.934754098360656	191	1.0
51.935792349726775	8497	1.0
51.95431693989071	1239	1.0
51.975901639344265	3341	1.0
51.9779781420765	6996	1.0
51.9824043715847	2426	1.0
51.98306010928962	7214	1.0
51.98710382513661	6952	1.0
51.99153005464481	9191	1.0
51.991967213114755	4657	1.0
51.99606557377049	4585	1.0
51.996338797814204	9893	1.0
52.00120218579235	7266	1.0
52.015901639344264	3418	1.0
52.04934426229508	9408	1.0
52.05535519125683	2319	1.0
52.05540983606557	5295	1.0
52.0675956284153	4341	1.0
52.070163934426226	9251	1.0
52.07229508196721	3398	1.0
52.08125683060109	7617	1.0
52.08513661202186	1110	1.0
52.09912568306011	4229	1.0
52.099344262295084	2481	1.0
52.10830601092896	2691	1.0
52.12683060109289	755	1.0
52.13989071038252	3244	1.0
52.146885245901636	3240	1.0
52.15021857923497	7903	1.0
52.15601092896175	5417	1.0
52.16814207650273	7715	1.0
52.16879781420765	4039	1.0
52.17934426229508	2169	1.0
52.19535519125683	8588	1.0
52.20131147540984	8727	1.0
52.20169398907104	4057	1.0
52.2055737704918	1732	1.0
52.20606557377049	5961	1.0
52.21857923497268	7421	1.0
52.22612021857923	5982	1.0
52.22672131147541	4324	1.0
52.2431693989071	3210	1.0
52.24928961748634	8233	1.0
52.25672131147541	2124	1.0
52.27513661202185	4465	1.0
52.275300546448086	8948	1.0
52.30693989071039	8124	1.0
52.31655737704918	6142	1.0
52.31846994535519	9858	1.0
52.32530054644809	9026	1.0
52.33983606557377	3265	1.0
52.34426229508197	241	1.0
52.35661202185792	7079	1.0
52.36306010928962	6262	1.0
52.37306010928962	6752	1.0
52.37387978142077	7194	1.0
52.375136612021855	6661	1.0
52.376666666666665	5363	1.0
52.400655737704916	9606	1.0
52.403333333333336	2438	1.0
52.410765027322405	1142	1.0
52.41863387978142	5592	1.0
52.42743169398907	2573	1.0
52.43273224043716	2332	0.0
52.43928961748634	7960	1.0
52.44196721311476	9598	1.0
52.4483606557377	8474	1.0
52.452677595628415	1995	1.0
52.463442622950815	8465	1.0
52.475846994535516	2580	1.0
52.47743169398907	4958	1.0
52.52327868852459	6632	1.0
52.526721311475406	5705	1.0
52.52989071038251	7741	1.0
52.53158469945355	4694	1.0
52.53267759562842	7910	1.0
52.53672131147541	4973	1.0
52.54191256830601	861	1.0
52.54371584699454	8733	1.0
52.544316939890706	2518	1.0
52.57027322404372	4092	1.0
52.57907103825137	1762	1.0
52.58081967213115	6962	1.0
52.58273224043716	2490	1.0
52.591202185792355	7349	1.0
52.59770491803279	3599	1.0
52.60584699453552	5977	1.0
52.65092896174863	5200	1.0
52.669726775956285	2128	1.0
52.67103825136612	159	1.0
52.68065573770492	4311	1.0
52.686502732240434	1830	1.0
52.69284153005464	5173	1.0
52.698524590163935	2799	1.0
52.70278688524591	5193	1.0
52.70344262295082	5152	1.0
52.71224043715847	8502	1.0
52.722404371584695	1901	1.0
52.722513661202186	7143	1.0
52.72934426229508	2944	1.0
52.73005464480874	4778	1.0
52.73448087431694	5625	1.0
52.74475409836065	4236	1.0
52.74814207650274	441	1.0
52.75912568306011	1790	1.0
52.761475409836066	7962	1.0
52.76300546448087	2976	1.0
52.76409836065574	471	1.0
52.77486338797814	3751	1.0
52.776065573770495	9780	1.0
52.77830601092896	7042	1.0
52.78	630	1.0
52.790273224043716	5850	1.0
52.823060109289614	9998	1.0
52.82601092896174	2436	1.0
52.828360655737704	8804	1.0
52.832076502732235	3601	1.0
52.84535519125683	4303	1.0
52.84622950819672	2866	1.0
52.85437158469946	9494	1.0
52.8607650273224	9078	1.0
52.8844262295082	7470	1.0
52.89371584699454	7852	1.0
52.92770491803279	8040	1.0
52.933224043715846	3025	1.0
52.935081967213115	8681	1.0
52.9351912568306	4417	1.0
52.93540983606557	7425	1.0
52.93907103825137	7674	1.0
52.94021857923497	8318	1.0
52.942896174863385	1882	1.0
52.94650273224043	8411	1.0
52.951912568306014	838	1.0
52.962732240437155	3446	1.0
52.989398907103826	122	1.0
53.00071038251366	1510	1.0
53.01486338797814	9017	1.0
53.02	7772	1.0
53.02579234972678	6523	1.0
53.02633879781421	2313	1.0
53.02852459016393	9293	1.0
53.02907103825137	8179	1.0
53.040928961748634	522	1.0
53.06109289617486	100	1.0
53.07021857923497	8635	1.0
53.07382513661202	1518	1.0
53.07699453551913	6773	1.0
53.077267759562844	6090	1.0
53.07901639344262	3761	1.0
53.07978142076502	8363	1.0
53.0807650273224	1257	1.0
53.08606557377049	2455	1.0
53.105737704918035	7113	1.0
53.10830601092896	464	1.0
53.12879781420765	265	1.0
53.137923497267764	8107	1.0
53.14437158469945	387	1.0
53.15005464480875	9647	1.0
53.16060109289618	8133	1.0
53.16349726775957	3697	1.0
53.164098360655736	3215	1.0
53.173169398907106	5278	1.0
53.185792349726775	8628	1.0
53.20180327868852	5181	1.0
53.208196721311474	310	1.0
53.21524590163934	5950	1.0
53.225846994535516	6653	1.0
53.230327868852456	1408	1.0
53.231803278688524	8211	1.0
53.23327868852459	1180	1.0
53.23693989071038	3196	1.0
53.23803278688525	8901	1.0
53.24666666666666	4953	1.0
53.268196721311476	8116	1.0
53.270765027322405	8786	1.0
53.29081967213115	6905	1.0
53.29535519125683	654	1.0
53.30398907103825	8319	1.0
53.320491803278685	2472	1.0
53.32928961748634	1562	1.0
53.33174863387978	7173	1.0
53.33677595628415	5082	1.0
53.340382513661204	1707	1.0
53.345628415300546	3652	1.0
53.355628415300544	5582	1.0
53.361311475409835	7330	1.0
53.38601092896175	5777	1.0
53.396393442622944	1448	1.0
53.40590163934426	5149	1.0
53.42327868852458	1490	1.0
53.43114754098361	5316	1.0
53.466448087431694	3636	1.0
53.49437158469945	1315	1.0
53.50125683060109	20	1.0
53.516612021857924	4310	1.0
53.52098360655738	5750	1.0
53.521475409836064	8853	1.0
53.52333333333333	3922	1.0
53.52546448087432	3924	1.0
53.52633879781421	6361	1.0
53.5624043715847	8065	1.0
53.58983606557377	9962	1.0
53.5944262295082	964	1.0
53.60229508196721	5729	1.0
53.60453551912568	4360	1.0
53.62377049180328	7096	1.0
53.625136612021855	3702	1.0
53.629617486338795	5367	1.0
53.63191256830601	7953	1.0
53.63551912568306	2529	1.0
53.639508196721316	306	1.0
53.6411475409836	3214	1.0
53.65120218579235	881	1.0
53.65688524590164	6676	1.0
53.67169398907104	4935	1.0
53.68065573770492	5355	1.0
53.6815300546448	2898	1.0
53.68868852459016	9602	1.0
53.69010928961749	9558	1.0
53.69234972677595	969	1.0
53.69693989071038	2248	1.0
53.70142076502732	358	1.0
53.71868852459016	353	1.0
53.73196721311475	5435	1.0
53.7427868852459	2178	1.0
53.743114754098364	7587	1.0
53.74360655737705	5468	1.0
53.75404371584699	4297	1.0
53.75945355191257	8782	1.0
53.76540983606557	626	1.0
53.767704918032784	5063	1.0
53.76874316939891	7482	1.0
53.783060109289615	4150	1.0
53.78666666666667	2155	1.0
53.79234972677595	2058	1.0
53.80065573770492	9508	1.0
53.80655737704918	4104	1.0
53.807377049180324	9549	1.0
53.82890710382513	6800	1.0
53.83092896174863	869	1.0
53.83387978142077	4214	1.0
53.83830601092896	3430	1.0
53.84704918032787	1899	1.0
53.851639344262296	6978	1.0
53.87989071038251	9562	1.0
53.90049180327869	5038	1.0
53.93562841530055	605	1.0
53.95174863387978	4063	1.0
53.954918032786885	2960	1.0
53.9655737704918	7950	1.0
53.97382513661202	832	1.0
53.984098360655736	949	1.0
53.98825136612022	9014	1.0
53.991912568306006	8036	1.0
53.99650273224044	2783	1.0
53.99688524590164	6281	1.0
54.002131147540986	3326	1.0
54.004590163934424	84	1.0
54.00644808743169	6769	1.0
54.01901639344263	8450	1.0
54.03060109289618	8381	1.0
54.04420765027322	8427	1.0
54.05262295081967	6403	1.0
54.05322404371585	4060	1.0
54.06043715846994	9413	1.0
54.07857923497268	4213	1.0
54.08540983606557	4839	1.0
54.101256830601095	9651	1.0
54.1051912568306	7457	1.0
54.12814207650273	5517	1.0
54.144972677595625	7391	1.0
54.147213114754095	1758	1.0
54.14972677595628	2794	1.0
54.17092896174863	9478	1.0
54.185792349726775	7169	1.0
54.18677595628415	7740	1.0
54.18857923497268	8190	1.0
54.21131147540983	5446	1.0
54.223551912568304	897	1.0
54.22792349726775	6047	1.0
54.23912568306011	1575	1.0
54.24251366120218	6439	1.0
54.246830601092896	170	1.0
54.25043715846994	9936	1.0
54.25103825136612	7757	1.0
54.25420765027322	6340	1.0
54.27661202185792	4795	1.0
54.2964480874317	6400	1.0
54.30349726775956	2840	1.0
54.32327868852459	1805	1.0
54.33311475409836	5168	1.0
54.340437158469946	7511	1.0
54.35704918032787	7851	1.0
54.358032786885246	8087	1.0
54.36693989071038	2661	1.0
54.36743169398907	5068	1.0
54.37469945355191	6513	1.0
54.37901639344262	7579	1.0
54.37950819672131	8648	1.0
54.388688524590165	7398	1.0
54.402841530054644	8403	1.0
54.40830601092896	2273	1.0
54.40978142076503	5146	1.0
54.421857923497264	6343	1.0
54.425956284153	4046	1.0
54.44355191256831	9305	1.0
54.44989071038251	2365	1.0
54.46153005464481	9928	1.0
54.46595628415301	3839	1.0
54.4675956284153	7414	1.0
54.482185792349725	4252	1.0
54.48814207650273	5472	1.0
54.49404371584699	3813	1.0
54.498579234972674	1642	1.0
54.5007650273224	5147	1.0
54.505464480874316	7494	1.0
54.50612021857923	8861	1.0
54.506393442622944	9884	1.0
54.51497267759563	9318	1.0
54.54196721311476	3499	1.0
54.55508196721311	4488	1.0
54.573551912568306	8422	1.0
54.58693989071038	8241	1.0
54.624480874316944	7679	1.0
54.63185792349727	9657	1.0
54.63863387978142	1812	1.0
54.6448087431694	6503	1.0
54.67213114754098	3197	1.0
54.68360655737705	2473	1.0
54.68415300546447	8829	1.0
54.69180327868852	7586	1.0
54.69562841530055	2437	1.0
54.70327868852459	5214	1.0
54.70546448087432	2464	1.0
54.710928961748635	8823	1.0
54.71584699453552	314	1.0
54.71584699453552	6211	1.0
54.71857923497268	2887	1.0
54.720218579234974	3405	1.0
54.72295081967213	6485	1.0
54.72841530054645	8833	1.0
54.73879781420765	3708	1.0
54.74918032786885	4947	1.0
54.75628415300547	6336	1.0
54.76010928961748	9799	1.0
54.7775956284153	9489	1.0
54.778688524590166	1719	1.0
54.78142076502733	6851	1.0
54.793989071038254	586	1.0
54.8	9831	1.0
54.80163934426229	9875	1.0
54.82295081967213	9402	1.0
54.82786885245901	4396	1.0
54.856830601092895	2945	1.0
54.862841530054645	8182	1.0
54.87486338797814	2154	1.0
54.87650273224044	4270	1.0
54.88032786885246	5399	1.0
54.88360655737705	6000	1.0
54.885245901639344	1784	1.0
54.895081967213116	2429	1.0
54.90437158469945	1482	1.0
54.90491803278688	2560	1.0
54.923497267759565	7367	1.0
54.93661202185792	7097	1.0
54.94808743169399	2552	1.0
54.95245901639344	7831	1.0
54.96065573770492	530	1.0
54.96338797814208	1998	1.0
54.9655737704918	8859	1.0
54.97650273224044	8857	1.0
54.98415300546448	6478	1.0
55.00710382513661	5248	1.0
55.01803278688524	2226	1.0
55.03606557377049	97	1.0
55.042076502732236	9111	1.0
55.04754098360655	4124	1.0
55.056284153005464	394	1.0
55.05792349726776	6007	1.0
55.063387978142075	6252	1.0
55.07704918032787	9497	1.0
55.07704918032787	1630	1.0
55.08579234972677	8312	1.0
55.09016393442623	1716	1.0
55.10601092896175	9179	1.0
55.11256830601093	372	1.0
55.11420765027322	9410	1.0
55.122950819672134	1455	1.0
55.13661202185792	3194	1.0
55.1775956284153	4224	1.0
55.18196721311475	3962	1.0
55.193989071038246	1374	1.0
55.19453551912568	750	1.0
55.20874316939891	928	1.0
55.214207650273224	2281	1.0
55.2327868852459	5162	1.0
55.23715846994535	6696	1.0
55.240437158469945	4177	1.0
55.24808743169399	2419	1.0
55.25300546448087	9755	1.0
55.25628415300547	4739	1.0
55.260655737704916	2728	1.0
55.26939890710382	6947	1.0
55.277049180327865	8778	1.0
55.281967213114754	3288	1.0
55.28633879781421	1202	1.0
55.29125683060109	6256	1.0
55.29945355191256	4988	1.0
55.31748633879781	2671	1.0
55.32404371584699	2711	1.0
55.32677595628415	1613	1.0
55.32677595628415	4501	1.0
55.34426229508196	4869	1.0
55.3551912568306	2459	1.0
55.356830601092895	8854	1.0
55.36338797814208	4516	1.0
55.3775956284153	6283	1.0
55.383060109289616	3347	1.0
55.38688524590164	3068	1.0
55.38907103825136	3977	1.0
55.412568306010925	762	1.0
55.4207650273224	547	1.0
55.42622950819673	7275	1.0
55.442076502732235	458	1.0
55.44754098360656	7606	1.0
55.45737704918032	3121	1.0
55.46338797814208	6986	1.0
55.47704918032787	7732	1.0
55.4775956284153	2980	1.0
55.50983606557377	9686	1.0
55.51530054644809	4512	1.0
55.521857923497265	320	1.0
55.523497267759566	5345	1.0
55.52677595628415	3069	1.0
55.52732240437158	7045	1.0
55.53224043715847	5486	1.0
55.540983606557376	2191	1.0
55.544262295081964	2504	1.0
55.54644808743169	9170	1.0
55.54972677595628	8407	1.0
55.55191256830601	7521	1.0
55.55355191256831	1071	1.0
55.55464480874317	5352	1.0
55.566120218579236	938	1.0
55.5688524590164	995	1.0
55.569398907103825	4084	1.0
55.57486338797814	4160	1.0
55.57868852459016	9093	1.0
55.58142076502732	4606	1.0
55.5863387978142	9550	1.0
55.60109289617486	8314	1.0
55.60437158469945	9174	1.0
55.60928961748633	3587	1.0
55.62021857923497	8409	1.0
55.64098360655738	2997	1.0
55.64207650273224	6943	1.0
55.6551912568306	1322	1.0
55.65846994535519	2922	1.0
55.6688524590164	2899	1.0
55.68251366120219	3445	1.0
55.70327868852459	4840	1.0
55.71311475409836	4639	1.0
55.726229508196724	8075	1.0
55.727322404371584	9453	1.0
55.73005464480874	5008	1.0
55.789071038251365	9798	1.0
55.7896174863388	1520	1.0
55.80601092896175	4741	1.0
55.81803278688525	6313	1.0
55.840437158469946	7368	1.0
55.85409836065573	6990	1.0
55.85628415300547	4137	1.0
55.86775956284153	2474	1.0
55.87978142076503	6724	1.0
55.88251366120218	5618	1.0
55.883060109289616	8180	1.0
55.89453551912568	5023	1.0
55.90054644808743	6936	1.0
55.90765027322404	7841	1.0
55.91530054644809	9457	1.0
55.91857923497268	1563	1.0
55.9207650273224	4120	1.0
55.92404371584699	2768	1.0
55.933879781420764	4670	1.0
55.94262295081967	4774	1.0
55.96448087431694	7075	1.0
55.97377049180327	4534	1.0
55.97868852459017	5462	1.0
55.98196721311475	4633	1.0
56.010382513661206	5856	1.0
56.01639344262295	7566	1.0
56.02677595628415	4397	1.0
56.03715846994535	5637	1.0
56.0448087431694	1724	1.0
56.04644808743169	7406	1.0
56.04863387978142	8177	1.0
56.0655737704918	6738	1.0
56.06775956284153	908	1.0
56.082513661202185	5854	1.0
56.113661202185796	8250	1.0
56.12021857923497	3843	1.0
56.12568306010929	4133	1.0
56.13551912568306	9972	1.0
56.14918032786885	2214	1.0
56.15245901639344	3420	1.0
56.18032786885246	4913	1.0
56.193989071038246	3756	1.0
56.19562841530055	175	1.0
56.19836065573771	5626	1.0
56.2	2072	1.0
56.20273224043716	9566	1.0
56.204918032786885	7290	1.0
56.210928961748635	2660	1.0
56.2136612021858	1172	1.0
56.22295081967213	2244	1.0
56.225136612021856	6025	1.0
56.25191256830601	2052	1.0
56.25573770491803	6820	1.0
56.26065573770492	3816	1.0
56.27049180327869	4504	1.0
56.301092896174865	2684	1.0
56.306010928961754	1419	1.0
56.31420765027322	9024	1.0
56.31693989071038	7104	1.0
56.36010928961748	5296	1.0
56.38251366120218	1062	1.0
56.411475409836065	8709	1.0
56.411475409836065	4688	1.0
56.44098360655738	5700	1.0
56.45136612021857	2066	1.0
56.49016393442623	739	1.0
56.492349726775956	4916	1.0
56.50109289617487	8849	1.0
56.50218579234973	7481	1.0
56.50710382513661	2554	1.0
56.51366120218579	2204	1.0
56.51530054644809	8283	1.0
56.53224043715847	6923	1.0
56.53770491803279	8883	1.0
56.54863387978143	9194	1.0
56.56065573770492	8118	1.0
56.564480874316935	5558	1.0
56.57595628415301	9443	1.0
56.58524590163935	8819	1.0
56.59945355191257	7866	1.0
56.619125683060105	1309	1.0
56.62732240437158	1782	1.0
56.63169398907104	5525	1.0
56.65191256830601	3925	1.0
56.67158469945355	8684	1.0
56.69945355191257	1098	1.0
56.70273224043716	2465	1.0
56.70327868852459	8112	1.0
56.72076502732241	1777	1.0
56.72076502732241	2581	1.0
56.72786885245902	3130	1.0
56.7327868852459	2261	1.0
56.74918032786885	5748	1.0
56.75737704918033	6432	1.0
56.766666666666666	3884	1.0
56.79180327868852	3565	1.0
56.79836065573771	7955	1.0
56.81147540983606	7554	1.0
56.814207650273225	6136	1.0
56.8311475409836	9977	1.0
56.837704918032784	6039	1.0
56.875956284153	4206	1.0
56.890163934426226	3580	1.0
56.905464480874315	3248	1.0
56.91092896174864	2808	1.0
56.9207650273224	7502	1.0
56.94535519125683	1599	1.0
56.94863387978142	1896	1.0
56.949726775956286	4061	1.0
56.95191256830601	5855	1.0
56.956830601092896	3173	1.0
56.976502732240434	2894	1.0
56.98743169398907	8751	1.0
56.99180327868852	6913	1.0
57.00273224043716	9036	1.0
57.00928961748634	6915	1.0
57.033879781420765	5545	1.0
57.04262295081967	6350	1.0
57.05081967213115	5984	1.0
57.06393442622951	8985	1.0
57.06448087431694	7389	1.0
57.06612021857923	9120	1.0
57.06666666666666	8374	1.0
57.07267759562841	7770	1.0
57.076502732240435	9571	1.0
57.080874316939884	245	1.0
57.09398907103825	1531	1.0
57.096721311475406	8534	1.0
57.09836065573771	1250	1.0
57.10710382513661	8563	1.0
57.11366120218579	7108	1.0
57.12131147540983	3096	1.0
57.141530054644804	2562	1.0
57.15464480874317	7431	1.0
57.16120218579235	7289	1.0
57.19945355191257	1572	1.0
57.201092896174856	4336	1.0
57.20273224043716	3683	1.0
57.24207650273224	6107	1.0
57.25846994535519	6410	1.0
57.27158469945355	9750	1.0
57.27650273224044	503	1.0
57.29836065573771	937	1.0
57.32513661202186	9544	1.0
57.32896174863388	5357	1.0
57.33715846994536	4804	1.0
57.34808743169399	4998	1.0
57.368306010928954	6664	1.0
57.37540983606557	4572	1.0
57.37540983606557	8761	1.0
57.379234972677594	4101	1.0
57.386338797814204	7727	1.0
57.395081967213116	2814	1.0
57.39672131147541	4875	1.0
57.40819672131148	9999	1.0
57.41967213114754	4654	1.0
57.43333333333333	9721	1.0
57.435519125683065	5657	1.0
57.44316939890711	2442	1.0
57.45464480874317	5615	1.0
57.46338797814207	1503	1.0
57.478142076502735	7360	1.0
57.48196721311475	874	1.0
57.485245901639345	770	1.0
57.49781420765027	3337	1.0
57.50109289617486	6140	1.0
57.52404371584699	1920	1.0
57.528961748633876	5195	1.0
57.5344262295082	293	1.0
57.538251366120214	3812	1.0
57.538251366120214	1026	1.0
57.54043715846995	2368	1.0
57.546994535519126	7262	1.0
57.576502732240435	9916	1.0
57.582513661202185	5171	1.0
57.61530054644809	2999	1.0
57.62021857923497	6584	1.0
57.62459016393443	5633	1.0
57.63169398907104	9565	1.0
57.64754098360656	1449	1.0
57.65300546448088	8929	1.0
57.66775956284153	1181	1.0
57.67213114754098	2547	1.0
57.679781420765025	4424	1.0
57.68743169398907	4701	1.0
57.70437158469945	5685	1.0
57.719125683060106	9828	1.0
57.731147540983606	3387	1.0
57.73224043715847	4895	1.0
57.752459016393445	9418	1.0
57.756830601092894	3523	1.0
57.77431693989071	9248	1.0
57.774863387978144	1806	1.0
57.77868852459016	1472	1.0
57.78415300546448	4385	1.0
57.78852459016393	3834	1.0
57.79344262295081	8928	1.0
57.79726775956284	7053	1.0
57.80546448087432	7964	1.0
57.8120218579235	6973	1.0
57.82185792349727	6135	1.0
57.82677595628415	1583	1.0
57.85136612021858	7292	1.0
57.860655737704924	8221	1.0
57.877049180327866	234	1.0
57.90218579234973	1794	1.0
57.90546448087432	3270	1.0
57.92404371584699	2833	1.0
57.928961748633874	3301	1.0
57.94043715846995	6576	1.0
57.94316939890711	6207	1.0
57.94808743169399	9449	1.0
57.95464480874317	796	1.0
58.02295081967213	5501	1.0
58.0311475409836	81	1.0
58.04371584699453	4196	1.0
58.051366120218574	7276	1.0
58.05792349726776	3419	1.0
58.082513661202185	3161	1.0
58.08688524590164	3183	1.0
58.087431693989075	9653	1.0
58.08907103825136	1584	1.0
58.1224043715847	4070	1.0
58.13606557377049	8723	1.0
58.16393442622951	2283	1.0
58.166666666666664	8570	1.0
58.17049180327869	9188	1.0
58.1896174863388	160	1.0
58.198907103825135	244	1.0
58.20273224043716	3605	1.0
58.20546448087432	6045	1.0
58.20928961748634	8592	1.0
58.21584699453552	3189	1.0
58.2207650273224	7680	1.0
58.22349726775956	3775	1.0
58.22459016393443	7140	1.0
58.23169398907104	9862	1.0
58.234426229508195	429	1.0
58.241530054644805	967	1.0
58.25027322404372	4796	1.0
58.2655737704918	7484	1.0
58.266666666666666	8562	1.0
58.28524590163935	609	1.0
58.287978142076504	7434	1.0
58.29016393442623	4162	1.0
58.30983606557377	476	1.0
58.3207650273224	548	1.0
58.321311475409836	4080	1.0
58.33989071038251	3655	1.0
58.33989071038251	9047	1.0
58.34699453551912	9888	1.0
58.37049180327868	5205	1.0
58.37049180327868	2061	1.0
58.37377049180328	5419	1.0
58.377049180327866	4203	1.0
58.378142076502726	5602	1.0
58.38087431693989	3255	1.0
58.38469945355191	7049	1.0
58.38688524590164	3004	1.0
58.38852459016393	5831	1.0
58.4	2516	1.0
58.41803278688524	2057	1.0
58.41967213114754	403	1.0
58.42349726775956	813	1.0
58.42950819672131	5803	1.0
58.456830601092896	1212	1.0
58.46393442622951	4773	1.0
58.466120218579235	4856	1.0
58.48087431693989	7247	1.0
58.50273224043716	4004	1.0
58.50546448087431	7118	1.0
58.51311475409835	9788	1.0
58.53224043715847	3406	1.0
58.55300546448087	2519	1.0
58.575956284153	8264	1.0
58.590710382513656	2622	1.0
58.59617486338798	1900	1.0
58.604918032786884	557	1.0
58.609836065573774	3778	1.0
58.61147540983606	2802	1.0
58.616939890710384	9275	1.0
58.65300546448087	2359	1.0
58.672677595628414	3123	1.0
58.69562841530054	7157	1.0
58.70382513661202	1164	1.0
58.720218579234974	6707	1.0
58.746448087431695	8136	1.0
58.76448087431694	8624	1.0
58.76612021857923	2377	1.0
58.76830601092896	8288	1.0
58.77049180327869	3112	1.0
58.777595628415305	6492	1.0
58.78852459016393	4441	1.0
58.828415300546446	3394	1.0
58.83224043715847	8139	1.0
58.86284153005464	4172	1.0
58.86338797814207	4221	1.0
58.869945355191255	4123	1.0
58.898360655737704	5262	1.0
58.91475409836065	957	1.0
58.9327868852459	825	1.0
58.94590163934426	2596	1.0
58.96010928961749	7859	1.0
58.965027322404374	2923	1.0
58.965027322404374	216	1.0
58.96885245901639	5107	1.0
58.99125683060109	3911	1.0
58.9983606557377	9199	1.0
59.001639344262294	6961	1.0
59.01420765027322	7077	1.0
59.014754098360655	549	1.0
59.01693989071038	3282	1.0
59.03060109289617	3519	1.0
59.07431693989071	3086	1.0
59.07486338797814	4197	1.0
59.08306010928961	1469	1.0
59.08524590163935	3254	1.0
59.11256830601093	1939	1.0
59.11366120218579	1705	1.0
59.1207650273224	5344	1.0
59.1224043715847	5744	1.0
59.12841530054644	4582	1.0
59.13224043715847	2499	1.0
59.14153005464481	4943	1.0
59.15245901639344	4519	1.0
59.1568306010929	8470	1.0
59.15901639344262	9596	1.0
59.163387978142076	6863	1.0
59.175956284153	3863	1.0
59.18907103825136	997	1.0
59.19071038251366	3894	1.0
59.20382513661202	3984	1.0
59.20546448087431	4228	1.0
59.21092896174863	5509	1.0
59.21256830601093	1440	1.0
59.214207650273224	3067	1.0
59.21803278688524	1358	1.0
59.237158469945356	2615	1.0
59.2431693989071	9979	1.0
59.25573770491803	2157	1.0
59.26120218579235	6544	1.0
59.289071038251365	7556	1.0
59.29398907103825	1348	1.0
59.29781420765027	6780	1.0
59.308196721311475	3634	1.0
59.32295081967213	631	1.0
59.3448087431694	4896	1.0
59.35846994535519	4180	1.0
59.363934426229505	4573	1.0
59.375956284153006	3596	1.0
59.37650273224044	5691	1.0
59.38360655737705	2570	1.0
59.39234972677596	3958	1.0
59.40601092896175	6181	1.0
59.41420765027323	6325	1.0
59.43333333333333	4659	1.0
59.446994535519124	3524	1.0
59.46338797814207	4426	1.0
59.48469945355191	194	1.0
59.49398907103825	8522	1.0
59.501639344262294	8286	1.0
59.51639344262295	6896	1.0
59.51639344262295	2207	1.0
59.520765027322405	3110	1.0
59.522950819672126	9247	1.0
59.527868852459015	9836	1.0
59.528961748633876	327	1.0
59.52950819672131	380	1.0
59.56393442622951	6781	1.0
59.56994535519126	6185	1.0
59.583606557377045	3854	1.0
59.597814207650266	7941	1.0
59.608743169398906	2588	1.0
59.6103825136612	5128	1.0
59.62185792349727	7952	1.0
59.62459016393443	316	1.0
59.64972677595629	4246	1.0
59.64972677595629	6971	1.0
59.65464480874317	341	1.0
59.67431693989071	7870	1.0
59.68306010928961	9233	1.0
59.69781420765027	6642	1.0
59.70546448087431	8601	1.0
59.706010928961746	1751	1.0
59.70710382513661	5559	1.0
59.708196721311474	2652	1.0
59.716939890710385	5619	1.0
59.734426229508195	9746	1.0
59.753551912568305	7314	1.0
59.75628415300547	4974	1.0
59.75846994535519	3703	1.0
59.76612021857923	0	1.0
