0.12257868852459017	3960	1.0
0.19421366120218578	4680	1.0
0.20797322404371585	9822	1.0
0.2242415300546448	1982	1.0
0.22587049180327867	4276	1.0
0.3499584699453552	8409	1.0
0.3944469945355191	9244	1.0
0.40578469945355194	5381	1.0
0.46892349726775956	998	1.0
0.5098710382513661	7018	1.0
0.612792349726776	4795	1.0
0.6489836065573771	9865	1.0
0.6556885245901639	3836	1.0
0.7216775956284153	8651	1.0
0.7737704918032786	9865	0.0
0.8105027322404371	2090	1.0
1.0896612021857923	2013	1.0
1.1428743169398905	3024	1.0
1.26672131147541	8749	1.0
1.2788579234972677	4833	1.0
1.3051857923497268	4516	1.0
1.343896174863388	9348	1.0
1.3460765027322406	5212	1.0
1.3591311475409837	1288	1.0
1.530622950819672	9064	1.0
1.5326775956284153	1471	1.0
1.620639344262295	120	1.0
1.6276666666666666	9287	1.0
1.6488415300546448	3621	1.0
1.6725737704918033	8705	1.0
1.8242295081967213	9364	1.0
1.8319234972677596	9826	1.0
1.8393387978142077	4200	1.0
1.8423497267759563	5304	1.0
2.007191256830601	6158	1.0
2.0266120218579236	1328	1.0
2.0678142076502732	2894	1.0
2.144262295081967	2570	1.0
2.2386666666666666	7185	1.0
2.2391693989071038	5963	1.0
2.2647377049180326	6872	1.0
2.3431639344262294	8438	1.0
2.37748087431694	8125	1.0
2.4878251366120216	1375	1.0
2.490153005464481	8690	1.0
2.4970491803278687	2189	1.0
2.55	9075	1.0
2.5790327868852456	7477	1.0
2.6703169398907103	562	1.0
2.6985409836065575	7893	1.0
2.715775956284153	2540	1.0
2.7368688524590166	702	1.0
2.83403825136612	9934	1.0
2.8514426229508194	8951	1.0
2.8917158469945354	9465	1.0
2.9033551912568307	4826	1.0
2.9554098360655736	5197	1.0
3.0489180327868852	6849	1.0
3.128125683060109	158	1.0
3.1301311475409834	659	1.0
3.19051912568306	392	1.0
3.1994371584699453	3397	1.0
3.2302131147540982	1937	1.0
3.2786229508196723	7441	1.0
3.2882677595628413	5423	1.0
3.363502732240437	1176	1.0
3.3698797814207646	459	1.0
3.3883005464480873	8226	1.0
3.511704918032787	4497	1.0
3.5483606557377048	6156	1.0
3.697825136612022	187	1.0
3.7058524590163935	9791	1.0
3.7272568306010925	2744	1.0
3.750841530054645	52	1.0
3.8165628415300543	6411	1.0
3.843071038251366	7872	1.0
3.8444972677595626	1478	1.0
3.895672131147541	9850	1.0
3.897601092896175	5608	1.0
3.8999289617486337	8505	1.0
3.921622950819672	6742	1.0
4.0177868852459016	1483	1.0
4.053196721311475	82	1.0
4.0638852459016395	8054	1.0
4.085650273224044	8137	1.0
4.127923497267759	9538	1.0
4.165027322404372	7556	1.0
4.18792349726776	2528	1.0
4.372606557377049	2343	1.0
4.3867213114754104	9311	1.0
4.3916939890710385	1519	1.0
4.467573770491803	2382	1.0
4.493125683060109	6424	1.0
4.54431693989071	4596	1.0
4.573054644808743	3175	1.0
4.734234972677596	4094	1.0
4.768956284153005	6151	1.0
4.812448087431694	6935	1.0
4.842644808743169	8087	1.0
4.844010928961749	9671	1.0
4.869289617486339	153	1.0
4.8726502732240435	5356	1.0
4.924191256830601	3604	1.0
4.932120218579235	3458	1.0
4.938010928961749	6462	1.0
4.989136612021858	5244	1.0
5.074710382513661	7231	1.0
5.105229508196721	7230	1.0
5.168879781420765	8297	1.0
5.217147540983606	1109	1.0
5.221950819672131	1729	1.0
5.223387978142076	3037	1.0
5.283360655737705	801	1.0
5.2948415300546445	3247	1.0
5.347224043715847	3057	1.0
5.366639344262295	2644	1.0
5.37135519125683	609	1.0
5.486229508196721	5334	1.0
5.531693989071038	8699	1.0
5.552349726775955	2524	1.0
5.561912568306011	760	1.0
5.580491803278688	7902	1.0
5.605300546448087	2400	1.0
5.626174863387978	7731	1.0
5.6645901639344265	9749	1.0
5.668415300546449	2436	1.0
5.668907103825137	9573	1.0
5.685191256830602	6661	1.0
5.712459016393442	9775	1.0
5.802896174863388	6953	1.0
5.87256830601093	9915	1.0
5.891693989071038	4700	1.0
5.911256830601093	9649	1.0
5.913715846994535	9268	1.0
5.960491803278688	4150	1.0
5.984590163934426	6428	1.0
6.012240437158471	2648	1.0
6.030327868852459	9804	1.0
6.111311475409836	9127	1.0
6.115027322404372	8728	1.0
6.171038251366119	4482	1.0
6.225737704918033	6714	1.0
6.248688524590164	5119	1.0
6.2901639344262295	3966	1.0
6.305081967213114	6433	1.0
6.3431147540983615	9129	1.0
6.376775956284153	3328	1.0
6.382622950819672	3361	1.0
6.386448087431694	2901	1.0
6.430546448087432	8634	1.0
6.4524043715846995	4209	1.0
6.558852459016393	3358	1.0
6.6816939890710385	1816	1.0
6.745628415300546	8466	1.0
6.828579234972677	4744	1.0
6.863661202185792	8849	1.0
6.88431693989071	914	1.0
6.959945355191257	9147	1.0
7.016338797814207	2025	1.0
7.016612021857924	6826	1.0
7.051256830601093	2642	1.0
7.126448087431694	3098	1.0
7.13622950819672	4051	1.0
7.177814207650274	3828	1.0
7.1930054644808745	6789	1.0
7.217158469945355	8497	1.0
7.237103825136612	9236	1.0
7.250601092896175	7531	1.0
7.276338797814208	41	1.0
7.305846994535519	7333	1.0
7.389071038251366	2299	1.0
7.40311475409836	6790	1.0
7.482404371584699	1377	1.0
7.488251366120219	4437	1.0
7.586666666666666	3951	1.0
7.593387978142076	6367	1.0
7.615956284153006	4832	1.0
7.642513661202186	2427	1.0
7.665573770491804	7602	1.0
7.699016393442623	220	1.0
7.746338797814208	8931	1.0
7.752786885245902	8850	1.0
7.770546448087432	6442	1.0
7.839071038251366	1545	1.0
7.904699453551912	8170	1.0
7.921967213114754	3454	1.0
7.931202185792349	2190	1.0
7.956010928961748	5602	1.0
7.959453551912568	6530	1.0
8.050655737704918	7673	1.0
8.1427868852459	2019	1.0
8.182021857923496	156	1.0
8.195081967213115	3214	1.0
8.28207650273224	5009	1.0
8.285136612021857	5104	1.0
8.291639344262295	1921	1.0
8.32032786885246	4164	1.0
8.322295081967212	1882	1.0
8.3551912568306	1217	1.0
8.362786885245901	7254	1.0
8.37879781420765	6691	1.0
8.436885245901639	6582	1.0
8.446502732240436	3970	1.0
8.491530054644809	1476	1.0
8.517049180327868	4601	1.0
8.562786885245902	4202	1.0
8.584426229508198	9866	1.0
8.617103825136612	7624	1.0
8.619890710382514	3194	1.0
8.667049180327869	2336	1.0
8.675901639344263	5222	1.0
8.72360655737705	3004	1.0
8.766994535519126	804	1.0
8.807704918032787	4214	1.0
8.81688524590164	2461	1.0
8.881147540983607	5137	1.0
8.977868852459016	8715	1.0
8.977978142076502	8969	1.0
8.983333333333333	9241	1.0
8.994535519125682	4938	1.0
9.004207650273225	625	1.0
9.056284153005464	8338	1.0
9.141475409836065	1005	1.0
9.174754098360657	5659	1.0
9.25120218579235	4735	1.0
9.283715846994536	7159	1.0
9.359125683060109	4563	1.0
9.360765027322405	5990	1.0
9.36688524590164	213	1.0
9.437978142076501	3642	1.0
9.556666666666667	6620	1.0
9.584972677595628	1428	1.0
9.646830601092896	3150	1.0
9.84825136612022	8638	1.0
9.859016393442623	1017	1.0
9.869234972677594	4671	1.0
9.878579234972678	3376	1.0
9.882622950819671	832	1.0
9.90103825136612	7406	1.0
9.91497267759563	4048	1.0
9.94535519125683	4126	1.0
9.949234972677596	6311	1.0
9.964535519125683	6755	1.0
10.05912568306011	9526	1.0
10.126994535519126	2290	1.0
10.246666666666668	8576	1.0
10.291038251366121	6643	1.0
10.30896174863388	1380	1.0
10.318196721311477	2073	1.0
10.341256830601093	3075	1.0
10.3472131147541	2958	1.0
10.380109289617486	1116	1.0
10.408360655737704	1101	1.0
10.484043715846994	6333	1.0
10.491803278688524	4194	1.0
10.502568306010929	3578	1.0
10.530983606557376	3323	1.0
10.559617486338798	8544	1.0
10.589125683060109	9457	1.0
10.672295081967214	9626	1.0
10.737650273224045	6771	1.0
10.77846994535519	6946	1.0
10.793224043715847	7583	1.0
10.831857923497267	9362	1.0
10.839071038251365	9885	1.0
10.856994535519124	1871	1.0
10.898251366120219	725	1.0
10.902622950819671	4813	1.0
10.984699453551912	3238	1.0
11.02103825136612	722	1.0
11.027377049180327	9104	1.0
11.038415300546449	2460	1.0
11.092131147540984	7699	1.0
11.147486338797814	2690	1.0
11.320874316939891	9679	1.0
11.34158469945355	8425	1.0
11.348907103825136	6107	1.0
11.357158469945354	1202	1.0
11.4075956284153	7101	1.0
11.412185792349728	6050	1.0
11.439398907103826	3025	1.0
11.439508196721311	4380	1.0
11.46311475409836	8703	1.0
11.493879781420764	8967	1.0
11.519781420765028	7809	1.0
11.526775956284153	4996	1.0
11.531366120218578	1611	1.0
11.559945355191255	5757	1.0
11.56808743169399	1566	1.0
11.605027322404371	2675	1.0
11.614262295081968	8241	1.0
11.625901639344262	706	1.0
11.639398907103825	8094	1.0
11.690327868852458	4312	1.0
11.698415300546447	5613	1.0
11.703387978142077	1291	1.0
11.747322404371584	2424	1.0
11.784644808743169	4888	1.0
11.82584699453552	6980	1.0
11.828852459016394	7637	1.0
11.846065573770492	8742	1.0
11.848087431693989	8027	1.0
11.93928961748634	8718	1.0
11.957704918032785	4170	1.0
11.966120218579235	6031	1.0
12.005300546448089	2186	1.0
12.023497267759563	5604	1.0
12.03792349726776	9946	1.0
12.063333333333333	285	1.0
12.06344262295082	5031	1.0
12.219398907103825	7356	1.0
12.249672131147541	6500	1.0
12.253005464480873	2096	1.0
12.260546448087432	9108	1.0
12.304863387978141	8395	1.0
12.325956284153005	8708	1.0
12.328852459016392	8021	1.0
12.397650273224045	6670	1.0
12.422349726775956	8417	1.0
12.44431693989071	8816	1.0
12.483715846994535	7714	1.0
12.509890710382514	6887	1.0
12.551420765027322	8514	1.0
12.582841530054646	232	1.0
12.58863387978142	5120	1.0
12.680655737704917	7636	1.0
12.789016393442623	2200	1.0
12.794098360655736	1552	1.0
12.807213114754097	8185	1.0
12.822131147540983	5361	1.0
12.866994535519126	8685	1.0
12.880054644808743	2647	1.0
12.994535519125682	5291	1.0
13.013060109289617	6735	1.0
13.014863387978142	6832	1.0
13.11295081967213	2995	1.0
13.13087431693989	1767	1.0
13.184590163934427	8350	1.0
13.186885245901639	4974	1.0
13.219781420765027	1595	1.0
13.267540983606557	4593	1.0
13.343879781420766	1908	1.0
13.346174863387978	9561	1.0
13.364426229508197	2397	1.0
13.433989071038251	9605	1.0
13.449781420765026	4561	1.0
13.475191256830602	1600	1.0
13.489071038251366	9584	1.0
13.503551912568307	5404	1.0
13.528251366120218	5106	1.0
13.547814207650273	7402	1.0
13.558688524590163	7967	1.0
13.56535519125683	6028	1.0
13.604972677595628	8746	1.0
13.634863387978141	1355	1.0
13.636448087431694	5124	1.0
13.640491803278689	8146	1.0
13.650273224043715	9660	1.0
13.672185792349726	6041	1.0
13.678579234972677	7617	1.0
13.687213114754098	2827	1.0
13.712404371584698	3181	1.0
13.723333333333333	548	1.0
13.738743169398907	9316	1.0
13.744426229508196	3693	1.0
13.749890710382513	2273	1.0
13.776174863387979	8822	1.0
13.804972677595629	868	1.0
13.819617486338798	8635	1.0
13.860819672131148	4628	1.0
13.895737704918032	4904	1.0
13.925901639344263	1301	1.0
13.927431693989071	3615	1.0
13.993497267759563	4956	1.0
14.001803278688525	9838	1.0
14.06256830601093	2548	1.0
14.099562841530055	3856	1.0
14.122295081967213	3223	1.0
14.134098360655738	9719	1.0
14.201475409836066	5075	1.0
14.281584699453552	6783	1.0
14.311475409836067	99	1.0
14.34103825136612	5330	1.0
14.373825136612021	7644	1.0
14.378907103825137	6604	1.0
14.383060109289618	4495	1.0
14.41535519125683	2379	1.0
14.424590163934425	6681	1.0
14.443606557377048	2884	1.0
14.460874316939892	6230	1.0
14.464590163934426	6619	1.0
14.48311475409836	546	1.0
14.490218579234972	248	1.0
14.538688524590164	9188	1.0
14.603879781420765	9385	1.0
14.615846994535518	5949	1.0
14.655846994535517	1810	1.0
14.662185792349726	4755	1.0
14.67016393442623	6057	1.0
14.670765027322403	5294	1.0
14.700601092896175	182	1.0
14.720491803278689	6019	1.0
14.73448087431694	835	1.0
14.75295081967213	1155	1.0
14.808360655737705	3610	1.0
14.851530054644808	1561	1.0
14.860327868852458	5891	1.0
14.869836065573772	3158	1.0
14.881147540983607	6465	1.0
14.95743169398907	9799	1.0
14.97087431693989	5743	1.0
14.987650273224045	9014	1.0
14.99295081967213	8532	1.0
15.01377049180328	9281	1.0
15.088524590163935	5673	1.0
15.08896174863388	1132	1.0
15.092131147540984	6421	1.0
15.097103825136612	4026	1.0
15.102513661202185	8811	1.0
15.15464480874317	8290	1.0
15.162459016393441	1108	1.0
15.169125683060109	8525	1.0
15.171311475409835	9801	1.0
15.171857923497267	1405	1.0
15.191256830601091	3599	1.0
15.202295081967213	2828	1.0
15.212240437158469	8068	1.0
15.2175956284153	146	1.0
15.247377049180328	1092	1.0
15.255846994535519	8160	1.0
15.259890710382512	4264	1.0
15.276448087431692	9132	1.0
15.310655737704916	3435	1.0
15.313224043715847	8356	1.0
15.315300546448087	8543	1.0
15.32983606557377	3027	1.0
15.387486338797814	3893	1.0
15.44928961748634	6975	1.0
15.470218579234972	839	1.0
15.511311475409835	4356	1.0
15.55191256830601	1890	1.0
15.589453551912568	1470	1.0
15.593224043715848	9742	1.0
15.601584699453552	8724	1.0
15.629562841530053	8086	1.0
15.652732240437158	3841	1.0
15.657486338797813	3092	1.0
15.664863387978142	1884	1.0
15.668688524590163	5389	1.0
15.704972677595629	6276	1.0
15.728142076502731	3914	1.0
15.729453551912567	7257	1.0
15.744371584699453	265	1.0
15.794590163934425	8785	1.0
15.847322404371585	7917	1.0
15.864590163934427	7988	1.0
15.874426229508197	4267	1.0
15.897377049180326	9431	1.0
15.917158469945354	7961	1.0
15.989508196721312	1802	1.0
15.994207650273225	4790	1.0
16.051857923497266	1021	1.0
16.067868852459014	5316	1.0
16.119453551912567	4664	1.0
16.159344262295082	6225	1.0
16.19606557377049	9205	1.0
16.235737704918034	4985	1.0
16.256120218579234	5459	1.0
16.30016393442623	7839	1.0
16.301639344262295	657	1.0
16.32726775956284	4820	1.0
16.350327868852457	6193	1.0
16.357868852459017	3085	1.0
16.369453551912567	8234	1.0
16.38868852459016	5139	1.0
16.420491803278686	5946	1.0
16.42513661202186	1687	1.0
16.427978142076505	7178	1.0
16.47382513661202	6227	1.0
16.4979781420765	1708	1.0
16.639180327868853	100	1.0
16.648524590163934	7432	1.0
16.664426229508194	4922	1.0
16.66672131147541	4913	1.0
16.672295081967214	7124	1.0
16.683114754098362	9546	1.0
16.718907103825135	2311	1.0
16.726502732240437	3550	1.0
16.82245901639344	6060	1.0
16.823825136612022	3359	1.0
16.846120218579234	2803	1.0
16.858524590163935	1865	1.0
16.922786885245902	3596	1.0
16.948961748633877	4644	1.0
16.966120218579235	4686	1.0
16.976338797814208	5885	1.0
17.017540983606555	4329	1.0
17.0324043715847	8333	1.0
17.052841530054646	7926	1.0
17.09191256830601	2689	1.0
17.124316939890708	2069	1.0
17.148087431693988	5790	1.0
17.16573770491803	2567	1.0
17.20950819672131	2608	1.0
17.22207650273224	8312	1.0
17.23551912568306	7766	1.0
17.254207650273223	7842	1.0
17.266502732240436	5574	1.0
17.270983606557376	5874	1.0
17.277704918032786	5440	1.0
17.323333333333334	1583	1.0
17.365628415300545	7065	1.0
17.375300546448088	9032	1.0
17.38562841530055	5256	1.0
17.3872131147541	545	1.0
17.42590163934426	4388	1.0
17.441530054644808	7391	1.0
17.446338797814207	5962	1.0
17.485792349726776	4798	1.0
17.55224043715847	3817	1.0
17.562295081967214	2264	1.0
17.61633879781421	3414	1.0
17.642295081967212	2622	1.0
17.677486338797813	9931	1.0
17.810710382513662	817	1.0
17.83655737704918	1756	1.0
17.912841530054642	4477	1.0
17.93136612021858	7855	1.0
17.937049180327868	1635	1.0
17.95617486338798	8560	1.0
17.996174863387978	2082	1.0
18.024972677595628	9901	1.0
18.088032786885247	7199	1.0
18.092513661202187	4315	1.0
18.10311475409836	525	1.0
18.107868852459013	5862	1.0
18.140983606557377	5417	1.0
18.142786885245904	7004	1.0
18.14311475409836	1216	1.0
18.159890710382513	5079	1.0
18.17207650273224	7744	1.0
18.173497267759565	227	1.0
18.210765027322402	4724	1.0
18.211147540983607	6331	1.0
18.2127868852459	9372	1.0
18.213169398907105	2549	1.0
18.255901639344263	6940	1.0
18.28590163934426	9478	1.0
18.337049180327867	8188	1.0
18.361803278688527	3103	1.0
18.380928961748634	5551	1.0
18.403715846994537	6128	1.0
18.410601092896176	9226	1.0
18.453005464480874	5504	1.0
18.49382513661202	6641	1.0
18.53	1567	1.0
18.53551912568306	6363	1.0
18.57486338797814	4900	1.0
18.60016393442623	7466	1.0
18.628251366120217	7887	1.0
18.647540983606557	498	1.0
18.707868852459015	8308	1.0
18.72032786885246	8328	1.0
18.745901639344265	1542	1.0
18.756065573770492	9586	1.0
18.792950819672132	4027	1.0
18.810983606557375	3484	1.0
18.81661202185792	1876	1.0
18.9120218579235	5793	1.0
18.94103825136612	4205	1.0
18.968251366120217	9723	1.0
18.99136612021858	6009	1.0
18.992513661202185	5145	1.0
18.997814207650272	7719	1.0
19.001420765027323	4397	1.0
19.00655737704918	3922	1.0
19.055081967213116	9248	1.0
19.082622950819673	6267	1.0
19.173661202185794	806	1.0
19.18377049180328	969	1.0
19.29054644808743	5260	1.0
19.330928961748633	4690	1.0
19.340819672131147	9039	1.0
19.378524590163934	113	1.0
19.397650273224045	1126	1.0
19.404153005464483	6318	1.0
19.43071038251366	9887	1.0
19.47136612021858	8501	1.0
19.47224043715847	7315	1.0
19.566666666666666	5286	1.0
19.578415300546446	8643	1.0
19.585737704918035	5476	1.0
19.62535519125683	1581	1.0
19.635409836065573	5878	1.0
19.674863387978142	5421	1.0
19.68672131147541	9010	1.0
19.691748633879783	1514	1.0
19.718579234972676	2657	1.0
19.742513661202185	7996	1.0
19.74896174863388	5795	1.0
19.75584699453552	6282	1.0
19.827650273224044	2293	1.0
19.888524590163932	152	1.0
19.964918032786883	8653	1.0
19.970327868852458	4939	1.0
19.989945355191256	2723	1.0
19.99229508196721	9072	1.0
19.995027322404372	5652	1.0
20.01344262295082	6444	1.0
20.032021857923496	9764	1.0
20.037322404371587	5763	1.0
20.049398907103825	8795	1.0
20.050054644808743	6426	1.0
20.073770491803277	5675	1.0
20.086174863387978	5346	1.0
20.158907103825136	3142	1.0
20.199398907103827	5255	1.0
20.211256830601094	9694	1.0
20.246338797814207	3687	1.0
20.271967213114753	7895	1.0
20.27273224043716	4457	1.0
20.302841530054643	2309	1.0
20.34169398907104	1267	1.0
20.34639344262295	7541	1.0
20.360273224043716	826	1.0
20.380491803278687	241	1.0
20.382131147540985	912	1.0
20.422513661202185	5276	1.0
20.43469945355191	6597	1.0
20.47535519125683	6623	1.0
20.546666666666667	4475	1.0
20.56098360655738	5854	1.0
20.582131147540984	8973	1.0
20.585573770491802	536	1.0
20.604754098360658	3597	1.0
20.611530054644806	7803	1.0
20.631092896174863	4468	1.0
20.63546448087432	3235	1.0
20.654316939890712	2983	1.0
20.664590163934427	9473	1.0
20.688688524590162	6470	1.0
20.713770491803277	1751	1.0
20.726939890710383	7740	1.0
20.808196721311475	596	1.0
20.82748633879781	4876	1.0
20.9151912568306	6919	1.0
20.921311475409837	9704	1.0
20.92568306010929	2513	1.0
20.92879781420765	1438	1.0
21.016010928961748	9452	1.0
21.022131147540982	1879	1.0
21.09032786885246	7925	1.0
21.101147540983607	2000	1.0
21.11568306010929	7866	1.0
21.11846994535519	6316	1.0
21.146830601092898	9374	1.0
21.15661202185792	3947	1.0
21.181475409836064	7157	1.0
21.183497267759563	4334	1.0
21.18950819672131	5742	1.0
21.198743169398906	3850	1.0
21.20016393442623	6752	1.0
21.282021857923496	9818	1.0
21.37136612021858	6165	1.0
21.389999999999997	2414	1.0
21.3944262295082	5692	1.0
21.403551912568307	359	1.0
21.420109289617486	3295	1.0
21.447868852459017	1246	1.0
21.473551912568308	8622	1.0
21.480327868852456	4031	1.0
21.48049180327869	2456	1.0
21.537704918032784	9413	1.0
21.562513661202185	5069	1.0
21.587103825136612	9491	1.0
21.591803278688523	5061	1.0
21.61622950819672	1242	1.0
21.749453551912566	7465	1.0
21.88672131147541	7687	1.0
21.919562841530052	6807	1.0
21.93	7105	1.0
21.987650273224045	8407	1.0
22.082622950819673	5809	1.0
22.111311475409835	377	1.0
22.112349726775953	163	1.0
22.128524590163934	3157	1.0
22.140819672131144	7153	1.0
22.172513661202185	4934	1.0
22.172896174863386	199	1.0
22.213387978142077	6580	1.0
22.25928961748634	6168	1.0
22.26136612021858	6949	1.0
22.340546448087434	6907	1.0
22.381147540983605	3129	1.0
22.390983606557377	2453	1.0
22.45841530054645	8277	1.0
22.516830601092895	4455	1.0
22.539726775956282	1307	1.0
22.605792349726773	3131	1.0
22.615081967213115	4319	1.0
22.629071038251368	9547	1.0
22.673661202185794	9897	1.0
22.67622950819672	5628	1.0
22.68551912568306	1770	1.0
22.702622950819674	6569	1.0
22.70469945355191	276	1.0
22.712131147540983	6280	1.0
22.722349726775956	7587	1.0
22.749890710382513	3647	1.0
22.752185792349728	9345	1.0
22.756448087431696	7263	1.0
22.77672131147541	1858	1.0
22.779945355191256	2142	1.0
22.78704918032787	4757	1.0
22.797540983606556	9291	1.0
22.818196721311473	6581	1.0
22.83081967213115	4184	1.0
22.835956284153006	5494	1.0
22.837486338797813	3091	1.0
22.849398907103826	7461	1.0
22.878142076502733	8859	1.0
22.889289617486337	4926	1.0
22.900928961748633	9995	1.0
22.950327868852458	724	1.0
22.997540983606555	3006	1.0
23.038415300546447	1911	1.0
23.053879781420765	6330	1.0
23.058579234972676	9598	1.0
23.07622950819672	1769	1.0
23.083879781420766	352	1.0
23.102076502732242	7701	1.0
23.12726775956284	6885	1.0
23.1420218579235	5190	1.0
23.15469945355191	8986	1.0
23.18131147540984	4443	1.0
23.186120218579234	6730	1.0
23.240983606557375	9772	1.0
23.251147540983606	464	1.0
23.299125683060108	4849	1.0
23.304043715846994	4261	1.0
23.31071038251366	7043	1.0
23.322513661202187	7924	1.0
23.35781420765027	3702	1.0
23.44224043715847	6301	1.0
23.48207650273224	1579	1.0
23.49737704918033	1842	1.0
23.52601092896175	5902	1.0
23.565027322404372	8907	1.0
23.57857923497268	9082	1.0
23.587486338797813	2752	1.0
23.62262295081967	4313	1.0
23.641256830601094	4273	1.0
23.710109289617485	3470	1.0
23.716448087431694	810	1.0
23.76983606557377	3009	1.0
23.77934426229508	6096	1.0
23.798196721311474	5984	1.0
23.80431693989071	5546	1.0
23.808688524590163	8610	1.0
23.827650273224044	1857	1.0
23.82994535519126	2367	1.0
23.845956284153004	4163	1.0
23.878743169398906	7083	1.0
23.929890710382516	6630	1.0
23.936448087431692	3795	1.0
23.941857923497267	5050	1.0
23.944918032786887	298	1.0
23.949071038251365	4764	1.0
23.963989071038252	8734	1.0
24.077650273224044	7978	1.0
24.1079781420765	4768	1.0
24.14153005464481	3165	1.0
24.158032786885244	550	1.0
24.183224043715846	3782	1.0
24.20863387978142	9688	1.0
24.230928961748635	9342	1.0
24.23393442622951	8378	1.0
24.24289617486339	6829	1.0
24.27032786885246	2849	1.0
24.291803278688523	7050	1.0
24.300983606557377	8205	1.0
24.31830601092896	4433	1.0
24.34967213114754	6051	1.0
24.38704918032787	4632	1.0
24.38918032786885	5424	1.0
24.395573770491804	6056	1.0
24.405300546448085	9276	1.0
24.42688524590164	15	1.0
24.43262295081967	4243	1.0
24.445628415300543	9869	1.0
24.459562841530055	7585	1.0
24.460655737704915	6853	1.0
24.49469945355191	7984	1.0
24.50300546448087	3348	1.0
24.5327868852459	3356	1.0
24.583278688524587	8150	1.0
24.65983606557377	5251	1.0
24.674754098360655	9422	1.0
24.686393442622947	4853	1.0
24.7175956284153	6478	1.0
24.760218579234973	7969	1.0
24.814590163934426	3246	1.0
24.854535519125683	1190	1.0
24.865409836065574	6911	1.0
24.87950819672131	7191	1.0
24.88710382513661	378	1.0
24.900109289617486	7775	1.0
24.910109289617488	6480	1.0
24.926666666666666	3399	1.0
24.961256830601094	7164	1.0
24.96606557377049	4285	1.0
25.001475409836065	2915	1.0
25.04830601092896	5998	1.0
25.06622950819672	9793	1.0
25.0827868852459	9461	1.0
25.093060109289617	2443	1.0
25.10535519125683	9237	1.0
25.118360655737707	8989	1.0
25.174426229508196	6804	1.0
25.21639344262295	6010	1.0
25.27983606557377	3292	1.0
25.28415300546448	57	1.0
25.303715846994535	4709	1.0
25.367650273224044	6471	1.0
25.41071038251366	8117	1.0
25.443715846994536	662	1.0
25.44743169398907	572	1.0
25.496338797814207	4834	1.0
25.504371584699452	3852	1.0
25.606284153005465	7433	1.0
25.607158469945357	4715	1.0
25.621967213114754	3556	1.0
25.65535519125683	5403	1.0
25.667540983606557	8891	1.0
25.670765027322403	5640	1.0
25.67360655737705	5917	1.0
25.6824043715847	2986	1.0
25.689289617486338	4966	1.0
25.72071038251366	7482	1.0
25.721803278688522	8198	1.0
25.73945355191257	7661	1.0
25.75928961748634	8494	1.0
25.774754098360656	531	1.0
25.871147540983607	8758	1.0
25.892185792349725	5577	1.0
25.908688524590165	4134	1.0
25.92081967213115	5516	1.0
25.922622950819672	4654	1.0
25.93054644808743	8031	1.0
25.931038251366118	9817	1.0
25.96486338797814	4936	1.0
25.995573770491802	7605	1.0
26.029289617486338	2590	1.0
26.09021857923497	2728	1.0
26.105409836065572	4187	1.0
26.113278688524588	8701	1.0
26.149890710382515	6011	1.0
26.217650273224045	5611	1.0
26.241639344262296	3066	1.0
26.270273224043716	5670	1.0
26.281748633879783	4574	1.0
26.376284153005464	6512	1.0
26.392349726775958	4041	1.0
26.41049180327869	4373	1.0
26.52934426229508	4336	1.0
26.535245901639342	8868	1.0
26.53726775956284	8838	1.0
26.550218579234972	8103	1.0
26.59710382513661	5347	1.0
26.612568306010928	6948	1.0
26.632349726775956	3833	1.0
26.633387978142075	3873	1.0
26.6851912568306	8587	1.0
26.685245901639345	450	1.0
26.706612021857925	6613	1.0
26.721803278688522	2643	1.0
26.742295081967214	389	1.0
26.746502732240437	7894	1.0
26.7475956284153	1819	1.0
26.782076502732238	5818	1.0
26.821639344262294	6513	1.0
26.827704918032786	8804	1.0
26.85360655737705	6467	1.0
26.924153005464483	8835	1.0
26.95306010928962	9444	1.0
26.96426229508197	1710	1.0
26.97808743169399	9648	1.0
26.980601092896176	4331	1.0
26.98775956284153	4232	1.0
26.992076502732242	4522	1.0
26.994316939890712	6882	1.0
27.005792349726775	774	1.0
27.00655737704918	9967	1.0
27.043278688524587	4779	1.0
27.045464480874315	6766	1.0
27.07469945355191	1886	1.0
27.082349726775956	4103	1.0
27.122841530054643	521	1.0
27.135027322404373	6505	1.0
27.13617486338798	7557	1.0
27.13792349726776	9034	1.0
27.148852459016393	7570	1.0
27.178142076502734	5645	1.0
27.196939890710382	7761	1.0
27.20814207650273	9134	1.0
27.213879781420765	8866	1.0
27.21863387978142	9365	1.0
27.249781420765025	5391	1.0
27.27382513661202	3934	1.0
27.308524590163934	304	1.0
27.315628415300544	8380	1.0
27.33191256830601	470	1.0
27.340710382513663	6170	1.0
27.363060109289616	8781	1.0
27.37087431693989	7368	1.0
27.380163934426232	5455	1.0
27.40601092896175	3718	1.0
27.444316939890708	5362	1.0
27.452021857923498	4300	1.0
27.458524590163933	2711	1.0
27.493551912568307	3354	1.0
27.49743169398907	8415	1.0
27.500765027322405	9254	1.0
27.50125683060109	8702	1.0
27.532513661202184	3046	1.0
27.538579234972676	3180	1.0
27.557704918032787	1278	1.0
27.5779781420765	6844	1.0
27.58	1238	1.0
27.60420765027322	8122	1.0
27.608633879781422	2177	1.0
27.608907103825135	3943	1.0
27.614972677595627	4669	1.0
27.652349726775956	9953	1.0
27.659562841530054	8179	1.0
27.66049180327869	7958	1.0
27.68912568306011	1128	1.0
27.70409836065574	9227	1.0
27.724262295081967	8446	1.0
27.800765027322406	4070	1.0
27.838032786885243	7202	1.0
27.889234972677595	6645	1.0
27.923333333333332	8558	1.0
27.92661202185792	1331	1.0
27.963551912568306	3429	1.0
27.98273224043716	9919	1.0
28.001092896174864	7336	1.0
28.014480874316938	8012	1.0
28.10071038251366	4192	1.0
28.17896174863388	1974	1.0
28.2048087431694	3423	1.0
28.205245901639344	9130	1.0
28.235409836065575	6917	1.0
28.240765027322404	2404	1.0
28.25672131147541	6606	1.0
28.375081967213113	2886	1.0
28.396502732240435	7241	1.0
28.420546448087432	7514	1.0
28.457814207650273	4290	1.0
28.485628415300546	3862	1.0
28.48633879781421	7934	1.0
28.51781420765027	1759	1.0
28.52136612021858	623	1.0
28.5424043715847	8268	1.0
28.604316939890712	8738	1.0
28.60808743169399	7408	1.0
28.61398907103825	1277	1.0
28.62191256830601	9606	1.0
28.655901639344265	2450	1.0
28.660054644808742	4178	1.0
28.663278688524592	7086	1.0
28.671967213114755	4627	1.0
28.685300546448087	8847	1.0
28.689672131147542	8731	1.0
28.7303825136612	7511	1.0
28.789781420765024	6342	1.0
28.798196721311477	1875	1.0
28.843879781420764	2168	1.0
28.845409836065574	2438	1.0
28.854918032786884	5831	1.0
28.86901639344262	4025	1.0
28.86934426229508	4204	1.0
28.90737704918033	1261	1.0
28.92737704918033	5028	1.0
28.95661202185792	1188	1.0
28.995956284153007	8340	1.0
29.024699453551914	3585	1.0
29.024808743169398	6286	1.0
29.02617486338798	4268	1.0
29.041475409836067	4860	1.0
29.042622950819673	814	1.0
29.051803278688524	1474	1.0
29.073497267759564	9769	1.0
29.100765027322403	1086	1.0
29.18879781420765	1650	1.0
29.283715846994532	8201	1.0
29.284754098360658	9829	1.0
29.29	4305	1.0
29.317540983606555	8121	1.0
29.33054644808743	3886	1.0
29.353770491803278	7909	1.0
29.373879781420765	2386	1.0
29.411584699453552	1313	1.0
29.421475409836066	4330	1.0
29.473333333333333	7093	1.0
29.53431693989071	1781	1.0
29.550983606557377	1902	1.0
29.56174863387978	2877	1.0
29.56710382513661	2350	1.0
29.570054644808742	2421	1.0
29.57989071038251	9883	1.0
29.623715846994536	5727	1.0
29.642513661202184	3424	1.0
29.661748633879782	1866	1.0
29.662896174863388	8978	1.0
29.66469945355191	7729	1.0
29.665628415300546	3629	1.0
29.675136612021856	8193	1.0
29.678961748633878	4423	1.0
29.694371584699454	584	1.0
29.69879781420765	9702	1.0
29.70092896174863	3591	1.0
29.703005464480874	1019	1.0
29.714644808743166	6108	1.0
29.738251366120217	5886	1.0
29.755956284153005	772	1.0
29.780765027322403	1658	1.0
29.81546448087432	4684	1.0
29.81830601092896	303	1.0
29.821147540983606	7890	1.0
29.83065573770492	698	1.0
29.854590163934425	3952	1.0
29.85775956284153	3118	1.0
29.913005464480875	6968	1.0
29.933169398907104	4424	1.0
29.94393442622951	1294	1.0
29.944535519125683	7443	1.0
29.955792349726778	7110	1.0
29.977267759562842	8133	1.0
30.08677595628415	2781	1.0
30.093278688524588	8802	1.0
30.11655737704918	7610	1.0
30.123169398907102	5566	1.0
30.131639344262293	5843	1.0
30.14710382513661	2262	1.0
30.185355191256832	3312	1.0
30.19109289617486	9477	1.0
30.210437158469944	9103	1.0
30.211475409836066	7081	1.0
30.22672131147541	4496	1.0
30.240601092896174	771	1.0
30.24934426229508	6199	1.0
30.257377049180324	110	1.0
30.2924043715847	6164	1.0
30.295027322404373	6822	1.0
30.306612021857923	8253	1.0
30.32273224043716	9563	1.0
30.46879781420765	5784	1.0
30.47879781420765	5246	1.0
30.47967213114754	4975	1.0
30.49071038251366	8002	1.0
30.51857923497268	6086	1.0
30.53224043715847	3680	1.0
30.556502732240435	4565	1.0
30.587213114754096	5664	1.0
30.615300546448086	3812	1.0
30.62311475409836	732	1.0
30.680983606557376	3602	1.0
30.70120218579235	858	1.0
30.702349726775957	8594	1.0
30.706448087431696	5041	1.0
30.718251366120217	77	1.0
30.724043715846992	678	1.0
30.734316939890707	9727	1.0
30.775027322404373	4198	1.0
30.804098360655736	7072	1.0
30.808196721311475	291	1.0
30.814590163934426	5644	1.0
30.81879781420765	7282	1.0
30.82918032786885	6938	1.0
30.910054644808742	2496	1.0
30.949071038251365	3646	1.0
30.964207650273224	6618	1.0
30.98327868852459	3349	1.0
31.03934426229508	2022	1.0
31.05382513661202	7294	1.0
31.058360655737705	6400	1.0
31.06213114754098	4895	1.0
31.118907103825137	2114	1.0
31.13245901639344	6398	1.0
31.13393442622951	309	1.0
31.151530054644805	6180	1.0
31.164207650273223	24	1.0
31.192841530054643	517	1.0
31.20551912568306	3544	1.0
31.222513661202186	4353	1.0
31.23934426229508	5662	1.0
31.263333333333335	4891	1.0
31.337103825136612	9243	1.0
31.338360655737706	2411	1.0
31.389562841530054	7469	1.0
31.396120218579235	6122	1.0
31.396448087431693	8130	1.0
31.408907103825136	3664	1.0
31.40928961748634	9410	1.0
31.44502732240437	8243	1.0
31.449726775956282	8810	1.0
31.450327868852458	6799	1.0
31.481256830601094	6750	1.0
31.484590163934428	9361	1.0
31.496284153005465	2539	1.0
31.529999999999998	1596	1.0
31.578306010928962	8689	1.0
31.61207650273224	1698	1.0
31.61863387978142	8276	1.0
31.621584699453553	2154	1.0
31.637704918032785	5975	1.0
31.639836065573768	8468	1.0
31.649234972677593	3631	1.0
31.651475409836063	8661	1.0
31.666338797814205	2184	1.0
31.67896174863388	5308	1.0
31.71830601092896	1214	1.0
31.75120218579235	5033	1.0
31.76852459016393	4471	1.0
31.772021857923498	9394	1.0
31.792185792349727	4065	1.0
31.79448087431694	939	1.0
31.80120218579235	4079	1.0
31.8027868852459	8844	1.0
31.80846994535519	3003	1.0
31.82857923497268	5621	1.0
31.844699453551915	8574	1.0
31.859234972677594	8897	1.0
31.8651912568306	2640	1.0
31.88360655737705	4110	1.0
31.95344262295082	5415	1.0
31.98049180327869	6802	1.0
31.98950819672131	5524	1.0
32.00120218579235	4953	1.0
32.04311475409836	9527	1.0
32.048743169398904	9597	1.0
32.05426229508196	6833	1.0
32.07360655737705	3683	1.0
32.07469945355191	4977	1.0
32.11306010928961	7603	1.0
32.13770491803279	6232	1.0
32.17071038251366	7627	1.0
32.17486338797814	5543	1.0
32.17863387978142	9405	1.0
32.18573770491803	1258	1.0
32.196666666666665	5402	1.0
32.20934426229508	4301	1.0
32.229945355191255	3114	1.0
32.23065573770492	6302	1.0
32.25245901639344	2099	1.0
32.256830601092894	9262	1.0
32.29639344262295	2792	1.0
32.36360655737705	2472	1.0
32.434754098360656	7974	1.0
32.46338797814208	8174	1.0
32.48065573770492	5439	1.0
32.50125683060109	4501	1.0
32.50918032786885	2317	1.0
32.53551912568306	2562	1.0
32.55229508196721	9806	1.0
32.57633879781421	2767	1.0
32.643551912568306	4035	1.0
32.671584699453554	56	1.0
32.70174863387978	966	1.0
32.70535519125683	3496	1.0
32.71885245901639	1193	1.0
32.72486338797814	6005	1.0
32.764371584699454	4132	1.0
32.76486338797814	800	1.0
32.76874316939891	9154	1.0
32.817158469945355	8363	1.0
32.82857923497268	3472	1.0
32.84426229508197	8825	1.0
32.86371584699454	8676	1.0
32.875191256830604	4360	1.0
32.878907103825135	4765	1.0
32.883005464480874	8623	1.0
32.88743169398907	4990	1.0
32.89524590163935	1949	1.0
32.90114754098361	9918	1.0
32.92475409836066	7376	1.0
32.94191256830601	7349	1.0
32.997213114754096	1761	1.0
33.0124043715847	6002	1.0
33.021147540983605	7945	1.0
33.02431693989071	1385	1.0
33.03060109289618	3070	1.0
33.03508196721312	6265	1.0
33.091092896174864	1130	1.0
33.09573770491803	7496	1.0
33.15420765027322	7095	1.0
33.176065573770494	8637	1.0
33.198524590163935	9577	1.0
33.23366120218579	8316	1.0
33.312295081967214	8165	1.0
33.328743169398905	7865	1.0
33.3351912568306	1894	1.0
33.38120218579235	2527	1.0
33.41387978142076	4521	1.0
33.420546448087435	8172	1.0
33.425027322404375	2357	1.0
33.449234972677594	4152	1.0
33.46087431693989	5716	1.0
33.488579234972676	7986	1.0
33.491147540983604	491	1.0
33.55956284153005	1827	1.0
33.5835519125683	9445	1.0
33.58704918032787	6274	1.0
33.60284153005464	3584	1.0
33.6203825136612	8655	1.0
33.621693989071034	6797	1.0
33.634098360655734	1747	1.0
33.6555737704918	1509	1.0
33.67355191256831	6068	1.0
33.67890710382513	2968	1.0
33.68185792349727	7735	1.0
33.69081967213115	8079	1.0
33.82644808743169	9054	1.0
33.849398907103826	8941	1.0
33.88852459016393	2002	1.0
33.90049180327869	9612	1.0
33.900601092896174	1675	1.0
33.97633879781421	7386	1.0
34.002076502732244	7371	1.0
34.024918032786886	2684	1.0
34.04486338797814	8751	1.0
34.050765027322406	9180	1.0
34.199016393442626	9495	1.0
34.2016393442623	7452	1.0
34.27158469945355	8985	1.0
34.29076502732241	9228	1.0
34.32726775956284	3307	1.0
34.3316393442623	2479	1.0
34.33579234972677	7577	1.0
34.355956284153	7298	1.0
34.363169398907104	9463	1.0
34.37092896174864	7567	1.0
34.386775956284154	4999	1.0
34.41437158469945	8382	1.0
34.43748633879781	7419	1.0
34.453387978142075	2406	1.0
34.46825136612022	8725	1.0
34.496448087431695	6143	1.0
34.502349726775954	8798	1.0
34.513934426229504	5089	1.0
34.540273224043716	6747	1.0
34.61273224043716	9755	1.0
34.630437158469945	4759	1.0
34.70060109289618	2302	1.0
34.72120218579234	4320	1.0
34.72710382513661	5593	1.0
34.732568306010926	2201	1.0
34.798797814207646	7716	1.0
34.810054644808744	7560	1.0
34.84404371584699	1970	1.0
34.85284153005464	7762	1.0
34.86464480874317	2944	1.0
34.873224043715844	9488	1.0
34.893551912568306	863	1.0
34.94907103825136	3111	1.0
34.951584699453555	2368	1.0
34.981147540983606	7470	1.0
35.01939890710383	257	1.0
35.033169398907106	5548	1.0
35.04125683060109	7938	1.0
35.04502732240437	6866	1.0
35.0535519125683	8299	1.0
35.06191256830601	263	1.0
35.0744262295082	5779	1.0
35.10819672131147	8416	1.0
35.11939890710383	8322	1.0
35.12491803278689	4667	1.0
35.16234972677596	9926	1.0
35.16420765027323	5180	1.0
35.17792349726776	6521	1.0
35.187431693989076	2395	1.0
35.189180327868854	8657	1.0
35.203497267759566	7705	1.0
35.24606557377049	5629	1.0
35.25475409836065	9076	1.0
35.27234972677596	8737	1.0
35.282076502732245	9212	1.0
35.284207650273224	6392	1.0
35.310054644808744	6640	1.0
35.32939890710382	8237	1.0
35.37573770491804	9795	1.0
35.38087431693989	1539	1.0
35.456448087431696	4078	1.0
35.4775956284153	290	1.0
35.51306010928962	9737	1.0
35.529781420765026	7709	1.0
35.550983606557374	4435	1.0
35.573114754098356	363	1.0
35.57322404371585	5647	1.0
35.60950819672131	9372	0.0
35.609836065573774	8925	1.0
35.61327868852459	5654	1.0
35.61601092896174	3056	1.0
35.64300546448087	4867	1.0
35.677540983606555	2159	1.0
35.68502732240437	9492	1.0
35.711639344262295	9921	1.0
35.76677595628416	4533	1.0
35.76863387978142	452	1.0
35.78852459016393	5265	1.0
35.81103825136612	7403	1.0
35.81377049180328	9277	1.0
35.84950819672131	3666	1.0
35.8844262295082	6781	1.0
35.914098360655736	4272	1.0
35.920491803278686	5817	1.0
35.92437158469945	7016	1.0
35.93371584699454	7930	1.0
35.93885245901639	3968	1.0
35.949999999999996	8469	1.0
35.96213114754098	8780	1.0
35.97016393442623	6883	1.0
35.98732240437158	7154	1.0
36.00087431693989	5178	1.0
36.02071038251366	8839	1.0
36.04262295081967	3967	1.0
36.12803278688524	7458	1.0
36.199234972677594	6404	1.0
36.21448087431694	6357	1.0
36.216885245901636	9676	1.0
36.23213114754098	9284	1.0
36.29978142076503	5632	1.0
36.33715846994536	1679	1.0
36.36234972677595	3067	1.0
36.36524590163934	1853	1.0
36.401803278688526	2362	1.0
36.425027322404375	4894	1.0
36.46661202185792	6545	1.0
36.47595628415301	2799	1.0
36.4979781420765	8585	1.0
36.499890710382516	4492	1.0
36.50530054644808	3395	1.0
36.53792349726776	1046	1.0
36.55213114754098	2369	1.0
36.55715846994536	2758	1.0
36.624754098360654	5795	0.0
36.62661202185792	1532	1.0
36.67027322404372	3819	1.0
36.682786885245896	5051	1.0
36.71125683060109	6422	1.0
36.71628415300546	5365	1.0
36.743060109289615	3196	1.0
36.76535519125683	2316	1.0
36.774207650273226	9637	1.0
36.77765027322405	4282	1.0
36.81049180327869	9845	1.0
36.81174863387978	8696	1.0
36.81387978142076	5801	1.0
36.81934426229508	5398	1.0
36.85289617486338	685	1.0
36.86601092896175	5711	1.0
36.87103825136612	5470	1.0
36.907103825136616	3215	1.0
36.926830601092895	8258	1.0
36.97502732240437	8374	1.0
37.030546448087435	3425	1.0
37.07825136612022	1752	1.0
37.09054644808743	5113	1.0
37.09535519125683	7935	1.0
37.10153005464481	169	1.0
37.155519125683064	8132	1.0
37.16382513661202	4578	1.0
37.21306010928962	7032	1.0
37.25491803278688	2235	1.0
37.26918032786885	8023	1.0
37.30765027322404	7045	1.0
37.31584699453552	3403	1.0
37.32300546448088	3605	1.0
37.330273224043715	4594	1.0
37.34437158469945	3432	1.0
37.3588524590164	4648	1.0
37.36983606557377	2851	1.0
37.37021857923497	3933	1.0
37.49251366120219	4499	1.0
37.49327868852459	8074	1.0
37.50868852459016	9610	1.0
37.510273224043715	6819	1.0
37.53415300546448	372	1.0
37.58158469945355	2285	1.0
37.5855737704918	2487	1.0
37.595573770491804	9558	1.0
37.6055737704918	4090	1.0
37.63196721311475	5204	1.0
37.639071038251366	9083	1.0
37.65387978142076	3971	1.0
37.66273224043716	8114	1.0
37.66628415300546	5703	1.0
37.68918032786885	4725	1.0
37.71781420765028	2288	1.0
37.72743169398907	3502	1.0
37.75622950819672	8070	1.0
37.80245901639344	3640	1.0
37.81688524590164	4318	1.0
37.827595628415295	1437	1.0
37.830655737704916	8947	1.0
37.84967213114754	2504	1.0
37.853934426229515	7295	1.0
37.93284153005464	4281	1.0
37.94693989071038	8918	1.0
37.96218579234973	3362	1.0
38.007650273224044	1787	1.0
38.053005464480876	6774	1.0
38.061530054644805	5951	1.0
38.065355191256835	2621	1.0
38.10158469945355	2838	1.0
38.104207650273224	1078	1.0
38.141202185792345	9534	1.0
38.14338797814207	3689	1.0
38.173825136612024	2865	1.0
38.19065573770492	7119	1.0
38.2075956284153	8987	1.0
38.22486338797814	7951	1.0
38.231475409836065	8938	1.0
38.28590163934427	6454	1.0
38.321693989071036	6642	1.0
38.401803278688526	973	1.0
38.40191256830601	9848	1.0
38.40224043715847	3926	1.0
38.41213114754098	6593	1.0
38.42524590163934	1848	1.0
38.42573770491803	7405	1.0
38.499016393442616	6738	1.0
38.51387978142076	1462	1.0
38.588142076502734	5401	1.0
38.608743169398906	5477	1.0
38.60972677595629	2543	1.0
38.61562841530054	1265	1.0
38.62994535519125	3286	1.0
38.630546448087436	9117	1.0
38.64311475409836	5207	1.0
38.64513661202185	1523	1.0
38.74890710382514	3761	1.0
38.75349726775956	7417	1.0
38.75644808743169	5386	1.0
38.8303825136612	759	1.0
38.83765027322404	411	1.0
38.84846994535519	7654	1.0
38.85032786885245	6185	1.0
38.86054644808743	4842	1.0
38.874098360655736	558	1.0
38.92360655737704	1446	1.0
38.963497267759564	8961	1.0
39.03846994535519	8029	1.0
39.05994535519125	1570	1.0
39.06393442622951	2787	1.0
39.06693989071038	9455	1.0
39.09956284153005	5221	1.0
39.127049180327866	9489	1.0
39.18775956284153	5408	1.0
39.25158469945355	9986	1.0
39.261693989071034	6279	1.0
39.26868852459016	3749	1.0
39.2755737704918	7219	1.0
39.28021857923497	7424	1.0
39.321748633879785	8955	1.0
39.33185792349727	8441	1.0
39.42371584699453	8351	1.0
39.478142076502735	734	1.0
39.484808743169395	56	0.0
39.499071038251365	4366	1.0
39.53890710382513	824	1.0
39.57333333333334	2111	1.0
39.57573770491803	5126	1.0
39.57808743169399	6015	1.0
39.595245901639345	9602	1.0
39.60677595628415	8406	1.0
39.619945355191255	37	1.0
39.63890710382513	3262	1.0
39.64371584699454	1003	1.0
39.65153005464481	104	1.0
39.6720218579235	7011	1.0
39.7327868852459	8476	1.0
39.76349726775956	3385	1.0
39.769617486338795	62	1.0
39.794754098360656	5791	1.0
39.79486338797814	9197	1.0
39.804863387978145	4175	1.0
39.832622950819676	7316	1.0
39.84693989071038	8342	1.0
39.85016393442623	4153	1.0
39.865409836065574	8640	1.0
39.86562841530054	9161	1.0
39.88464480874317	9003	1.0
39.91196721311476	4687	1.0
39.916338797814205	5154	1.0
39.919999999999995	2947	1.0
39.935792349726775	3590	1.0
39.93754098360656	3580	1.0
39.96890710382514	8876	1.0
39.97032786885246	1749	1.0
39.987103825136614	2652	1.0
39.993169398907106	7112	1.0
40.00377049180328	1094	1.0
40.00573770491803	7436	1.0
40.023497267759566	3449	1.0
40.038743169398906	9012	1.0
40.04606557377049	4864	1.0
40.08453551912568	5557	1.0
40.08650273224044	4033	1.0
40.118415300546445	1042	1.0
40.11928961748634	9657	1.0
40.12092896174863	5287	1.0
40.12273224043716	9721	1.0
40.12693989071038	6890	1.0
40.17775956284153	1262	1.0
40.18644808743169	6913	1.0
40.20945355191257	7221	1.0
40.23797814207651	7612	1.0
40.253551912568305	5813	1.0
40.25540983606557	9783	1.0
40.25584699453552	1556	1.0
40.2820218579235	4367	1.0
40.31551912568306	5514	1.0
40.32628415300547	2542	1.0
40.33005464480874	4959	1.0
40.33650273224044	755	1.0
40.368415300546445	4633	1.0
40.371420765027324	492	1.0
40.37956284153006	8050	1.0
40.41054644808743	5926	1.0
40.4231693989071	4284	1.0
40.458196721311474	2970	1.0
40.46071038251366	3614	1.0
40.46415300546448	5568	1.0
40.490874316939895	9483	1.0
40.511092896174866	9541	1.0
40.51989071038252	6607	1.0
40.599289617486335	6309	1.0
40.62448087431694	5987	1.0
40.633387978142075	9320	1.0
40.6472131147541	1014	1.0
40.71612021857923	1851	1.0
40.758797814207654	5343	1.0
40.759234972677596	6614	1.0
40.766284153005465	2871	1.0
40.76688524590164	3080	1.0
40.77426229508197	1309	1.0
40.77765027322404	6522	1.0
40.78027322404371	6189	1.0
40.78710382513661	9865	1.0
40.81901639344262	6629	1.0
40.8211475409836	6570	1.0
40.84306010928962	1651	1.0
40.851530054644805	932	1.0
40.85207650273224	6234	1.0
40.85857923497267	3015	1.0
40.870273224043714	2967	1.0
40.87459016393443	1560	1.0
40.9403825136612	5453	1.0
40.98016393442623	9068	1.0
40.98754098360656	5452	1.0
41.034480874316934	5932	1.0
41.07715846994535	6775	1.0
41.09546448087431	1639	1.0
41.126994535519124	171	1.0
41.13508196721312	1170	1.0
41.158415300546444	2254	1.0
41.159562841530054	8064	1.0
41.17071038251366	1987	1.0
41.17218579234972	7134	1.0
41.175409836065576	3260	1.0
41.23437158469945	8177	1.0
41.24737704918033	9997	1.0
41.255792349726775	8405	1.0
41.283114754098364	8161	1.0
41.28846994535519	9139	1.0
41.2903825136612	1978	1.0
41.30234972677596	6203	1.0
41.30770491803278	9564	1.0
41.31049180327869	2252	1.0
41.31284153005465	6440	1.0
41.31622950819672	7684	1.0
41.34387978142076	3319	1.0
41.35540983606557	229	1.0
41.41704918032787	4040	1.0
41.452677595628415	4138	1.0
41.45819672131148	1544	1.0
41.46852459016393	4089	1.0
41.486284153005464	4014	1.0
41.49224043715847	2917	1.0
41.50114754098361	4084	1.0
41.524808743169395	9984	1.0
41.56333333333333	5727	0.0
41.57300546448087	2483	1.0
41.618087431693986	9790	1.0
41.643169398907105	8049	1.0
41.653551912568304	6289	1.0
41.68153005464481	3170	1.0
41.69508196721311	3285	1.0
41.743825136612024	5114	1.0
41.752349726775954	395	1.0
41.76120218579235	4306	1.0
41.78120218579235	2151	1.0
41.78819672131147	2602	1.0
41.8311475409836	1394	1.0
41.84218579234973	9739	1.0
41.851693989071045	6647	1.0
41.852021857923496	5730	1.0
41.856174863387984	2360	1.0
41.857650273224046	6172	1.0
41.875573770491805	8315	1.0
41.88928961748634	9645	1.0
41.90601092896175	1204	1.0
41.92169398907104	5225	1.0
41.94535519125683	9859	1.0
41.952185792349724	630	1.0
42.0048087431694	9233	1.0
42.01	1607	1.0
42.01808743169399	8232	1.0
42.04721311475409	8687	1.0
42.06147540983606	7835	1.0
42.06748633879781	6697	1.0
42.08338797814208	2568	1.0
42.08508196721312	1038	1.0
42.103825136612016	5732	1.0
42.10808743169399	7662	1.0
42.11267759562841	6173	1.0
42.12568306010929	4136	1.0
42.15830601092896	9296	1.0
42.203278688524584	9974	1.0
42.21256830601093	7116	1.0
42.21743169398907	3747	1.0
42.219125683060106	5940	1.0
42.23087431693989	7704	1.0
42.233825136612026	2977	1.0
42.24923497267759	4877	1.0
42.273661202185785	4253	1.0
42.27967213114754	8575	1.0
42.28945355191257	8534	1.0
42.30142076502732	1571	1.0
42.305956284153005	9247	1.0
42.31142076502732	6175	1.0
42.33846994535519	5871	1.0
42.35191256830601	1001	1.0
42.373005464480876	718	1.0
42.433497267759556	126	1.0
42.43819672131148	7812	1.0
42.4435519125683	5768	1.0
42.496830601092896	9551	1.0
42.50639344262295	6945	1.0
42.53934426229508	7867	1.0
42.5620218579235	6608	1.0
42.566885245901645	5936	1.0
42.568251366120215	7459	1.0
42.570874316939886	1854	1.0
42.57890710382514	8136	1.0
42.59273224043716	1988	1.0
42.61562841530055	1953	1.0
42.64972677595628	8057	1.0
42.65338797814208	7227	1.0
42.66191256830601	4875	1.0
42.66459016393443	7310	1.0
42.66830601092896	8766	1.0
42.72693989071038	700	1.0
42.75530054644808	2681	1.0
42.790874316939885	1320	1.0
42.79846994535519	2806	1.0
42.80579234972678	4825	1.0
42.85125683060109	2944	0.0
42.87825136612022	8533	1.0
42.88010928961749	5232	1.0
42.88311475409836	8956	1.0
42.89382513661202	1445	1.0
42.89846994535519	2627	1.0
42.9	9396	1.0
42.94896174863388	6204	1.0
42.96284153005464	8042	1.0
42.99748633879781	7370	1.0
43.02136612021857	8496	1.0
43.04612021857923	4908	1.0
43.07655737704918	4701	1.0
43.113114754098355	4575	1.0
43.12983606557377	9094	1.0
43.13098360655738	5856	1.0
43.16469945355191	8032	1.0
43.16497267759563	1582	1.0
43.168688524590166	6427	1.0
43.217540983606554	5588	1.0
43.22415300546448	620	1.0
43.232185792349725	3126	1.0
43.24874316939891	8586	1.0
43.27163934426229	1340	1.0
43.2796174863388	7127	1.0
43.2855737704918	9136	1.0
43.28786885245902	2978	1.0
43.32005464480874	5617	1.0
43.3572131147541	7348	1.0
43.358743169398906	8521	1.0
43.38234972677595	4258	1.0
43.3944262295082	5715	1.0
43.42371584699454	7380	1.0
43.4251912568306	9773	1.0
43.42693989071038	6035	1.0
43.44153005464481	5852	1.0
43.443715846994536	6763	1.0
43.44797814207651	7024	1.0
43.45448087431694	5502	1.0
43.47382513661202	4810	1.0
43.48879781420765	8881	1.0
43.51387978142077	7991	1.0
43.521475409836064	3944	1.0
43.57989071038251	4519	1.0
43.64568306010929	4512	1.0
43.64972677595629	8269	1.0
43.72819672131148	4772	1.0
43.73502732240437	4678	1.0
43.73601092896175	9937	1.0
43.74950819672131	7755	1.0
43.772622950819674	1286	1.0
43.78448087431694	4342	1.0
43.784590163934425	9788	1.0
43.78612021857923	2807	1.0
43.82437158469945	3923	1.0
43.84251366120219	5210	1.0
43.86098360655738	4352	1.0
43.86213114754098	6977	1.0
43.899125683060106	4383	1.0
43.917158469945356	8369	1.0
43.9244262295082	5076	1.0
43.98377049180328	4338	1.0
43.98650273224044	4321	1.0
43.99251366120219	6648	1.0
43.99508196721311	9246	1.0
44.01486338797814	486	1.0
44.027103825136614	6772	1.0
44.02945355191257	6532	1.0
44.05322404371585	1129	1.0
44.09278688524591	7625	1.0
44.09655737704918	5352	1.0
44.111693989071036	3772	1.0
44.12284153005465	6310	1.0
44.12377049180328	2572	1.0
44.15125683060109	3451	1.0
44.171147540983604	9592	1.0
44.173497267759565	714	1.0
44.18043715846994	8614	1.0
44.20666666666667	7591	1.0
44.21398907103825	8007	1.0
44.22103825136612	7686	1.0
44.2248087431694	5958	1.0
44.229672131147545	9159	1.0
44.23136612021858	1659	1.0
44.28704918032787	9625	1.0
44.32333333333333	1563	1.0
44.32540983606557	4445	1.0
44.342677595628416	6102	1.0
44.35972677595628	5610	1.0
44.36792349726775	2895	1.0
44.37661202185792	8889	1.0
44.39065573770492	5305	1.0
44.429836065573774	5283	1.0
44.434972677595624	258	1.0
44.45327868852459	2569	1.0
44.455355191256835	5393	1.0
44.456338797814205	8239	1.0
44.473278688524594	7449	1.0
44.481092896174864	6483	1.0
44.54775956284153	4727	1.0
44.555136612021855	302	1.0
44.55530054644809	5721	1.0
44.58344262295082	3495	1.0
44.615081967213115	8874	1.0
44.61644808743169	6178	1.0
44.622513661202184	6923	1.0
44.64737704918033	6805	1.0
44.64879781420765	1559	1.0
44.65153005464481	5432	1.0
44.67289617486339	5004	1.0
44.69989071038252	5165	1.0
44.715300546448084	6652	1.0
44.764480874316945	1878	1.0
44.766612021857924	7248	1.0
44.7727868852459	3193	1.0
44.77568306010929	1136	1.0
44.778633879781424	2175	1.0
44.78885245901639	2312	1.0
44.90273224043715	3742	1.0
44.923387978142074	1524	1.0
44.92841530054645	5702	1.0
44.930491803278684	8314	1.0
44.943005464480876	5214	1.0
44.95950819672131	8282	1.0
44.982896174863384	7445	1.0
45.03967213114754	8836	1.0
45.05060109289618	6770	1.0
45.093387978142076	5850	1.0
45.09688524590164	8341	1.0
45.097486338797815	9705	1.0
45.09781420765027	5081	1.0
45.13163934426229	7190	1.0
45.13863387978142	2314	1.0
45.157431693989075	482	1.0
45.158087431693986	3427	1.0
45.15863387978142	1521	1.0
45.16934426229508	3662	1.0
45.180163934426226	445	1.0
45.190382513661206	3072	1.0
45.204480874316936	147	1.0
45.22377049180328	8169	1.0
45.22491803278689	211	1.0
45.23267759562841	4369	1.0
45.234863387978145	8145	1.0
45.23808743169399	773	1.0
45.26672131147541	6260	1.0
45.28295081967213	1120	1.0
45.285792349726776	1799	1.0
45.28748633879781	3561	1.0
45.31136612021858	4247	1.0
45.333114754098354	2027	1.0
45.339999999999996	9468	1.0
45.35999999999999	7562	1.0
45.38661202185793	3344	1.0
45.38710382513661	278	1.0
45.38781420765027	8212	1.0
45.40311475409836	608	1.0
45.43125683060109	5503	1.0
45.47939890710383	2852	1.0
45.48142076502732	8375	1.0
45.4844262295082	7995	1.0
45.4875956284153	7782	1.0
45.49109289617486	3567	1.0
45.49486338797814	9120	1.0
45.51956284153005	2577	1.0
45.5235519125683	6446	1.0
45.52918032786885	6499	1.0
45.531202185792345	7634	1.0
45.55169398907104	5945	1.0
45.56371584699453	6387	1.0
45.61213114754098	551	1.0
45.62273224043716	6291	1.0
45.684754098360656	2797	1.0
45.6864480874317	4002	1.0
45.688360655737704	128	1.0
45.70180327868852	5671	1.0
45.71770491803279	9904	1.0
45.71781420765028	3776	1.0
45.73464480874317	1594	1.0
45.738579234972676	4557	1.0
45.84868852459016	3723	1.0
45.88333333333333	1829	1.0
45.95868852459016	9889	1.0
45.98109289617486	7973	1.0
46.003497267759556	636	1.0
46.01054644808743	7180	1.0
46.07775956284153	6536	1.0
46.083333333333336	6482	1.0
46.13060109289617	4208	1.0
46.152950819672135	8867	1.0
46.157267759562835	1601	1.0
46.16213114754098	5412	1.0
46.194754098360654	2963	1.0
46.21497267759563	4011	1.0
46.24612021857923	7571	1.0
46.248688524590165	3511	1.0
46.292076502732236	195	1.0
46.33267759562841	3163	1.0
46.34327868852459	4942	1.0
46.347868852459015	3844	1.0
46.36371584699453	1698	0.0
46.36486338797814	332	1.0
46.3668306010929	5285	1.0
46.368142076502735	4203	1.0
46.395683060109285	7553	1.0
46.401420765027325	8898	1.0
46.41693989071038	3876	1.0
46.425956284153	1284	1.0
46.43677595628415	7616	1.0
46.43677595628415	6954	1.0
46.439234972677596	9119	1.0
46.465737704918034	455	1.0
46.50480874316939	7426	1.0
46.51218579234973	3608	1.0
46.51234972677596	5868	1.0
46.51453551912569	9115	1.0
46.51967213114754	3961	1.0
46.536448087431694	6657	1.0
46.55868852459016	3709	1.0
46.564918032786885	5672	1.0
46.56551912568306	5085	1.0
46.59207650273224	9910	1.0
46.59765027322404	3168	1.0
46.61377049180327	4201	1.0
46.61754098360656	6104	1.0
46.6183606557377	8319	1.0
46.62901639344262	8523	1.0
46.629617486338795	1569	1.0
46.63415300546448	9819	1.0
46.661475409836065	367	1.0
46.68398907103825	1467	1.0
46.703114754098365	5064	1.0
46.70770491803278	3412	1.0
46.71169398907104	8292	1.0
46.717213114754095	5419	1.0
46.72185792349726	5293	1.0
46.72590163934426	2020	1.0
46.74469945355191	622	1.0
46.785792349726776	8182	1.0
46.7964480874317	5665	1.0
46.81469945355191	5693	1.0
46.823879781420764	366	1.0
46.82666666666667	7771	1.0
46.853169398907106	3918	1.0
46.85994535519126	2551	1.0
46.8611475409836	2475	1.0
46.893825136612016	866	1.0
46.913825136612026	1448	1.0
46.92748633879781	8163	1.0
46.94224043715847	6244	1.0
46.96065573770492	5823	1.0
46.977322404371584	2462	1.0
46.98464480874317	5005	1.0
47.01060109289618	5973	1.0
47.01415300546448	9540	1.0
47.08147540983607	7019	1.0
47.133715846994534	7509	1.0
47.134207650273225	2466	1.0
47.14994535519126	7396	1.0
47.15918032786885	1536	1.0
47.164043715846994	3019	1.0
47.16770491803279	457	1.0
47.20765027322404	1345	1.0
47.21185792349726	8590	1.0
47.215519125683066	8735	1.0
47.229234972677595	7957	1.0
47.23808743169399	9059	1.0
47.24415300546448	8215	1.0
47.262185792349726	7525	1.0
47.27081967213115	2904	1.0
47.28786885245901	8958	1.0
47.30825136612022	9474	1.0
47.31857923497268	6222	1.0
47.32879781420765	7335	1.0
47.34	4361	1.0
47.37311475409836	5324	1.0
47.37814207650273	3327	1.0
47.38508196721312	1969	1.0
47.38912568306011	9293	1.0
47.41147540983607	806	0.0
47.44114754098361	4053	1.0
47.45065573770492	7023	1.0
47.45251366120218	7320	1.0
47.4527868852459	3603	1.0
47.49530054644809	1538	1.0
47.50251366120218	4091	1.0
47.511092896174866	8152	1.0
47.60693989071038	9036	1.0
47.636775956284154	8184	1.0
47.67256830601092	5867	1.0
47.68087431693989	703	1.0
47.68191256830601	273	1.0
47.68469945355191	5935	1.0
47.687322404371585	1512	1.0
47.68863387978142	5667	1.0
47.722841530054644	7267	1.0
47.76245901639344	6115	1.0
47.76431693989071	476	1.0
47.77234972677596	3071	1.0
47.78781420765027	6305	1.0
47.790983606557376	4857	1.0
47.791366120218576	719	1.0
47.825081967213116	8503	1.0
47.85655737704918	7378	1.0
47.87420765027323	4556	1.0
47.880437158469945	3433	1.0
47.94114754098361	1715	1.0
47.949999999999996	2130	1.0
48.00032786885246	4444	1.0
48.03103825136612	631	1.0
48.03131147540984	3253	1.0
48.03273224043716	4037	1.0
48.054098360655736	4769	1.0
48.05606557377049	9055	1.0
48.059999999999995	7569	1.0
48.07502732240437	1091	1.0
48.10524590163934	4159	1.0
48.156612021857924	6568	1.0
48.179781420765025	2899	1.0
48.2327868852459	9708	1.0
48.243169398907106	4892	1.0
48.247540983606555	5815	1.0
48.25743169398907	5298	1.0
48.25989071038251	6767	1.0
48.276229508196714	5755	1.0
48.28256830601092	2747	1.0
48.28737704918033	8545	1.0
48.295846994535516	7772	1.0
48.32109289617486	1684	1.0
48.32453551912568	6548	1.0
48.33224043715847	3974	1.0
48.351912568306005	3450	1.0
48.35617486338798	3553	1.0
48.36153005464481	6701	1.0
48.414426229508194	7695	1.0
48.417486338797815	7048	1.0
48.419398907103826	3375	1.0
48.43972677595629	8028	1.0
48.46109289617486	2554	1.0
48.46169398907104	7647	1.0
48.48677595628415	5015	1.0
48.491202185792346	3299	1.0
48.54306010928962	523	1.0
48.57196721311475	7985	1.0
48.59349726775956	1015	1.0
48.61633879781421	4162	1.0
48.628196721311475	4589	1.0
48.64098360655737	9191	1.0
48.65032786885246	1935	1.0
48.67568306010929	4377	1.0
48.67672131147541	6382	1.0
48.678251366120215	5413	1.0
48.687213114754094	157	1.0
48.690765027322406	1165	1.0
48.6927868852459	5379	1.0
48.72267759562842	2086	1.0
48.73273224043715	7133	1.0
48.74710382513661	6625	1.0
48.75666666666667	7005	1.0
48.7572131147541	8059	1.0
48.77923497267759	9425	1.0
48.806284153005464	8923	1.0
48.8075956284153	6896	1.0
48.820109289617484	6928	1.0
48.8327868852459	3549	1.0
48.83737704918033	5519	1.0
48.88103825136612	360	1.0
48.887868852459015	4880	1.0
48.8896174863388	5161	1.0
48.89639344262295	3288	1.0
48.89852459016394	1398	1.0
48.902076502732235	3380	1.0
48.9175956284153	5097	1.0
48.92786885245902	3390	1.0
48.941366120218575	5177	1.0
48.9420218579235	6271	1.0
48.94486338797814	885	1.0
48.96404371584699	538	1.0
48.98202185792349	5095	1.0
49.00743169398907	9747	1.0
49.015464480874314	465	1.0
49.02622950819672	8607	1.0
49.03377049180328	8806	1.0
49.0351912568306	287	1.0
49.051857923497266	5749	1.0
49.077213114754095	7807	1.0
49.13213114754098	1699	1.0
49.14142076502732	2216	1.0
49.15491803278689	4836	1.0
49.19693989071038	3074	1.0
49.20497267759563	5071	1.0
49.21338797814207	3500	1.0
49.22530054644809	2817	1.0
49.23016393442623	2805	1.0
49.23743169398907	2718	1.0
49.26169398907104	172	1.0
49.27092896174864	497	1.0
49.34426229508197	9121	1.0
49.35366120218579	4696	1.0
49.357650273224046	7038	1.0
49.36005464480874	175	1.0
49.455027322404376	4123	1.0
49.45579234972678	1292	1.0
49.463551912568306	1550	1.0
49.468306010928956	9861	1.0
49.47196721311475	4504	1.0
49.489617486338794	6269	1.0
49.510382513661206	1593	1.0
49.52437158469945	1589	1.0
49.535409836065575	2951	1.0
49.54371584699453	4713	1.0
49.581311475409834	2997	1.0
49.61901639344262	4470	1.0
49.63918032786885	935	1.0
49.64972677595628	4165	1.0
49.67502732240437	814	0.0
49.6983606557377	144	1.0
49.69934426229508	1107	1.0
49.752459016393445	7584	1.0
49.76065573770492	9420	1.0
49.780218579234976	1000	1.0
49.7920218579235	7892	1.0
49.79333333333334	2935	1.0
49.7955737704918	1045	1.0
49.807759562841525	5102	1.0
49.80803278688524	166	1.0
49.819071038251366	2032	1.0
49.83300546448087	5229	1.0
49.86251366120218	1447	1.0
49.86885245901639	2078	1.0
49.87344262295082	765	1.0
49.8896174863388	1304	1.0
49.892349726775954	9987	1.0
49.915628415300546	1862	1.0
49.92546448087432	2274	1.0
49.94338797814208	6854	1.0
49.96857923497267	4387	1.0
49.9779781420765	7161	1.0
50.02311475409836	7943	1.0
50.02841530054644	7643	1.0
50.04945355191257	1497	1.0
50.07415300546448	2495	1.0
50.080273224043715	8301	1.0
50.092568306010925	3993	1.0
50.131202185792354	823	1.0
50.139125683060115	5535	1.0
50.180928961748634	513	1.0
50.19054644808743	3953	1.0
50.21819672131148	3107	1.0
50.23065573770492	6905	1.0
50.238579234972676	1236	1.0
50.260655737704916	1661	1.0
50.28109289617486	4237	1.0
50.29715846994535	4707	1.0
50.36743169398907	9187	1.0
50.37	4629	1.0
50.3727868852459	1839	1.0
50.37377049180328	9392	1.0
50.39032786885246	5900	1.0
50.3948087431694	7601	1.0
50.399071038251364	5010	1.0
50.40612021857923	9042	1.0
50.41907103825137	2127	1.0
50.44661202185792	9257	1.0
50.462349726775955	8691	1.0
50.49251366120219	524	1.0
50.50218579234973	8787	1.0
50.504043715847	2100	1.0
50.50628415300546	2392	1.0
50.514043715846995	6243	1.0
50.525519125683054	3058	1.0
50.532732240437156	8233	1.0
50.534480874316934	9757	1.0
50.54191256830601	3963	1.0
50.57890710382514	8267	1.0
50.58010928961748	6703	1.0
50.58191256830602	4104	1.0
50.631202185792354	3044	1.0
50.635245901639344	8275	1.0
50.63535519125683	1863	1.0
50.63770491803279	6746	1.0
50.64120218579235	3303	1.0
50.64808743169399	8677	1.0
50.69300546448087	3701	1.0
50.69939890710382	3324	1.0
50.74677595628415	9007	1.0
50.75754098360656	4714	1.0
50.76032786885246	3977	1.0
50.777540983606556	949	1.0
50.780928961748636	2301	1.0
50.78710382513661	1468	1.0
50.82972677595628	4963	1.0
50.8575956284153	2506	1.0
50.859398907103824	4385	1.0
50.86786885245901	1881	1.0
50.872295081967216	6074	1.0
50.87808743169399	8548	1.0
50.8820218579235	6496	1.0
50.91540983606557	5014	1.0
50.9179781420765	1951	1.0
50.946939890710375	4046	1.0
50.96459016393443	9669	1.0
50.975081967213114	5788	1.0
51.0003825136612	27	1.0
51.01726775956284	7343	1.0
51.02732240437159	5264	1.0
51.04857923497268	5238	1.0
51.05196721311475	1429	1.0
51.08387978142076	6160	1.0
51.09475409836065	9500	1.0
51.09584699453552	5709	1.0
51.118524590163936	7843	1.0
51.13295081967213	4883	1.0
51.15486338797814	5968	1.0
51.21994535519126	6713	1.0
51.25327868852459	5911	1.0
51.2635519125683	9306	1.0
51.2827868852459	87	1.0
51.30426229508197	4511	1.0
51.31032786885246	2492	1.0
51.320601092896176	2215	1.0
51.32491803278688	1652	1.0
51.33387978142076	1266	1.0
51.34469945355191	5563	1.0
51.35021857923497	646	1.0
51.36371584699453	8517	1.0
51.376994535519124	1850	1.0
51.427213114754096	9340	1.0
51.42732240437159	7789	1.0
51.428360655737706	9882	1.0
51.444316939890705	518	1.0
51.45448087431694	7084	1.0
51.510655737704916	6438	1.0
51.511366120218575	8010	1.0
51.52366120218579	1350	1.0
51.528688524590166	3743	1.0
51.535792349726776	682	1.0
51.54125683060109	2561	1.0
51.59306010928961	7206	1.0
51.63010928961749	9164	1.0
51.63322404371584	2192	1.0
51.64781420765027	9346	1.0
51.65945355191257	5478	1.0
51.701912568306014	9693	1.0
51.70825136612022	9647	1.0
51.73043715846995	7963	1.0
51.73262295081967	6262	1.0
51.73726775956284	3218	1.0
51.73825136612022	8442	1.0
51.74775956284153	1494	1.0
51.750491803278685	6836	1.0
51.75185792349726	2354	1.0
51.805901639344256	1133	1.0
51.81032786885246	9109	1.0
51.81398907103825	4607	1.0
51.82633879781421	5733	1.0
51.83830601092897	7614	1.0
51.84284153005464	43	1.0
51.84677595628415	9186	1.0
51.867650273224044	294	1.0
51.88021857923498	8217	1.0
51.8803825136612	4685	1.0
51.921147540983604	9074	1.0
51.92486338797814	9128	1.0
51.9324043715847	5607	1.0
51.95120218579235	4617	1.0
51.96939890710382	1489	1.0
51.989289617486335	1013	1.0
51.992677595628415	4960	1.0
51.995300546448085	4056	1.0
52.054316939890704	8296	1.0
52.09770491803279	7485	1.0
52.100874316939894	3418	1.0
52.10185792349726	5832	1.0
52.13109289617486	8412	1.0
52.15841530054645	4991	1.0
52.1672131147541	6113	1.0
52.184754098360656	6043	1.0
52.1848087431694	6534	1.0
52.193934426229504	3055	1.0
52.20956284153006	9730	1.0
52.21251366120219	4340	1.0
52.21273224043716	9225	1.0
52.216010928961744	6987	1.0
52.221420765027325	663	1.0
52.2220218579235	4071	1.0
52.22704918032787	3210	1.0
52.22846994535519	2790	1.0
52.25448087431693	811	1.0
52.25857923497268	3287	1.0
52.26573770491803	3981	1.0
52.278579234972675	9332	1.0
52.294699453551914	6689	1.0
52.30103825136612	7708	1.0
52.314153005464476	2469	1.0
52.3548087431694	8077	1.0
52.36366120218579	9983	1.0
52.39928961748634	2056	1.0
52.42245901639344	6099	1.0
52.42852459016393	9710	1.0
52.45923497267759	487	1.0
52.47683060109289	3762	1.0
52.48950819672131	6801	1.0
52.49956284153005	5680	1.0
52.500601092896176	5544	1.0
52.5135519125683	9099	1.0
52.5303825136612	2416	1.0
52.53267759562842	5426	1.0
52.55158469945355	9601	1.0
52.5675956284153	2638	1.0
52.567923497267756	4527	1.0
52.58163934426229	8463	1.0
52.61661202185792	1363	1.0
52.64606557377049	8591	1.0
52.657103825136616	6001	1.0
52.696721311475414	5025	1.0
52.697431693989074	6127	1.0
52.70770491803279	6587	1.0
52.719562841530056	1223	1.0
52.721748633879784	2247	1.0
52.72453551912568	2748	1.0
52.731038251366115	6870	1.0
52.75153005464481	2074	1.0
52.790928961748634	5826	1.0
52.81639344262295	6401	1.0
52.82830601092896	6824	1.0
52.84814207650273	9441	1.0
52.85704918032787	3166	1.0
52.86125683060109	9572	1.0
52.90267759562842	2847	1.0
52.96147540983607	5169	1.0
52.964207650273224	410	1.0
52.97387978142077	4952	1.0
52.99256830601093	603	1.0
52.99672131147541	5631	1.0
53.065355191256835	190	1.0
53.0751912568306	22	1.0
53.10071038251366	602	1.0
53.13989071038251	7213	1.0
53.14136612021858	4127	1.0
53.18054644808743	6796	1.0
53.1983606557377	5194	1.0
53.20147540983607	5359	1.0
53.22677595628416	5729	1.0
53.23426229508196	7543	1.0
53.25109289617486	1348	1.0
53.26677595628415	8307	1.0
53.2903825136612	796	1.0
53.31486338797814	6402	1.0
53.32327868852459	2297	1.0
53.326120218579234	4211	1.0
53.343661202185785	3790	1.0
53.37464480874317	8053	1.0
53.397650273224045	5663	1.0
53.40469945355191	1419	1.0
53.40852459016393	534	1.0
53.43781420765027	3217	1.0
53.47338797814207	8254	1.0
53.479617486338796	9297	1.0
53.4924043715847	2042	1.0
53.51792349726776	9370	1.0
53.56857923497268	8204	1.0
53.597486338797815	2814	1.0
53.61792349726775	8639	1.0
53.631256830601096	2683	1.0
53.63994535519126	5775	1.0
53.64185792349727	1755	1.0
53.651693989071035	4068	1.0
53.653989071038254	415	1.0
53.6551912568306	3864	1.0
53.68781420765027	5976	1.0
53.68885245901639	6386	1.0
53.70803278688525	3065	1.0
53.71005464480874	4280	1.0
53.7188524590164	8506	1.0
53.74781420765027	3255	1.0
53.75267759562841	2850	1.0
53.75267759562841	6453	1.0
53.76677595628415	9603	1.0
53.79065573770492	1400	1.0
53.8588524590164	5078	1.0
53.88071038251366	3367	1.0
53.8872131147541	5700	1.0
53.9207650273224	5148	1.0
53.94650273224043	2122	1.0
53.94732240437158	1959	1.0
53.95464480874317	7747	1.0
53.958196721311474	8190	1.0
53.959071038251366	3699	1.0
53.97573770491803	968	1.0
53.991256830601095	8968	1.0
53.993879781420766	5150	1.0
54.058524590163934	7947	1.0
54.085191256830605	8266	1.0
54.08759562841529	3482	1.0
54.096338797814205	5187	1.0
54.109398907103824	2666	1.0
54.11491803278688	2905	1.0
54.11715846994535	9544	1.0
54.12338797814208	758	1.0
54.139508196721316	4595	1.0
54.15322404371585	347	1.0
54.170054644808744	9434	1.0
54.182459016393445	7020	1.0
54.18879781420765	2077	1.0
54.194371584699454	2923	1.0
54.22945355191257	131	1.0
54.232950819672126	6117	1.0
54.24628415300547	4332	1.0
54.26606557377049	4472	1.0
54.28743169398907	396	1.0
54.288306010928956	7526	1.0
54.30344262295082	6055	1.0
54.30513661202186	8739	1.0
54.32071038251367	7658	1.0
54.32431693989071	6892	1.0
54.33459016393443	2153	1.0
54.33672131147541	1251	1.0
54.34256830601093	5824	1.0
54.356830601092895	6990	1.0
54.42180327868852	8052	1.0
54.44562841530055	7140	1.0
54.46147540983607	1184	1.0
54.50251366120219	687	1.0
54.58032786885246	7341	1.0
54.59060109289617	4346	1.0
54.6063387978142	7879	1.0
54.61338797814208	3266	1.0
54.613551912568305	1896	1.0
54.64437158469945	2435	1.0
54.67704918032786	1110	1.0
54.69180327868852	2573	1.0
54.727322404371584	4422	1.0
54.731147540983606	4410	1.0
54.74371584699454	2738	1.0
54.74918032786885	5399	1.0
54.76502732240437	3026	1.0
54.81857923497268	4756	1.0
54.82185792349726	4716	1.0
54.849726775956285	606	1.0
54.95737704918032	8954	1.0
54.97923497267759	4838	1.0
55.00218579234972	5309	1.0
55.02841530054645	2037	1.0
55.03114754098361	6847	1.0
55.03606557377049	7455	1.0
55.059016393442626	6464	1.0
55.06284153005464	9458	1.0
55.06666666666666	7718	1.0
55.07377049180328	1796	1.0
55.08469945355191	9943	1.0
55.08907103825136	1455	1.0
55.09945355191257	7271	1.0
55.10382513661202	4584	1.0
55.12732240437158	9040	1.0
55.15409836065573	996	1.0
55.16994535519125	8485	1.0
55.1896174863388	4386	1.0
55.23387978142077	178	1.0
55.26338797814208	17	1.0
55.267759562841526	6448	1.0
55.28633879781421	3547	1.0
55.289071038251365	7698	1.0
55.302185792349725	2148	1.0
55.31912568306011	259	1.0
55.321311475409836	9372	1.0
55.33114754098361	2473	1.0
55.33387978142077	9955	1.0
55.39071038251366	5445	1.0
55.43934426229508	4135	1.0
55.45245901639344	8221	1.0
55.485245901639345	4976	1.0
55.48688524590164	2864	1.0
55.52021857923497	8	1.0
55.534972677595626	6033	1.0
55.53606557377049	2266	1.0
55.538797814207655	7753	1.0
55.53934426229508	5140	1.0
55.5415300546448	1549	1.0
55.54918032786885	8478	1.0
55.571584699453545	7730	1.0
55.58032786885246	8719	1.0
55.59508196721311	7564	1.0
55.610928961748634	4245	1.0
55.62021857923497	1665	1.0
55.64098360655738	6459	1.0
55.641530054644804	7680	1.0
55.659562841530054	921	1.0
55.70054644808743	8062	1.0
55.714207650273224	793	1.0
55.722404371584695	2930	1.0
55.72349726775956	7224	1.0
55.73989071038251	6788	1.0
55.74644808743169	1317	1.0
55.75300546448087	1622	1.0
55.759562841530055	6922	1.0
55.759562841530055	4286	1.0
55.79453551912568	209	1.0
55.7983606557377	8225	1.0
55.84535519125683	8003	1.0
55.85081967213115	4396	1.0
55.89398907103825	5446	1.0
55.91803278688525	9914	1.0
55.92841530054645	3639	1.0
55.928961748633874	3982	1.0
55.92950819672131	4441	1.0
55.93333333333334	2920	1.0
55.93606557377049	3695	1.0
55.94426229508196	7168	1.0
55.948633879781426	9407	1.0
55.95792349726776	3863	1.0
55.96120218579235	8078	1.0
55.96120218579235	6816	1.0
55.96502732240437	5475	1.0
55.96666666666666	9754	1.0
55.995628415300544	1625	1.0
56.026229508196714	8667	1.0
56.03551912568306	3339	1.0
56.05245901639344	1833	1.0
56.06065573770492	8767	1.0
56.07322404371585	1870	1.0
56.08196721311475	8030	1.0
56.10109289617487	8642	1.0
56.13060109289618	4218	1.0
56.15245901639344	2345	1.0
56.17595628415301	8230	1.0
56.18306010928962	224	1.0
56.19453551912568	563	1.0
56.22076502732241	748	1.0
56.22459016393442	8754	1.0
56.227322404371584	6235	1.0
56.230054644808746	9840	1.0
56.23224043715847	891	1.0
56.24262295081967	3722	1.0
56.266666666666666	1454	1.0
56.27322404371585	1332	1.0
56.29836065573771	6845	1.0
56.30273224043716	2949	1.0
56.322404371584696	3371	1.0
56.32568306010929	3716	1.0
56.348633879781424	7931	1.0
56.3551912568306	3455	1.0
56.35901639344262	555	1.0
56.36885245901639	7003	1.0
56.375956284153006	5363	1.0
56.41311475409836	529	1.0
56.445901639344264	8357	1.0
56.46448087431694	7676	1.0
56.48415300546448	1836	1.0
56.49289617486339	2033	1.0
56.51092896174864	2503	1.0
56.51803278688525	3972	1.0
56.571038251366126	2991	1.0
56.62185792349727	8636	1.0
56.62677595628415	3882	1.0
56.62732240437158	2509	1.0
56.63497267759563	3211	1.0
56.63934426229508	6365	1.0
56.65191256830601	312	1.0
56.685792349726775	2140	1.0
56.68907103825136	422	1.0
56.6896174863388	7029	1.0
56.709289617486334	4796	1.0
56.7311475409836	6728	1.0
56.73497267759563	7064	1.0
56.737158469945356	4073	1.0
56.737158469945356	1693	1.0
56.74207650273224	460	1.0
56.74262295081967	3222	1.0
56.74699453551912	9700	1.0
56.76010928961749	7089	1.0
56.76010928961749	8347	1.0
56.76120218579234	4998	1.0
56.763934426229504	3719	1.0
56.780874316939894	3950	1.0
56.781967213114754	3329	1.0
56.79344262295081	7769	1.0
56.80491803278689	3169	1.0
56.808196721311475	7903	1.0
56.82185792349726	1555	1.0
56.83934426229508	7856	1.0
56.840437158469946	4177	1.0
56.85191256830601	8126	1.0
56.86065573770492	3197	1.0
56.87377049180328	1889	1.0
56.906557377049175	3582	1.0
56.91256830601093	2430	1.0
56.917486338797815	3720	1.0
56.935519125683065	8257	1.0
56.9431693989071	806	1.0
56.946994535519124	1720	1.0
56.98032786885246	5182	1.0
57.00928961748634	508	1.0
57.01420765027322	2377	1.0
57.046994535519126	9942	1.0
57.049180327868854	5073	1.0
57.080874316939884	7203	1.0
57.10109289617486	8937	1.0
57.114754098360656	9863	1.0
57.12185792349727	3750	1.0
57.12349726775956	6240	1.0
57.13224043715847	9785	1.0
57.14098360655737	9639	1.0
57.14972677595628	3030	1.0
57.16010928961749	4763	1.0
57.19125683060109	2429	1.0
57.206010928961746	591	1.0
57.23333333333333	7671	1.0
57.252459016393445	9579	1.0
57.27049180327869	8051	1.0
57.28087431693989	7094	1.0
57.32568306010929	2	1.0
57.33715846994536	6573	1.0
57.340437158469946	6460	1.0
57.34699453551912	3945	1.0
57.34754098360656	7523	1.0
57.362841530054645	5718	1.0
57.3672131147541	5364	1.0
57.38032786885246	4591	1.0
57.40054644808743	948	1.0
57.40109289617486	6729	1.0
57.40163934426229	8450	1.0
57.40983606557377	5284	1.0
57.410382513661204	7668	1.0
57.4120218579235	8402	1.0
57.41639344262295	9683	1.0
57.42021857923498	8055	1.0
57.421857923497264	6709	1.0
57.42622950819672	1774	1.0
57.43825136612021	4007	1.0
57.438797814207646	7015	1.0
57.44043715846995	7312	1.0
57.446994535519124	6516	1.0
57.47158469945355	5468	1.0
57.478142076502735	1337	1.0
57.479234972677595	1663	1.0
57.49016393442623	3913	1.0
57.505464480874316	7434	1.0
57.50655737704918	1031	1.0
57.51420765027322	2323	1.0
57.51639344262295	599	1.0
57.5207650273224	1153	1.0
57.52513661202186	8493	1.0
57.54153005464481	9095	1.0
57.543169398907104	5785	1.0
57.544262295081964	7338	1.0
57.544262295081964	2257	1.0
57.54863387978142	1577	1.0
57.550273224043714	5017	1.0
57.55245901639344	6821	1.0
57.55464480874317	9743	1.0
57.557377049180324	7118	1.0
57.56994535519126	8886	1.0
57.57377049180327	3034	1.0
57.594535519125685	1925	1.0
57.6	1430	1.0
57.60109289617486	8940	1.0
57.60710382513661	3456	1.0
57.61639344262295	5086	1.0
57.61639344262295	6416	1.0
57.62459016393443	3394	1.0
57.64535519125683	6628	1.0
57.65081967213114	8317	1.0
57.65081967213114	9335	1.0
57.65628415300546	8041	1.0
57.66612021857923	7897	1.0
57.669398907103826	437	1.0
57.67486338797814	4666	1.0
57.67814207650274	8244	1.0
57.691803278688525	7814	1.0
57.70382513661202	394	1.0
57.71311475409836	3906	1.0
57.71584699453552	8390	1.0
57.71693989071038	6991	1.0
57.77213114754098	1706	1.0
57.77213114754098	5278	1.0
57.79562841530055	8364	1.0
57.80163934426229	8479	1.0
57.821311475409836	1257	1.0
57.82786885245902	1181	1.0
57.8535519125683	997	1.0
57.85792349726776	2010	1.0
57.86448087431694	5811	1.0
57.8672131147541	8414	1.0
57.87650273224043	9479	1.0
57.885245901639344	2976	1.0
57.899453551912565	7727	1.0
57.91693989071038	8597	1.0
57.91693989071038	7971	1.0
57.92131147540984	9185	1.0
57.93005464480874	9087	1.0
57.933879781420764	3073	1.0
57.93715846994535	6850	1.0
57.93825136612021	3063	1.0
57.94644808743169	1035	1.0
57.95846994535519	6181	1.0
57.98087431693989	1073	1.0
57.982513661202184	3048	1.0
57.982513661202184	981	1.0
57.98743169398907	3207	1.0
57.992349726775956	1905	1.0
58.00382513661202	2585	1.0
58.00710382513661	2746	1.0
58.02295081967213	9436	1.0
58.039890710382515	2420	1.0
58.05191256830601	5377	1.0
58.056284153005464	1028	1.0
58.05956284153005	5959	1.0
58.060109289617486	9810	1.0
58.06612021857923	6489	1.0
58.09344262295082	2616	1.0
58.108743169398906	3064	1.0
58.112021857923494	4099	1.0
58.114754098360656	8106	1.0
58.114754098360656	895	1.0
58.14043715846995	2857	1.0
58.155191256830605	4240	1.0
58.180874316939885	2574	1.0
58.24808743169398	9786	1.0
58.25027322404372	381	1.0
58.25191256830601	6395	1.0
58.26010928961749	250	1.0
58.262841530054644	4407	1.0
58.27322404371584	3753	1.0
58.28579234972677	3152	1.0
58.28743169398907	5592	1.0
58.291803278688526	3248	1.0
58.292896174863394	5024	1.0
58.29344262295081	3573	1.0
58.30546448087432	2135	1.0
58.31366120218579	3813	1.0
58.321311475409836	8140	1.0
58.32513661202186	3154	1.0
58.338797814207645	9319	1.0
58.34918032786885	8979	1.0
58.35792349726776	7068	1.0
58.3672131147541	1904	1.0
58.36830601092896	4878	1.0
58.37377049180328	9613	1.0
58.38688524590164	7939	1.0
58.391256830601094	1852	1.0
58.39453551912568	2385	1.0
58.398360655737704	1237	1.0
58.40983606557377	9709	1.0
58.418579234972675	5795	1.0
58.448087431693985	6605	1.0
58.45136612021858	8439	1.0
58.457923497267764	3703	1.0
58.48032786885246	9853	1.0
58.50819672131147	9343	1.0
58.508743169398905	4646	1.0
58.52021857923498	7148	1.0
58.522950819672126	5472	1.0
58.53551912568307	4111	1.0
58.54644808743169	3845	1.0
58.555191256830604	8499	1.0
58.5568306010929	6434	1.0
58.616939890710384	7800	1.0
58.62021857923497	1598	1.0
58.64207650273224	7997	1.0
58.651366120218576	8451	1.0
58.65191256830601	6686	1.0
58.65464480874317	7822	1.0
58.655191256830605	1648	1.0
58.66174863387978	5513	1.0
58.6672131147541	4019	1.0
58.67486338797814	353	1.0
58.680874316939885	8722	1.0
58.685792349726775	4368	1.0
58.69125683060109	2125	1.0
58.697814207650275	2818	1.0
58.70218579234973	7757	1.0
58.706010928961746	8765	1.0
58.708196721311474	5070	1.0
58.70928961748634	8246	1.0
58.70928961748634	3116	1.0
58.710382513661195	9058	1.0
58.71639344262295	56	1.0
58.721311475409834	5816	1.0
58.721311475409834	7395	1.0
58.72459016393443	7409	1.0
58.73497267759563	3708	1.0
58.735519125683055	6523	1.0
58.74043715846994	7710	1.0
58.74207650273224	8789	1.0
58.75136612021858	1786	1.0
58.76994535519126	5358	1.0
58.77431693989071	1880	1.0
58.777595628415305	2197	1.0
58.77923497267759	2486	1.0
58.78251366120219	5131	1.0
58.783060109289615	9204	1.0
58.7879781420765	413	1.0
58.792896174863394	9653	1.0
58.796174863387975	3705	1.0
58.79672131147541	6537	1.0
58.80491803278689	4910	1.0
58.816393442622946	4542	1.0
58.828415300546446	9925	1.0
58.830601092896174	8124	1.0
58.845355191256836	8326	1.0
58.84590163934426	7056	1.0
58.85409836065573	1971	1.0
58.856830601092895	7952	1.0
58.856830601092895	1698	1.0
58.86174863387978	5972	1.0
58.8655737704918	9400	1.0
58.911475409836065	1533	1.0
58.91475409836065	9583	1.0
58.92622950819672	7145	1.0
58.929508196721315	8714	1.0
58.96065573770491	6380	1.0
58.96994535519126	4907	1.0
58.97267759562842	7565	1.0
58.976502732240434	4010	1.0
58.990163934426235	5048	1.0
58.995628415300544	8491	1.0
59.00928961748634	4013	1.0
59.011475409836066	3611	1.0
59.03333333333333	642	1.0
59.0448087431694	1436	1.0
59.0535519125683	8778	1.0
59.05956284153005	7143	1.0
59.065027322404376	2128	1.0
59.07486338797814	3883	1.0
59.08032786885246	7773	1.0
59.089617486338796	3824	1.0
59.096721311475406	6969	1.0
59.10928961748634	5799	1.0
59.12131147540983	5515	1.0
59.13169398907104	9421	1.0
59.1431693989071	4609	1.0
59.14863387978142	5759	1.0
59.15245901639344	8561	1.0
59.15300546448087	4854	1.0
59.156284153005465	9057	1.0
59.17213114754099	3355	1.0
59.18633879781421	9855	1.0
59.1896174863388	1125	1.0
59.19945355191257	3020	1.0
59.22185792349727	9221	1.0
59.23060109289617	1930	1.0
59.24918032786885	6837	1.0
59.25628415300546	8040	1.0
59.26994535519126	8084	1.0
59.27049180327869	9948	1.0
59.285792349726776	590	1.0
59.29289617486339	1932	1.0
59.30437158469945	4611	1.0
59.32295081967213	5773	1.0
59.325683060109284	9777	1.0
59.33333333333333	5349	1.0
59.35901639344262	5803	1.0
59.368852459016395	1790	1.0
59.378142076502726	6984	1.0
59.381967213114756	7561	1.0
59.39016393442623	1933	1.0
59.40273224043715	8199	1.0
59.40601092896175	2824	1.0
59.411475409836065	2874	1.0
59.41366120218579	5450	1.0
59.41639344262295	2698	1.0
59.446994535519124	6190	1.0
59.450819672131146	1779	1.0
59.461202185792345	9951	1.0
59.46448087431694	6343	1.0
59.470491803278684	7572	1.0
59.50109289617486	6810	1.0
59.502732240437155	5961	1.0
59.52459016393443	7012	1.0
59.53715846994535	1734	1.0
59.57540983606557	180	1.0
59.58633879781421	5941	1.0
59.58907103825137	6769	1.0
59.60109289617486	5575	1.0
59.624043715846994	5657	1.0
59.62622950819672	8680	1.0
59.626775956284156	4066	1.0
59.62786885245901	7532	1.0
59.62786885245901	8934	1.0
59.64043715846994	3112	1.0
59.645355191256826	4257	1.0
59.67704918032787	8013	1.0
59.680874316939885	5046	1.0
59.68360655737705	1273	1.0
59.684699453551914	8486	1.0
59.692896174863385	386	1.0
59.69344262295082	6264	1.0
59.70109289617486	3430	1.0
59.74918032786885	4812	1.0
59.76994535519126	3921	1.0
59.77103825136612	4160	1.0
59.79125683060109	1075	1.0
59.818579234972674	7920	1.0
59.83989071038251	2335	1.0
59.84426229508197	9624	1.0
59.849726775956285	8996	1.0
59.85409836065574	3872	1.0
59.854644808743174	1351	1.0
59.880327868852454	7442	1.0
59.885245901639344	5576	1.0
59.89508196721311	8864	1.0
59.90273224043715	9960	1.0
59.92131147540984	2755	1.0
59.92131147540984	9992	1.0
59.927868852459014	4728	1.0
59.93934426229508	7286	1.0
59.94262295081967	9249	1.0
59.945901639344264	5116	1.0
59.96229508196721	5569	1.0
59.96502732240437	2535	1.0
59.972131147540985	2046	1.0
59.97595628415301	1655	1.0
59.979234972677595	7106	1.0
59.99016393442623	3489	1.0
59.99289617486338	5655	1.0
59.99289617486338	9662	1.0
60.00765027322404	1152	1.0
60.00765027322404	7251	1.0
60.00928961748634	1623	1.0
60.01803278688524	6396	1.0
60.02950819672131	5323	1.0
60.0327868852459	9692	1.0
60.039890710382515	7026	1.0
60.04153005464481	5800	1.0
60.049180327868854	1106	1.0
60.06666666666667	6298	1.0
60.06885245901639	8796	1.0
60.070491803278685	3364	1.0
60.07103825136612	8101	1.0
60.072131147540986	9063	1.0
60.08633879781421	2833	1.0
60.09398907103825	1220	1.0
60.10437158469946	2240	1.0
60.109836065573774	2417	1.0
60.113114754098355	4613	1.0
60.12185792349727	6082	1.0
60.12295081967213	6609	1.0
60.137158469945355	5704	1.0
60.1448087431694	7488	1.0
60.145355191256826	1308	1.0
60.15081967213114	7243	1.0
60.162295081967216	3738	1.0
60.21748633879781	6895	1.0
60.22349726775956	2984	1.0
60.235519125683055	8300	1.0
60.247540983606555	3483	1.0
60.25081967213114	6830	1.0
60.26338797814208	5258	1.0
60.26939890710383	5259	1.0
60.27650273224044	5416	1.0
60.27814207650273	9170	1.0
60.29890710382514	7545	1.0
60.30546448087431	2584	1.0
60.30765027322404	1540	1.0
60.310382513661196	230	1.0
60.33333333333333	904	1.0
60.33989071038252	7276	1.0
60.35191256830601	6891	1.0
60.35846994535519	6094	1.0
60.369945355191255	2980	1.0
60.40218579234973	6328	1.0
60.40491803278688	9312	1.0
60.41912568306011	5888	1.0
60.430601092896175	3890	1.0
60.45573770491803	8373	1.0
60.46338797814207	6773	1.0
60.47431693989071	3907	1.0
60.47595628415301	7284	1.0
60.47814207650273	1506	1.0
60.493442622950816	9359	1.0
60.50928961748634	345	1.0
60.52185792349727	7546	1.0
60.526775956284155	567	1.0
60.5551912568306	4736	1.0
60.56775956284152	6336	1.0
60.57322404371585	2207	1.0
60.57868852459016	7833	1.0
60.61584699453552	5960	1.0
60.62185792349727	2560	1.0
60.62349726775956	6723	1.0
60.63224043715847	6596	1.0
60.6568306010929	4789	1.0
60.67704918032787	8156	1.0
60.71366120218579	4710	1.0
60.718032786885246	387	1.0
60.73770491803278	6103	1.0
60.74590163934426	2227	1.0
60.76174863387978	7767	1.0
60.76338797814208	5203	1.0
60.78087431693989	8325	1.0
60.79125683060109	1432	1.0
60.82021857923497	4220	1.0
60.829508196721314	4962	1.0
60.846448087431696	6973	1.0
60.84972677595628	3589	1.0
60.8551912568306	6744	1.0
60.85956284153006	3717	1.0
60.86775956284153	8018	1.0
60.87267759562841	3636	1.0
60.880327868852454	9998	1.0
60.88688524590164	3021	1.0
60.890163934426226	3518	1.0
60.891256830601094	4535	1.0
60.89562841530054	3846	1.0
60.911475409836065	7678	1.0
60.91475409836065	1452	1.0
60.937704918032786	6152	1.0
60.94972677595628	3788	1.0
60.94972677595628	5142	1.0
60.98087431693989	6680	1.0
61.00109289617486	9533	1.0
61.002732240437155	1576	1.0
61.01748633879781	4021	1.0
61.02404371584699	6184	1.0
61.02404371584699	9232	1.0
61.02404371584699	8566	1.0
61.04153005464481	2182	1.0
61.048087431693986	2812	1.0
61.0568306010929	1173	1.0
61.074316939890714	1121	1.0
61.08196721311476	3322	1.0
61.08306010928962	9622	1.0
61.08743169398907	2704	1.0
61.0879781420765	9344	1.0
61.0896174863388	4074	1.0
61.10109289617486	3415	1.0
61.10437158469946	841	1.0
61.124043715846994	9856	1.0
61.145355191256826	1649	1.0
61.15081967213115	5300	1.0
61.15901639344263	7826	1.0
61.16229508196721	6278	1.0
61.16830601092896	8861	1.0
61.17322404371585	5357	1.0
61.18961748633879	1197	1.0
61.190163934426224	2115	1.0
61.20054644808743	2117	1.0
61.21366120218579	5174	1.0
61.21366120218579	3789	1.0
61.23387978142077	8099	1.0
61.23387978142077	354	1.0
61.23606557377049	2425	1.0
61.2551912568306	5739	1.0
61.25901639344262	7437	1.0
61.278688524590166	3601	1.0
61.28415300546448	7113	1.0
61.28469945355191	9234	1.0
61.28852459016393	4142	1.0
61.29125683060109	1957	1.0
61.291803278688526	2278	1.0
61.29453551912569	1723	1.0
61.29781420765027	2398	1.0
61.30491803278688	989	1.0
61.30765027322404	1041	1.0
61.31912568306011	4316	1.0
61.33169398907104	432	1.0
61.33387978142076	8993	1.0
61.35027322404371	2594	1.0
61.3551912568306	6228	1.0
61.367213114754094	3535	1.0
61.398360655737704	2534	1.0
61.41530054644809	822	1.0
61.41803278688524	3805	1.0
61.423497267759565	2426	1.0
61.44153005464481	2733	1.0
61.44262295081967	2389	1.0
61.44972677595628	7950	1.0
61.45956284153005	3447	1.0
61.491256830601095	1641	1.0
61.49180327868853	3780	1.0
61.49672131147541	132	1.0
61.50327868852459	9368	1.0
61.52185792349727	3077	1.0
61.52896174863388	3306	1.0
61.529508196721316	5522	1.0
61.53879781420765	3268	1.0
61.553005464480876	7234	1.0
61.5535519125683	4114	1.0
61.55846994535519	2736	1.0
61.59508196721311	8913	1.0
61.599999999999994	9631	1.0
61.607103825136605	5170	1.0
61.60765027322404	2308	1.0
61.61420765027322	2428	1.0
61.62131147540984	1608	1.0
61.62841530054645	2785	1.0
61.63934426229508	3975	1.0
61.64043715846994	4776	1.0
61.64590163934426	9476	1.0
61.647540983606554	1185	1.0
61.66229508196721	1179	1.0
61.669398907103826	9253	1.0
61.674863387978135	7942	1.0
61.674863387978135	5396	1.0
61.67540983606557	1212	1.0
61.679781420765025	762	1.0
61.68907103825137	8654	1.0
61.69617486338798	3724	1.0
61.703825136612025	8528	1.0
61.706010928961746	3122	1.0
61.706010928961746	9548	1.0
61.73770491803278	3870	1.0
61.75245901639344	1417	1.0
61.760655737704916	8459	1.0
61.767759562841526	9089	1.0
61.77049180327869	7052	1.0
61.77814207650273	4122	1.0
61.778688524590166	2716	1.0
61.79890710382514	4984	1.0
61.80655737704918	9481	1.0
61.8207650273224	4803	1.0
61.821311475409836	7759	1.0
61.84808743169399	371	1.0
61.86448087431693	1612	1.0
61.8655737704918	145	1.0
61.86830601092896	5634	1.0
61.892349726775954	6100	1.0
61.89562841530054	4544	1.0
61.90054644808743	9397	1.0
61.90437158469945	1399	1.0
61.912568306010925	906	1.0
61.92732240437158	7181	1.0
61.92732240437158	1364	1.0
61.92841530054645	9017	1.0
61.92950819672131	5243	1.0
61.93551912568306	8596	1.0
61.937704918032786	6131	1.0
61.95846994535519	6120	1.0
61.979234972677595	1975	1.0
61.984153005464485	4630	1.0
61.988524590163934	3413	1.0
62.00327868852459	286	1.0
62.00437158469945	8337	1.0
62.03442622950819	5938	1.0
62.045901639344265	4945	1.0
62.05683060109289	3711	1.0
62.05956284153005	342	1.0
62.064480874316935	3843	1.0
62.06502732240437	2737	1.0
62.06994535519125	3690	1.0
62.07103825136612	2346	1.0
62.07868852459016	7027	1.0
62.099999999999994	2931	1.0
62.099999999999994	7786	1.0
62.10382513661202	8081	1.0
62.11639344262295	4778	1.0
62.132240437158465	1997	1.0
62.14043715846994	7268	1.0
62.150273224043715	2888	1.0
62.175956284153	9633	1.0
62.175956284153	2751	1.0
62.19562841530055	729	1.0
62.210928961748635	9380	1.0
62.212021857923496	6794	1.0
62.221311475409834	1657	1.0
62.227322404371584	8854	1.0
62.231147540983606	6048	1.0
62.23825136612022	7834	1.0
62.243169398907106	4260	1.0
62.254644808743166	8929	1.0
62.26174863387978	376	1.0
62.268852459016394	6049	1.0
62.30491803278688	3374	1.0
62.330601092896174	4528	1.0
62.333333333333336	1055	1.0
62.337704918032784	6683	1.0
62.350819672131145	4645	1.0
62.369945355191255	5344	1.0
62.40218579234973	6245	1.0
62.41475409836065	7067	1.0
62.42513661202186	7357	1.0
62.43934426229508	9950	1.0
62.45245901639344	7306	1.0
62.49071038251366	4889	1.0
62.49071038251366	9294	1.0
62.49180327868852	9524	1.0
62.49344262295082	8228	1.0
62.506557377049184	9659	1.0
62.52622950819672	2813	1.0
62.542076502732236	3392	1.0
62.5464480874317	1653	1.0
62.55573770491803	8669	1.0
62.56065573770492	3992	1.0
62.56284153005464	2003	1.0
62.56994535519125	7816	1.0
62.57595628415301	5511	1.0
62.57868852459016	8674	1.0
62.58306010928962	8047	1.0
62.61147540983607	4303	1.0
62.613661202185796	2883	1.0
62.65245901639344	2532	1.0
62.65901639344263	7558	1.0
62.661748633879775	362	1.0
62.663387978142076	8828	1.0
62.678688524590164	6068	0.0
62.67923497267759	9049	1.0
62.68360655737705	9536	1.0
62.68743169398907	33	1.0
62.6879781420765	5461	1.0
62.692896174863385	5736	1.0
62.707103825136606	3698	1.0
62.70874316939891	8159	1.0
62.70874316939891	9282	1.0
62.725136612021856	9214	1.0
62.736065573770496	2756	1.0
62.74918032786885	624	1.0
62.7551912568306	6040	1.0
62.784153005464475	4297	1.0
62.81092896174864	4804	1.0
62.81366120218579	2664	1.0
62.81366120218579	6017	1.0
62.81639344262295	3899	1.0
62.81748633879781	3401	1.0
62.83879781420765	7998	1.0
62.844808743169395	8404	1.0
62.86120218579235	7845	1.0
62.90819672131148	7551	1.0
62.90819672131148	4704	1.0
62.91420765027322	6414	1.0
62.92896174863388	9522	1.0
62.9431693989071	8784	1.0
62.949180327868845	6960	1.0
62.955737704918036	2842	1.0
62.97650273224044	1778	1.0
62.982513661202184	8131	1.0
62.99344262295082	7579	1.0
62.999453551912566	2298	1.0
63.007650273224044	3679	1.0
63.02021857923497	1	1.0
63.020765027322405	5706	1.0
63.03333333333333	501	1.0
63.03442622950819	6871	1.0
63.03606557377049	3017	1.0
63.03934426229508	8573	1.0
63.03989071038251	4197	1.0
63.043169398907104	1048	1.0
63.04863387978142	5181	1.0
63.050273224043714	5327	1.0
63.05136612021858	5600	1.0
63.05245901639344	7819	1.0
63.054098360655736	9482	1.0
63.05846994535519	7160	1.0
63.06666666666666	1051	1.0
63.069398907103825	2522	1.0
63.07486338797814	9369	1.0
63.07978142076502	7916	1.0
63.08360655737705	7874	1.0
63.08469945355191	5099	1.0
63.08907103825136	6889	1.0
63.092896174863384	9682	1.0
63.09836065573771	1822	1.0
63.10382513661202	3283	1.0
63.1103825136612	5501	1.0
63.12021857923497	8991	1.0
63.12950819672131	6376	1.0
63.137158469945355	403	1.0
63.139344262295076	9100	1.0
63.14262295081967	4246	1.0
63.14371584699454	3644	1.0
63.15901639344263	1517	1.0
63.17650273224043	3275	1.0
63.17704918032786	9784	1.0
63.183606557377054	2244	1.0
63.18907103825136	7440	1.0
63.1896174863388	1557	1.0
63.199999999999996	9868	1.0
63.20273224043716	9616	1.0
63.207103825136606	814	1.0
63.20765027322404	1634	1.0
63.21147540983607	4020	1.0
63.21420765027322	3552	1.0
63.21420765027322	4456	1.0
63.21639344262295	7091	1.0
63.220218579234974	8069	1.0
63.22349726775956	8432	1.0
63.23169398907103	1945	1.0
63.23551912568306	8771	1.0
63.23715846994535	5237	1.0
63.24207650273224	6555	1.0
63.243169398907106	4572	1.0
63.262841530054644	8773	1.0
63.26448087431694	2039	1.0
63.27923497267759	5460	1.0
63.28633879781421	5201	1.0
63.28688524590164	3405	1.0
63.2983606557377	6831	1.0
63.29890710382513	4624	1.0
63.30273224043716	5247	1.0
63.31366120218579	8490	1.0
63.315300546448086	2875	1.0
63.31748633879781	9713	1.0
63.326229508196725	9898	1.0
63.334426229508196	2097	1.0
63.33551912568306	847	1.0
63.33551912568306	203	1.0
63.33934426229508	8017	1.0
63.34426229508196	9038	1.0
63.34754098360656	0	1.0
