0.008274590163934425	2180	1
0.0564568306010929	5018	1
0.12348251366120218	3599	1
0.2261863387978142	5231	1
0.31701147540983604	5118	1
0.32770437158469945	3861	1
0.4535781420765027	7265	1
0.5258579234972678	2434	1
0.5306688524590164	4880	1
0.5499344262295083	3568	1
0.5669453551912568	8916	1
0.6020491803278689	4995	1
0.6722732240437158	8006	1
0.7507431693989071	8800	1
0.8198688524590164	5572	1
0.8676666666666666	9661	1
0.8867377049180327	6569	1
0.974311475409836	406	1
0.9994699453551912	9193	1
1.090005464480874	2572	1
1.1266174863387979	797	1
1.1280163934426228	1000	1
1.1584262295081966	6437	1
1.2642841530054645	8427	1
1.2919890710382513	1308	1
1.396448087431694	2379	1
1.4390491803278687	802	1
1.446535519125683	1232	1
1.4465792349726776	922	1
1.5449180327868852	7000	1
1.5547704918032785	2986	1
1.5717704918032787	5449	1
1.5887322404371587	7330	1
1.6137704918032787	8464	1
1.7157814207650273	9584	1
1.7736120218579237	1403	1
1.9825901639344263	6718	1
2.069672131147541	8128	1
2.109016393442623	5160	1
2.176579234972677	680	1
2.213081967213115	7315	1
2.24575956284153	300	1
2.277934426229508	6059	1
2.319103825136612	6091	1
2.3775573770491802	5576	1
2.46048087431694	8963	1
2.5569180327868852	5748	1
2.600136612021858	3797	1
2.6221147540983605	8141	1
2.6456666666666666	6813	1
2.779896174863388	3301	1
2.805743169398907	3087	1
2.8424590163934425	3014	1
2.88275956284153	3523	1
2.9139836065573768	324	1
2.980016393442623	4334	1
2.981464480874317	9258	1
3.131016393442623	7314	1
3.19827868852459	2847	1
3.2472513661202185	1401	1
3.3164590163934426	175	1
3.3589180327868853	8840	1
3.472377049180328	1309	1
3.47324043715847	9246	1
3.536934426229508	8218	1
3.5840819672131143	8813	1
3.6070765027322405	6160	1
3.721191256830601	1831	1
3.7674371584699453	8431	1
3.828393442622951	2754	1
3.834918032786885	9128	1
3.851989071038251	7762	1
4.004972677595628	6725	1
4.0497978142076505	1437	1
4.054021857923497	8080	1
4.062196721311476	9880	1
4.129327868852458	8063	1
4.1919071038251365	8894	1
4.216814207650273	612	1
4.240120218579235	7877	1
4.320907103825136	9963	1
4.429398907103825	6787	1
4.44848087431694	4767	1
4.511109289617486	960	1
4.522562841530055	9470	1
4.531639344262295	3666	1
4.537	8041	1
4.561825136612022	183	1
4.567147540983607	9689	1
4.646890710382514	3613	1
4.673382513661203	7578	1
4.696497267759562	3257	1
4.70775956284153	7013	1
4.720551912568306	5672	1
4.728792349726776	3176	1
4.7713770491803285	9250	1
4.781579234972678	2703	1
4.844475409836066	8745	1
4.88151912568306	6968	1
4.908415300546448	8776	1
4.940989071038251	2851	1
4.963311475409836	6328	1
4.9948633879781426	1968	1
5.0023551912568305	9959	1
5.026306010928962	1885	1
5.159595628415301	5924	1
5.1635027322404365	4124	1
5.213415300546448	2696	1
5.264584699453552	6962	1
5.277601092896175	9881	1
5.294765027322405	3242	1
5.307049180327869	848	1
5.332284153005465	8406	1
5.438010928961749	9691	1
5.454781420765027	5914	1
5.468087431693989	2009	1
5.486721311475409	4031	1
5.514590163934426	3539	1
5.547540983606557	2045	1
5.574153005464481	6666	1
5.578360655737704	805	1
5.586502732240437	4500	1
5.595573770491803	2223	1
5.816229508196722	3602	1
5.868688524590164	4382	1
5.962349726775956	7320	1
6.029726775956284	3830	1
6.050546448087432	5155	1
6.107650273224043	8296	1
6.254590163934426	7727	1
6.283224043715847	8537	1
6.334754098360656	2615	1
6.344644808743169	4090	1
6.376448087431694	1550	1
6.411147540983607	4042	1
6.412568306010929	3289	1
6.468032786885246	5830	1
6.480765027322405	9419	1
6.560819672131147	3802	1
6.578852459016393	9816	1
6.649398907103825	5074	1
6.674699453551913	8915	1
6.694863387978142	1681	1
6.764972677595628	5175	1
6.836612021857923	5210	1
6.958852459016393	7373	1
6.966502732240437	8430	1
6.984535519125683	995	1
7.013606557377049	21	1
7.100163934426229	2597	1
7.125573770491804	958	1
7.131639344262295	3146	1
7.213060109289618	9428	1
7.230928961748634	3762	1
7.243333333333333	1964	1
7.274207650273224	8210	1
7.2785792349726774	1707	1
7.2854644808743165	680	0
7.300327868852459	2642	1
7.332841530054645	7698	1
7.3569398907103825	9536	1
7.383005464480874	9875	1
7.401584699453552	4439	1
7.40448087431694	1873	1
7.4477049180327874	5050	1
7.523442622950819	1310	1
7.576120218579234	7198	1
7.614535519125683	6078	1
7.65639344262295	7767	1
7.679289617486339	4753	1
7.689672131147542	5224	1
7.701967213114754	9956	1
7.716120218579235	5841	1
7.76879781420765	2670	1
7.772349726775957	1992	1
7.848032786885246	2460	1
7.875737704918032	8056	1
7.897814207650273	7997	1
7.945300546448087	1563	1
7.966994535519126	8634	1
7.9733879781420764	8971	1
8.036065573770491	7628	1
8.037377049180328	8368	1
8.073551912568306	7162	1
8.085792349726775	2867	1
8.152185792349727	5971	1
8.155956284153005	6563	1
8.181967213114755	5314	1
8.190655737704917	3438	1
8.213551912568306	1629	1
8.21502732240437	7235	1
8.228524590163934	2903	1
8.304371584699453	6154	1
8.359945355191257	4156	1
8.417213114754098	5528	1
8.543825136612021	6134	1
8.546448087431694	9543	1
8.56191256830601	8827	1
8.568852459016394	146	1
8.614426229508197	8463	1
8.62	5062	1
8.677377049180327	6866	1
8.70431693989071	4370	1
8.742786885245902	3157	1
8.76256830601093	3133	1
8.83622950819672	3863	1
8.87551912568306	89	1
8.875792349726774	8497	1
8.943387978142075	3691	1
8.995136612021858	2784	1
8.996065573770492	1290	1
9.046284153005464	7898	1
9.132950819672132	9388	1
9.210327868852458	1425	1
9.212786885245901	7030	1
9.245464480874316	8945	1
9.255464480874318	1971	1
9.279398907103825	2082	1
9.290928961748634	545	1
9.353989071038251	9042	1
9.4275956284153	8027	1
9.449016393442623	3478	1
9.455628415300547	6190	1
9.472677595628415	7756	1
9.490437158469947	1006	1
9.496830601092897	4534	1
9.549781420765028	4480	1
9.59103825136612	7319	1
9.604699453551913	853	1
9.611092896174863	201	1
9.620491803278687	6665	1
9.683387978142076	7511	1
9.705683060109289	2015	1
9.734371584699455	8502	1
9.84016393442623	6015	1
9.862732240437158	5043	1
9.96224043715847	9836	1
9.979180327868853	151	1
9.984207650273223	7128	1
10.01169398907104	7873	1
10.030928961748634	793	1
10.125355191256832	2841	1
10.128196721311474	6326	1
10.21120218579235	6598	1
10.211639344262295	6856	1
10.211857923497268	9504	1
10.259016393442622	3760	1
10.367978142076502	1793	1
10.382950819672132	4148	1
10.43601092896175	4116	1
10.445464480874316	57	1
10.451584699453553	9972	1
10.501857923497267	8825	1
10.503005464480875	9446	1
10.609617486338799	1285	1
10.611693989071037	6363	1
10.61344262295082	8742	1
10.61622950819672	8259	1
10.619617486338798	3104	1
10.620109289617485	9923	1
10.635300546448088	719	1
10.636666666666667	4837	1
10.68639344262295	2025	1
10.801803278688526	7035	1
10.803934426229507	955	1
10.821748633879782	1806	1
10.842513661202185	4111	1
10.906502732240439	678	1
10.952404371584699	4422	1
10.962295081967213	7653	1
10.969180327868852	1841	1
11.02103825136612	5473	1
11.022349726775955	2139	1
11.028524590163935	8383	1
11.04568306010929	7223	1
11.056448087431693	6958	1
11.05743169398907	9401	1
11.150273224043715	5681	1
11.187978142076503	9570	1
11.206174863387977	5332	1
11.231311475409836	5742	1
11.302841530054645	4547	1
11.32792349726776	5519	1
11.395846994535518	3364	1
11.510054644808744	1500	1
11.53622950819672	8289	1
11.558415300546448	3976	1
11.564207650273223	6703	1
11.626939890710382	4984	1
11.655901639344263	7066	1
11.710054644808743	6038	1
11.772677595628416	9365	1
11.788688524590164	8948	1
11.841584699453552	732	1
11.897704918032785	1289	1
11.902131147540983	2394	1
11.924863387978142	290	1
12.012841530054644	5931	1
12.084808743169399	3160	1
12.139398907103827	1062	1
12.166229508196722	3237	1
12.210054644808743	4562	1
12.225573770491804	7117	1
12.28535519125683	5686	1
12.306284153005464	6521	1
12.32584699453552	8659	1
12.369398907103825	8993	1
12.381147540983607	6096	1
12.382295081967213	9738	1
12.40983606557377	9734	1
12.420710382513661	8959	1
12.472896174863388	5613	1
12.535792349726774	5596	1
12.709617486338798	2972	1
12.774754098360656	8966	1
12.784863387978142	9174	1
12.833169398907105	2692	1
12.850437158469946	8014	1
12.887868852459016	5951	1
12.900601092896174	3008	1
12.931857923497267	2359	1
12.939180327868852	931	1
12.954371584699452	4279	1
12.970655737704917	2936	1
13.055409836065573	2342	1
13.077486338797813	308	1
13.141256830601092	9152	1
13.161530054644809	9030	1
13.167540983606557	3032	1
13.171147540983608	409	1
13.191147540983605	5823	1
13.288142076502732	8411	1
13.296939890710384	1074	1
13.317868852459016	5394	1
13.34191256830601	5609	1
13.446448087431694	7256	1
13.463715846994535	6724	1
13.490054644808742	5808	1
13.502131147540982	6632	1
13.526885245901639	2230	1
13.549344262295081	2276	1
13.564371584699453	6709	1
13.583060109289617	9044	1
13.631803278688526	2800	1
13.645737704918032	9491	1
13.645956284153005	7759	1
13.646939890710382	9120	1
13.654426229508196	3314	1
13.662131147540984	1329	1
13.698907103825137	3556	1
13.71551912568306	4638	1
13.720163934426228	8435	1
13.817322404371586	3483	1
13.866775956284153	905	1
13.936502732240436	5270	1
13.941092896174862	6323	1
13.98120218579235	8470	1
14.017213114754098	8331	1
14.143387978142076	8323	1
14.189016393442623	3608	1
14.194207650273224	5645	1
14.21207650273224	7848	1
14.219234972677596	784	1
14.241584699453552	2988	1
14.407540983606555	9293	1
14.464371584699455	301	1
14.494699453551913	237	1
14.49775956284153	3360	1
14.53327868852459	1156	1
14.58	7672	1
14.619125683060108	8190	1
14.682622950819672	4197	1
14.702732240437157	8433	1
14.724863387978143	9758	1
14.759234972677595	9666	1
14.796393442622952	1766	1
14.838360655737704	1818	1
14.84896174863388	5017	1
14.86	5213	1
14.949180327868852	8748	1
14.99486338797814	9769	1
15.037704918032786	2583	1
15.048579234972678	9891	1
15.177978142076503	9660	1
15.235081967213114	5945	1
15.240765027322405	1614	1
15.246775956284152	5272	1
15.25535519125683	1548	1
15.366502732240436	1993	1
15.389726775956284	3755	1
15.393387978142076	6848	1
15.39792349726776	5243	1
15.444480874316941	1794	1
15.462131147540983	1901	1
15.539234972677596	4348	1
15.599344262295082	7049	1
15.611584699453552	5725	1
15.626174863387979	5279	1
15.648196721311475	3897	1
15.666174863387978	1846	1
15.687486338797815	4724	1
15.699508196721313	9728	1
15.700437158469944	7860	1
15.70273224043716	912	1
15.72207650273224	5168	1
15.768688524590162	5607	1
15.79295081967213	2627	1
15.794535519125683	6252	1
15.810983606557377	2005	1
15.82071038251366	2550	1
15.827267759562842	3888	1
15.86224043715847	8598	1
15.867650273224044	7781	1
15.910928961748635	7336	1
15.91103825136612	5784	1
15.911311475409835	629	1
15.93535519125683	8738	1
15.94639344262295	6798	1
15.948524590163935	733	1
15.953934426229509	5980	1
15.988142076502733	391	1
16.020601092896175	8544	1
16.021967213114756	8761	1
16.046666666666667	3310	1
16.058360655737705	6737	1
16.062349726775956	1984	1
16.065737704918032	1344	1
16.0679781420765	7816	1
16.128415300546447	8591	1
16.14054644808743	2012	1
16.14065573770492	3884	1
16.165956284153005	6156	1
16.18710382513661	568	1
16.189836065573772	3358	1
16.20169398907104	2711	1
16.25431693989071	7797	1
16.304371584699453	1986	1
16.313169398907103	7356	1
16.321202185792348	5128	1
16.339890710382516	8239	1
16.360819672131147	116	1
16.42366120218579	5653	1
16.437158469945356	5944	1
16.44863387978142	2117	1
16.449890710382512	3507	1
16.451639344262297	769	1
16.52071038251366	6997	1
16.52071038251366	1527	1
16.529234972677596	8443	1
16.549071038251366	3914	1
16.56464480874317	8479	1
16.576666666666664	6503	1
16.60081967213115	7163	1
16.639344262295083	5940	1
16.648743169398905	5055	1
16.767158469945354	1750	1
16.77622950819672	3979	1
16.829453551912568	4626	1
16.87103825136612	895	1
16.89207650273224	1547	1
16.91	3274	1
16.91016393442623	6297	1
16.939617486338797	7418	1
16.953879781420763	1519	1
17.02857923497268	8942	1
17.06415300546448	7282	1
17.094754098360657	1722	1
17.10814207650273	7699	1
17.117595628415298	228	1
17.15726775956284	9377	1
17.170054644808744	5142	1
17.18792349726776	4455	1
17.22590163934426	7080	1
17.25901639344262	2852	1
17.281475409836066	8870	1
17.30191256830601	5678	1
17.309617486338798	1364	1
17.312459016393444	3099	1
17.32153005464481	3406	1
17.39295081967213	6415	1
17.424480874316938	7735	1
17.570601092896176	3894	1
17.59677595628415	5766	1
17.596830601092897	6346	1
17.62054644808743	2396	1
17.633879781420763	6257	1
17.644262295081965	9006	1
17.67568306010929	4651	1
17.684371584699452	5968	1
17.778852459016395	6869	1
17.788524590163934	9648	1
17.825245901639345	8280	1
17.86912568306011	2674	1
18.011584699453554	964	1
18.046612021857925	2018	1
18.061803278688526	8389	1
18.15743169398907	5521	1
18.160054644808746	4964	1
18.162131147540983	97	1
18.189234972677593	8807	1
18.20606557377049	7721	1
18.24256830601093	7659	1
18.244098360655737	9948	1
18.247759562841527	6893	1
18.257213114754098	8623	1
18.263333333333332	4399	1
18.281748633879783	846	1
18.285245901639342	2096	1
18.295792349726774	819	1
18.3544262295082	4011	1
18.45207650273224	7037	1
18.607213114754096	6965	1
18.727158469945355	8519	1
18.735956284153005	360	1
18.775901639344262	1839	1
18.779999999999998	6892	1
18.79338797814208	2780	1
18.82704918032787	8175	1
18.84344262295082	5863	1
18.90256830601093	7257	1
18.904426229508193	7731	1
18.91808743169399	9560	1
18.925245901639347	2165	1
18.926885245901637	7482	1
19.003715846994535	4987	1
19.03071038251366	1357	1
19.04846994535519	8854	1
19.05704918032787	3026	1
19.086666666666666	1996	1
19.142131147540983	484	1
19.174426229508196	2496	1
19.224590163934423	3551	1
19.245792349726777	6648	1
19.24967213114754	64	1
19.289180327868852	8896	1
19.305245901639346	7217	1
19.306612021857923	9161	1
19.316994535519125	1507	1
19.457213114754097	5903	1
19.458907103825133	9418	1
19.49366120218579	9782	1
19.540382513661203	2261	1
19.557978142076504	5012	1
19.580765027322403	6042	1
19.602896174863385	1464	1
19.65136612021858	9231	1
19.687322404371585	5910	1
19.725409836065573	6044	1
19.751639344262294	8904	1
19.767814207650275	877	1
19.770054644808745	4319	1
19.803005464480876	2182	1
19.818688524590165	7075	1
19.828196721311475	4739	1
19.836721311475408	6422	1
19.854863387978142	9986	1
19.867213114754097	5444	1
19.907486338797817	9147	1
19.913114754098363	7008	1
19.963224043715847	4883	1
19.977978142076502	4069	1
20.00344262295082	7703	1
20.014262295081966	2029	1
20.025464480874316	6870	1
20.025956284153004	4625	1
20.041584699453555	2382	1
20.047814207650273	2535	1
20.089398907103824	5065	1
20.178524590163935	4392	1
20.22114754098361	4321	1
20.29639344262295	6197	1
20.30879781420765	7090	1
20.34032786885246	4788	1
20.350928961748636	8782	1
20.387322404371584	7109	1
20.40169398907104	1247	1
20.414043715846994	8421	1
20.417704918032786	3850	1
20.440054644808743	3946	1
20.45896174863388	4293	1
20.471311475409838	4140	1
20.54513661202186	3033	1
20.555300546448088	8992	1
20.593442622950818	2392	1
20.643879781420765	7442	1
20.66639344262295	9139	1
20.67513661202186	5052	1
20.719781420765027	9103	1
20.721857923497268	3430	1
20.732185792349725	4935	1
20.742622950819673	6376	1
20.774426229508197	623	1
20.804153005464478	488	1
20.834098360655737	7154	1
20.867486338797814	5727	1
20.931639344262297	3045	1
20.937650273224044	4119	1
20.95273224043716	4794	1
20.969016393442622	9005	1
20.988852459016393	9591	1
20.99081967213115	5702	1
20.992622950819673	1562	1
20.996721311475408	2285	1
21.026939890710384	3460	1
21.0296174863388	7116	1
21.03185792349727	8991	1
21.035027322404375	2497	1
21.052677595628417	7710	1
21.082295081967214	9823	1
21.08497267759563	3245	1
21.13213114754098	8604	1
21.14207650273224	3128	1
21.14989071038251	8029	1
21.16710382513661	3363	1
21.1675956284153	4779	1
21.222459016393444	6726	1
21.235300546448087	8180	1
21.25366120218579	1614	0
21.267650273224042	2395	1
21.26967213114754	6916	1
21.28622950819672	7232	1
21.336775956284153	9019	1
21.369617486338797	7313	1
21.39065573770492	8677	1
21.398852459016393	2617	1
21.40983606557377	482	1
21.437595628415302	6828	1
21.438032786885245	1751	1
21.462021857923496	9885	1
21.53360655737705	8817	1
21.566338797814208	8489	1
21.574098360655736	4309	1
21.77781420765027	6926	1
21.789945355191254	1966	1
21.837650273224046	9685	1
21.95967213114754	1546	1
21.987650273224045	4571	1
22.04568306010929	6710	1
22.1275956284153	9170	1
22.133224043715845	9871	1
22.177158469945354	9261	1
22.179344262295082	3886	1
22.182732240437158	5795	1
22.19879781420765	8100	1
22.223770491803275	8721	1
22.328688524590163	5791	1
22.329398907103823	4384	1
22.35628415300546	1002	1
22.402786885245902	4086	1
22.455245901639344	9096	1
22.464699453551912	1066	1
22.52841530054645	6603	1
22.536010928961748	3228	1
22.61830601092896	8021	1
22.62311475409836	5284	1
22.66300546448087	9201	1
22.704863387978143	8650	1
22.758852459016392	9506	1
22.7896174863388	9700	1
22.80032786885246	6538	1
22.80120218579235	3028	1
22.815792349726777	5524	1
22.828852459016396	7335	1
22.84191256830601	4998	1
22.860874316939892	4968	1
22.910874316939893	7209	1
22.99775956284153	2031	1
23.019726775956283	6930	1
23.02120218579235	4159	1
23.08377049180328	8848	1
23.13469945355191	1215	1
23.189726775956284	1756	1
23.202021857923498	7222	1
23.221092896174863	2352	1
23.229781420765026	8568	1
23.26229508196721	6285	1
23.262841530054644	9747	1
23.30049180327869	6640	1
23.3048087431694	9513	1
23.315956284153007	7679	1
23.341857923497265	7641	1
23.347978142076503	5960	1
23.396448087431693	3877	1
23.42398907103825	2308	1
23.46710382513661	2563	1
23.49005464480874	4538	1
23.5196174863388	9999	1
23.521803278688523	9916	1
23.612021857923494	5634	1
23.61295081967213	2514	1
23.613661202185792	5132	1
23.654918032786885	8132	1
23.655136612021856	935	1
23.656174863387978	9336	1
23.701967213114752	5431	1
23.745409836065576	456	1
23.75262295081967	8950	1
23.76792349726776	4548	1
23.82912568306011	688	1
23.847540983606557	5756	1
23.858524590163935	3256	1
23.896775956284152	1670	1
23.918907103825138	3594	1
23.923934426229508	7985	1
23.932786885245903	7749	1
23.955300546448086	3331	1
23.989016393442622	4329	1
24.01142076502732	8291	1
24.081092896174862	9731	1
24.11109289617486	4328	1
24.161639344262294	9876	1
24.165628415300546	1718	1
24.169344262295084	5437	1
24.21016393442623	6332	1
24.21103825136612	1049	1
24.28497267759563	5687	1
24.325683060109288	870	1
24.350983606557378	5162	1
24.361967213114756	2320	1
24.377814207650275	6721	1
24.378360655737705	6165	1
24.391092896174865	1535	1
24.562732240437157	944	1
24.592677595628412	564	1
24.65672131147541	1153	1
24.683005464480875	1582	1
24.693333333333335	2862	1
24.69666666666667	1472	1
24.701475409836064	3107	1
24.7027868852459	4836	1
24.711912568306012	5258	1
24.72054644808743	4585	1
24.735027322404374	4732	1
24.753715846994535	3088	1
24.800601092896173	651	1
24.804207650273224	5885	1
24.806065573770493	6022	1
24.81530054644809	2744	1
24.889781420765026	3367	1
24.903934426229508	4587	1
24.930327868852462	2119	1
24.9375956284153	9211	1
25.028688524590166	1610	1
25.06021857923497	5399	1
25.072185792349728	6468	1
25.10120218579235	7556	1
25.11732240437158	7631	1
25.120218579234972	8294	1
25.136448087431692	6568	1
25.146721311475407	9372	1
25.146775956284152	1043	1
25.200655737704917	9209	1
25.227486338797814	8582	1
25.250273224043713	4528	1
25.30256830601093	1153	0
25.307213114754095	6800	1
25.311857923497268	7413	1
25.40846994535519	5912	1
25.437158469945356	8589	1
25.45054644808743	2907	1
25.467486338797816	5040	1
25.511475409836063	4881	1
25.531475409836066	8709	1
25.533060109289618	6018	1
25.582404371584698	1888	1
25.591967213114753	3201	1
25.607322404371583	644	1
25.614918032786886	8129	1
25.676830601092895	5541	1
25.738579234972676	7943	1
25.81770491803279	9150	1
25.840437158469943	6816	1
25.868524590163933	7930	1
25.892841530054643	5828	1
25.911311475409835	6060	1
25.91245901639344	1994	1
25.93360655737705	7095	1
25.94617486338798	3281	1
25.975245901639344	8392	1
26.004262295081965	978	1
26.012404371584697	9630	1
26.29120218579235	6947	1
26.33431693989071	4103	1
26.360819672131147	5636	1
26.36814207650273	4267	1
26.37863387978142	1803	1
26.38191256830601	3365	1
26.410437158469946	8034	1
26.418306010928962	1603	1
26.4272131147541	6749	1
26.428251366120218	5239	1
26.454863387978143	9708	1
26.456448087431696	6891	1
26.4672131147541	539	1
26.480437158469947	6288	1
26.483060109289617	3188	1
26.523169398907104	9397	1
26.524207650273222	3911	1
26.539398907103827	2482	1
26.54158469945355	6419	1
26.544699453551914	5391	1
26.54535519125683	9489	1
26.56513661202186	7789	1
26.609562841530057	738	1
26.622513661202184	9568	1
26.62617486338798	7463	1
26.632349726775956	799	1
26.700437158469942	3990	1
26.738142076502733	7372	1
26.78382513661202	7034	1
26.794808743169398	7308	1
26.85967213114754	9714	1
26.91590163934426	4345	1
26.935683060109287	9230	1
26.960710382513664	6880	1
26.972841530054644	7664	1
27.076666666666664	9711	1
27.079016393442622	6531	1
27.099398907103826	2630	1
27.116830601092897	7187	1
27.137978142076502	1557	1
27.148907103825135	3148	1
27.1503825136612	3338	1
27.17606557377049	6929	1
27.192404371584697	6341	1
27.253879781420764	4574	1
27.25967213114754	439	1
27.267814207650275	2253	1
27.291420765027322	7200	1
27.33245901639344	7551	1
27.353060109289615	262	1
27.362131147540982	3912	1
27.365081967213115	3706	1
27.391092896174865	4765	1
27.393060109289618	5108	1
27.41103825136612	9052	1
27.460437158469947	458	1
27.463005464480872	672	1
27.54229508196721	9520	1
27.618360655737703	5514	1
27.618524590163933	3113	1
27.646338797814206	8493	1
27.68207650273224	7993	1
27.711092896174865	4621	1
27.74601092896175	9797	1
27.807486338797816	5809	1
27.849071038251363	7649	1
27.85158469945355	7444	1
27.852404371584697	2381	1
27.856393442622952	3271	1
27.861639344262294	2792	1
27.874426229508195	8341	1
27.892349726775954	7605	1
27.936830601092897	4609	1
27.959672131147542	5615	1
27.977103825136613	9736	1
27.98535519125683	1862	1
28.024207650273222	8842	1
28.026174863387975	4350	1
28.137486338797814	3416	1
28.153333333333332	1899	1
28.197158469945357	1576	1
28.248579234972677	915	1
28.274262295081968	5230	1
28.299344262295083	4760	1
28.321311475409836	4485	1
28.332295081967214	6275	1
28.335792349726773	7096	1
28.34092896174863	6707	1
28.381967213114752	1254	1
28.39666666666667	7894	1
28.418743169398905	1237	1
28.478688524590165	770	1
28.483879781420764	3185	1
28.511475409836066	6350	1
28.567377049180326	6865	1
28.579234972677593	2	1
28.58983606557377	9253	1
28.603060109289615	7053	1
28.603551912568307	5468	1
28.604262295081966	5856	1
28.60808743169399	1634	1
28.643333333333334	3947	1
28.645300546448087	8359	1
28.646120218579235	8638	1
28.648524590163934	1983	1
28.666885245901636	2546	1
28.674426229508196	3824	1
28.714699453551912	8321	1
28.719234972677594	7166	1
28.72016393442623	9076	1
28.73103825136612	8040	1
28.733770491803277	5241	1
28.735300546448087	5037	1
28.742622950819673	4074	1
28.74295081967213	6585	1
28.750109289617484	2220	1
28.759617486338797	9095	1
28.767868852459017	2102	1
28.780983606557378	2776	1
28.805191256830604	1191	1
28.815737704918035	3933	1
28.831857923497267	4463	1
28.853551912568307	4962	1
28.8596174863388	9653	1
28.86	8897	1
28.86978142076503	4137	1
28.88868852459016	6248	1
28.895846994535518	2999	1
28.918087431693987	3570	1
28.932568306010932	6830	1
28.947158469945354	185	1
28.952677595628415	9879	1
28.961311475409836	4520	1
28.964426229508195	3784	1
28.969234972677594	503	1
28.971857923497268	2813	1
28.97513661202186	2739	1
28.984207650273223	9081	1
28.996830601092896	2143	1
29.025300546448086	6083	1
29.02688524590164	1938	1
29.04677595628415	8533	1
29.067978142076505	198	1
29.071092896174864	5977	1
29.077540983606557	9010	1
29.098142076502732	4385	1
29.10289617486339	7276	1
29.11087431693989	8846	1
29.11158469945355	8540	1
29.11245901639344	225	1
29.11775956284153	8599	1
29.130437158469945	8586	1
29.154918032786885	4244	1
29.190491803278686	8798	1
29.193387978142077	9276	1
29.200218579234974	1511	1
29.200983606557376	1376	1
29.21103825136612	5229	1
29.276830601092897	638	1
29.312295081967214	5480	1
29.32502732240437	3686	1
29.33213114754098	8743	1
29.371256830601094	2706	1
29.382076502732243	1855	1
29.424207650273225	2259	1
29.425464480874318	7504	1
29.4424043715847	6079	1
29.45743169398907	8226	1
29.468688524590164	6416	1
29.482677595628417	1243	1
29.48918032786885	7941	1
29.508032786885245	4556	1
29.51120218579235	4666	1
29.520491803278688	6838	1
29.608688524590164	1856	1
29.634535519125684	9853	1
29.64032786885246	661	1
29.643770491803277	5464	1
29.64879781420765	2304	1
29.6679781420765	179	1
29.67136612021858	3200	1
29.673224043715848	8862	1
29.68726775956284	4157	1
29.687322404371585	6829	1
29.70016393442623	8561	1
29.700491803278688	7854	1
29.70054644808743	9874	1
29.700983606557376	7804	1
29.719945355191257	8172	1
29.720273224043716	7561	1
29.726612021857925	1379	1
29.732677595628417	147	1
29.75382513661202	8322	1
29.753934426229506	9558	1
29.765464480874318	9340	1
29.767158469945354	1126	1
29.780218579234973	3587	1
29.784098360655737	1776	1
29.78743169398907	5658	1
29.812404371584698	2495	1
29.82655737704918	8727	1
29.858579234972677	7334	1
29.865956284153004	6642	1
29.879180327868852	7939	1
29.87950819672131	4277	1
29.890109289617488	3963	1
29.895683060109288	7408	1
29.89879781420765	5870	1
29.91049180327869	3311	1
29.91584699453552	5112	1
29.93229508196721	4386	1
29.93655737704918	2821	1
29.968688524590164	7251	1
29.97103825136612	3355	1
29.979016393442624	1982	1
30.003333333333334	6435	1
30.00967213114754	7167	1
30.016010928961748	2144	1
30.02	6074	1
30.02327868852459	7539	1
30.027158469945352	6017	1
30.033934426229507	7476	1
30.0448087431694	6969	1
30.073442622950818	1627	1
30.079890710382514	7747	1
30.080218579234973	8566	1
30.081803278688525	1415	1
30.103989071038253	1827	1
30.1472131147541	3624	1
30.166448087431693	909	1
30.19125683060109	7437	1
30.19945355191257	7081	1
30.219726775956282	5247	1
30.253551912568305	7386	1
30.308852459016393	7736	1
30.322131147540983	8131	1
30.353387978142074	9659	1
30.391639344262295	6711	1
30.41245901639344	6908	1
30.414972677595628	2859	1
30.498142076502734	8526	1
30.50896174863388	4016	1
30.512021857923497	9743	1
30.51983606557377	2791	1
30.521420765027322	3489	1
30.53448087431694	8054	1
30.54377049180328	5522	1
30.588251366120218	8869	1
30.610710382513663	4751	1
30.64792349726776	4022	1
30.69808743169399	8628	1
30.71590163934426	194	1
30.72486338797814	8067	1
30.72693989071038	6106	1
30.76366120218579	6436	1
30.763825136612024	9462	1
30.782513661202184	2473	1
30.792950819672132	9575	1
30.81584699453552	6831	1
30.850382513661202	7042	1
30.882732240437157	4260	1
30.884426229508197	4889	1
30.893060109289618	1642	1
30.909508196721312	8934	1
30.919398907103826	3761	1
30.92934426229508	7281	1
30.95415300546448	3319	1
30.956338797814208	6738	1
30.964043715846994	5067	1
30.964371584699453	4271	1
30.994207650273225	471	1
31.03601092896175	4018	1
31.044754098360656	5602	1
31.05863387978142	1250	1
31.060163934426228	7245	1
31.062622950819673	979	1
31.064043715846996	6754	1
31.064699453551913	2464	1
31.072841530054642	5827	1
31.075136612021858	1196	1
31.111256830601093	8193	1
31.114098360655735	9624	1
31.12486338797814	2890	1
31.15792349726776	5079	1
31.207213114754097	7254	1
31.211475409836066	2199	1
31.221475409836064	8343	1
31.237322404371586	3184	1
31.246557377049182	4368	1
31.2548087431694	2768	1
31.258469945355188	9784	1
31.261311475409837	8084	1
31.288196721311476	8909	1
31.294426229508197	7493	1
31.327049180327865	7046	1
31.335245901639343	1848	1
31.340655737704918	394	1
31.359398907103824	9869	1
31.37213114754098	900	1
31.399071038251364	5349	1
31.403169398907103	4747	1
31.404153005464483	907	1
31.407322404371588	7076	1
31.43743169398907	4996	1
31.439781420765026	9387	1
31.443715846994536	7002	1
31.446174863387977	517	1
31.463715846994535	8653	1
31.46551912568306	8576	1
31.47311475409836	3468	1
31.479016393442624	2720	1
31.49027322404372	6352	1
31.496502732240437	3503	1
31.49699453551913	760	1
31.505409836065574	7409	1
31.50693989071038	5251	1
31.537704918032787	2439	1
31.540109289617487	981	1
31.557978142076504	8960	1
31.55846994535519	8157	1
31.56366120218579	4268	1
31.61677595628415	5566	1
31.621475409836066	7809	1
31.62349726775956	3357	1
31.623934426229507	6784	1
31.631420765027322	701	1
31.651639344262296	55	1
31.65256830601093	1201	1
31.684043715846993	110	1
31.689344262295084	9850	1
31.696229508196723	6696	1
31.73016393442623	3398	1
31.74142076502732	9705	1
31.77207650273224	4573	1
31.781311475409833	6471	1
31.79327868852459	6214	1
31.826120218579238	4527	1
31.84338797814208	2313	1
31.86224043715847	3801	1
31.887431693989072	9249	1
31.925956284153003	3590	1
31.9279781420765	1218	1
31.93191256830601	6745	1
31.935136612021857	6679	1
31.948306010928963	7729	1
31.95185792349727	7674	1
32.015191256830605	4314	1
32.01546448087432	1851	1
32.01956284153005	1871	1
32.0307650273224	4501	1
32.038743169398906	4804	1
32.052240437158474	8416	1
32.05814207650273	4988	1
32.07196721311475	2302	1
32.07295081967213	7312	1
32.08398907103825	3516	1
32.10453551912568	676	1
32.10863387978142	1657	1
32.13131147540984	7723	1
32.14590163934426	1623	1
32.15010928961748	1517	1
32.21841530054645	3751	1
32.25808743169399	3405	1
32.25814207650273	4024	1
32.28360655737705	1360	1
32.284699453551916	8036	1
32.31770491803278	3898	1
32.336994535519125	9092	1
32.371475409836066	2038	1
32.3803825136612	1571	1
32.39655737704918	8265	1
32.447431693989074	8016	1
32.459016393442624	9936	1
32.47076502732241	2055	1
32.47338797814208	1825	1
32.51426229508197	8120	1
32.53098360655738	6254	1
32.53939890710382	8165	1
32.54338797814208	8423	1
32.560327868852454	4176	1
32.56360655737705	8033	1
32.57628415300546	9554	1
32.58912568306011	4629	1
32.59169398907104	6793	1
32.62125683060109	4641	1
32.62486338797814	4863	1
32.63065573770492	558	1
32.640163934426226	5864	1
32.652131147540985	6600	1
32.70136612021858	8731	1
32.7103825136612	3614	1
32.71191256830601	1294	1
32.71551912568306	6885	1
32.72076502732241	2189	1
32.73688524590164	100	1
32.753114754098355	4378	1
32.76508196721311	2411	1
32.79377049180328	2154	1
32.798852459016395	3342	1
32.80459016393443	9992	1
32.806284153005464	1842	1
32.81092896174864	9319	1
32.826612021857926	8376	1
32.86196721311475	9718	1
32.88956284153006	4894	1
32.89437158469945	8716	1
32.93185792349727	8658	1
32.93349726775956	8459	1
32.93967213114754	5799	1
32.941475409836066	5363	1
32.97453551912568	260	1
33.00704918032787	6622	1
33.009890710382514	9321	1
33.02180327868852	1484	1
33.02540983606557	9329	1
33.0444262295082	8022	1
33.08081967213115	9602	1
33.08535519125683	364	1
33.12841530054644	1305	1
33.13945355191257	4673	1
33.15267759562841	7911	1
33.163606557377044	1969	1
33.190710382513664	2420	1
33.19415300546448	7541	1
33.24103825136612	9808	1
33.250109289617484	7338	1
33.270054644808745	423	1
33.29928961748634	2227	1
33.32382513661202	5145	1
33.3272131147541	4012	1
33.33311475409836	5614	1
33.36366120218579	1663	1
33.4051912568306	6330	1
33.40945355191257	1367	1
33.41284153005464	3959	1
33.420437158469944	1434	1
33.42344262295082	5174	1
33.43409836065574	9964	1
33.43863387978142	8538	1
33.44918032786885	5499	1
33.46830601092896	4333	1
33.470218579234974	9510	1
33.47934426229508	4108	1
33.491202185792346	1723	1
33.49535519125683	8499	1
33.50978142076502	7897	1
33.53005464480874	2081	1
33.53382513661202	1405	1
33.54120218579235	8823	1
33.560109289617486	6420	1
33.56579234972678	2772	1
33.57032786885246	2184	1
33.57043715846994	1282	1
33.57786885245902	6282	1
33.5779781420765	7678	1
33.598907103825134	9518	1
33.645300546448084	3808	1
33.6527868852459	8680	1
33.65710382513661	3681	1
33.66825136612022	5547	1
33.67120218579235	1461	1
33.68595628415301	1227	1
33.71710382513661	691	1
33.73693989071038	1536	1
33.75808743169399	4588	1
33.790218579234974	9398	1
33.81704918032787	6694	1
33.81803278688525	4680	1
33.82065573770492	2296	1
33.85688524590164	8610	1
33.86300546448087	3891	1
33.88551912568306	8108	1
33.912677595628416	7668	1
33.93928961748634	696	1
33.94573770491803	9598	1
34.01125683060109	8937	1
34.01377049180328	4791	1
34.03109289617486	51	1
34.03879781420765	9539	1
34.05142076502732	7900	1
34.09344262295082	1448	1
34.1007650273224	6259	1
34.100819672131145	9025	1
34.13131147540984	6602	1
34.16573770491804	2299	1
34.171967213114755	801	1
34.18857923497268	9070	1
34.19300546448087	8512	1
34.24125683060109	4311	1
34.264153005464486	1343	1
34.264153005464486	2924	1
34.2731693989071	2616	1
34.2855737704918	2244	1
34.29016393442623	9090	1
34.295027322404366	5974	1
34.29819672131147	1658	1
34.303278688524586	1531	1
34.34628415300546	7527	1
34.34726775956284	2273	1
34.363989071038255	6410	1
34.381202185792354	3652	1
34.40748633879781	3401	1
34.413005464480875	2857	1
34.42262295081967	8778	1
34.42475409836066	9984	1
34.427650273224046	1742	1
34.43863387978142	7545	1
34.46169398907104	4578	1
34.46486338797814	2733	1
34.489344262295084	6245	1
34.49021857923497	4594	1
34.51180327868852	4434	1
34.534918032786884	4786	1
34.53497267759563	3598	1
34.547814207650276	1122	1
34.58453551912569	40	1
34.58677595628415	991	1
34.59770491803279	4904	1
34.599672131147535	3534	1
34.616502732240434	3463	1
34.62508196721311	3543	1
34.630054644808745	8257	1
34.63792349726776	3795	1
34.643497267759564	2207	1
34.64546448087432	4806	1
34.64644808743169	5327	1
34.649562841530056	1697	1
34.66306010928962	4208	1
34.70234972677596	6133	1
34.71087431693989	5165	1
34.71606557377049	6120	1
34.72114754098361	4106	1
34.73136612021858	4381	1
34.741530054644805	8819	1
34.74355191256831	473	1
34.77010928961749	3636	1
34.78601092896175	9204	1
34.78715846994535	6513	1
34.79841530054645	7380	1
34.79901639344262	6406	1
34.80814207650273	4189	1
34.82879781420765	4525	1
34.85256830601092	7288	1
34.8575956284153	5303	1
34.86065573770492	6136	1
34.876338797814206	5847	1
34.87836065573771	6850	1
34.90076502732241	1958	1
34.92775956284153	9802	1
34.95617486338797	6188	1
34.95907103825136	6825	1
35.0179781420765	8926	1
35.0187431693989	9709	1
35.02792349726776	6922	1
35.03704918032787	8647	1
35.044371584699455	4266	1
35.053333333333335	5348	1
35.06464480874317	9576	1
35.089234972677595	5757	1
35.09803278688525	1767	1
35.09907103825137	6231	1
35.10218579234973	319	1
35.10322404371585	5754	1
35.117704918032786	3490	1
35.11934426229508	9327	1
35.14262295081967	7494	1
35.155027322404365	6774	1
35.156666666666666	5013	1
35.18125683060109	9408	1
35.1879781420765	6411	1
35.1983606557377	8015	1
35.21939890710382	9985	1
35.220273224043716	1654	1
35.220983606557375	3005	1
35.23879781420765	2802	1
35.24191256830601	8796	1
35.256120218579234	8663	1
35.2575956284153	554	1
35.28262295081967	4543	1
35.29076502732241	9299	1
35.29153005464481	7126	1
35.30060109289617	6485	1
35.31497267759563	1356	1
35.343715846994535	7237	1
35.368032786885244	7507	1
35.377377049180325	2560	1
35.394262295081965	4357	1
35.39502732240437	3418	1
35.3996174863388	7851	1
35.424972677595626	3719	1
35.47344262295082	635	1
35.51622950819672	3796	1
35.53409836065574	4361	1
35.54672131147541	9870	1
35.57557377049181	647	1
35.609890710382516	3255	1
35.629289617486336	6839	1
35.64830601092896	4220	1
35.67469945355191	6452	1
35.68344262295082	5357	1
35.686939890710384	5650	1
35.691092896174865	3194	1
35.71256830601092	6510	1
35.729234972677595	5407	1
35.73120218579235	852	1
35.73163934426229	5275	1
35.74775956284153	7143	1
35.776775956284155	1258	1
35.795519125683064	5711	1
35.80978142076503	9552	1
35.822349726775954	3116	1
35.83251366120219	4010	1
35.846010928961746	1581	1
35.84612021857924	7981	1
35.906994535519125	3805	1
35.90754098360656	3921	1
35.93715846994536	8061	1
35.9431693989071	6182	1
35.95333333333333	1811	1
35.98661202185792	6788	1
36.051912568306015	3849	1
36.06808743169399	7407	1
36.073497267759564	4583	1
36.08437158469945	6698	1
36.139289617486334	3984	1
36.14071038251366	7255	1
36.15633879781421	2797	1
36.16136612021858	9901	1
36.189234972677596	2097	1
36.19431693989071	7001	1
36.21748633879781	6523	1
36.22666666666667	7118	1
36.2312568306011	7124	1
36.2344262295082	839	1
36.26726775956284	3601	1
36.269617486338795	525	1
36.2712568306011	5365	1
36.27180327868852	3496	1
36.29224043715847	5300	1
36.29234972677596	7158	1
36.3008743169399	6389	1
36.32	6239	1
36.343825136612026	3197	1
36.356120218579235	940	1
36.36311475409836	3596	1
36.37049180327869	5156	1
36.3720218579235	1645	1
36.38502732240437	9411	1
36.40153005464481	9353	1
36.40726775956284	6741	1
36.41573770491803	884	1
36.41808743169399	2332	1
36.43633879781421	4107	1
36.44311475409836	2345	1
36.473278688524594	3872	1
36.49972677595629	6257	0
36.505355191256825	298	1
36.529344262295076	1558	1
36.53901639344262	5263	1
36.569071038251366	8843	1
36.57300546448088	2704	1
36.5748087431694	2432	1
36.57628415300546	9657	1
36.619672131147546	8106	1
36.64398907103825	8849	1
36.66655737704918	230	1
36.67770491803279	1809	1
36.679508196721315	6954	1
36.71213114754098	3051	1
36.728852459016395	2746	1
36.74890710382514	316	1
36.76191256830601	8405	1
36.76672131147541	2506	1
36.780491803278686	4100	1
36.783169398907106	2193	1
36.80617486338798	5739	1
36.82568306010929	3836	1
36.844918032786886	1449	1
36.851639344262296	3034	1
36.86453551912568	6451	1
36.88765027322405	6132	1
36.92688524590164	5425	1
36.940983606557374	8978	1
36.96267759562841	351	1
37.01021857923497	8035	1
37.035355191256826	1687	1
37.06677595628415	6010	1
37.0820218579235	7563	1
37.08306010928962	3578	1
37.1196174863388	5203	1
37.12459016393443	7841	1
37.14934426229508	332	1
37.16568306010929	7214	1
37.16808743169399	5788	1
37.20857923497268	576	1
37.21639344262295	7814	1
37.2231693989071	6736	1
37.252021857923495	5009	1
37.26234972677596	3286	1
37.273005464480875	2762	1
37.305956284153005	9001	1
37.32120218579235	8939	1
37.324043715847	3138	1
37.330655737704916	187	1
37.335901639344264	2833	1
37.33836065573771	3648	1
37.339672131147545	328	1
37.34513661202186	9403	1
37.375027322404364	2794	1
37.385737704918036	7028	1
37.39344262295082	6917	1
37.405573770491806	7047	1
37.448579234972684	2436	1
37.45508196721311	1925	1
37.45535519125683	9961	1
37.47005464480874	2591	1
37.51120218579235	2586	1
37.51612021857923	2134	1
37.52415300546448	7054	1
37.55863387978142	8241	1
37.57229508196721	7580	1
37.57333333333334	9041	1
37.57939890710383	2402	1
37.5824043715847	9471	1
37.598961748633876	6729	1
37.62464480874317	46	1
37.636830601092896	4925	1
37.639508196721316	572	1
37.651803278688526	2214	1
37.665956284153005	4303	1
37.69185792349727	6961	1
37.695573770491805	8640	1
37.70016393442623	8769	1
37.7016393442623	6956	1
37.710491803278686	5495	1
37.728142076502735	9394	1
37.746830601092896	5869	1
37.74732240437159	7912	1
37.76601092896175	6790	1
37.767103825136616	2145	1
37.776721311475406	6556	1
37.782349726775955	1734	1
37.78819672131148	7971	1
37.79885245901639	451	1
37.80377049180328	6881	1
37.83196721311475	6948	1
37.83994535519126	8357	1
37.84901639344262	3329	1
37.851912568306005	8596	1
37.85765027322404	3268	1
37.87825136612022	3129	1
37.89972677595628	2839	1
37.90786885245902	9217	1
37.93792349726776	1735	1
37.977704918032785	9289	1
37.9992349726776	5344	1
38.062677595628415	885	1
38.074590163934424	4043	1
38.08606557377049	9359	1
38.10136612021858	1259	1
38.14224043715847	4715	1
38.16	3874	1
38.164480874316936	288	1
38.187704918032786	216	1
38.19191256830601	3057	1
38.23622950819672	4246	1
38.25360655737705	6329	1
38.274043715847	4714	1
38.285027322404375	7358	1
38.30333333333333	4297	1
38.322349726775954	1910	1
38.33540983606557	5287	1
38.35704918032787	4014	1
38.35704918032787	6278	1
38.360983606557376	7673	1
38.36387978142076	2113	1
38.37573770491803	8860	1
38.385737704918036	5999	1
38.38994535519126	9475	1
38.40256830601093	706	1
38.409617486338796	2555	1
38.43087431693989	5811	1
38.44464480874317	8495	1
38.44661202185792	1755	1
38.46262295081967	3112	1
38.46562841530054	9966	1
38.503551912568305	8997	1
38.51071038251366	8491	1
38.51530054644809	4351	1
38.547322404371585	6627	1
38.54868852459016	4441	1
38.56327868852459	2980	1
38.56360655737705	418	1
38.566830601092896	1275	1
38.57535519125683	5340	1
38.5763387978142	9099	1
38.58693989071038	3566	1
38.594153005464484	5772	1
38.594918032786886	9328	1
38.60333333333333	8753	1
38.609071038251365	5237	1
38.61338797814208	7446	1
38.62229508196721	5904	1
38.633442622950824	5979	1
38.64136612021858	2087	1
38.6444262295082	8507	1
38.64825136612022	118	1
38.653989071038254	5023	1
38.66551912568306	8171	1
38.67546448087431	8176	1
38.68535519125683	2367	1
38.718743169398905	2944	1
38.719071038251364	8074	1
38.72595628415301	6055	1
38.73125683060109	4503	1
38.75185792349727	9409	1
38.7703825136612	5177	1
38.77677595628415	3683	1
38.792131147540985	5868	1
38.80803278688525	1686	1
38.81174863387978	8794	1
38.849344262295084	7011	1
38.85480874316939	6465	1
38.8651912568306	5206	1
38.88448087431694	6683	1
38.888579234972674	9069	1
38.90814207650273	50	1
38.91169398907104	3843	1
38.916666666666664	1020	1
38.91808743169398	4250	1
38.91868852459016	1118	1
38.922349726775956	7706	1
38.926120218579236	7905	1
38.926939890710386	9427	1
38.93786885245901	348	1
38.941366120218575	2476	1
38.9487431693989	5515	1
38.967213114754095	7064	1
38.981147540983606	5657	1
39.022240437158466	9026	1
39.03021857923497	1883	1
39.03939890710382	7970	1
39.04	6103	1
39.04267759562841	1054	1
39.04786885245901	7711	1
39.05262295081967	1296	1
39.05491803278689	3059	1
39.05497267759563	5489	1
39.05983606557377	1993	0
39.063497267759566	4595	1
39.07535519125683	5484	1
39.09306010928962	9640	1
39.10857923497267	8534	1
39.120983606557374	9830	1
39.129617486338795	7953	1
39.13431693989071	1650	1
39.16655737704918	9248	1
39.169726775956285	4224	1
39.1987431693989	3684	1
39.204808743169394	575	1
39.205300546448086	5520	1
39.209071038251366	9511	1
39.211256830601094	8664	1
39.219781420765024	108	1
39.22163934426229	3050	1
39.225464480874315	1808	1
39.233333333333334	2855	1
39.27098360655737	737	1
39.27874316939891	7681	1
39.283497267759564	1222	1
39.28819672131147	7818	1
39.31540983606558	5590	1
39.321311475409836	5871	1
39.328032786885245	4736	1
39.32825136612022	2551	1
39.34628415300546	3834	1
39.35366120218579	3214	1
39.3603825136612	4280	1
39.393278688524596	7410	1
39.413825136612026	7760	1
39.416393442622955	2510	1
39.419726775956285	1165	1
39.42819672131147	2955	1
39.43125683060109	1520	1
39.47300546448087	7239	1
39.475136612021856	7420	1
39.47841530054645	8301	1
39.481475409836065	5120	1
39.4935519125683	8473	1
39.529016393442625	9635	1
39.53136612021858	671	1
39.54349726775956	9800	1
39.55606557377049	5767	1
39.56398907103825	5829	1
39.596721311475406	9101	1
39.62918032786885	2640	1
39.64043715846994	3904	1
39.69715846994535	7783	1
39.701857923497265	5070	1
39.712076502732245	3619	1
39.71251366120219	4260	0
39.7211475409836	2203	1
39.72131147540984	8737	1
39.73650273224044	5540	1
39.740054644808744	18	1
39.77912568306011	1685	1
39.7807650273224	9137	1
39.7824043715847	9855	1
39.7896174863388	2349	1
39.81863387978142	5780	1
39.82464480874317	8503	1
39.82737704918032	5497	1
39.850218579234976	4260	1
39.86557377049181	7792	1
39.87284153005464	6501	1
39.884863387978136	7110	1
39.88896174863388	3240	1
39.90530054644809	6633	1
39.923879781420766	6605	1
39.94535519125683	2512	1
39.95879781420765	8474	1
39.962021857923496	8528	1
39.96617486338798	3662	1
39.98989071038251	5211	1
40.01131147540983	6807	1
40.014426229508196	589	1
40.01967213114754	7470	1
40.02169398907104	6243	1
40.02224043715847	8500	1
40.0388524590164	1035	1
40.04098360655738	3607	1
40.07715846994535	8685	1
40.07846994535519	1660	1
40.10666666666666	6385	1
40.121803278688525	3248	1
40.12770491803279	7942	1
40.14918032786885	5014	1
40.158087431693986	5141	1
40.17245901639344	416	1
40.173497267759565	5221	1
40.18366120218579	8865	1
40.20005464480874	3520	1
40.20584699453551	6472	1
40.20704918032787	6834	1
40.215355191256826	166	1
40.227322404371584	550	1
40.240054644808744	2225	1
40.25136612021858	928	1
40.33311475409836	2524	1
40.338852459016394	2545	1
40.34125683060109	1807	1
40.34464480874317	2894	1
40.348579234972675	8551	1
40.36486338797814	9310	1
40.38513661202186	6861	1
40.39622950819672	1706	1
40.40535519125683	3958	1
40.40551912568306	6543	1
40.42333333333333	2861	1
40.429125683060114	2651	1
40.443333333333335	7838	1
40.44601092896175	659	1
40.44672131147541	4397	1
40.4603825136612	999	1
40.47540983606557	4214	1
40.47590163934426	3344	1
40.47852459016393	4407	1
40.48508196721312	5959	1
40.49142076502733	6273	1
40.492677595628415	7220	1
40.51169398907104	9421	1
40.515573770491805	9942	1
40.51983606557377	4918	1
40.51983606557377	8956	1
40.52174863387978	1787	1
40.52475409836065	5416	1
40.53382513661202	4164	1
40.54775956284153	8733	1
40.56606557377049	9969	1
40.60322404371585	3296	1
40.61950819672131	6528	1
40.63224043715847	1498	1
40.656557377049175	5983	1
40.6811475409836	8770	1
40.6896174863388	847	1
40.690546448087424	7779	1
40.70765027322405	6425	1
40.73989071038251	5549	1
40.74	1106	1
40.76245901639344	7642	1
40.76267759562842	4169	1
40.76579234972677	4236	1
40.7679781420765	4240	1
40.771530054644806	6141	1
40.78595628415301	1471	1
40.80989071038251	1314	1
40.812349726775956	5276	1
40.81923497267759	1605	1
40.81923497267759	1701	1
40.819890710382516	4454	1
40.82196721311475	7636	1
40.851584699453554	8030	1
40.86180327868853	6029	1
40.86344262295082	8366	1
40.87770491803279	6206	1
40.88174863387978	8815	1
40.890109289617484	9845	1
40.91770491803278	7623	1
40.93579234972678	6184	1
40.943661202185794	2000	1
40.94836065573771	480	1
40.98021857923497	6033	1
40.98136612021858	2714	1
40.98393442622951	8254	1
40.98885245901639	9223	1
40.99513661202185	2826	1
41.007650273224044	3495	1
41.01612021857923	3586	1
41.02934426229508	6921	1
41.040218579234974	7273	1
41.04295081967213	4551	1
41.04420765027322	3763	1
41.072732240437155	5189	1
41.07666666666666	4801	1
41.086284153005465	9940	1
41.09	2618	1
41.09273224043716	1911	1
41.09978142076503	6086	1
41.107650273224046	6107	1
41.136010928961745	7714	1
41.14677595628415	4340	1
41.15754098360656	4355	1
41.17601092896175	2998	1
41.177103825136605	2107	1
41.20808743169399	5433	1
41.224754098360656	4166	1
41.231803278688524	9045	1
41.241857923497264	8952	1
41.2920218579235	3027	1
41.29715846994535	9440	1
41.313770491803275	9371	1
41.338142076502734	2481	1
41.35071038251366	8809	1
41.36092896174863	2024	1
41.37153005464481	5367	1
41.377431693989074	6126	1
41.39136612021858	24	1
41.39519125683061	9761	1
41.39562841530055	6512	1
41.40540983606557	3321	1
41.43890710382514	9846	1
41.43890710382514	5448	1
41.445136612021855	1778	1
41.45136612021858	3584	1
41.45513661202185	2200	1
41.462404371584704	5948	1
41.468251366120214	7514	1
41.51	2994	1
41.52071038251366	3738	1
41.52366120218579	7918	1
41.549180327868854	5582	1
41.557759562841525	7637	1
41.56256830601093	1393	1
41.57344262295082	5655	1
41.587759562841526	598	1
41.59098360655737	4869	1
41.607158469945354	3456	1
41.61530054644809	4394	1
41.6179781420765	9998	1
41.63994535519125	6755	1
41.64327868852459	5204	1
41.64453551912568	653	1
41.64519125683061	8987	1
41.650218579234966	917	1
41.6503825136612	9660	0
41.65792349726776	204	1
41.67098360655738	3785	1
41.70180327868852	5406	1
41.70830601092896	9722	1
41.70885245901639	2543	1
41.72065573770492	6903	1
41.72748633879781	6235	1
41.73344262295082	7216	1
41.74573770491803	8618	1
41.783114754098364	7919	1
41.78732240437159	9934	1
41.81879781420765	70	1
41.8311475409836	3156	1
41.8311475409836	3250	1
41.842240437158466	130	1
41.87606557377049	1646	1
41.88666666666666	2323	1
41.90382513661202	2817	1
41.940000000000005	4912	1
41.95245901639344	2992	1
41.970273224043716	9160	1
41.97792349726776	9383	1
41.97863387978142	2363	1
42.00147540983607	5961	1
42.003224043715846	1048	1
42.05868852459017	4537	1
42.0687431693989	5699	1
42.0711475409836	1212	1
42.080163934426224	7570	1
42.08644808743169	1989	1
42.12306010928962	3455	1
42.13819672131147	2697	1
42.15420765027322	336	1
42.17163934426229	3394	1
42.19978142076503	4971	1
42.20103825136612	3392	1
42.20633879781421	6174	1
42.213114754098356	9358	1
42.24218579234973	5090	1
42.2475956284153	2595	1
42.25273224043716	1465	1
42.269180327868845	5812	1
42.27890710382514	8990	1
42.314918032786885	9023	1
42.326612021857926	6970	1
42.33021857923497	9717	1
42.34311475409836	2099	1
42.344426229508194	2251	1
42.348196721311474	2122	1
42.348196721311474	7820	1
42.35846994535519	9629	1
42.36879781420765	372	1
42.37366120218579	2366	1
42.38398907103825	7199	1
42.40213114754098	5771	1
42.41256830601093	8055	1
42.418196721311475	2148	1
42.435464480874316	9572	1
42.457978142076506	9583	1
42.460109289617485	1624	1
42.4644262295082	6761	1
42.46540983606557	4985	1
42.46699453551912	4304	1
42.48065573770492	1545	1
42.48939890710382	5907	1
42.52502732240437	284	1
42.550983606557374	5098	1
42.56622950819672	250	1
42.57333333333333	6164	1
42.5827868852459	7585	1
42.58431693989071	4868	1
42.586393442622956	2051	1
42.592677595628416	2339	1
42.59530054644809	4778	1
42.64213114754098	9335	1
42.655464480874315	5405	1
42.70956284153006	1711	1
42.72699453551912	9899	1
42.73781420765027	9528	1
42.75409836065574	8855	1
42.78234972677596	3182	1
42.79163934426229	6216	1
42.801366120218574	6318	1
42.81808743169399	9980	1
42.82218579234973	2293	1
42.843387978142076	7147	1
42.861639344262294	2311	1
42.863934426229505	1745	1
42.88999999999999	8025	1
42.899180327868855	7359	1
42.90590163934426	9996	1
42.95879781420766	5476	1
42.963825136612016	5888	1
42.9648087431694	663	1
42.9651912568306	8851	1
42.96535519125683	6168	1
42.999453551912566	8973	1
43.02912568306011	6239	0
43.031639344262295	2608	1
43.05732240437158	5124	1
43.08453551912569	4288	1
43.09224043715847	353	1
43.143934426229514	6000	1
43.15032786885246	0	1
