0.01158792349726776	90	1
0.013680655737704918	6333	1
0.03495994535519125	7562	1
0.06967377049180327	144	1
0.16642568306010927	7395	1
0.1715857923497268	2002	1
0.23997486338797813	6366	1
0.2416256830601093	1485	1
0.24617595628415298	6313	1
0.3980639344262295	7951	1
0.42195136612021855	4395	1
0.6293224043715847	303	1
0.7866120218579234	3576	1
0.7911967213114754	4596	1
0.8462732240437159	5164	1
0.8516994535519126	9254	1
0.8825300546448087	1853	1
1.0642622950819671	6070	1
1.1946994535519124	310	1
1.2229234972677594	881	1
1.2416174863387979	7090	1
1.2521857923497268	2807	1
1.2969398907103824	4498	1
1.3151967213114755	2986	1
1.4512896174863388	3238	1
1.4767814207650274	5803	1
1.5645956284153006	5257	1
1.6668524590163933	3793	1
1.6682349726775956	6863	1
1.691311475409836	184	1
1.7426338797814207	5059	1
1.753	581	1
1.7798688524590163	2234	1
1.8569344262295082	2150	1
1.868393442622951	8591	1
1.8842841530054644	2492	1
1.9072568306010929	8379	1
1.9233934426229509	335	1
1.946950819672131	904	1
2.0013387978142076	7423	1
2.0578524590163934	2889	1
2.0637868852459014	7638	1
2.0981967213114756	1126	1
2.1425628415300544	8935	1
2.2010983606557377	9751	1
2.231426229508197	4861	1
2.2342349726775956	6010	1
2.2645300546448084	1949	1
2.267743169398907	6226	1
2.2967213114754097	7075	1
2.3653551912568305	607	1
2.3755081967213116	3992	1
2.438972677595628	5450	1
2.483295081967213	3209	1
2.532934426229508	7549	1
2.543497267759563	3402	1
2.5701693989071037	3903	1
2.7403661202185794	5685	1
2.91124043715847	3186	1
2.9446502732240436	3106	1
3.0179071038251366	4307	1
3.0907540983606556	2668	1
3.1017213114754094	7125	1
3.103710382513661	5994	1
3.1493387978142073	6043	1
3.197103825136612	9985	1
3.2650601092896174	2632	1
3.2796174863387977	3426	1
3.307633879781421	3785	1
3.335311475409836	402	1
3.438191256830601	6384	1
3.523775956284153	3411	1
3.537016393442623	9352	1
3.579502732240437	8587	1
3.594311475409836	4223	1
3.7204098360655737	9363	1
3.7669562841530055	3545	1
3.915021857923497	8095	1
3.938464480874317	306	1
3.974688524590164	9715	1
3.9968579234972674	3396	1
4.044890710382513	885	1
4.087950819672131	388	1
4.10091256830601	6641	1
4.241338797814207	2583	1
4.26379781420765	5011	1
4.273426229508197	6360	1
4.352628415300546	8853	1
4.397524590163934	9650	1
4.4538087431693985	5384	1
4.474409836065574	5195	1
4.475655737704918	4857	1
4.496491803278688	9339	1
4.650256830601093	9884	1
4.664956284153005	8608	1
4.689	5759	1
4.760546448087432	2996	1
4.83183606557377	7754	1
4.835830601092896	9210	1
4.883721311475409	4724	1
4.917284153005465	5769	1
4.919387978142076	7226	1
4.9438360655737705	2800	1
4.951896174863388	8824	1
5.004333333333333	9384	1
5.01039344262295	7079	1
5.014442622950819	3624	1
5.126262295081967	3104	1
5.221387978142077	8063	1
5.247562841530055	7105	1
5.3185628415300545	8633	1
5.319355191256831	9782	1
5.336956284153006	5790	1
5.374699453551912	8212	1
5.390814207650273	1745	1
5.410131147540983	3225	1
5.4270327868852455	1263	1
5.470819672131148	761	1
5.48568306010929	4228	1
5.493387978142076	9870	1
5.558142076502732	8560	1
5.641256830601092	1367	1
5.654972677595628	5063	1
5.680546448087432	2468	1
5.751256830601093	979	1
5.769398907103825	7039	1
5.876174863387978	1563	1
5.970218579234972	2662	1
6.006174863387979	2303	1
6.011967213114754	3122	1
6.043989071038251	8433	1
6.080765027322404	7535	1
6.1262295081967215	4964	1
6.186612021857924	2520	1
6.192295081967213	8551	1
6.231967213114753	5415	1
6.260874316939891	6294	1
6.34568306010929	5053	1
6.37672131147541	7709	1
6.391639344262296	4156	1
6.396885245901639	2651	1
6.404754098360656	5459	1
6.436284153005464	2945	1
6.446994535519125	6422	1
6.629508196721312	5518	1
6.641639344262296	659	1
6.6858469945355194	1273	1
6.6877595628415305	3171	1
6.693551912568306	1403	1
6.695846994535518	5149	1
6.695901639344262	8354	1
6.707158469945355	7295	1
6.753879781420765	4616	1
6.8809289617486336	9921	1
6.904371584699454	2930	1
6.946775956284153	6027	1
6.966010928961748	8972	1
6.9786338797814205	9491	1
7.023278688524591	7471	1
7.026174863387978	6836	1
7.037978142076502	3972	1
7.091092896174864	1570	1
7.107431693989071	1747	1
7.124590163934426	8734	1
7.177377049180327	6982	1
7.182295081967213	7062	1
7.183005464480874	6832	1
7.185628415300546	58	1
7.187650273224044	7063	1
7.231967213114753	6283	1
7.294918032786885	8035	1
7.299453551912568	541	1
7.301584699453551	4697	1
7.393715846994536	1049	1
7.4590163934426235	472	1
7.500437158469945	2863	1
7.572021857923498	8936	1
7.586065573770492	5647	1
7.619726775956283	1072	1
7.693442622950819	7327	1
7.747540983606557	2712	1
7.762677595628415	7702	1
7.765901639344262	8671	1
7.77103825136612	9218	1
7.812076502732241	144	0
7.830109289617487	1511	1
7.832131147540983	5172	1
7.848852459016394	3715	1
7.8939344262295075	5602	1
7.902622950819672	9972	1
7.937267759562841	7595	1
7.959398907103824	2178	1
8.138907103825137	3400	1
8.172732240437158	1472	1
8.197322404371585	615	1
8.248524590163935	9057	1
8.272786885245901	9482	1
8.32103825136612	7190	1
8.334590163934426	9068	1
8.359016393442623	5206	1
8.402459016393442	749	1
8.406338797814207	7360	1
8.454535519125683	1551	1
8.456830601092896	6197	1
8.459180327868852	5151	1
8.51568306010929	2023	1
8.585136612021858	8872	1
8.608251366120218	4063	1
8.634426229508197	8913	1
8.638961748633879	4264	1
8.656065573770492	1370	1
8.678688524590164	7574	1
8.721857923497268	1676	1
8.726721311475409	6444	1
8.849180327868853	9807	1
8.888360655737705	3146	1
8.994153005464481	3013	1
9.017322404371585	5648	1
9.038032786885246	9538	1
9.072622950819673	8868	1
9.07502732240437	2153	1
9.1075956284153	4952	1
9.144590163934426	412	1
9.156448087431693	8376	1
9.170601092896176	4376	1
9.180928961748634	9291	1
9.187322404371583	4608	1
9.196775956284153	5808	1
9.198306010928963	2850	1
9.209453551912569	1282	1
9.2124043715847	7206	1
9.245300546448087	4502	1
9.287868852459017	2055	1
9.288360655737705	1248	1
9.289344262295081	4563	1
9.301420765027324	1501	1
9.349453551912568	8431	1
9.37808743169399	3032	1
9.38103825136612	3893	1
9.422786885245902	5557	1
9.471420765027322	9411	1
9.51912568306011	2852	1
9.527704918032786	9449	1
9.536448087431694	991	1
9.595464480874318	8468	1
9.604644808743169	3373	1
9.611311475409835	4508	1
9.624754098360654	61	1
9.63398907103825	4712	1
9.678579234972677	5896	1
9.681420765027323	3952	1
9.719617486338798	1283	1
9.733551912568306	7060	1
9.76912568306011	8294	1
9.77103825136612	2633	1
9.784644808743169	4052	1
9.78879781420765	9079	1
9.877814207650273	9332	1
9.903879781420764	711	1
9.938360655737705	2591	1
9.945792349726776	8394	1
10.090765027322403	9577	1
10.143825136612021	4804	1
10.167540983606557	9865	1
10.173989071038251	9508	1
10.194918032786884	7309	1
10.220273224043716	8986	1
10.238032786885247	5897	1
10.258688524590163	5846	1
10.259234972677595	9631	1
10.266229508196721	925	1
10.32775956284153	9765	1
10.391420765027322	3436	1
10.398032786885246	6615	1
10.445409836065574	8541	1
10.490546448087432	2772	1
10.546010928961747	3534	1
10.572677595628415	8050	1
10.603989071038251	7518	1
10.632841530054645	2896	1
10.659071038251366	9314	1
10.66103825136612	1803	1
10.698196721311476	2721	1
10.711092896174863	7117	1
10.72103825136612	4005	1
10.729180327868852	9549	1
10.74103825136612	9860	1
10.757486338797815	7447	1
10.829289617486339	5509	1
10.8403825136612	9392	1
10.907814207650274	9746	1
10.919234972677595	7315	1
10.921639344262296	6144	1
10.930928961748634	4276	1
10.944535519125683	2779	1
10.959836065573771	2648	1
10.971967213114755	3618	1
10.97415300546448	5299	1
11.000928961748633	8922	1
11.01153005464481	8117	1
11.048415300546448	1356	1
11.064480874316938	9026	1
11.085300546448089	3044	1
11.113333333333332	5604	1
11.142459016393444	1197	1
11.191092896174863	6738	1
11.2524043715847	8114	1
11.273879781420764	6944	1
11.309945355191257	1961	1
11.318469945355192	8208	1
11.418579234972679	1213	1
11.421147540983608	835	1
11.426502732240436	5289	1
11.45551912568306	5168	1
11.466775956284154	50	1
11.473715846994535	5324	1
11.475573770491803	2734	1
11.51535519125683	4045	1
11.567540983606557	3669	1
11.596830601092895	9748	1
11.643989071038252	4165	1
11.647103825136611	8796	1
11.690765027322405	1661	1
11.701311475409835	6646	1
11.710273224043714	4015	1
11.751693989071038	2039	1
11.758360655737706	2526	1
11.783825136612021	9588	1
11.811202185792348	7442	1
11.818251366120219	9831	1
11.834207650273225	833	1
11.879453551912567	9078	1
11.903387978142076	3414	1
11.964043715846994	6349	1
11.969945355191257	9355	1
12.09672131147541	6533	1
12.1148087431694	4598	1
12.133551912568306	6888	1
12.133934426229507	6671	1
12.147377049180328	8641	1
12.156830601092896	6756	1
12.157431693989071	3983	1
12.382076502732241	1348	1
12.388251366120219	3827	1
12.392459016393442	7341	1
12.432021857923496	4552	1
12.439508196721311	6575	1
12.441256830601093	4120	1
12.4827868852459	9790	1
12.486994535519125	3499	1
12.633387978142077	7234	1
12.679836065573769	6111	1
12.686338797814209	9104	1
12.708852459016393	5138	1
12.709562841530055	7825	1
12.721311475409836	8189	1
12.733060109289617	5505	1
12.741420765027321	8255	1
12.750983606557377	3310	1
12.751147540983606	2215	1
12.958360655737705	1883	1
12.959890710382513	7828	1
12.972076502732241	5123	1
13.014535519125683	5760	1
13.058852459016395	7173	1
13.082677595628414	2775	1
13.105300546448087	3423	1
13.122076502732241	6747	1
13.126448087431692	8329	1
13.199125683060108	8461	1
13.234207650273223	2872	1
13.239234972677595	6357	1
13.248688524590163	976	1
13.250819672131147	3450	1
13.256885245901639	3965	1
13.326885245901638	1001	1
13.366939890710382	1861	1
13.42448087431694	9674	1
13.491530054644809	8666	1
13.533224043715848	3915	1
13.59207650273224	3421	1
13.606666666666667	3326	1
13.669945355191256	7751	1
13.691475409836064	9303	1
13.711038251366121	7437	1
13.71622950819672	612	1
13.75896174863388	7111	1
13.821256830601092	4320	1
13.826065573770492	6382	1
13.83327868852459	863	1
13.835027322404372	6810	1
13.840819672131147	5004	1
13.859726775956283	7071	1
13.893169398907103	506	1
13.927322404371584	363	1
13.92879781420765	2922	1
13.969125683060108	6246	1
13.982185792349727	9659	1
13.98327868852459	6340	1
13.987377049180328	5785	1
13.998032786885247	8482	1
14.016284153005465	8983	1
14.074371584699454	234	1
14.079180327868853	4719	1
14.118524590163934	8263	1
14.14191256830601	3448	1
14.195573770491803	7953	1
14.215628415300545	1425	1
14.224426229508197	2102	1
14.244426229508198	8546	1
14.344371584699454	9963	1
14.344754098360657	6061	1
14.405792349726775	8111	1
14.435245901639343	7217	1
14.436338797814209	1783	1
14.441803278688525	6129	1
14.465519125683059	8219	1
14.540273224043714	7439	1
14.5824043715847	7036	1
14.59497267759563	3531	1
14.604808743169398	6840	1
14.675573770491804	3056	1
14.70071038251366	6996	1
14.708688524590164	9188	1
14.712896174863388	843	1
14.724535519125682	2707	1
14.72606557377049	7666	1
14.742677595628415	7132	1
14.761857923497267	5878	1
14.79087431693989	8236	1
14.809289617486339	7922	1
14.873879781420765	4753	1
15.008360655737706	9922	1
15.013005464480873	794	1
15.018743169398906	365	1
15.045245901639344	2376	1
15.052295081967213	9760	1
15.079016393442624	8681	1
15.11377049180328	5607	1
15.123060109289618	2499	1
15.131967213114754	1662	1
15.132185792349725	9764	1
15.159726775956285	7619	1
15.205136612021859	545	1
15.209453551912567	2072	1
15.233497267759564	1650	1
15.246120218579234	9826	1
15.305628415300546	8006	1
15.391256830601092	8752	1
15.394426229508197	3784	1
15.415846994535519	2141	1
15.429617486338797	6154	1
15.433825136612022	1529	1
15.434043715846995	6054	1
15.442185792349727	7450	1
15.443661202185792	5396	1
15.47896174863388	411	1
15.479398907103825	8845	1
15.487978142076502	1057	1
15.508251366120218	4799	1
15.516994535519126	5218	1
15.517814207650272	4379	1
15.5348087431694	6921	1
15.590819672131147	3806	1
15.595245901639345	8537	1
15.60879781420765	2597	1
15.652568306010929	6851	1
15.691147540983605	3830	1
15.737158469945356	841	1
15.75502732240437	8522	1
15.777650273224042	4622	1
15.79967213114754	3046	1
15.810273224043716	6152	1
15.815737704918034	139	1
15.846120218579236	5985	1
15.858907103825137	9596	1
15.867267759562841	971	1
15.89535519125683	8387	1
15.908633879781421	5691	1
15.935027322404371	6633	1
15.936229508196721	2695	1
15.940109289617485	8616	1
15.946666666666667	9093	1
15.963005464480874	1816	1
15.988961748633878	635	1
16.012021857923497	8973	1
16.023333333333333	4731	1
16.028743169398908	5616	1
16.038524590163934	6612	1
16.059781420765027	6314	1
16.06672131147541	1605	1
16.125792349726776	3054	1
16.134754098360656	1891	1
16.156120218579236	7823	1
16.162021857923495	7252	1
16.175464480874318	6303	1
16.179344262295082	6281	1
16.19382513661202	2670	1
16.209071038251366	7056	1
16.228852459016395	7564	1
16.25021857923497	9842	1
16.264699453551913	3980	1
16.265464480874314	7931	1
16.272131147540982	4028	1
16.272732240437158	3662	1
16.281967213114754	2504	1
16.2851912568306	8731	1
16.30032786885246	1935	1
16.30568306010929	8204	1
16.31622950819672	7284	1
16.355901639344264	5804	1
16.3931693989071	6309	1
16.399890710382515	8848	1
16.401967213114755	4551	1
16.41846994535519	7677	1
16.475573770491803	5267	1
16.493169398907103	6252	1
16.522732240437158	1264	1
16.57224043715847	7262	1
16.591420765027323	2576	1
16.625300546448088	8535	1
16.654316939890712	3382	1
16.657650273224043	462	1
16.683497267759563	9828	1
16.685956284153004	8818	1
16.729125683060108	134	1
16.737540983606557	7415	1
16.74535519125683	8652	1
16.77786885245902	926	1
16.78830601092896	5212	1
16.803387978142077	875	1
16.82360655737705	3729	1
16.850273224043715	7431	1
16.861092896174863	8833	1
16.903551912568304	5389	1
16.91655737704918	3235	1
16.959398907103825	3943	1
17.009781420765027	6540	1
17.07912568306011	448	1
17.100601092896174	712	1
17.150819672131146	1464	1
17.1824043715847	5240	1
17.184590163934423	4062	1
17.209726775956284	488	1
17.233934426229506	6361	1
17.264371584699454	9607	1
17.31606557377049	5482	1
17.33775956284153	2218	1
17.37513661202186	9052	1
17.38535519125683	8169	1
17.385683060109287	4393	1
17.40142076502732	3447	1
17.46327868852459	9481	1
17.47568306010929	4917	1
17.48448087431694	3434	1
17.52606557377049	8107	1
17.557377049180328	8589	1
17.65311475409836	5147	1
17.6620218579235	4039	1
17.69136612021858	2385	1
17.707814207650273	834	1
17.717923497267762	4986	1
17.723879781420763	3043	1
17.737322404371586	3152	1
17.77120218579235	9350	1
17.788032786885246	1997	1
17.82672131147541	8579	1
17.831857923497267	8434	1
17.862677595628416	7082	1
17.88830601092896	808	1
17.940819672131145	1924	1
17.96497267759563	6813	1
17.982131147540983	4198	1
17.992185792349726	3541	1
17.993169398907103	5050	1
18.027486338797814	3140	1
18.077322404371586	7671	1
18.10814207650273	6717	1
18.111038251366118	9993	1
18.154863387978143	144	1
18.19327868852459	4194	1
18.215300546448088	3995	1
18.228524590163932	4880	1
18.241639344262296	3887	1
18.265300546448085	7233	1
18.270601092896175	385	1
18.276830601092897	9069	1
18.296338797814208	9529	1
18.301420765027324	7932	1
18.32393442622951	7603	1
18.39262295081967	2425	1
18.40021857923497	4813	1
18.437486338797815	2508	1
18.459562841530055	3603	1
18.475245901639344	9340	1
18.4844262295082	4939	1
18.50224043715847	8375	1
18.516174863387977	729	1
18.522786885245903	2560	1
18.614918032786886	8178	1
18.617322404371585	5298	1
18.625464480874317	1029	1
18.637158469945355	7739	1
18.66672131147541	7584	1
18.68169398907104	5033	1
18.687213114754098	4580	1
18.697049180327866	9535	1
18.74830601092896	3673	1
18.768579234972677	7801	1
18.773770491803276	9899	1
18.828688524590163	3682	1
18.885464480874315	5310	1
18.914043715846997	2071	1
18.942021857923496	9706	1
18.954754098360656	9521	1
18.961639344262295	8303	1
18.972295081967214	4716	1
18.978360655737706	2511	1
18.990928961748633	741	1
19.052841530054646	75	1
19.0851912568306	3777	1
19.091693989071036	5480	1
19.113005464480874	8034	1
19.129890710382515	1498	1
19.129890710382515	7127	1
19.142459016393442	5016	1
19.158524590163932	6927	1
19.181584699453552	1453	1
19.23726775956284	3664	1
19.246666666666666	8921	1
19.248306010928964	4774	1
19.251639344262294	5342	1
19.27896174863388	9665	1
19.279999999999998	1351	1
19.28601092896175	7458	1
19.305901639344263	1548	1
19.319398907103825	8216	1
19.32125683060109	3050	1
19.34590163934426	2755	1
19.417540983606557	5341	1
19.418688524590163	8361	1
19.495081967213114	182	1
19.50191256830601	5823	1
19.545409836065573	9235	1
19.59	7081	1
19.661475409836065	1015	1
19.707868852459015	6249	1
19.729180327868853	2760	1
19.74513661202186	7369	1
19.785737704918034	3	1
19.802786885245904	1732	1
19.80415300546448	9127	1
19.815573770491806	2378	1
19.81814207650273	5618	1
19.82983606557377	2058	1
19.83366120218579	8723	1
19.84486338797814	8032	1
19.85010928961749	857	1
19.85010928961749	7463	1
19.856120218579235	827	1
19.861639344262294	8624	1
19.864043715846993	9780	1
19.880327868852458	1537	1
19.886830601092896	9694	1
19.88693989071038	8571	1
19.889726775956284	4558	1
19.891256830601094	7964	1
19.905300546448085	3953	1
19.908524590163935	7013	1
19.919726775956285	9892	1
19.925901639344264	6135	1
19.93606557377049	3981	1
19.950655737704917	683	1
19.9672131147541	8673	1
19.983442622950818	5246	1
19.994754098360655	4313	1
20.025683060109287	9544	1
20.041803278688526	1277	1
20.045081967213115	5089	1
20.05087431693989	9319	1
20.052841530054643	5783	1
20.0572131147541	3228	1
20.05945355191257	7861	1
20.065628415300544	9642	1
20.06830601092896	6677	1
20.073934426229506	6967	1
20.077377049180328	4224	1
20.08136612021858	3840	1
20.09765027322404	7936	1
20.119726775956284	3862	1
20.12016393442623	6020	1
20.134590163934426	4984	1
20.14153005464481	7980	1
20.15382513661202	3257	1
20.154535519125684	4345	1
20.158797814207652	3138	1
20.203278688524588	9813	1
20.20382513661202	9651	1
20.213005464480876	5765	1
20.21639344262295	2283	1
20.279890710382514	3179	1
20.285846994535518	4244	1
20.29213114754098	1552	1
20.298360655737703	7636	1
20.299781420765026	6142	1
20.30185792349727	5260	1
20.305901639344263	3252	1
20.31393442622951	6447	1
20.374699453551912	9105	1
20.38256830601093	20	1
20.385956284153007	5725	1
20.392131147540983	2604	1
20.407540983606555	9362	1
20.43311475409836	2183	1
20.453169398907104	9753	1
20.45584699453552	6202	1
20.456666666666667	3023	1
20.463606557377048	9555	1
20.46967213114754	7476	1
20.47502732240437	8103	1
20.478688524590165	1319	1
20.479781420765026	3036	1
20.48185792349727	5720	1
20.509672131147543	6334	1
20.515464480874318	207	1
20.52825136612022	2740	1
20.530382513661202	4734	1
20.581092896174862	5792	1
20.60857923497268	6858	1
20.63016393442623	8295	1
20.635300546448086	1127	1
20.636885245901638	7652	1
20.688251366120216	6345	1
20.714535519125683	5687	1
20.720273224043716	4569	1
20.74103825136612	9854	1
20.74344262295082	786	1
20.762896174863386	9960	1
20.76868852459016	8582	1
20.770437158469946	6985	1
20.800819672131148	6105	1
20.801912568306008	7245	1
20.804808743169396	1941	1
20.80650273224044	7979	1
20.813114754098358	4958	1
20.83792349726776	8422	1
20.84054644808743	9798	1
20.846994535519126	4465	1
20.851967213114754	957	1
20.860491803278688	599	1
20.86535519125683	5719	1
20.88311475409836	2462	1
20.886775956284154	7499	1
20.900000000000002	6478	1
20.902622950819673	4538	1
20.94158469945355	4126	1
20.950437158469946	7859	1
20.95273224043716	4341	1
20.956775956284154	4202	1
20.979180327868853	9534	1
20.979672131147538	1466	1
20.99295081967213	5850	1
20.995628415300544	3341	1
21.00590163934426	5588	1
21.033551912568306	6724	1
21.04344262295082	1043	1
21.044098360655738	2036	1
21.047049180327868	489	1
21.058797814207647	9954	1
21.073661202185793	9191	1
21.07912568306011	3195	1
21.084262295081967	45	1
21.104043715846995	4665	1
21.104918032786884	321	1
21.10568306010929	4850	1
21.106284153005465	5205	1
21.12551912568306	4953	1
21.13158469945355	9640	1
21.134316939890713	8548	1
21.134699453551914	1743	1
21.140054644808743	6883	1
21.19830601092896	6811	1
21.237322404371582	2925	1
21.265409836065572	3546	1
21.27841530054645	7328	1
21.2851912568306	8116	1
21.292349726775956	7282	1
21.298469945355194	9022	1
21.319125683060108	1734	1
21.319781420765025	7007	1
21.323224043715847	5445	1
21.3475956284153	4536	1
21.364207650273222	7592	1
21.364262295081968	4663	1
21.391311475409836	1799	1
21.40191256830601	1429	1
21.407322404371584	6224	1
21.408360655737702	2241	1
21.43191256830601	1333	1
21.4348087431694	2330	1
21.436775956284155	2061	1
21.49584699453552	5005	1
21.49852459016393	4678	1
21.504043715846997	374	1
21.50863387978142	2893	1
21.514316939890712	2534	1
21.52016393442623	1966	1
21.52846994535519	7425	1
21.5351912568306	1973	1
21.537486338797812	5107	1
21.543661202185792	825	1
21.546612021857925	8753	1
21.552677595628417	9797	1
21.56174863387978	2371	1
21.58174863387978	268	1
21.591803278688523	4844	1
21.5951912568306	4722	1
21.63049180327869	5252	1
21.635409836065573	4833	1
21.646502732240435	6824	1
21.647868852459016	7646	1
21.651639344262293	5387	1
21.653879781420763	9616	1
21.65535519125683	3774	1
21.675464480874318	8635	1
21.6803825136612	5367	1
21.71672131147541	2359	1
21.724754098360656	8870	1
21.733387978142076	4784	1
21.775027322404373	7324	1
21.784043715846995	9708	1
21.809726775956282	1689	1
21.827759562841532	9527	1
21.831475409836063	1766	1
21.85120218579235	3537	1
21.87071038251366	1250	1
21.871693989071037	7158	1
21.88453551912568	526	1
21.887978142076502	8323	1
21.891420765027323	6078	1
21.90601092896175	874	1
21.931475409836064	3356	1
21.953551912568308	3782	1
21.99032786885246	9846	1
22.00415300546448	7565	1
22.007158469945356	4829	1
22.007486338797815	3256	1
22.038524590163934	9905	1
22.050218579234976	7014	1
22.08005464480874	3706	1
22.080109289617486	8274	1
22.08289617486339	5562	1
22.1051912568306	6039	1
22.11568306010929	8298	1
22.13901639344262	7445	1
22.2103825136612	1758	1
22.21185792349727	3193	1
22.263661202185794	6069	1
22.266502732240436	2862	1
22.312568306010927	3559	1
22.315409836065573	6980	1
22.318579234972677	2947	1
22.340054644808745	5543	1
22.3424043715847	2507	1
22.34409836065574	5105	1
22.34693989071038	5344	1
22.356229508196723	880	1
22.38087431693989	2497	1
22.420928961748633	769	1
22.424535519125683	3199	1
22.424918032786884	2682	1
22.42934426229508	7908	1
22.433715846994534	5858	1
22.436120218579234	7586	1
22.44431693989071	4943	1
22.44573770491803	4826	1
22.46934426229508	5217	1
22.47060109289617	1396	1
22.49398907103825	1483	1
22.506065573770492	8284	1
22.534918032786887	2176	1
22.542185792349727	1469	1
22.56136612021858	1402	1
22.580928961748633	7870	1
22.584426229508196	3267	1
22.587650273224043	2570	1
22.591639344262298	8272	1
22.606338797814207	7396	1
22.607978142076504	7496	1
22.644043715846994	3587	1
22.649945355191257	7606	1
22.650109289617486	6997	1
22.67644808743169	7410	1
22.676775956284153	7617	1
22.681202185792348	2626	1
22.698251366120218	1017	1
22.70103825136612	6377	1
22.701803278688523	2031	1
22.72366120218579	6999	1
22.744590163934426	5710	1
22.778743169398908	309	1
22.79360655737705	7525	1
22.80273224043716	3956	1
22.81502732240437	4342	1
22.823387978142076	377	1
22.842349726775954	7358	1
22.849016393442625	4540	1
22.87262295081967	5705	1
22.876775956284153	5888	1
22.88737704918033	7970	1
22.906775956284154	2442	1
22.934480874316943	618	1
22.956338797814208	86	1
22.95655737704918	4051	1
22.97868852459016	1379	1
22.989945355191256	7973	1
22.990109289617486	8262	1
23.004043715846993	8637	1
23.032295081967213	722	1
23.039398907103827	913	1
23.051147540983607	9722	1
23.051530054644807	3239	1
23.052131147540983	7999	1
23.055901639344263	1497	1
23.05726775956284	6903	1
23.0779781420765	3465	1
23.078196721311475	9410	1
23.080437158469945	8153	1
23.089071038251365	5988	1
23.090655737704918	1573	1
23.091803278688523	4181	1
23.092185792349728	1841	1
23.09590163934426	4221	1
23.100655737704916	6767	1
23.11841530054645	476	1
23.13896174863388	7634	1
23.14142076502732	4482	1
23.161092896174864	7172	1
23.16912568306011	7804	1
23.16972677595628	3509	1
23.186120218579234	964	1
23.186612021857922	4773	1
23.213497267759564	2684	1
23.22590163934426	9496	1
23.283551912568306	5615	1
23.295683060109287	9832	1
23.363825136612018	5175	1
23.37273224043716	8979	1
23.379180327868852	7621	1
23.383224043715845	197	1
23.38792349726776	9346	1
23.390983606557377	6585	1
23.40196721311475	797	1
23.40590163934426	9413	1
23.408415300546448	5320	1
23.431967213114756	2493	1
23.437103825136614	1995	1
23.444699453551912	4229	1
23.465573770491805	4898	1
23.472568306010928	9564	1
23.48245901639344	2939	1
23.48382513661202	9072	1
23.512841530054644	7363	1
23.51366120218579	8714	1
23.52021857923497	7815	1
23.52672131147541	8238	1
23.53912568306011	2754	1
23.557868852459016	1074	1
23.564426229508197	3304	1
23.56601092896175	9566	1
23.56677595628415	549	1
23.56830601092896	7188	1
23.57896174863388	1821	1
23.59453551912568	1284	1
23.595519125683058	8106	1
23.624590163934425	7169	1
23.652349726775956	2	1
23.654098360655738	7767	1
23.659781420765025	3197	1
23.660109289617488	4445	1
23.664098360655736	5658	1
23.67054644808743	7118	1
23.672677595628414	9383	1
23.679562841530053	6637	1
23.681475409836068	4306	1
23.683989071038248	6207	1
23.685464480874316	9980	1
23.68841530054645	5363	1
23.692131147540984	5582	1
23.693879781420762	1842	1
23.713387978142073	8915	1
23.71382513661202	1311	1
23.714043715846994	7727	1
23.718469945355192	4324	1
23.723278688524587	1387	1
23.72601092896175	6817	1
23.729180327868853	5959	1
23.756448087431693	3248	1
23.767158469945358	6874	1
23.77377049180328	130	1
23.77896174863388	9533	1
23.790218579234974	5241	1
23.7975956284153	81	1
23.79989071038251	8917	1
23.810928961748633	4074	1
23.816284153005462	9466	1
23.828415300546446	5651	1
23.834371584699454	4331	1
23.843825136612022	1657	1
23.845792349726775	940	1
23.85513661202186	1243	1
23.863661202185792	5841	1
23.865081967213115	8599	1
23.870109289617485	9198	1
23.875409836065575	818	1
23.87983606557377	3449	1
23.90098360655738	9359	1
23.904699453551913	1845	1
23.906557377049182	8733	1
23.908524590163935	6761	1
23.91726775956284	5569	1
23.917322404371586	8493	1
23.92273224043716	1159	1
23.93535519125683	3614	1
23.939453551912568	9358	1
23.94224043715847	8282	1
23.94502732240437	1341	1
23.957267759562843	4220	1
23.96497267759563	1558	1
23.96989071038251	8680	1
23.970710382513662	6621	1
23.971967213114752	4463	1
23.989562841530056	8211	1
23.99672131147541	6745	1
24.000601092896172	4044	1
24.015573770491805	6523	1
24.02885245901639	5520	1
24.035519125683063	9288	1
24.045300546448086	1664	1
24.046830601092896	4786	1
24.05185792349727	5891	1
24.053770491803277	449	1
24.056284153005464	4016	1
24.064371584699455	132	1
24.084153005464483	8045	1
24.091256830601093	9799	1
24.095573770491804	4431	1
24.09841530054645	1360	1
24.100163934426227	2992	1
24.102021857923496	7457	1
24.128251366120217	8676	1
24.12879781420765	4520	1
24.13956284153005	2160	1
24.14092896174863	9193	1
24.15885245901639	7291	1
24.170109289617486	981	1
24.176065573770494	9511	1
24.188142076502732	1945	1
24.195300546448088	9462	1
24.205027322404373	7844	1
24.205409836065574	6083	1
24.216994535519124	9075	1
24.220710382513662	6926	1
24.237759562841532	4609	1
24.246284153005462	7338	1
24.2520218579235	4183	1
24.258852459016392	557	1
24.27622950819672	5000	1
24.291092896174863	6870	1
24.311256830601092	2828	1
24.312185792349727	4964	0
24.318743169398907	8476	1
24.320601092896176	1258	1
24.325628415300546	575	1
24.33196721311475	2208	1
24.345464480874316	4537	1
24.370382513661202	1179	1
24.380273224043716	9282	1
24.39142076502732	5022	1
24.402021857923497	5475	1
24.409125683060108	9249	1
24.42366120218579	250	1
24.42568306010929	4064	1
24.430109289617487	8364	1
24.440928961748632	5248	1
24.441475409836066	9738	1
24.44513661202186	7875	1
24.452896174863387	4152	1
24.45885245901639	5382	1
24.46196721311475	8084	1
24.48371584699454	1154	1
24.498415300546448	6831	1
24.505628415300546	3420	1
24.53109289617486	4956	1
24.536502732240436	2859	1
24.547978142076502	4236	1
24.553825136612023	7004	1
24.559781420765027	4397	1
24.566502732240437	2481	1
24.58644808743169	183	1
24.598087431693987	5715	1
24.601202185792353	7594	1
24.603169398907106	6112	1
24.612131147540985	6918	1
24.614918032786886	1294	1
24.615792349726775	8849	1
24.6275956284153	6297	1
24.63322404371585	23	1
24.636448087431692	1576	1
24.658743169398907	1828	1
24.69021857923497	7420	1
24.693497267759565	349	1
24.72016393442623	2446	1
24.737704918032787	3536	1
24.73857923497268	8891	1
24.75502732240437	8662	1
24.76306010928962	3913	1
24.763224043715848	8093	1
24.77153005464481	9158	1
24.778743169398908	6644	1
24.78295081967213	1524	1
24.783770491803278	4462	1
24.78551912568306	2917	1
24.78879781420765	8076	1
24.79382513661202	9709	1
24.801748633879782	812	1
24.815136612021856	5961	1
24.81704918032787	9561	1
24.82486338797814	297	1
24.838907103825136	2220	1
24.862896174863387	7706	1
24.884207650273222	3265	1
24.896229508196722	3535	1
24.903333333333332	55	1
24.91672131147541	5559	1
24.921693989071038	5650	1
24.92344262295082	3826	1
24.92688524590164	8743	1
24.9296174863388	2201	1
24.93136612021858	8088	1
24.950928961748634	6482	1
24.95174863387978	7972	1
24.956120218579233	3194	1
24.956338797814205	4866	1
24.97311475409836	1634	1
24.980928961748635	9550	1
24.98344262295082	2554	1
25.00486338797814	9041	1
25.005191256830603	6253	1
25.02464480874317	6632	1
25.02513661202186	4197	1
25.029726775956284	1132	1
25.035792349726776	5627	1
25.048852459016395	9152	1
25.049726775956284	1138	1
25.061256830601096	7159	1
25.062404371584698	6657	1
25.06590163934426	5758	1
25.066612021857924	6100	1
25.103387978142077	9504	1
25.11032786885246	5675	1
25.12704918032787	4240	1
25.140273224043714	4396	1
25.146612021857923	4602	1
25.153551912568307	5359	1
25.155245901639343	9253	1
25.16021857923497	6848	1
25.171748633879783	4311	1
25.19382513661202	2840	1
25.200928961748634	358	1
25.208743169398907	9049	1
25.216830601092898	8172	1
25.21945355191257	7809	1
25.22153005464481	1513	1
25.222786885245903	1481	1
25.240601092896174	7157	1
25.250109289617484	443	1
25.260765027322407	8120	1
25.292786885245903	2894	1
25.295409836065573	9670	1
25.30502732240437	5443	1
25.30912568306011	5855	1
25.31770491803279	5281	1
25.324098360655736	1638	1
25.333879781420766	6962	1
25.372349726775955	6065	1
25.37590163934426	6350	1
25.378469945355192	8398	1
25.400218579234974	609	1
25.42120218579235	9315	1
25.42737704918033	7783	1
25.438360655737707	6978	1
25.439562841530055	3843	1
25.448142076502734	6060	1
25.454207650273226	3824	1
25.45989071038251	4695	1
25.463715846994532	6804	1
25.46551912568306	8901	1
25.478415300546448	8722	1
25.48273224043716	5036	1
25.484918032786886	5536	1
25.488907103825134	1427	1
25.489781420765027	6235	1
25.5027868852459	4050	1
25.50989071038251	9793	1
25.514644808743167	9518	1
25.55896174863388	3929	1
25.560273224043716	4089	1
25.56497267759563	2519	1
25.571038251366122	6356	1
25.575846994535517	6881	1
25.578087431693987	1716	1
25.58846994535519	5193	1
25.589071038251365	4013	1
25.59169398907104	4186	1
25.592622950819674	8131	1
25.595956284153008	869	1
25.606229508196723	1312	1
25.609945355191254	4408	1
25.629617486338795	1699	1
25.64071038251366	701	1
25.646120218579235	9562	1
25.64743169398907	1582	1
25.663387978142076	5460	1
25.72639344262295	1769	1
25.729945355191255	6106	1
25.751202185792348	4726	1
25.7524043715847	4967	1
25.758907103825138	4673	1
25.767158469945354	7042	1
25.769125683060107	4303	1
25.772349726775957	3268	1
25.793333333333333	7971	1
25.799234972677596	5619	1
25.816885245901638	4611	1
25.818196721311473	3749	1
25.843825136612022	7407	1
25.86661202185792	6551	1
25.87666666666667	5312	1
25.89633879781421	9287	1
25.90814207650273	8774	1
25.9179781420765	7115	1
25.9251912568306	220	1
25.92551912568306	4040	1
25.927158469945354	6963	1
25.9320218579235	4385	1
25.937923497267757	4199	1
25.944863387978142	1826	1
25.946721311475407	9045	1
25.956338797814208	3336	1
25.963879781420765	6952	1
25.972841530054644	2366	1
25.98551912568306	4412	1
25.986120218579234	6259	1
25.987868852459016	9240	1
26.025628415300545	4977	1
26.033224043715844	9489	1
26.038907103825135	3299	1
26.049836065573768	403	1
26.064262295081967	5433	1
26.0755737704918	9872	1
26.092841530054642	3947	1
26.096502732240438	6934	1
26.10360655737705	9183	1
26.107650273224042	9148	1
26.11863387978142	4130	1
26.11885245901639	6211	1
26.130819672131146	8494	1
26.136284153005466	2436	1
26.14103825136612	9757	1
26.146120218579235	8366	1
26.164754098360657	8597	1
26.184972677595628	6591	1
26.186939890710384	8837	1
26.215846994535518	748	1
26.221311475409834	253	1
26.227868852459014	3489	1
26.24153005464481	6773	1
26.246174863387974	9886	1
26.252677595628413	4251	1
26.268196721311472	517	1
26.275737704918033	5421	1
26.285792349726776	6200	1
26.286010928961748	5419	1
26.286174863387977	3365	1
26.287540983606558	1482	1
26.292896174863387	6969	1
26.295081967213115	5148	1
26.29688524590164	3405	1
26.297868852459015	7735	1
26.3027868852459	1400	1
26.313224043715845	4709	1
26.329617486338798	7712	1
26.3403825136612	8011	1
26.348142076502732	5192	1
26.358797814207648	314	1
26.363114754098362	4404	1
26.40136612021858	6470	1
26.44125683060109	7685	1
26.45087431693989	2137	1
26.476775956284154	2813	1
26.47693989071038	9873	1
26.47770491803279	5849	1
26.483005464480872	6257	1
26.50775956284153	56	1
26.514426229508196	7061	1
26.518688524590164	6262	1
26.5196174863388	7012	1
26.521530054644806	1167	1
26.529726775956284	3352	1
26.53103825136612	165	1
26.532622950819672	3244	1
26.548688524590162	6751	1
26.549726775956284	2006	1
26.55327868852459	2753	1
26.576010928961747	746	1
26.581967213114755	9299	1
26.584207650273225	3329	1
26.609398907103824	8510	1
26.614590163934423	5338	1
26.616775956284155	1905	1
26.617377049180327	2691	1
26.62262295081967	6909	1
26.627158469945353	43	1
26.631420765027322	8778	1
26.636830601092896	6647	1
26.644808743169396	2336	1
26.649071038251364	9205	1
26.649234972677597	6729	1
26.657868852459014	6765	1
26.661475409836065	3482	1
26.678797814207652	6107	1
26.72672131147541	5699	1
26.735355191256833	1045	1
26.740765027322407	7644	1
26.744262295081967	1739	1
26.744754098360655	2735	1
26.749180327868853	1899	1
26.754918032786883	3214	1
26.75672131147541	7382	1
26.77344262295082	9816	1
26.780491803278686	8038	1
26.784699453551912	8734	0
26.808743169398905	1566	1
26.818032786885247	7775	1
26.823005464480875	8745	1
26.844043715846993	7640	1
26.8675956284153	6439	1
26.869289617486338	1358	1
26.8851912568306	9749	1
26.901092896174863	6853	1
26.911256830601094	4348	1
26.912896174863388	6156	1
26.918524590163937	3337	1
26.920765027322407	1373	1
26.928196721311473	7232	1
26.92830601092896	2783	1
26.969234972677594	7398	1
26.991256830601092	5311	1
26.992841530054644	1569	1
26.99885245901639	7958	1
26.999890710382513	1829	1
27.016612021857924	643	1
27.026830601092897	7688	1
27.055956284153005	2120	1
27.059945355191257	6486	1
27.073715846994535	179	1
27.08065573770492	7320	1
27.080983606557375	3976	1
27.082240437158468	7166	1
27.106393442622952	6256	1
27.108852459016394	1415	1
27.11606557377049	6569	1
27.133005464480874	8492	1
27.137322404371584	3668	1
27.15693989071038	7409	1
27.15808743169399	7851	1
27.158579234972677	3922	1
27.173333333333332	6413	1
27.18071038251366	7876	1
27.19054644808743	9925	1
27.19497267759563	7794	1
27.22224043715847	4699	1
27.22601092896175	5079	1
27.234207650273223	1471	1
27.241202185792346	6970	1
27.242841530054644	2971	1
27.265081967213114	4211	1
27.267103825136612	7269	1
27.267431693989067	5145	1
27.27808743169399	7097	1
27.285136612021855	3605	1
27.298196721311474	8312	1
27.301639344262295	5527	1
27.302404371584696	1919	1
27.302459016393442	2517	1
27.31344262295082	4478	1
27.323770491803277	6208	1
27.334590163934426	5379	1
27.342841530054645	8026	1
27.352459016393443	1958	1
27.353387978142077	2944	1
27.353934426229507	4444	1
27.365628415300545	8748	1
27.377540983606554	7264	1
27.38153005464481	6171	1
27.38191256830601	4534	1
27.383715846994537	7942	1
27.383989071038254	6746	1
27.38825136612022	4	1
27.391748633879782	9030	1
27.393333333333334	7745	1
27.39497267759563	8554	1
27.400765027322404	9043	1
27.406666666666666	5043	1
27.42054644808743	9376	1
27.421639344262296	6392	1
27.427704918032788	7920	1
27.427814207650272	2490	1
27.429562841530053	8878	1
27.4324043715847	1095	1
27.43846994535519	1988	1
27.4427868852459	9519	1
27.44497267759563	4333	1
27.445409836065576	1343	1
27.4483606557377	4250	1
27.45174863387978	9095	1
27.452786885245903	7587	1
27.45639344262295	4010	1
27.45879781420765	2265	1
27.46464480874317	709	1
27.466120218579235	2672	1
27.47114754098361	8960	1
27.47792349726776	3931	1
27.480437158469943	2432	1
27.481475409836065	9195	1
27.48497267759563	2563	1
27.50049180327869	5114	1
27.50464480874317	3659	1
27.51743169398907	1624	1
27.519071038251365	3750	1
27.520491803278688	3872	1
27.521311475409835	8377	1
27.537650273224042	4037	1
27.53825136612022	5263	1
27.55224043715847	5388	1
27.55486338797814	9101	1
27.559781420765024	6580	1
27.569234972677595	5690	1
27.570327868852456	1173	1
27.57857923497268	2596	1
27.590109289617484	4639	1
27.598579234972675	9421	1
27.60174863387978	1586	1
27.611147540983605	5349	1
27.62513661202186	3073	1
27.6727868852459	8458	1
27.68032786885246	5037	1
27.68863387978142	4373	1
27.695956284153006	4083	1
27.70087431693989	3220	1
27.702349726775957	5357	1
27.703661202185792	9583	1
27.703879781420767	4014	1
27.70393442622951	608	1
27.704043715846993	5262	1
27.710874316939893	6092	1
27.71366120218579	3438	1
27.716775956284152	7930	1
27.717595628415303	3639	1
27.720655737704917	777	1
27.722404371584698	1318	1
27.724535519125684	7373	1
27.72584699453552	4653	1
27.734590163934428	11	1
27.73497267759563	3920	1
27.74360655737705	7259	1
27.744754098360655	5484	1
27.752732240437158	3756	1
27.756010928961746	4371	1
27.78726775956284	6344	1
27.790218579234974	7894	1
27.794098360655735	8951	1
27.794098360655735	6093	1
27.799726775956284	6002	1
27.80289617486339	394	1
27.803770491803277	2184	1
27.80409836065574	6733	1
27.811803278688522	6743	1
27.814808743169397	198	1
27.817814207650276	7911	1
27.818196721311477	4430	1
27.824426229508195	5303	1
27.825901639344263	280	1
27.826284153005464	1007	1
27.829617486338798	9653	1
27.831311475409834	7053	1
27.83655737704918	8382	1
27.83830601092896	9429	1
27.880983606557376	9964	1
27.884754098360656	1137	1
27.90120218579235	9252	1
27.911092896174864	5796	1
27.921311475409837	6889	1
27.922677595628414	7177	1
27.924535519125683	9312	1
27.925901639344264	7836	1
27.970054644808744	1106	1
27.97393442622951	5532	1
27.97601092896175	9353	1
27.980382513661205	2993	1
27.982677595628413	2025	1
27.994918032786885	4525	1
27.998524590163935	1274	1
28.01136612021858	338	1
28.012021857923497	8022	1
28.018907103825136	823	1
28.023278688524588	2261	1
28.02431693989071	2214	1
28.03333333333333	6653	1
28.061748633879784	9257	1
28.100273224043715	6932	1
28.107486338797816	4438	1
28.10907103825137	1600	1
28.117868852459015	9182	1
28.126994535519128	9685	1
28.133879781420767	7017	1
28.160983606557377	2352	1
28.16901639344262	5045	1
28.175300546448085	4727	1
28.187486338797815	7460	1
28.195792349726776	6986	1
28.20344262295082	6410	1
28.205956284153004	2357	1
28.2151912568306	7281	1
28.215300546448088	8104	1
28.219781420765027	5352	1
28.223551912568308	6089	1
28.227868852459018	5432	1
28.23032786885246	3133	1
28.23049180327869	610	1
28.232404371584696	7738	1
28.238743169398905	8338	1
28.243387978142074	3462	1
28.2575956284153	6432	1
28.25934426229508	9372	1
28.260109289617485	6312	1
28.27300546448087	6244	1
28.29087431693989	6074	1
28.293224043715846	3522	1
28.29393442622951	3283	1
28.294754098360656	8402	1
28.29606557377049	2776	1
28.324535519125686	4179	1
28.340382513661204	8359	1
28.356120218579235	4095	1
28.36306010928962	8750	1
28.380109289617486	9734	1
28.394590163934424	409	1
28.398688524590163	3384	1
28.435956284153008	6961	1
28.4631693989071	977	1
28.46393442622951	7561	1
28.46639344262295	9204	1
28.476338797814204	2680	1
28.484371584699456	7006	1
28.489617486338798	8836	1
28.50207650273224	2730	1
28.51535519125683	1479	1
28.518852459016394	2217	1
28.531912568306012	551	1
28.53879781420765	3398	1
28.541366120218576	3388	1
28.54491803278688	4268	1
28.574098360655736	8040	1
28.58967213114754	5229	1
28.589999999999996	7312	1
28.59617486338798	3387	1
28.596502732240435	5853	1
28.606174863387977	7213	1
28.612786885245903	1912	1
28.623224043715847	149	1
28.62650273224044	4751	1
28.631639344262297	2980	1
28.63704918032787	1047	1
28.638524590163932	324	1
28.638743169398907	6943	1
28.63879781420765	8734	1
28.64912568306011	7287	1
28.65071038251366	2546	1
28.660983606557377	3713	1
28.676338797814207	1259	1
28.679344262295082	3795	1
28.68174863387978	9480	1
28.685191256830603	1230	1
28.702295081967215	7716	1
28.70502732240437	6955	1
28.70535519125683	9703	1
28.706994535519126	7455	1
28.718087431693988	9478	1
28.721311475409838	2636	1
28.72737704918033	7482	1
28.7524043715847	7202	1
28.75928961748634	5070	1
28.770874316939892	7466	1
28.771857923497265	6325	1
28.77672131147541	3589	1
28.78054644808743	6067	1
28.785464480874317	4617	1
28.78928961748634	9547	1
28.805573770491804	3131	1
28.81207650273224	8700	1
28.818251366120215	8000	1
28.829453551912568	2641	1
28.832841530054644	9789	1
28.839234972677595	510	1
28.841147540983606	4997	1
28.841584699453552	4869	1
28.864426229508194	5174	1
28.867049180327868	4912	1
28.87262295081967	2454	1
28.878415300546447	2429	1
28.89415300546448	7996	1
28.895792349726776	356	1
28.896229508196722	1908	1
28.905683060109286	9186	1
28.928579234972677	5745	1
28.929234972677595	2545	1
28.933934426229506	3751	1
28.93808743169399	3169	1
28.942240437158468	3637	1
28.960928961748632	7885	1
28.986120218579234	1539	1
28.99360655737705	4278	1
29.000710382513663	6828	1
29.019016393442623	5522	1
29.034043715846995	7737	1
29.05426229508197	2558	1
29.05726775956284	9238	1
29.070273224043714	2762	1
29.075628415300546	5941	1
29.080218579234973	1741	1
29.08071038251366	1771	1
29.086939890710383	1953	1
29.092021857923495	7821	1
29.09207650273224	9190	1
29.0924043715847	9984	1
29.110819672131147	5237	1
29.115245901639344	4889	1
29.115628415300545	2315	1
29.11622950819672	3985	1
29.168907103825134	6852	1
29.178907103825136	3491	1
29.192131147540984	9307	1
29.211530054644808	4386	1
29.220000000000002	6501	1
29.229180327868853	5542	1
29.22983606557377	9936	1
29.231475409836065	1328	1
29.257377049180327	7802	1
29.26606557377049	5300	1
29.26808743169399	6556	1
29.268961748633878	4950	1
29.27153005464481	4937	1
29.280983606557374	4818	1
29.292185792349727	9952	1
29.303005464480872	8685	1
29.30874316939891	7806	1
29.311857923497268	3616	1
29.317759562841527	5584	1
29.317978142076505	9585	1
29.329781420765027	9118	1
29.331857923497267	6289	1
29.333879781420766	8814	1
29.354863387978142	7478	1
29.362950819672132	5230	1
29.368743169398908	9991	1
29.379180327868855	5273	1
29.37950819672131	2421	1
29.388524590163936	9461	1
29.40005464480874	2396	1
29.401092896174863	3801	1
29.417868852459016	6789	1
29.42852459016393	1269	1
29.431311475409835	424	1
29.437814207650273	8210	1
29.441256830601095	1305	1
29.466448087431694	2111	1
29.479945355191255	1562	1
29.48087431693989	2812	1
29.48185792349727	6423	1
29.487540983606557	6597	1
29.500655737704918	7822	1
29.50453551912568	1901	1
29.512021857923497	9992	1
29.515956284153003	3207	1
29.54530054644809	8950	1
29.547049180327868	261	1
29.55256830601093	6715	1
29.567650273224043	9443	1
29.600601092896174	1909	1
29.606010928961748	782	1
29.617650273224044	3059	1
29.623224043715847	6196	1
29.62814207650273	5549	1
29.637923497267757	1377	1
29.640382513661205	2121	1
29.666010928961747	6102	1
29.671748633879783	3868	1
29.701639344262293	5657	1
29.706721311475413	4970	1
29.70726775956284	4781	1
29.709289617486338	3392	1
29.721748633879784	1313	1
29.724972677595627	7760	1
29.731803278688524	2543	1
29.73945355191257	9250	1
29.75830601092896	5203	1
29.762185792349726	8499	1
29.766939890710383	7069	1
29.778142076502732	7628	1
29.785409836065575	233	1
29.80218579234973	7418	1
29.811092896174863	6161	1
29.812404371584698	8857	1
29.82377049180328	3048	1
29.82726775956284	3780	1
29.836120218579232	2799	1
29.843387978142076	5711	1
29.84486338797814	325	1
29.850273224043715	900	1
29.867650273224044	8879	1
29.871147540983607	7863	1
29.87890710382514	5233	1
29.885464480874315	4057	1
29.885956284153004	2833	1
29.899617486338798	9425	1
29.90327868852459	8455	1
29.951475409836064	9269	1
29.9551912568306	225	1
29.994426229508196	5935	1
30.005300546448087	6212	1
30.018579234972677	3112	1
30.03054644808743	1729	1
30.042513661202186	5703	1
30.047978142076506	755	1
30.067650273224043	5268	1
30.067814207650272	1320	1
30.073497267759564	2482	1
30.07863387978142	2705	1
30.078688524590167	8322	1
30.100601092896174	9277	1
30.10928961748634	3502	1
30.121420765027324	973	1
30.123770491803278	7094	1
30.139344262295083	8065	1
30.141147540983606	3325	1
30.143661202185793	6304	1
30.145081967213113	5008	1
30.166393442622947	975	1
30.18377049180328	9863	1
30.194480874316938	3656	1
30.195792349726776	8024	1
30.1968306010929	6216	1
30.205081967213115	8980	1
30.208360655737703	4032	1
30.222732240437157	8953	1
30.23256830601093	8594	1
30.233715846994535	2307	1
30.235956284153005	9073	1
30.237595628415303	760	1
30.23896174863388	6545	1
30.261584699453554	2902	1
30.26224043715847	632	1
30.273005464480875	7665	1
30.276612021857925	1444	1
30.27901639344262	9345	1
30.281366120218582	2671	1
30.28344262295082	2016	1
30.28366120218579	3415	1
30.286174863387977	364	1
30.290655737704917	1636	1
30.31622950819672	4413	1
30.320109289617488	1943	1
30.323551912568306	4926	1
30.324535519125682	5470	1
30.336065573770494	5092	1
30.344535519125685	4139	1
30.34655737704918	5259	1
30.350437158469944	6898	1
30.350491803278686	6143	1
30.356010928961748	2505	1
30.35890710382514	6433	1
30.38983606557377	2821	1
30.391639344262295	3870	1
30.39431693989071	1944	1
30.39551912568306	8850	1
30.398852459016396	6383	1
30.402568306010927	2746	1
30.40448087431694	9530	1
30.407814207650276	3307	1
30.411202185792348	7354	1
30.413497267759563	5025	1
30.41983606557377	7854	1
30.446338797814207	4167	1
30.446502732240436	2282	1
30.45781420765027	1893	1
30.47262295081967	4837	1
30.47710382513661	5051	1
30.498743169398907	2909	1
30.498907103825136	1416	1
30.504426229508198	3034	1
30.511584699453554	5119	1
30.515956284153003	437	1
30.521475409836068	1692	1
30.532513661202184	8628	1
30.532622950819672	5986	1
30.547978142076502	8697	1
30.56661202185792	6650	1
30.5748087431694	4235	1
30.576065573770492	6675	1
30.586939890710383	1198	1
30.596775956284155	5813	1
30.605081967213117	6669	1
30.60688524590164	4022	1
30.633224043715845	2452	1
30.63677595628415	1040	1
30.648907103825135	9633	1
30.69737704918033	1726	1
30.71262295081967	7682	1
30.720655737704917	657	1
30.721912568306013	662	1
30.72808743169399	5954	1
30.73825136612022	8711	1
30.73912568306011	7826	1
30.744808743169397	9811	1
30.745792349726774	3512	1
30.76590163934426	735	1
30.766065573770494	8705	1
30.771475409836068	5140	1
30.77229508196721	8562	1
30.777704918032786	4574	1
30.779071038251367	5425	1
30.81087431693989	3334	1
30.813551912568308	6674	1
30.833989071038253	1440	1
30.84344262295082	4187	1
30.855956284153006	7208	1
30.865081967213115	2156	1
30.86726775956284	9266	1
30.89857923497268	4330	1
30.908961748633878	4729	1
30.911311475409835	2368	1
30.933606557377047	2892	1
30.9496174863388	6924	1
30.96016393442623	3734	1
30.986174863387976	2207	1
30.987978142076503	2888	1
30.992349726775956	6931	1
30.996885245901638	8016	1
31.001530054644807	6830	1
31.00901639344262	2898	1
31.027650273224044	8598	1
31.03071038251366	3236	1
31.044262295081968	6699	1
31.049562841530054	6655	1
31.053606557377048	7292	1
31.077158469945353	9011	1
31.085464480874315	7472	1
31.090655737704918	7659	1
31.101693989071038	1463	1
31.102295081967213	4505	1
31.125792349726776	8829	1
31.12792349726776	9055	1
31.141147540983606	9120	1
31.153770491803275	5029	1
31.154590163934426	3282	1
31.155027322404372	4070	1
31.16748633879781	3847	1
31.175464480874318	4907	1
31.17868852459016	6456	1
31.199945355191254	1192	1
31.203879781420763	9889	1
31.22360655737705	5625	1
31.227213114754097	7104	1
31.231420765027323	7519	1
31.25333333333333	9077	1
31.266666666666666	2669	1
31.267049180327867	9465	1
31.268852459016394	9081	1
31.277978142076503	3276	1
31.27885245901639	97	1
31.281857923497267	1352	1
31.291420765027322	6055	1
31.33366120218579	9545	1
31.335464480874318	601	1
31.343934426229506	2420	1
31.345191256830603	4685	1
31.346557377049177	9661	1
31.407486338797813	3998	1
31.412131147540983	2408	1
31.413114754098363	7963	1
31.415628415300546	1120	1
31.420765027322407	6227	1
31.434754098360656	7515	1
31.439234972677596	5751	1
31.44005464480874	5126	1
31.465956284153005	6017	1
31.48743169398907	1694	1
31.489726775956285	2709	1
31.504207650273223	586	1
31.506830601092897	9621	1
31.519726775956283	1405	1
31.525409836065574	1550	1
31.532513661202184	7016	1
31.535956284153006	7088	1
31.545191256830602	5733	1
31.55879781420765	972	1
31.574754098360657	9528	1
31.588688524590165	1823	1
31.59426229508197	5750	1
31.594699453551915	7679	1
31.594972677595624	9838	1
31.595519125683058	6255	1
31.59972677595628	313	1
31.60174863387978	5918	1
31.605519125683063	3544	1
31.606775956284153	5483	1
31.636994535519126	1089	1
31.642076502732237	6697	1
31.64311475409836	212	1
31.649781420765027	706	1
31.65928961748634	9418	1
31.663497267759563	9128	1
31.668907103825138	4441	1
31.679125683060107	5802	1
31.709999999999997	3519	1
31.713551912568306	2786	1
31.737868852459016	9114	1
31.738360655737704	6170	1
31.75448087431694	4662	1
31.76289617486339	3939	1
31.771147540983605	4112	1
31.78071038251366	5700	1
31.785901639344264	6854	1
31.786010928961748	9796	1
31.789016393442623	9283	1
31.830273224043715	9759	1
31.836994535519125	1866	1
31.845956284153004	6525	1
31.84743169398907	7910	1
31.84912568306011	5302	1
31.853770491803278	8720	1
31.855245901639346	2923	1
31.871475409836066	5516	1
31.89918032786885	5329	1
31.900054644808744	8669	1
31.90049180327869	4257	1
31.90590163934426	1874	1
31.917704918032786	6270	1
31.918032786885245	3061	1
31.92737704918033	7334	1
31.932677595628412	3851	1
31.945300546448088	9409	1
31.95448087431694	611	1
31.961256830601094	6419	1
31.983770491803277	9289	1
32.0020218579235	5864	1
32.01021857923497	7779	1
32.02120218579235	154	1
32.021857923497265	4507	1
32.02234972677596	7290	1
32.033879781420765	3837	1
32.036448087431694	9398	1
32.03715846994535	5634	1
32.038032786885246	1521	1
32.04174863387978	4742	1
32.05912568306011	8920	1
32.059672131147536	8820	1
32.06885245901639	8988	1
32.07136612021858	386	1
32.076174863387976	1010	1
32.07628415300546	3681	1
32.08049180327868	4020	1
32.08344262295082	5393	1
32.08349726775956	5486	1
32.08928961748634	5978	1
32.0927868852459	3901	1
32.098633879781424	7443	1
32.109398907103824	2915	1
32.12967213114754	6857	1
32.13612021857924	2464	1
32.1379781420765	1430	1
32.13934426229508	9771	1
32.1475956284153	7678	1
32.15306010928962	9850	1
32.16366120218579	1290	1
32.178306010928964	2398	1
32.18459016393442	4843	1
32.18486338797814	8146	1
32.1896174863388	1338	1
32.209016393442624	1711	1
32.21109289617486	6141	1
32.211256830601094	3856	1
32.21273224043716	2827	1
32.21562841530055	713	1
32.22677595628415	4606	1
32.23601092896175	3147	1
32.236284153005464	2594	1
32.24568306010929	2313	1
32.249398907103824	9231	1
32.25103825136612	3148	1
32.25196721311475	7508	1
32.27459016393443	5811	1
32.27612021857924	4594	1
32.2803825136612	759	1
32.290218579234974	9278	1
32.29415300546448	4894	1
32.29677595628415	114	1
32.296885245901635	2437	1
32.30049180327869	7180	1
32.304098360655736	8213	1
32.31103825136612	3328	1
32.31174863387978	3912	1
32.31355191256831	7778	1
32.31934426229508	7265	1
32.326174863387976	3129	1
32.328852459016396	7862	1
32.336174863387974	8043	1
32.34120218579235	2747	1
32.389071038251366	4964	1
32.40071038251366	6158	1
32.41207650273224	2247	1
32.416775956284155	3570	1
32.420109289617486	5399	1
32.438415300546446	4641	1
32.44136612021858	2411	1
32.47207650273224	3497	1
32.480382513661205	901	1
32.49109289617486	6740	1
32.492568306010924	1315	1
32.50016393442623	8940	1
32.50098360655738	2553	1
32.50207650273224	8401	1
32.517377049180325	5489	1
32.5183606557377	8585	1
32.57743169398907	3355	1
32.57928961748634	3768	1
32.603169398907106	9558	1
32.60475409836066	6398	1
32.618852459016395	4988	1
32.63131147540984	4107	1
32.63251366120218	6762	1
32.642021857923496	3078	1
32.6427868852459	4481	1
32.661475409836065	753	1
32.672349726775956	2615	1
32.674918032786884	7113	1
32.67535519125683	9924	1
32.6875956284153	5429	1
32.701475409836064	6167	1
32.730765027322406	7987	1
32.741584699453554	3342	1
32.746120218579236	4666	1
32.74666666666666	3726	1
32.75032786885246	3024	1
32.750928961748635	956	1
32.76715846994536	3480	1
32.79256830601093	5868	1
32.797322404371585	4739	1
32.799945355191255	7286	1
32.801803278688524	883	1
32.804426229508195	1509	1
32.81273224043716	2119	1
32.817978142076505	2361	1
32.83071038251366	9801	1
32.83715846994536	7512	1
32.84994535519126	5847	1
32.85655737704918	9071	1
32.862131147540985	4766	1
32.875901639344264	9375	1
32.89606557377049	9378	1
32.92437158469946	1698	1
32.96748633879781	9273	1
32.97693989071038	2540	1
32.991530054644805	7694	1
33.00672131147541	4455	1
33.01136612021858	3430	1
33.021912568306014	1654	1
33.02693989071038	9176	1
33.036120218579235	355	1
33.04896174863388	6166	1
33.053005464480876	5624	1
33.0535519125683	6448	1
33.056284153005464	5950	1
33.06098360655738	3919	1
33.06371584699453	3030	1
33.07928961748634	6033	1
33.10300546448087	2166	1
33.10311475409836	368	1
33.1216393442623	6885	1
33.133060109289616	7211	1
33.13918032786885	6321	1
33.144699453551915	7892	1
33.14819672131147	6518	1
33.15825136612022	8978	1
33.168688524590166	1663	1
33.18852459016393	5974	1
33.19469945355191	8506	1
33.21786885245902	1574	1
33.21950819672131	5646	1
33.222021857923494	8775	1
33.224262295081964	2972	1
33.2251912568306	679	1
33.23092896174863	7403	1
33.248688524590165	9318	1
33.25792349726776	7146	1
33.26300546448088	7820	1
33.27251366120218	8264	1
33.279781420765026	6369	1
33.286448087431694	1913	1
33.28672131147541	4388	1
33.29562841530055	5920	1
33.299617486338796	1897	1
33.30092896174863	1848	1
33.30486338797814	2182	1
33.305573770491804	1727	1
33.31513661202186	4877	1
33.3275956284153	3006	1
33.33054644808743	5535	1
33.346010928961746	5545	1
33.38404371584699	9784	1
33.392404371584696	2321	1
33.40049180327869	2274	1
33.40344262295082	7916	1
33.41021857923497	1670	1
33.41508196721311	2314	1
33.46770491803279	4621	1
33.47540983606557	6529	1
33.478469945355194	4208	1
33.486338797814206	4543	1
33.48775956284153	7905	1
33.490054644808744	8484	1
33.49207650273224	3835	1
33.51382513661202	246	1
33.51879781420765	4816	1
33.51939890710383	5979	1
33.52049180327869	2907	1
33.52054644808743	7941	1
33.53120218579235	938	1
33.57136612021858	9088	1
33.61295081967213	2592	1
33.62273224043716	2951	1
33.62868852459016	482	1
33.62912568306011	7142	1
33.645683060109285	2530	1
33.65491803278688	6048	1
33.661857923497266	6214	1
33.66420765027323	9755	1
33.665956284153005	4111	1
33.67748633879781	4305	1
33.69573770491803	1196	1
33.69808743169399	8429	1
33.698142076502734	3115	1
33.700819672131146	1938	1
33.71743169398907	500	1
33.72890710382514	998	1
33.72989071038251	2733	1
33.73770491803279	7919	1
33.73978142076503	5786	1
33.74650273224044	8894	1
33.752841530054646	4383	1
33.756174863387976	9170	1
33.763224043715844	9417	1
33.77956284153005	6047	1
33.78431693989071	3898	1
33.79120218579235	2342	1
33.79950819672131	6438	1
33.83743169398907	4315	1
33.83786885245902	2988	1
33.8507650273224	3764	1
33.85136612021858	3052	1
33.86420765027322	5844	1
33.86743169398907	341	1
33.87693989071038	4746	1
33.887868852459015	190	1
33.893442622950815	6278	1
33.90147540983607	4982	1
33.95142076502732	8223	1
33.967322404371586	5748	1
34.01901639344262	6799	1
34.037978142076504	803	1
34.04333333333334	1083	1
34.06415300546448	5327	1
34.06486338797814	8136	1
34.065683060109286	4084	1
34.08306010928961	9084	1
34.08677595628415	1066	1
34.10393442622951	281	1
34.12049180327869	3805	1
34.125901639344264	5350	1
34.128196721311475	4736	1
34.13513661202186	3385	1
34.1411475409836	6217	1
34.1451912568306	7368	1
34.15300546448088	1914	1
34.17355191256831	6515	1
34.18185792349727	5251	1
34.18781420765027	116	1
34.18819672131148	4556	1
34.239726775956285	4546	1
34.2475956284153	2854	1
34.25601092896174	2391	1
34.269234972677594	5054	1
34.2955737704918	1346	1
34.29939890710383	7563	1
34.31382513661202	495	1
34.33021857923497	6664	1
34.33650273224043	7773	1
34.340054644808745	7774	1
34.351639344262296	9808	1
34.38415300546448	3623	1
34.38803278688525	6189	1
34.390218579234975	6395	1
34.40213114754098	1917	1
34.40327868852459	6781	1
34.40453551912568	7717	1
34.416010928961754	8540	1
34.42688524590164	4068	1
34.43158469945355	8800	1
34.438032786885245	9830	1
34.445573770491805	845	1
34.4475956284153	3927	1
34.4555737704918	4078	1
34.46918032786885	9184	1
34.47748633879782	7886	1
34.48464480874316	1575	1
34.48546448087431	4873	1
34.49546448087431	2412	1
34.49956284153006	6774	1
34.50743169398907	8660	1
34.50748633879781	6839	1
34.50781420765028	6593	1
34.51245901639344	9146	1
34.520327868852455	9887	1
34.52879781420765	6387	1
34.53371584699453	6890	1
34.545519125683064	1423	1
34.6231693989071	8198	1
34.65229508196722	3647	1
34.65415300546448	5416	1
34.662622950819674	2645	1
34.689234972677596	6847	1
34.71147540983606	4887	1
34.727377049180326	5314	1
34.74584699453552	8450	1
34.758032786885245	4304	1
34.77437158469945	108	1
34.77650273224044	2962	1
34.779781420765026	7119	1
34.78098360655738	3654	1
34.82153005464481	153	1
34.824043715847	5507	1
34.86300546448088	1226	1
34.86360655737705	8904	1
34.86633879781421	1349	1
34.8775956284153	6073	1
34.89311475409836	459	1
34.90983606557377	1608	1
34.914043715846994	4854	1
34.920437158469944	4245	1
34.92251366120218	3224	1
34.931366120218584	5916	1
34.93557377049181	3799	1
34.947377049180325	7723	1
34.95174863387978	9035	1
34.97486338797815	5083	1
34.97573770491803	8351	1
34.988306010928966	8257	1
34.988524590163934	2706	1
34.996775956284154	789	1
35.005081967213115	7891	1
35.02726775956284	4718	1
35.02770491803278	3446	1
35.04748633879781	9329	1
35.05043715846995	5186	1
35.06371584699454	6287	1
35.10387978142076	2599	1
35.114262295081964	4326	1
35.139071038251366	6998	1
35.14131147540983	8138	1
35.14147540983607	4137	1
35.16016393442623	1422	1
35.162950819672126	3595	1
35.163387978142076	7031	1
35.16360655737705	3025	1
35.184754098360656	8183	1
35.19125683060109	9686	1
35.19803278688524	7434	1
35.20207650273224	5406	1
35.23174863387978	8167	1
35.234535519125686	3004	1
35.24923497267759	2139	1
35.255081967213115	2133	1
35.27174863387978	2400	1
35.280437158469944	2476	1
35.33469945355191	7210	1
35.33830601092896	8317	1
35.34983606557377	5544	1
35.354043715847	7765	1
35.354153005464475	6700	1
35.35546448087431	4207	1
35.362131147540985	1921	1
35.3679781420765	6198	1
35.37398907103825	147	1
35.37907103825137	937	1
35.38169398907104	164	1
35.383005464480874	7272	1
35.38502732240437	4003	1
35.394590163934424	2266	1
35.397923497267755	4914	1
35.401748633879784	4217	1
35.41371584699454	5671	1
35.42437158469945	1534	1
35.4344262295082	7096	1
35.43715846994536	5563	1
35.451475409836064	3173	1
35.4731693989071	5491	1
35.47540983606557	5610	1
35.49704918032787	1589	1
35.49852459016393	530	1
35.50464480874317	107	1
35.50939890710383	7680	1
35.514426229508196	7055	1
35.53480874316939	9452	1
35.53814207650274	6346	1
35.55016393442623	7139	1
35.5548087431694	1844	1
35.5748087431694	2936	1
35.57896174863388	7112	1
35.589234972677595	2521	1
35.59879781420765	2938	1
35.6031693989071	5530	1
35.619562841530055	5570	1
35.62754098360656	2995	1
35.62896174863388	6028	1
35.63054644808743	4301	1
35.674972677595626	5999	1
35.6844262295082	3962	1
35.68857923497267	7533	1
35.70125683060109	828	1
35.71437158469945	7749	1
35.72262295081967	1763	1
35.72983606557377	8485	1
35.74693989071038	1959	1
35.74770491803279	7762	1
35.74983606557377	1061	1
35.77163934426229	5637	1
35.77311475409836	4263	1
35.77901639344262	8151	1
35.78338797814208	3322	1
35.815027322404376	3295	1
35.8251912568306	7897	1
35.83650273224043	3393	1
35.84054644808743	3904	1
35.85956284153006	671	1
35.86114754098361	670	1
35.86513661202186	2552	1
35.88153005464481	2644	1
35.88393442622951	7114	1
35.88584699453552	2268	1
35.88732240437159	9592	1
35.88737704918032	2105	1
35.88808743169399	7732	1
35.889726775956284	5669	1
35.89622950819672	1794	1
35.899125683060106	8343	1
35.90295081967213	6388	1
35.932841530054645	8948	1
35.94606557377049	5635	1
35.94868852459016	3291	1
35.97469945355191	9614	1
36.00032786885246	7481	1
36.015901639344264	3231	1
36.02142076502732	1221	1
36.02207650273224	293	1
36.029508196721316	8058	1
36.04672131147541	76	1
36.062732240437164	3834	1
36.080983606557375	3996	1
36.08497267759562	650	1
36.09092896174864	6622	1
36.09142076502732	1054	1
36.095628415300546	1669	1
36.09874316939891	4364	1
36.10180327868852	8240	1
36.10486338797814	1212	1
36.12693989071038	1964	1
36.152131147540985	5910	1
36.15420765027323	2050	1
36.168579234972675	9966	1
36.170054644808744	7427	1
36.17393442622951	1659	1
36.18234972677595	8862	1
36.18366120218579	8928	1
36.185683060109284	807	1
36.196284153005465	4100	1
36.20021857923497	7170	1
36.21027322404372	4031	1
36.21513661202186	8254	1
36.224262295081964	5468	1
36.22459016393443	8353	1
36.231147540983606	6209	1
36.23453551912568	1225	1
36.2375956284153	4610	1
36.24071038251366	9436	1
36.24355191256831	2328	1
36.25371584699453	1942	1
36.25573770491803	5412	1
36.25715846994535	9070	1
36.27371584699454	8674	1
36.29005464480875	7668	1
36.29076502732241	1280	1
36.29371584699454	8570	1
36.29972677595629	6820	1
36.305573770491804	3633	1
36.30945355191257	9743	1
36.31562841530055	504	1
36.351530054644805	9021	1
36.375191256830604	5828	1
36.38360655737705	1553	1
36.39409836065574	1502	1
36.405136612021856	8885	1
36.4051912568306	9943	1
36.424207650273225	4164	1
36.425628415300544	725	1
36.426885245901644	6151	1
36.446229508196716	4082	1
36.45502732240437	393	1
36.472404371584695	5177	1
36.475901639344265	783	1
36.48322404371584	5417	1
36.48349726775956	978	1
36.498961748633874	9744	1
36.52174863387978	9086	1
36.54792349726776	8004	1
36.550655737704915	9536	1
36.55306010928962	3527	1
36.56846994535519	283	1
36.5824043715847	576	1
36.5975956284153	237	1
36.60857923497268	8692	1
36.614316939890706	6625	1
36.6148087431694	3554	1
36.619508196721306	6429	1
36.64218579234972	7359	1
36.64327868852459	2964	1
36.64775956284153	6206	1
36.66054644808743	6546	1
36.68153005464481	2348	1
36.69786885245902	2856	1
36.7088524590164	4171	1
36.71098360655737	9910	1
36.71737704918033	191	1
36.72191256830601	2232	1
36.72398907103825	8341	1
36.72868852459016	4747	1
36.73912568306011	7725	1
36.758743169398905	438	1
36.76863387978142	3675	1
36.7703825136612	8903	1
36.78584699453552	9012	1
36.79448087431694	4323	1
36.79907103825136	1150	1
36.81366120218579	2168	1
36.820819672131144	579	1
36.823060109289614	3811	1
36.84409836065574	185	1
36.85928961748634	4688	1
36.86524590163935	8419	1
36.866885245901635	2194	1
36.86912568306011	3065	1
36.870327868852456	170	1
36.88617486338798	1257	1
36.89453551912568	5129	1
36.895355191256826	5374	1
36.90224043715847	2564	1
36.91196721311475	1712	1
36.94262295081967	5066	1
36.960163934426234	8411	1
36.98131147540983	7708	1
36.994535519125684	6030	1
36.996775956284154	5921	1
36.99950819672131	8780	1
37.00174863387978	5674	1
37.0227868852459	8708	1
37.023005464480875	4218	1
37.02961748633879	5969	1
37.057103825136615	9750	1
37.058196721311475	9800	1
37.059617486338794	3071	1
37.06	3453	1
37.061857923497264	9000	1
37.065355191256835	1384	1
37.07857923497268	1687	1
37.07918032786885	3151	1
37.08513661202186	1486	1
37.0864480874317	7866	1
37.097486338797815	8311	1
37.12573770491803	6075	1
37.133005464480874	3539	1
37.14601092896175	6096	1
37.152622950819676	5442	1
37.16054644808743	79	1
37.162622950819674	6091	1
37.17191256830601	1023	1
37.18967213114754	4974	1
37.1983606557377	6535	1
37.21333333333334	8218	1
37.23573770491804	6176	1
37.27	2110	1
37.27196721311475	4254	1
37.27770491803279	7364	1
37.28431693989071	5091	1
37.314590163934426	6503	1
37.31606557377049	9091	1
37.31628415300546	9575	1
37.32366120218579	5740	1
37.34054644808743	3883	1
37.36295081967213	4060	1
37.363661202185796	4717	1
37.36398907103825	1322	1
37.40726775956284	5668	1
37.41486338797814	5166	1
37.42655737704918	8075	1
37.42989071038251	7657	1
37.43502732240437	9597	1
37.44420765027322	5564	1
37.45606557377049	5678	1
37.4603825136612	9335	1
37.47748633879782	984	1
37.49448087431694	5871	1
37.49748633879781	1385	1
37.49803278688525	6036	1
37.529508196721316	4587	1
37.53448087431694	2501	1
37.544644808743165	7214	1
37.549945355191255	8456	1
37.552185792349725	3689	1
37.552185792349725	1598	1
37.55814207650273	4108	1
37.59464480874317	8648	1
37.601967213114754	3961	1
37.607213114754096	5452	1
37.607923497267755	3012	1
37.61245901639344	7816	1
37.61857923497268	1610	1
37.61983606557377	4762	1
37.63027322404372	2365	1
37.63311475409836	9554	1
37.634808743169394	3547	1
37.66202185792349	1193	1
37.666721311475406	1704	1
37.6683606557377	5275	1
37.67174863387978	3874	1
37.67185792349727	9825	1
37.674918032786884	2304	1
37.68896174863388	3042	1
37.6896174863388	366	1
37.69579234972677	5456	1
37.70650273224044	3319	1
37.73644808743169	8023	1
37.75371584699454	3968	1
37.7603825136612	7120	1
37.8124043715847	1181	1
37.81295081967213	8031	1
37.83459016393443	5552	1
37.839999999999996	8736	1
37.84469945355192	1796	1
37.85049180327869	7322	1
37.87087431693989	4962	1
37.87284153005464	1706	1
37.874426229508195	5178	1
37.88704918032787	7135	1
37.89409836065573	5854	1
37.89890710382514	4916	1
37.90726775956284	3990	1
37.92207650273224	5207	1
37.93038251366121	5236	1
37.9351912568306	5354	1
37.95688524590164	3688	1
37.96562841530054	8514	1
37.97267759562841	6735	1
37.9775956284153	6539	1
37.9996174863388	2229	1
38.0179781420765	4660	1
38.02661202185792	2271	1
38.028688524590166	1871	1
38.04251366120218	5728	1
38.05043715846994	7010	1
38.06819672131147	5247	1
38.07836065573771	5821	1
38.09344262295082	9944	1
38.100109289617485	9676	1
38.101912568306005	3935	1
38.10967213114754	1714	1
38.11142076502732	8245	1
38.11781420765028	3703	1
38.14617486338798	2123	1
38.15043715846994	9207	1
38.16792349726776	1761	1
38.16852459016393	1969	1
38.17841530054645	4365	1
38.21775956284153	1875	1
38.219071038251364	48	1
38.220601092896175	3974	1
38.23868852459017	3580	1
38.25224043715847	5325	1
38.2527868852459	1838	1
38.25693989071038	2213	1
38.26	7534	1
38.262950819672135	3808	1
38.26715846994536	8383	1
38.30655737704918	4483	1
38.330655737704916	4460	1
38.33311475409836	8491	1
38.333333333333336	8037	1
38.33907103825137	2831	1
38.3503825136612	3221	1
38.35153005464481	5636	1
38.35464480874317	9794	1
38.36333333333333	9820	1
38.37726775956284	9361	1
38.3903825136612	353	1
38.40409836065574	5150	1
38.40502732240437	3643	1
38.427868852459014	1435	1
38.444699453551905	8647	1
38.45546448087432	5449	1
38.47846994535519	6442	1
38.487759562841525	3652	1
38.515464480874314	2618	1
38.52131147540984	9556	1
38.52393442622951	1951	1
38.53967213114754	3303	1
38.55327868852459	2116	1
38.55590163934426	539	1
38.580710382513665	5998	1
38.64715846994536	861	1
38.66699453551913	3829	1
38.67765027322404	2867	1
38.68606557377049	2098	1
38.688743169398904	2225	1
38.70781420765027	7046	1
38.73120218579235	2471	1
38.7379781420765	7939	1
38.748688524590165	1889	1
38.7503825136612	3418	1
38.750874316939885	2242	1
38.75491803278688	8607	1
38.77322404371585	1299	1
38.77808743169398	4582	1
38.78032786885246	826	1
38.81737704918032	5294	1
38.83743169398907	5767	1
38.83792349726776	3288	1
38.84699453551912	3003	1
38.84792349726776	1191	1
38.867650273224044	1317	1
38.87103825136612	5490	1
38.87300546448087	3716	1
38.88803278688524	7251	1
38.89147540983606	5614	1
38.89639344262295	8644	1
38.92393442622951	9427	1
38.95688524590164	7143	1
38.95765027322404	2808	1
38.959999999999994	968	1
38.96032786885246	2305	1
38.97644808743169	4300	1
38.97693989071038	54	1
38.97830601092896	8871	1
38.98306010928962	6614	1
38.989289617486335	3063	1
38.99366120218579	628	1
39.007650273224044	4591	1
39.014808743169404	8798	1
39.026338797814205	7108	1
39.03907103825137	230	1
39.0427868852459	5924	1
39.050382513661205	5971	1
39.06950819672131	2635	1
39.07213114754098	4778	1
39.072786885245904	474	1
39.085519125683064	2309	1
39.09005464480874	668	1
39.09267759562841	724	1
39.095136612021854	1432	1
39.0968306010929	2518	1
39.10945355191257	9652	1
39.11748633879781	6875	1
39.12420765027323	7303	1
39.134153005464476	4476	1
39.13945355191257	5435	1
39.14027322404372	5732	1
39.145081967213116	1993	1
39.152896174863386	5807	1
39.15540983606557	3888	1
39.15830601092897	1503	1
39.16081967213115	3636	1
39.16393442622951	8781	1
39.164043715846994	4361	1
39.169672131147536	8502	1
39.17098360655737	3028	1
39.18666666666667	8658	1
39.19349726775956	3096	1
39.20142076502732	2132	1
39.20661202185792	1683	1
39.20868852459016	1642	1
39.216448087431694	7413	1
39.22010928961748	65	1
39.22125683060109	2700	1
39.22825136612022	6683	1
39.2320218579235	2942	1
39.24218579234972	8952	1
39.2492349726776	1814	1
39.25349726775956	974	1
39.25901639344263	3429	1
39.26524590163935	8327	1
39.26633879781421	9625	1
39.26825136612022	2503	1
39.279781420765026	4329	1
39.2872131147541	5983	1
39.29180327868852	6018	1
39.29868852459016	3294	1
39.31918032786885	3374	1
39.3203825136612	3802	1
39.33043715846995	175	1
39.335519125683064	400	1
39.346666666666664	4615	1
39.36901639344263	6181	1
39.38284153005464	9014	1
39.38311475409836	3300	1
39.393825136612016	6293	1
39.398797814207654	7332	1
39.398797814207654	6120	1
39.409125683060104	3966	1
39.41688524590164	9219	1
39.42027322404371	1093	1
39.42431693989071	9430	1
39.44060109289617	9145	1
39.447814207650275	4526	1
39.45251366120218	2103	1
39.45535519125683	6935	1
39.45765027322404	1778	1
39.47786885245902	2483	1
39.4824043715847	3347	1
39.482622950819675	1148	1
39.48672131147541	8196	1
39.49262295081967	9097	1
39.4951912568306	3000	1
39.499508196721315	532	1
39.514754098360655	7260	1
39.52459016393443	6127	1
39.54043715846995	7110	1
39.54065573770492	9999	1
39.580273224043715	3513	1
39.604699453551916	7545	1
39.60535519125683	5002	1
39.60841530054645	9494	1
39.61158469945355	2663	1
39.62508196721312	2413	1
39.62726775956284	8177	1
39.644262295081965	2731	1
39.64530054644809	2976	1
39.65103825136612	3667	1
39.655956284153	7200	1
39.66125683060109	1070	1
39.67355191256831	4475	1
39.6855737704918	7257	1
39.69109289617486	322	1
39.71508196721311	4189	1
39.719836065573766	1041	1
39.74743169398907	456	1
39.74928961748634	9233	1
39.755464480874316	8171	1
39.75781420765027	2003	1
39.760327868852464	1851	1
39.7775956284153	4432	1
39.78311475409836	1751	1
39.79945355191256	2614	1
39.81060109289617	6636	1
39.81918032786886	3403	1
39.82595628415301	1393	1
39.835027322404365	1408	1
39.840655737704914	9803	1
39.88803278688524	8843	1
39.88989071038251	8460	1
39.89846994535519	8810	1
39.951584699453555	3967	1
39.96562841530054	1746	1
39.96885245901639	8336	1
39.97754098360656	1266	1
39.983387978142076	2244	1
39.984535519125686	8176	1
39.990765027322404	7831	1
39.99540983606557	1359	1
40.004644808743166	8860	1
40.00819672131148	8125	1
40.01202185792349	7107	1
40.023497267759566	6628	1
40.03814207650273	3859	1
40.04459016393443	2113	1
40.06027322404371	5936	1
40.094207650273226	6327	1
40.11153005464481	8157	1
40.12398907103825	8667	1
40.14551912568306	8003	1
40.14601092896174	6956	1
40.18262295081967	7581	1
40.18584699453552	582	1
40.188743169398904	2392	1
40.207540983606556	7020	1
40.22273224043715	6021	1
40.222950819672135	4266	1
40.22415300546448	3878	1
40.237049180327865	2816	1
40.23923497267759	7989	1
40.243169398907106	3521	1
40.26579234972677	7299	1
40.28371584699453	3516	1
40.30010928961749	6603	1
40.30650273224044	4253	1
40.33158469945356	6563	1
40.368524590163936	7034	1
40.39398907103825	3884	1
40.40535519125683	4759	1
40.41322404371584	8186	1
40.41568306010929	4318	1
40.43136612021858	9707	1
40.43262295081967	282	1
40.433442622950814	2929	1
40.4783606557377	2299	1
40.48322404371585	4532	1
40.49027322404372	5880	1
40.49650273224044	2940	1
40.503169398907104	2069	1
40.50475409836066	1665	1
40.51901639344263	1627	1
40.53715846994535	5012	1
40.56245901639344	9812	1
40.56841530054645	9087	1
40.57213114754098	2474	1
40.5744262295082	5682	1
40.58327868852459	4470	1
40.58540983606557	2711	1
40.59207650273224	1279	1
40.60016393442623	2989	1
40.60371584699454	9581	1
40.609508196721315	8807	1
40.616502732240434	6188	1
40.63010928961749	4512	1
40.65158469945355	7629	1
40.656994535519125	907	1
40.66513661202186	3302	1
40.68311475409836	8716	1
40.69879781420765	8649	1
40.729945355191255	215	1
40.73934426229508	7724	1
40.74251366120218	1538	1
40.74617486338798	4449	1
40.74846994535519	6044	1
40.781748633879786	3475	1
40.795191256830606	3019	1
40.81103825136612	4624	1
40.8131693989071	6132	1
40.83655737704918	9476	1
40.85142076502732	1976	1
40.865792349726775	7791	1
40.8764480874317	1157	1
40.887540983606556	9123	1
40.89814207650273	9368	1
40.90103825136612	6631	1
40.90453551912568	4492	1
40.9244262295082	6595	1
40.94092896174863	5883	1
40.94114754098361	9294	1
40.95612021857923	8610	1
40.95879781420765	8017	1
40.96475409836066	2577	1
40.98049180327869	3069	1
40.98994535519125	554	1
40.99633879781421	691	1
41.003114754098355	5741	1
41.0079781420765	4114	1
41.024480874316936	8051	1
41.03655737704918	3969	1
41.04333333333334	4828	1
41.04568306010929	8530	1
41.05672131147541	2585	1
41.06699453551912	9532	1
41.07622950819672	1011	1
41.084371584699454	9300	1
41.103169398907106	6513	1
41.12021857923497	3849	1
41.12655737704918	2780	1
41.13743169398907	8653	1
41.13819672131147	3686	1
41.14633879781421	8302	1
41.15459016393443	4163	1
41.178360655737706	8727	1
41.180109289617484	2291	1
41.180983606557376	3711	1
41.187923497267754	7693	1
41.19311475409836	8368	1
41.19672131147541	6714	1
41.19830601092896	1872	1
41.19841530054645	410	1
41.20475409836066	8755	1
41.24928961748634	9445	1
41.25967213114754	5467	1
41.26032786885246	5510	1
41.260601092896174	2869	1
41.26677595628415	664	1
41.269289617486336	5199	1
41.31245901639344	8503	1
41.32382513661202	3566	1
41.33868852459017	3135	1
41.347868852459015	4200	1
41.35333333333333	949	1
41.353879781420765	2288	1
41.35508196721312	5128	1
41.35901639344262	1825	1
41.35972677595628	2076	1
41.407704918032785	7711	1
41.42360655737705	1641	1
41.428743169398906	9656	1
41.457486338797814	2423	1
41.47262295081967	9161	1
41.478142076502735	6064	1
41.51956284153005	299	1
41.52207650273224	2713	1
41.536502732240436	4405	1
41.542841530054645	8990	1
41.56	508	1
41.56704918032787	3467	1
41.57065573770492	7022	1
41.580655737704916	1203	1
41.58540983606557	7064	1
41.60218579234973	2586	1
41.610655737704924	6491	1
41.6316393442623	1088	1
41.64295081967213	9605	1
41.647595628415296	8625	1
41.64939890710383	6600	1
41.66568306010929	2797	1
41.674590163934425	8567	1
41.68174863387978	2643	1
41.682841530054645	6527	1
41.723606557377046	5041	1
41.726284153005466	7915	1
41.7372131147541	1862	1
41.75475409836066	1376	1
41.75934426229508	5508	1
41.75972677595628	6703	1
41.779398907103825	8664	1
41.78300546448087	6006	1
41.79027322404371	9847	1
41.79333333333334	2981	1
41.7963387978142	4414	1
41.796939890710384	5923	1
41.804098360655736	9948	1
41.80825136612022	3348	1
41.81103825136612	4291	1
41.811967213114755	656	1
41.82939890710382	710	1
41.83852459016393	5411	1
41.84054644808743	9337	1
41.84907103825136	2588	1
41.855683060109286	6711	1
41.856174863387984	6339	1
41.86344262295082	8265	1
41.883770491803276	7554	1
41.89371584699453	8932	1
41.9048087431694	6428	1
41.91431693989071	7308	1
41.916338797814205	4661	1
41.93125683060109	6544	1
41.954207650273226	5630	1
41.960437158469944	9859	1
41.961202185792345	4902	1
41.96715846994536	4097	1
41.97830601092896	9324	1
41.99934426229508	7238	1
42.018633879781426	4178	1
42.039836065573766	5626	1
42.04087431693989	5860	1
42.04213114754098	471	1
42.04808743169399	9711	1
42.05010928961748	4521	1
42.06	9048	1
42.066885245901645	4174	1
42.071912568306004	3215	1
42.07857923497267	816	1
42.10131147540984	1184	1
42.10256830601092	8188	1
42.109453551912566	2629	1
42.10994535519126	8852	1
42.11622950819672	3518	1
42.12792349726776	4792	1
42.14420765027322	4173	1
42.16081967213115	2340	1
42.165136612021854	8012	1
42.165628415300546	775	1
42.18311475409836	7860	1
42.18857923497268	9901	1
42.19196721311475	4628	1
42.19289617486339	2438	1
42.195956284153006	3598	1
42.213497267759564	6891	1
42.225956284153	1667	1
42.24442622950819	1216	1
42.25453551912568	2248	1
42.2664480874317	5962	1
42.27273224043716	2622	1
42.281639344262295	7933	1
42.296994535519126	2005	1
42.29748633879781	6906	1
42.298087431693986	445	1
42.31901639344262	4368	1
42.31983606557377	8874	1
42.32928961748634	1309	1
42.3596174863388	8561	1
42.36371584699454	9159	1
42.37065573770492	5639	1
42.37338797814208	7346	1
42.381967213114756	9795	1
42.38606557377049	9959	1
42.403661202185795	999	1
42.46092896174863	8815	1
42.47153005464481	4059	1
42.4827868852459	5609	1
42.49486338797814	5159	1
42.513333333333335	3977	1
42.5239344262295	7776	1
42.53956284153005	5100	1
42.544480874316946	640	1
42.564098360655734	7391	1
42.56808743169399	9563	1
42.587377049180326	2918	1
42.58846994535519	3982	1
42.60841530054645	8909	1
42.62087431693989	7381	1
42.63737704918032	1886	1
42.66420765027323	5944	1
42.68431693989071	1142	1
42.69103825136612	2345	1
42.70065573770491	2204	1
42.71622950819672	8656	1
42.74819672131147	98	1
42.74852459016393	3102	1
42.75819672131147	8028	1
42.762131147540984	8344	1
42.78338797814208	5006	1
42.79142076502732	9310	1
42.794316939890706	7077	1
42.79754098360656	9241	1
42.804043715846994	3704	1
42.82218579234973	9957	1
42.83377049180328	6579	1
42.83885245901639	9024	1
42.89043715846994	9647	1
42.892076502732245	9038	1
42.896885245901636	4281	1
42.90426229508196	4136	1
42.912185792349725	4817	1
42.91540983606557	9099	1
42.930928961748634	5603	1
42.93306010928961	6037	1
42.93945355191257	2455	1
42.946393442622956	2373	1
42.95125683060109	9495	1
42.974754098360656	3496	1
42.99972677595628	5077	1
43.00486338797814	5515	1
43.006939890710385	6796	1
43.008415300546446	7184	1
43.01568306010929	4566	1
43.041693989071035	995	1
43.06366120218579	4675	1
43.063879781420766	8101	1
43.074699453551915	9618	1
43.07863387978142	1058	1
43.08087431693989	1656	1
43.09732240437158	174	1
43.10169398907104	2443	1
43.11907103825137	3164	1
43.12846994535519	4340	1
43.131038251366114	9649	1
43.13415300546448	2789	1
43.148360655737704	5407	1
43.17770491803278	5692	1
43.1803825136612	5742	1
43.207213114754104	5200	1
43.2083606557377	6254	1
43.20912568306011	415	1
43.22311475409836	7501	1
43.23989071038252	5293	1
43.24109289617486	7340	1
43.259180327868854	2104	1
43.260655737704916	1224	1
43.26131147540983	2374	1
43.26426229508196	9579	1
43.27803278688525	1270	1
43.28464480874317	354	1
43.29016393442623	8367	1
43.29459016393442	882	1
43.30092896174863	2084	1
43.35857923497268	5672	1
43.36584699453552	9327	1
43.3707650273224	8438	1
43.39142076502732	840	1
43.40295081967213	8629	1
43.408797814207645	3719	1
43.425956284153	4523	1
43.429453551912566	1260	1
43.4307650273224	8126	1
43.45770491803279	6266	1
43.46464480874317	5056	1
43.46983606557377	7470	1
43.47781420765027	4054	1
43.48770491803278	8832	1
43.50601092896175	3116	1
43.51092896174863	3626	1
43.53065573770492	7610	1
43.558196721311475	4451	1
43.56103825136612	8135	1
43.574972677595625	6710	1
43.58939890710382	7731	1
43.599726775956285	6753	1
43.60770491803279	1308	1
43.61442622950819	22	1
43.6231693989071	9679	1
43.62453551912568	9439	1
43.626775956284156	9981	1
43.630491803278694	4527	1
43.638251366120215	2871	1
43.64994535519126	8174	1
43.697049180327866	7544	1
43.69967213114754	3949	1
43.70387978142076	1613	1
43.70912568306011	6437	1
43.71338797814207	5319	1
43.73043715846995	1718	1
43.73098360655737	9871	1
43.73245901639344	8403	1
43.740437158469945	5517	1
43.75327868852459	1470	1
43.75535519125683	7873	1
43.7555737704918	6175	1
43.76732240437158	3787	1
43.78628415300547	1925	1
43.787213114754095	7618	1
43.79754098360655	4366	1
43.82071038251366	3720	1
43.826502732240435	4407	1
43.830382513661206	4911	1
43.84732240437158	9166	1
43.85125683060109	9419	1
43.85617486338798	8866	1
43.86830601092896	3798	1
43.891256830601094	1927	1
43.90032786885246	9710	1
43.90131147540984	5766	1
43.9055737704918	8512	1
43.91579234972678	9695	1
43.92551912568306	4652	1
43.93699453551912	6128	1
43.95377049180328	4790	1
43.96054644808743	2739	1
43.986721311475414	4637	1
44.00218579234973	446	1
44.0175956284153	515	1
44.02010928961749	7493	1
44.051803278688524	2326	1
44.058797814207644	5211	1
44.06131147540984	2584	1
44.06377049180328	3993	1
44.07989071038251	5157	1
44.080601092896174	3401	1
44.08262295081967	9593	1
44.08748633879782	4076	1
44.09147540983607	6855	1
44.095683060109295	9085	1
44.109071038251365	419	1
44.11065573770492	6464	1
44.11333333333334	7367	1
44.11978142076502	2008	1
44.127814207650275	8470	1
44.13792349726776	849	1
44.146393442622944	9589	1
44.153333333333336	8924	1
44.18338797814208	8097	1
44.18540983606557	8061	1
44.18819672131148	8577	1
44.203005464480874	1332	1
44.20568306010929	4613	1
44.21382513661202	2956	1
44.24251366120219	187	1
44.24628415300547	6605	1
44.255519125683065	5134	1
44.25661202185792	9010	1
44.25737704918032	3015	1
44.25945355191257	224	1
44.26819672131147	439	1
44.272240437158466	2109	1
44.27437158469945	6371	1
44.28284153005465	6295	1
44.34765027322404	1690	1
44.350874316939894	6045	1
44.35584699453552	4533	1
44.35967213114754	1134	1
44.36590163934426	5869	1
44.37469945355191	3712	1
44.381256830601096	1176	1
44.383060109289616	5395	1
44.39098360655738	9483	1
44.41437158469945	9949	1
44.4220218579235	890	1
44.44049180327869	7426	1
44.45770491803279	8334	1
44.47928961748634	1870	1
44.47928961748634	9016	1
44.49415300546448	9788	1
44.49464480874317	7297	1
44.510710382513665	1865	1
44.51622950819672	5323	1
44.526721311475406	966	1
44.529344262295076	2803	1
44.53693989071038	6707	1
44.53939890710382	1836	1
44.54125683060109	7895	1
44.60677595628415	9380	1
44.62	7927	1
44.664043715846994	5928	1
44.66852459016393	6397	1
44.67743169398907	1674	1
44.67918032786885	3253	1
44.68628415300546	7505	1
44.6879781420765	7664	1
44.70661202185792	3964	1
44.7072131147541	5726	1
44.76579234972678	3079	1
44.766612021857924	4862	1
44.771584699453555	1459	1
44.787213114754095	7205	1
44.80229508196721	2097	1
44.80934426229508	337	1
44.815956284153	4428	1
44.83650273224043	6162	1
44.844808743169395	4004	1
44.84945355191257	8228	1
44.85830601092896	4636	1
44.91644808743169	9474	1
44.91732240437158	6301	1
44.919016393442625	6520	1
44.93360655737705	1209	1
44.93890710382514	42	1
44.962459016393446	7400	1
44.972131147540985	7733	1
44.98606557377049	4899	1
44.98693989071038	4573	1
44.9887431693989	9262	1
44.99852459016393	1239	1
45.00453551912568	1647	1
45.00568306010929	4973	1
45.02502732240438	3803	1
45.03415300546448	9033	1
45.040218579234974	5714	1
45.04710382513661	2382	1
45.05010928961749	2874	1
45.10437158469946	5169	1
45.12715846994535	4720	1
45.13540983606557	2619	1
45.16049180327869	2275	1
45.16284153005464	2148	1
45.16846994535519	9951	1
45.179836065573774	1974	1
45.19792349726776	4921	1
45.210491803278686	4490	1
45.21590163934426	1869	1
45.216120218579235	1255	1
45.2188524590164	7267	1
45.2203825136612	4151	1
45.22234972677595	2205	1
45.22262295081967	3717	1
45.239398907103826	5842	1
45.25508196721311	347	1
45.268524590163935	3723	1
45.27879781420765	5991	1
45.28191256830601	1972	1
45.30136612021858	9761	1
45.3031693989071	8112	1
45.330382513661206	5133	1
45.36267759562841	1169	1
45.3627868852459	6108	1
45.374043715846994	227	1
45.38726775956284	6488	1
45.40076502732241	6732	1
45.41879781420764	2489	1
45.420054644808744	5377	1
45.42142076502733	9603	1
45.43814207650273	4771	1
45.440163934426224	9929	1
45.44114754098361	3761	1
45.49672131147541	2310	1
45.50398907103825	8147	1
45.5124043715847	7402	1
45.51786885245902	8601	1
45.53366120218579	2221	1
45.54065573770492	5258	1
45.54530054644809	4073	1
45.54617486338798	6584	1
45.55918032786885	3796	1
45.578743169398905	4353	1
45.589562841530054	2302	1
45.595573770491804	4133	1
45.596775956284155	3412	1
45.60256830601093	7153	1
45.60535519125683	1904	1
45.62300546448087	9779	1
45.63693989071038	6215	1
45.696557377049174	3255	1
45.70437158469946	302	1
45.71256830601093	1649	1
45.73087431693989	3938	1
45.76398907103825	3095	1
45.76874316939891	3016	1
45.77765027322405	3613	1
45.780491803278686	5558	1
45.784207650273224	3080	1
45.79792349726776	4021	1
45.808579234972676	8412	1
45.81377049180328	8266	1
45.82147540983607	4370	1
45.8407650273224	1523	1
45.84327868852459	9397	1
45.85584699453552	5334	1
45.874426229508195	5001	1
45.90387978142076	5474	1
45.90765027322404	5524	1
45.90770491803279	8823	1
45.923387978142074	9885	1
45.92486338797814	5494	1
45.93251366120219	6416	1
45.945956284153006	2259	1
45.954535519125685	4479	1
45.96852459016393	2638	1
45.978032786885244	6086	1
45.97989071038251	5534	1
45.98945355191257	4355	1
46.01174863387978	9997	1
46.013661202185794	7975	1
46.0272131147541	6040	1
46.029726775956284	8756	1
46.03322404371585	7453	1
46.04448087431694	2937	1
46.04573770491803	8564	1
46.052240437158474	2994	1
46.06765027322404	5990	1
46.06956284153006	9415	1
46.070601092896176	9662	1
46.084153005464486	1858	1
46.09693989071038	3158	1
46.09786885245902	2441	1
46.10098360655738	5413	1
46.104918032786884	3427	1
46.11	8007	1
46.111639344262294	7681	1
46.117213114754094	1457	1
46.12918032786885	4501	1
46.13180327868852	7631	1
46.133387978142075	9163	1
46.143879781420765	6676	1
46.151803278688526	66	1
46.165573770491804	5292	1
46.168251366120224	6412	1
46.190273224043715	3553	1
46.19284153005464	6123	1
46.19469945355191	6618	1
46.19661202185792	9181	1
46.201530054644806	2170	1
46.202622950819666	1580	1
46.21027322404371	8515	1
46.21147540983607	8430	1
46.21267759562841	6133	1
46.216065573770486	8066	1
46.23469945355191	5810	1
46.23661202185792	294	1
46.258142076502736	9778	1
46.290983606557376	4788	1
46.29606557377049	9862	1
46.31934426229508	3132	1
46.32267759562841	5075	1
46.32371584699453	2316	1
46.33300546448088	9637	1
46.3487431693989	46	1
46.34907103825137	8325	1
46.3555737704918	5420	1
46.39043715846994	1448	1
46.43683060109289	8215	1
46.45153005464481	3053	1
46.45879781420765	8683	1
46.50071038251366	84	1
46.52387978142076	2096	1
46.52486338797814	1777	1
46.53174863387978	3514	1
46.53333333333333	5306	1
46.55349726775956	792	1
46.55874316939891	9354	1
46.575409836065575	7502	1
46.581803278688525	6502	1
46.59010928961749	2653	1
46.59327868852459	5889	1
46.59508196721311	331	1
46.60355191256831	8732	1
46.607213114754096	5261	1
46.60879781420765	140	1
46.61612021857923	496	1
46.626338797814206	928	1
46.65639344262295	4793	1
46.67579234972678	5380	1
46.67852459016394	6690	1
46.679453551912566	988	1
46.693934426229504	5799	1
46.694426229508196	1302	1
46.7148087431694	9994	1
46.723551912568304	4940	1
46.72535519125683	3909	1
46.73366120218579	3086	1
46.734808743169395	7133	1
46.747540983606555	8273	1
46.748251366120215	3579	1
46.75497267759563	8055	1
46.75825136612021	5946	1
46.78289617486339	1125	1
46.794644808743165	4113	1
46.82185792349726	624	1
46.84387978142077	8528	1
46.84530054644809	2403	1
46.88262295081967	6049	1
46.89803278688524	4571	1
46.90972677595628	5376	1
46.91546448087431	3103	1
46.92551912568306	2082	1
46.94950819672131	5403	1
46.95163934426229	292	1
46.95360655737705	29	1
46.96431693989071	3313	1
46.97601092896175	1567	1
46.9760655737705	2296	1
46.97846994535519	3574	1
46.98005464480874	6528	1
46.98087431693989	8686	1
46.98590163934426	997	1
46.98650273224044	1911	1
46.990437158469945	2212	1
46.99497267759563	4023	1
47.00224043715847	1782	1
47.01010928961748	8508	1
47.011475409836066	1635	1
47.01874316939891	1910	1
47.0191256830601	7254	1
47.0424043715847	3137	1
47.050273224043714	2921	1
47.053005464480876	8416	1
47.05907103825137	4995	1
47.063879781420766	3335	1
47.064590163934426	9912	1
47.06650273224044	110	1
47.06846994535519	9447	1
47.07448087431693	8046	1
47.08125683060109	7608	1
47.08191256830601	6446	1
47.08344262295082	6879	1
47.09306010928962	1619	1
47.09349726775956	2407	1
47.11688524590164	9756	1
47.13644808743169	6588	1
47.13885245901639	1864	1
47.1392349726776	5772	1
47.144316939890714	6919	1
47.156284153005465	8993	1
47.161748633879775	2822	1
47.17655737704918	7198	1
47.18021857923497	4149	1
47.18256830601092	3709	1
47.18327868852459	7070	1
47.186939890710384	8130	1
47.19087431693989	9292	1
47.19273224043716	2699	1
47.19983606557377	1595	1
47.20065573770492	7412	1
47.20994535519126	1321	1
47.22010928961748	9687	1
47.22327868852459	311	1
47.23907103825136	1602	1
47.24650273224044	6414	1
47.25415300546448	719	1
47.2579781420765	7557	1
47.27032786885246	3189	1
47.27049180327869	2298	1
47.270655737704914	3924	1
47.29054644808743	7721	1
47.29568306010929	6099	1
47.30049180327868	1068	1
47.31666666666666	7940	1
47.32043715846995	7623	1
47.32825136612022	6607	1
47.32983606557377	1076	1
47.34251366120218	361	1
47.34579234972678	638	1
47.3468306010929	9739	1
47.35355191256831	5125	1
47.36737704918033	3472	1
47.38114754098361	6050	1
47.38196721311475	5196	1
47.38928961748634	8002	1
47.391202185792345	6689	1
47.39393442622951	5633	1
47.39475409836066	8159	1
47.42284153005464	9824	1
47.42322404371585	5264	1
47.428961748633874	2987	1
47.43994535519126	4849	1
47.445956284153006	217	1
47.45584699453552	2195	1
47.45704918032787	3049	1
47.45874316939891	4088	1
47.461967213114754	3422	1
47.46349726775956	774	1
47.46382513661202	4308	1
47.466557377049185	7401	1
47.46737704918033	9810	1
47.468032786885246	3567	1
47.46972677595629	7449	1
47.473661202185795	69	1
47.474754098360656	8113	1
47.47841530054645	6948	1
47.48459016393442	4882	1
47.50431693989071	53	1
47.50644808743169	7047	1
47.5131693989071	7635	1
47.5355737704918	2979	1
47.541366120218576	9367	1
47.54743169398907	7394	1
47.55590163934426	8788	1
47.55808743169399	7462	1
47.56136612021858	259	1
47.57672131147541	3864	1
47.588469945355186	1056	1
47.589234972677595	9787	1
47.59153005464481	5238	1
47.59251366120218	3130	1
47.60333333333333	7244	1
47.60628415300547	7869	1
47.61387978142076	9497	1
47.61672131147541	4394	1
47.617650273224044	9740	1
47.61792349726776	3142	1
47.62612021857924	4262	1
47.62907103825136	8427	1
47.65054644808743	4098	1
47.652841530054644	8465	1
47.655464480874315	8163	1
47.665628415300546	6234	1
47.66857923497268	2528	1
47.67469945355191	5548	1
47.67901639344262	4979	1
47.68338797814207	5084	1
47.690655737704915	614	1
47.69601092896175	2773	1
47.699999999999996	9008	1
47.70087431693989	4600	1
47.712732240437155	5957	1
47.72344262295082	8678	1
47.7420218579235	5755	1
47.74448087431694	5132	1
47.750546448087434	3923	1
47.76568306010929	3895	1
47.77016393442623	2154	1
47.793934426229505	8883	1
47.800710382513664	7874	1
47.81775956284153	2928	1
47.82661202185792	6228	1
47.829945355191256	8533	1
47.83639344262295	6769	1
47.8468306010929	8145	1
47.84765027322405	4177	1
47.850218579234976	9821	1
47.85726775956284	1933	1
47.85814207650273	3831	1
47.86076502732241	1686	1
47.894644808743166	8907	1
47.89601092896174	6583	1
47.90103825136612	2890	1
47.90273224043716	6623	1
47.91420765027322	2787	1
47.91885245901639	5109	1
47.93032786885246	3880	1
47.93464480874317	8067	1
47.947486338797816	3345	1
47.95453551912568	3728	1
47.95885245901639	2750	1
47.96781420765027	573	1
47.97677595628415	5253	1
47.99295081967213	838	1
47.99573770491803	5574	1
48.010273224043715	7178	1
48.01092896174863	6960	1
48.016612021857924	6790	1
48.03890710382513	5774	1
48.04377049180328	1701	1
48.047814207650276	6694	1
48.07562841530054	4848	1
48.0779781420765	4668	1
48.08748633879781	4289	1
48.08792349726776	2562	1
48.10808743169399	2548	1
48.11901639344263	6630	1
48.13743169398907	72	1
48.154863387978146	6719	1
48.15551912568306	750	1
48.156229508196716	413	1
48.1583606557377	5654	1
48.160054644808746	1114	1
48.163715846994535	3813	1
48.168142076502726	3592	1
48.189508196721306	16	1
48.19043715846995	405	1
48.19857923497268	473	1
48.20464480874317	4805	1
48.2124043715847	8290	1
48.2144262295082	8232	1
48.22672131147541	7697	1
48.23103825136612	9617	1
48.23420765027323	2843	1
48.23737704918033	2083	1
48.24437158469945	4124	1
48.246010928961745	9213	1
48.253551912568305	1399	1
48.26693989071038	9265	1
48.266994535519125	6782	1
48.27677595628415	829	1
48.2775956284153	3578	1
48.28770491803279	7380	1
48.29338797814207	9424	1
48.30191256830601	4968	1
48.306010928961754	7162	1
48.307377049180324	9713	1
48.31650273224044	9003	1
48.32098360655738	2649	1
48.34185792349727	5663	1
48.34469945355191	6567	1
48.347103825136614	9172	1
48.349398907103826	3091	1
48.35540983606557	6307	1
48.372950819672134	2834	1
48.3820218579235	6784	1
48.38693989071039	6025	1
48.39065573770492	8241	1
48.39377049180328	1603	1
48.39562841530055	2053	1
48.39601092896174	7345	1
48.39715846994535	1085	1
48.40677595628415	2085	1
48.4096174863388	1488	1
48.41125683060109	6942	1
48.419016393442625	7283	1
48.42732240437159	8386	1
48.43890710382514	5586	1
48.45	3216	1
48.45770491803278	1489	1
48.46213114754099	9913	1
48.48699453551912	4588	1
48.499398907103824	5662	1
48.51163934426229	8009	1
48.5124043715847	9582	1
48.52098360655737	9285	1
48.52846994535519	7175	1
48.52874316939891	7446	1
48.53704918032786	3094	1
48.542076502732236	3327	1
48.54939890710383	4421	1
48.56092896174864	8770	1
48.56289617486338	8967	1
48.586174863387974	3752	1
48.60551912568306	3696	1
48.612131147540985	9896	1
48.625136612021855	1955	1
48.64289617486339	3792	1
48.647978142076504	1231	1
48.650218579234966	93	1
48.657595628415294	685	1
48.65901639344262	1781	1
48.65972677595628	5585	1
48.66016393442623	4851	1
48.66584699453552	2249	1
48.67655737704918	5805	1
48.70021857923497	1063	1
48.706830601092896	4535	1
48.71109289617487	6819	1
48.71584699453552	5276	1
48.71737704918033	3022	1
48.72786885245902	8318	1
48.73398907103825	6495	1
48.73743169398907	129	1
48.74344262295082	8696	1
48.74841530054645	9512	1
48.76426229508197	2781	1
48.76967213114754	359	1
48.770765027322405	6103	1
48.772185792349724	8623	1
48.776393442622954	5280	1
48.78568306010929	4147	1
48.792459016393444	7948	1
48.81426229508197	5047	1
48.828360655737704	4246	1
48.829180327868855	4450	1
48.83420765027323	5308	1
48.835081967213114	8581	1
48.84060109289617	8958	1
48.845245901639345	7474	1
48.848688524590166	266	1
48.84874316939891	5579	1
48.85103825136612	2728	1
48.859836065573774	8776	1
48.86191256830601	6752	1
48.894043715847	645	1
48.89868852459016	631	1
48.90360655737705	7092	1
48.93065573770492	5723	1
48.932076502732244	655	1
48.937923497267754	4457	1
48.946174863387974	1506	1
48.953770491803276	1051	1
48.96666666666666	3075	1
48.970874316939884	9119	1
48.979562841530054	6868	1
48.986284153005464	451	1
48.996830601092896	8576	1
49.02672131147541	6850	1
49.030163934426234	7393	1
49.04306010928962	9840	1
49.05060109289617	6000	1
49.054754098360654	752	1
49.06748633879781	4870	1
49.081092896174866	9923	1
49.08874316939891	4998	1
49.11196721311475	2144	1
49.12131147540983	1882	1
49.12732240437158	4796	1
49.138688524590165	864	1
49.16617486338798	3018	1
49.17464480874317	6543	1
49.19005464480874	2256	1
49.19174863387978	2495	1
49.195956284153006	6461	1
49.22404371584699	9990	1
49.23830601092896	1533	1
49.246010928961745	6822	1
49.24989071038251	8906	1
49.25289617486339	4334	1
49.256939890710385	1541	1
49.25825136612022	8713	1
49.26896174863388	7690	1
49.284644808743174	6716	1
49.289781420765024	4714	1
49.301366120218574	6160	1
49.305191256830604	2883	1
49.30792349726776	1986	1
49.311584699453554	560	1
49.318579234972674	9939	1
49.32409836065574	9772	1
49.32551912568306	9569	1
49.32956284153005	8759	1
49.33721311475409	8933	1
49.34311475409836	1268	1
49.356721311475404	8209	1
49.36491803278688	4158	1
49.366557377049176	40	1
49.37120218579235	9573	1
49.373715846994536	1928	1
49.37601092896175	1323	1
49.381147540983605	173	1
49.38229508196721	5326	1
49.389125683060115	186	1
49.414480874316936	9122	1
49.42486338797814	3332	1
49.432841530054645	2878	1
49.43349726775956	4357	1
49.44426229508196	1421	1
49.4487431693989	5819	1
49.46546448087432	3894	1
49.47043715846994	1591	1
49.473989071038254	2457	1
49.47666666666667	4567	1
49.47715846994536	5369	1
49.496448087431695	8934	1
49.49748633879781	1850	1
49.499453551912566	1050	1
49.510601092896174	7789	1
49.51349726775956	5426	1
49.52612021857924	7637	1
49.535409836065575	2905	1
49.53830601092896	3694	1
49.54163934426229	5611	1
49.5427868852459	5749	1
49.55950819672131	1587	1
49.564207650273225	9783	1
49.571693989071036	2610	1
49.57825136612021	2418	1
49.57863387978142	6604	1
49.58371584699454	2100	1
49.60661202185793	7546	1
49.613989071038255	8544	1
49.632568306010924	7087	1
49.633770491803276	3172	1
49.6587431693989	2181	1
49.6779781420765	7647	1
49.68945355191257	7896	1
49.6955737704918	9179	1
49.69912568306011	5345	1
49.70448087431694	8521	1
49.705245901639344	4631	1
49.7151912568306	8985	1
49.728087431693986	1952	1
49.750491803278685	3525	1
49.7596174863388	809	1
49.771147540983605	6933	1
49.79726775956284	478	1
49.820874316939886	1445	1
49.83306010928962	3362	1
49.836994535519125	9522	1
49.84530054644809	8141	1
49.85251366120218	7263	1
49.88327868852459	4640	1
49.89120218579235	2312	1
49.89125683060109	2018	1
49.904426229508196	5163	1
49.91765027322404	3230	1
49.922732240437156	8495	1
49.958688524590166	5318	1
49.961256830601094	1006	1
49.962240437158464	2019	1
49.96666666666667	2136	1
49.968360655737705	3247	1
49.96918032786885	993	1
49.97043715846994	5713	1
49.97431693989071	3725	1
49.974699453551914	6946	1
49.98732240437158	4335	1
49.988907103825134	9471	1
49.99573770491803	3175	1
50.00032786885246	2173	1
50.00568306010929	4981	1
50.006885245901636	6899	1
50.02409836065574	7494	1
50.03191256830601	5179	1
50.03398907103825	6670	1
50.04743169398907	9716	1
50.04819672131147	1779	1
50.072732240437155	9225	1
50.07956284153005	5242	1
50.08803278688524	7357	1
50.08852459016393	5392	1
50.091912568306014	6668	1
50.09612021857924	3318	1
50.10928961748634	1754	1
50.11639344262295	4586	1
50.12136612021858	4222	1
50.13245901639344	9456	1
50.13841530054645	202	1
50.15907103825136	4891	1
50.163333333333334	1520	1
50.17617486338798	0	1
