0.0774704918032787	6455	1
0.10241748633879781	5578	1
0.16256666666666664	7186	1
0.2127912568306011	851	1
0.37060928961748635	1850	1
0.4364120218579235	4810	1
0.441551912568306	5994	1
0.49179617486338795	4662	1
0.4937087431693989	468	1
0.6495846994535519	3461	1
0.6573934426229507	8426	1
0.7727868852459017	8896	1
0.8551147540983606	5071	1
0.9474535519125683	8698	1
0.9540327868852458	3225	1
1.0604535519125684	2518	1
1.1061748633879782	4022	1
1.152672131147541	6214	1
1.1764535519125683	4259	1
1.3118688524590163	5958	1
1.3206065573770491	1079	1
1.358672131147541	1395	1
1.365983606557377	2200	1
1.4145300546448087	7060	1
1.4435956284153004	5414	1
1.5363879781420766	762	1
1.5459836065573769	3178	1
1.5646448087431695	8596	1
1.6123387978142076	3216	1
1.6717377049180329	1039	1
1.7133770491803277	4578	1
1.8784207650273224	1734	1
1.925398907103825	1449	1
2.100398907103825	4323	1
2.225956284153005	4494	1
2.2697267759562845	9438	1
2.377918032786885	6850	1
2.6356448087431694	6110	1
2.6364098360655737	6011	1
2.7088032786885243	1122	1
2.807879781420765	4427	1
2.8564590163934422	2217	1
2.911590163934426	5865	1
2.96575956284153	9190	1
3.049846994535519	4559	1
3.0602732240437156	708	1
3.0778360655737704	6061	1
3.1020109289617483	9401	1
3.159120218579235	2957	1
3.213989071038251	7673	1
3.2779234972677593	8447	1
3.425054644808743	5350	1
3.467404371584699	6839	1
3.5071147540983607	8201	1
3.5333333333333337	8191	1
3.6072732240437158	5424	1
3.6083387978142074	4209	1
3.6430163934426227	2577	1
3.6860218579234973	9707	1
3.749497267759563	3074	1
3.903655737704918	9311	1
3.9156666666666666	6349	1
4.040010928961748	8622	1
4.104426229508197	5255	1
4.130868852459017	1056	1
4.187863387978142	1988	1
4.231262295081967	8573	1
4.274049180327869	9431	1
4.357666666666667	5779	1
4.37796174863388	6374	1
4.422491803278689	5470	1
4.441890710382514	4436	1
4.597387978142077	2725	1
4.6450163934426225	7668	1
4.747956284153005	3137	1
4.786683060109289	9317	1
4.85220218579235	6111	1
4.865956284153005	6087	1
4.899967213114754	3826	1
4.920726775956283	6791	1
4.941005464480874	91	1
4.941579234972678	255	1
4.987125683060109	173	1
5.008442622950819	8713	1
5.015989071038251	6635	1
5.023180327868852	886	1
5.0506775956284145	7619	1
5.083344262295082	6752	1
5.154983606557377	8929	1
5.2829945355191255	5532	1
5.317655737704918	2963	1
5.457180327868852	253	1
5.564043715846995	2606	1
5.569234972677595	9834	1
5.588360655737705	4001	1
5.598633879781421	3339	1
5.6154644808743175	4568	1
5.637322404371585	1474	1
5.646994535519125	3195	1
5.688524590163935	4340	1
5.702021857923497	392	1
5.740655737704918	8094	1
5.78120218579235	7592	1
5.789125683060109	5408	1
5.79191256830601	5331	1
5.793005464480874	4115	1
5.830765027322404	3548	1
5.863169398907104	7824	1
5.878251366120218	8805	1
5.916120218579234	9840	1
5.919180327868853	6119	1
5.943551912568306	7517	1
5.969289617486338	5513	1
6.023333333333333	5401	1
6.267540983606557	6613	1
6.3094535519125685	1464	1
6.313879781420765	9508	1
6.385464480874317	8592	1
6.4046448087431695	8401	1
6.473551912568306	5494	1
6.528469945355192	5860	1
6.555081967213114	6685	1
6.578032786885245	8153	1
6.579125683060109	5375	1
6.60688524590164	6400	1
6.642677595628415	792	1
6.665300546448087	3457	1
6.6781420765027315	5509	1
6.742459016393442	9316	1
6.778743169398907	4057	1
6.9019125683060105	8791	1
6.969125683060109	6905	1
6.992622950819673	3889	1
7.010710382513661	732	1
7.121584699453552	589	1
7.214043715846994	3021	1
7.217377049180328	1485	1
7.257158469945355	5654	1
7.264699453551912	5901	1
7.266939890710382	4285	1
7.317595628415301	4605	1
7.320109289617486	1407	1
7.33103825136612	6677	1
7.3572131147540984	6032	1
7.36120218579235	32	1
7.407322404371585	7098	1
7.513770491803279	4679	1
7.5189071038251365	139	1
7.5685792349726775	2798	1
7.596885245901639	8949	1
7.611639344262295	470	1
7.790054644808744	7634	1
7.835464480874316	2623	1
7.8359562841530055	4315	1
7.902950819672131	1543	1
7.933387978142076	9390	1
7.940491803278689	4601	1
7.955136612021858	4939	1
7.9833333333333325	1405	1
7.996939890710383	6996	1
8.000983606557377	9252	1
8.071857923497268	7954	1
8.080054644808742	8660	1
8.084808743169399	7252	1
8.088743169398906	9350	1
8.089890710382514	3812	1
8.132732240437157	3966	1
8.1327868852459	5667	1
8.246830601092896	9275	1
8.262950819672131	6097	1
8.324535519125682	9016	1
8.337049180327869	391	1
8.36103825136612	0	1
8.372131147540983	5717	1
8.394262295081967	6686	1
8.418469945355191	883	1
8.448251366120218	7273	1
8.450655737704917	2664	1
8.451038251366121	700	1
8.45950819672131	7974	1
8.475027322404372	2507	1
8.480601092896174	5723	1
8.481475409836065	7188	1
8.48448087431694	8392	1
8.48808743169399	2430	1
8.518360655737704	4460	1
8.600546448087432	5230	1
8.604371584699454	8455	1
8.612841530054645	3786	1
8.62	2016	1
8.630437158469945	4071	1
8.652786885245902	6251	1
8.653278688524589	1162	1
8.666612021857922	3396	1
8.671147540983606	5184	1
8.680928961748634	4000	1
8.682950819672131	4347	1
8.705573770491803	4017	1
8.719071038251364	6821	1
8.740273224043715	5341	1
8.760819672131147	8345	1
8.765573770491804	3484	1
8.778852459016393	5945	1
8.783333333333333	2045	1
8.786120218579233	8776	1
8.811748633879782	6505	1
8.82912568306011	144	1
8.86224043715847	9866	1
8.880163934426228	1270	1
8.885136612021858	2000	1
8.88726775956284	4059	1
8.897595628415301	3132	1
8.95622950819672	290	1
8.976502732240437	2064	1
9.000437158469946	2078	1
9.003169398907103	4299	1
9.019016393442623	6020	1
9.047158469945355	9336	1
9.049508196721312	5829	1
9.050382513661202	8528	1
9.060218579234972	392	0
9.072131147540983	8483	1
9.088251366120218	1669	1
9.089289617486338	8004	1
9.10256830601093	6323	1
9.123934426229509	55	1
9.153934426229508	2319	1
9.171092896174862	4509	1
9.177431693989071	7235	1
9.185409836065574	50	1
9.199726775956284	4077	1
9.20879781420765	8434	1
9.212786885245901	3486	1
9.221475409836065	5521	1
9.231967213114753	6456	1
9.232459016393443	1131	1
9.25792349726776	5752	1
9.25928961748634	6934	1
9.265136612021857	8404	1
9.297814207650273	7948	1
9.299508196721312	1328	1
9.299562841530054	1711	1
9.29967213114754	8973	1
9.319453551912568	3090	1
9.321311475409836	6539	1
9.322677595628415	7036	1
9.329890710382514	4797	1
9.33136612021858	3652	1
9.348251366120218	2124	1
9.370218579234972	7337	1
9.370601092896175	4921	1
9.414808743169399	5445	1
9.440819672131147	2239	1
9.464808743169398	9260	1
9.529617486338797	5210	1
9.568743169398907	9197	1
9.569562841530056	5388	1
9.5751912568306	8567	1
9.58	1626	1
9.58879781420765	1910	1
9.59224043715847	5872	1
9.637213114754097	3628	1
9.644590163934426	8063	1
9.657158469945355	1264	1
9.657814207650272	8115	1
9.669726775956283	7528	1
9.670491803278688	9444	1
9.686284153005463	6353	1
9.692786885245903	5502	1
9.704316939890711	6467	1
9.709999999999999	8330	1
9.710928961748634	5526	1
9.713934426229509	5492	1
9.731038251366119	7361	1
9.733169398907103	2922	1
9.745409836065573	9088	1
9.765409836065574	1462	1
9.78398907103825	7341	1
9.790273224043716	1911	1
9.811639344262295	7283	1
9.811857923497268	2527	1
9.816939890710382	2681	1
9.840054644808744	5164	1
9.850983606557376	5802	1
9.875245901639344	3115	1
9.882240437158469	1692	1
9.88830601092896	4489	1
9.91497267759563	846	1
9.92983606557377	5703	1
9.940819672131148	6307	1
9.94295081967213	2989	1
9.9451912568306	363	1
9.959945355191255	5299	1
9.960983606557377	2805	1
9.965464480874317	6965	1
9.97344262295082	7257	1
9.975081967213114	6206	1
9.977158469945355	8210	1
9.991803278688524	3635	1
10.00639344262295	4850	1
10.009344262295082	5721	1
10.015191256830603	5273	1
10.018360655737704	6997	1
10.020765027322405	4314	1
10.023934426229507	8250	1
10.03103825136612	7414	1
10.03551912568306	4397	1
10.044207650273224	9913	1
10.058524590163934	6817	1
10.058524590163934	7107	1
10.083551912568307	3896	1
10.087814207650274	4123	1
10.126939890710384	8412	1
10.152131147540983	2702	1
10.177103825136612	5205	1
10.191803278688525	6411	1
10.211092896174863	1086	1
10.24448087431694	5656	1
10.24568306010929	8218	1
10.249071038251365	2205	1
10.311366120218578	7319	1
10.32103825136612	4024	1
10.323224043715847	8982	1
10.333661202185793	2881	1
10.333879781420766	7135	1
10.345136612021857	3358	1
10.345573770491802	1306	1
10.363442622950819	7970	1
10.366393442622952	9040	1
10.381857923497268	9499	1
10.38584699453552	8920	1
10.40846994535519	2259	1
10.412513661202185	9895	1
10.413005464480875	1443	1
10.428415300546447	434	1
10.440819672131148	3662	1
10.441748633879781	929	1
10.456612021857923	3766	1
10.476994535519125	9993	1
10.486612021857923	1074	1
10.49846994535519	1696	1
10.511967213114755	5804	1
10.520874316939892	9952	1
10.567759562841529	8962	1
10.56967213114754	8623	1
10.587103825136612	8168	1
10.599562841530055	6286	1
10.647978142076504	2759	1
10.65464480874317	8504	1
10.693005464480875	837	1
10.694644808743169	2685	1
10.695901639344262	4637	1
10.703551912568306	957	1
10.706120218579235	4019	1
10.72502732240437	6526	1
10.731967213114753	4161	1
10.745081967213114	3421	1
10.746065573770492	1691	1
10.747322404371586	8480	1
10.749508196721312	4390	1
10.772677595628414	7661	1
10.782950819672132	5821	1
10.801803278688526	3407	1
10.80398907103825	688	1
10.80792349726776	9727	1
10.816174863387978	579	1
10.826174863387978	8769	1
10.828688524590165	4027	1
10.843879781420764	1724	1
10.859071038251367	5823	1
10.861256830601093	3121	1
10.879398907103825	3632	1
10.88087431693989	2	1
