0.010929781420765028	6566	1
0.0114	8776	1
0.019162295081967214	6413	1
0.07003551912568305	7182	1
0.08787540983606558	7574	1
0.14806448087431695	644	1
0.20089945355191258	7113	1
0.20613879781420766	7931	1
0.3338016393442623	6007	1
0.44646885245901635	4569	1
0.4833639344262295	6489	1
0.5161147540983606	8999	1
0.5652513661202185	784	1
0.706224043715847	137	1
0.7597377049180328	4930	1
0.8502950819672132	9218	1
0.9755683060109289	1451	1
1.0795409836065573	4723	1
1.1972185792349725	6305	1
1.2727704918032787	7315	1
1.2739071038251366	2755	1
1.3574153005464482	96	1
1.3623825136612022	4957	1
1.3894699453551913	4167	1
1.4189016393442624	6982	1
1.4731092896174862	3721	1
1.5061803278688526	7837	1
1.5423387978142076	5597	1
1.5659890710382514	7513	1
1.5733333333333335	1137	1
1.6428852459016394	4895	1
1.7050819672131148	788	1
1.7546010928961748	7748	1
1.7731639344262293	4627	1
1.7786338797814207	4829	1
1.9407814207650274	7744	1
2.032415300546448	5869	1
2.099300546448087	9997	1
2.183371584699454	9680	1
2.1852404371584697	4506	1
2.3365355191256834	4877	1
2.3776174863387975	9122	1
2.4834043715846996	2752	1
2.531469945355191	310	1
2.576879781420765	627	1
2.5863551912568306	9401	1
2.623743169398907	5872	1
2.7388688524590163	6138	1
2.8444972677595626	1001	1
2.857262295081967	1779	1
2.9172896174863387	8231	1
2.932131147540984	8718	1
2.9464043715846993	3311	1
2.9469945355191256	4267	1
2.9639453551912567	2339	1
2.9743879781420763	8658	1
2.9771857923497267	6545	1
3.097295081967213	5873	1
3.146469945355191	4881	1
3.1696502732240437	4737	1
3.180715846994535	959	1
3.217612021857924	6145	1
3.2199071038251366	3001	1
3.2965792349726777	3736	1
3.2981967213114753	291	1
3.3360437158469947	8257	1
3.3986229508196724	8284	1
3.406049180327869	9684	1
3.4957377049180325	9093	1
3.4989289617486334	9302	1
3.504502732240437	4347	1
3.520295081967213	9722	1
3.532377049180328	451	1
3.5334808743169397	3351	1
3.566967213114754	986	1
3.7256994535519126	8496	1
3.7383715846994536	3451	1
3.7546830601092895	3097	1
3.7910491803278688	967	1
3.8014207650273226	9621	1
3.836196721311475	285	1
3.842846994535519	3963	1
3.874087431693989	2520	1
3.887459016393443	9551	1
3.920169398907104	6310	1
3.937224043715847	881	1
4.007207650273224	8891	1
4.0318469945355195	3564	1
4.036322404371584	9552	1
4.103169398907104	4508	1
4.114808743169399	5415	1
4.119267759562842	1807	1
4.126060109289617	5320	1
4.143781420765027	9969	1
4.171136612021858	4262	1
4.214846994535519	9696	1
4.223661202185792	6660	1
4.224945355191257	2406	1
4.299770491803279	7155	1
4.345180327868852	6520	1
4.347967213114754	5705	1
4.358754098360656	5111	1
4.381885245901639	9794	1
4.404715846994535	3013	1
4.409519125683061	6155	1
4.411464480874317	5846	1
4.416486338797814	9427	1
4.428781420765027	7063	1
4.432743169398907	6891	1
4.4363934426229505	2464	1
4.437945355191257	642	1
4.445185792349727	4750	1
4.471049180327869	2870	1
4.4841366120218575	5349	1
4.508081967213115	3840	1
4.546360655737705	9376	1
4.563131147540983	5673	1
4.609327868852459	8283	1
4.6287103825136615	9190	1
4.645612021857923	7141	1
4.678333333333334	2496	1
4.692803278688524	5421	1
4.6971639344262295	304	1
4.714666666666666	6954	1
4.717114754098361	778	1
4.785071038251366	611	1
4.832267759562842	2079	1
4.85146994535519	1213	1
4.890644808743169	3315	1
4.961710382513661	2303	1
4.99996174863388	9563	1
5.080360655737705	5401	1
5.131284153005464	8306	1
5.144398907103826	1832	1
5.1751912568306	4733	1
5.183273224043716	1130	1
5.236469945355191	5523	1
5.2799125683060115	8037	1
5.28531693989071	3249	1
5.376978142076503	6040	1
5.425704918032787	8179	1
5.500928961748634	2315	1
5.519071038251366	8015	1
5.522185792349727	1840	1
5.596612021857924	5936	1
5.610327868852459	8472	1
5.632404371584699	4059	1
5.6551912568306015	5548	1
5.768579234972678	7478	1
5.777267759562841	1761	1
5.81327868852459	5059	1
5.874754098360655	3164	1
5.90344262295082	6937	1
5.9259016393442625	8309	1
5.982131147540984	1219	1
6.013060109289618	2374	1
6.041420765027322	2781	1
6.167814207650273	4146	1
6.1731693989071035	3027	1
6.182021857923497	8906	1
6.2802185792349725	8513	1
6.2871038251366125	8036	1
6.342185792349727	7340	1
6.342185792349727	357	1
6.456229508196721	9337	1
6.461147540983607	5154	1
6.498852459016393	792	1
6.504262295081967	9029	1
6.639289617486338	7242	1
6.658306010928961	2825	1
6.790655737704918	1300	1
6.8613661202185785	8093	1
6.903934426229508	7090	1
6.954644808743169	3238	1
6.984918032786885	7018	1
7.000437158469945	8835	1
7.092513661202185	4316	1
7.09327868852459	3070	1
7.10879781420765	4352	1
7.1645901639344265	4363	1
7.17672131147541	5857	1
7.25120218579235	5851	1
7.298688524590164	6081	1
7.320928961748633	8897	1
7.325573770491803	3137	1
7.3980327868852465	9250	1
7.406830601092897	2758	1
7.501748633879781	3326	1
7.52327868852459	498	1
7.523661202185792	9133	1
7.531147540983607	8708	1
7.535792349726776	4624	1
7.550273224043716	1523	1
7.638196721311475	3486	1
7.648251366120219	3737	1
7.655901639344262	846	1
7.687049180327868	5314	1
7.70431693989071	7890	1
7.705300546448088	88	1
7.721912568306011	8406	1
7.741530054644809	3935	1
7.752021857923497	6715	1
7.803497267759563	3846	1
7.803989071038251	2987	1
7.805027322404371	2487	1
7.816284153005465	7392	1
7.819398907103825	6234	1
7.83344262295082	8289	1
7.838251366120219	9187	1
7.846830601092896	8610	1
7.871639344262295	3544	1
7.947049180327869	946	1
7.950928961748633	5455	1
7.957978142076503	475	1
8.011530054644808	9862	1
8.041256830601093	9898	1
8.085956284153005	3758	1
8.089071038251365	7646	1
8.096065573770492	8255	1
8.15775956284153	7583	1
8.171420765027323	4151	1
8.194207650273224	1770	1
8.197267759562841	9974	1
8.33983606557377	3130	1
8.367540983606558	9375	1
8.432459016393443	737	1
8.456994535519126	8899	1
8.472896174863388	5103	1
8.487322404371584	9847	1
8.489344262295083	2035	1
8.524535519125683	5065	1
8.53863387978142	1535	1
8.541967213114754	1164	1
8.560874316939891	5895	1
8.629289617486338	9874	1
8.727814207650274	1368	1
8.737704918032787	9927	1
8.761584699453552	1994	1
8.791584699453553	7115	1
8.80568306010929	7443	1
8.843005464480875	8431	1
8.851475409836064	7773	1
8.85327868852459	4466	1
8.864426229508197	5093	1
8.892295081967212	1373	1
8.907486338797815	6483	1
9.041366120218578	4066	1
9.044590163934426	8376	1
9.056994535519125	3733	1
9.089398907103824	2600	1
9.097322404371583	171	1
9.125245901639344	4944	1
9.142841530054644	9089	1
9.177540983606558	7299	1
9.186885245901639	7009	1
9.217650273224043	9081	1
9.22327868852459	4419	1
9.244918032786886	3030	1
9.340491803278688	1975	1
9.375191256830602	9405	1
9.427650273224044	9149	1
9.453934426229507	5307	1
9.6124043715847	6170	1
9.64655737704918	4487	1
9.67639344262295	9425	1
9.685136612021859	5284	1
9.725245901639344	3644	1
9.760273224043715	1067	1
9.765027322404372	6109	1
9.7751912568306	565	1
9.79688524590164	9496	1
9.811584699453553	5483	1
9.812841530054646	2087	1
9.894863387978143	9730	1
9.959562841530055	2074	1
9.992677595628415	4318	1
10.019344262295082	5679	1
10.05726775956284	6225	1
10.061639344262295	2242	1
10.068142076502731	68	1
10.070983606557377	1695	1
10.096338797814209	3409	1
10.16120218579235	2462	1
10.16672131147541	2735	1
10.16688524590164	3192	1
10.221857923497268	2805	1
10.261748633879781	2138	1
10.270983606557378	5923	1
10.299945355191255	9624	1
10.369781420765026	5240	1
10.387814207650274	7282	1
10.415792349726775	5423	1
10.445628415300547	6529	1
10.501420765027323	4665	1
10.571967213114755	1611	1
10.577158469945354	5256	1
10.59327868852459	8788	1
10.631693989071039	1364	1
10.633278688524591	2903	1
10.65912568306011	4346	1
10.679781420765027	1742	1
10.689180327868852	8142	1
10.775300546448088	1019	1
10.839016393442623	1981	1
10.872568306010928	4517	1
10.88846994535519	2897	1
10.91016393442623	6343	1
10.958524590163933	2477	1
11.01224043715847	3824	1
11.084590163934426	3379	1
11.087868852459017	2240	1
11.091366120218579	6464	1
11.106775956284153	960	1
11.12983606557377	9281	1
11.31360655737705	3432	1
11.316502732240437	4919	1
11.32584699453552	9384	1
11.329945355191256	731	1
11.360109289617485	0	1
11.360546448087431	5167	1
11.385792349726776	3973	1
11.392295081967212	4790	1
11.39256830601093	4870	1
11.400765027322404	1486	1
11.423551912568305	7698	1
11.431147540983606	6026	1
11.434754098360655	6467	1
11.434808743169398	923	1
11.436229508196721	7228	1
11.444535519125683	228	1
11.451256830601093	4111	1
11.46191256830601	8965	1
11.465901639344262	8623	1
11.467431693989072	9584	1
11.470928961748635	844	1
11.509781420765027	2555	1
11.525245901639344	7065	1
11.528688524590164	6433	1
11.533825136612023	2507	1
11.5348087431694	638	1
11.5448087431694	8997	1
11.55153005464481	7860	1
11.56688524590164	6361	1
11.569344262295083	1939	1
11.580983606557377	1820	1
11.582568306010929	5703	1
11.583169398907103	6098	1
11.594098360655737	9833	1
11.596612021857922	9454	1
11.599508196721311	9540	1
11.60672131147541	107	1
11.607650273224044	4149	1
11.645737704918032	159	1
11.650109289617486	9010	1
11.650601092896174	8409	1
11.658688524590165	3132	1
11.667650273224044	6477	1
11.673825136612022	2060	1
11.678306010928962	4121	1
11.694863387978142	3922	1
11.69863387978142	9773	1
11.709726775956284	2979	1
11.717431693989072	6247	1
11.758306010928962	3256	1
11.798524590163934	6758	1
11.804371584699453	3428	1
11.807049180327867	7110	1
11.826065573770492	3279	1
11.83382513661202	7469	1
11.83431693989071	6469	1
11.875737704918032	1009	1
11.880819672131148	3625	1
11.886448087431694	7056	1
11.976010928961749	6444	1
11.98830601092896	5002	1
11.990928961748633	6998	1
11.994918032786885	3505	1
12.01655737704918	9028	1
12.039398907103825	1711	1
12.048360655737705	794	1
12.05431693989071	1841	1
12.059672131147542	128	1
12.078688524590163	9741	1
12.085081967213114	8883	1
12.085573770491804	622	1
12.104918032786886	6116	1
12.106612021857924	905	1
12.148852459016393	100	1
12.179071038251367	3184	1
12.182021857923496	3358	1
12.185792349726777	9762	1
12.187322404371585	3219	1
12.19551912568306	5453	1
12.208579234972676	904	1
12.215901639344262	3640	1
12.222459016393444	703	1
12.246174863387978	7953	1
12.24672131147541	5782	1
12.275573770491803	1273	1
12.318633879781421	1960	1
12.331530054644809	4519	1
12.333661202185793	5273	1
12.352677595628416	5116	1
12.371147540983607	261	1
12.37431693989071	2515	1
12.378688524590164	2918	1
12.431967213114755	6725	1
12.47415300546448	4031	1
12.479289617486337	1666	1
12.518142076502732	2064	1
12.522677595628414	4921	1
12.540983606557377	3120	1
12.549344262295083	3628	1
12.603333333333333	5110	1
12.612732240437158	3251	1
12.625846994535518	6979	1
12.627650273224043	7856	1
12.636065573770491	4040	1
12.643934426229508	5475	1
12.648633879781421	6746	1
12.654207650273223	6788	1
12.663005464480875	6475	1
12.692950819672133	5223	1
12.693442622950819	4479	1
12.706120218579235	4251	1
12.710765027322404	6819	1
12.722568306010928	3349	1
12.727814207650274	102	1
12.734590163934426	5893	1
12.777814207650271	7595	1
12.777814207650271	3277	1
12.796338797814206	1590	1
12.804426229508197	4288	1
12.809398907103825	3585	1
12.826612021857922	3927	1
12.83688524590164	9360	1
12.840601092896174	2343	1
12.841475409836066	4797	1
12.848032786885245	3766	1
12.848688524590163	4685	1
12.881584699453551	8250	1
12.889672131147542	4284	1
12.899836065573771	404	1
12.938852459016394	3650	1
12.957814207650273	3643	1
12.960382513661202	8657	1
12.975901639344261	4027	1
12.977486338797814	9338	1
12.990218579234973	9605	1
13.018743169398906	363	1
13.027978142076503	4017	1
13.03224043715847	8696	1
13.034644808743169	3407	1
13.037158469945355	6356	1
13.039672131147542	7568	1
13.054699453551914	7932	1
13.056065573770491	2308	1
13.057267759562842	1554	1
13.06054644808743	3178	1
13.09158469945355	9776	1
13.104262295081966	8927	1
13.114426229508197	9859	1
13.12	2350	1
13.145300546448087	948	1
13.149617486338798	4834	1
13.15120218579235	8628	1
13.158032786885245	2227	1
13.187431693989073	7223	1
13.18863387978142	6437	1
13.204262295081966	7750	1
13.22360655737705	5556	1
13.22704918032787	1548	1
13.229672131147542	509	1
13.242295081967212	8736	1
13.253989071038252	1600	1
13.254153005464481	8229	1
13.265573770491802	1692	1
13.268852459016394	5513	1
13.26896174863388	3770	1
13.287486338797814	9349	1
13.290928961748634	5607	1
13.295081967213115	6405	1
13.295464480874317	122	1
13.303278688524589	6002	1
13.30688524590164	3024	1
13.314426229508197	8267	1
13.366721311475409	2733	1
13.371092896174863	3394	1
13.37136612021858	1355	1
13.373715846994536	3292	1
13.386010928961749	9760	1
13.445245901639344	255	1
13.447322404371585	3652	1
13.464426229508197	6571	1
13.469562841530054	512	1
13.488579234972677	6317	1
13.501202185792348	4580	1
13.503060109289617	2809	1
13.504207650273225	3669	1
13.511803278688525	4162	1
13.530819672131146	5269	1
13.54688524590164	4037	1
13.547868852459017	206	1
13.574207650273223	9446	1
13.58486338797814	7447	1
13.59535519125683	9982	1
13.60743169398907	2492	1
13.61497267759563	276	1
13.622459016393442	7634	1
13.626994535519124	9171	1
13.6451912568306	9681	1
13.646120218579235	6748	1
13.678579234972677	9470	1
13.682021857923498	9343	1
13.701803278688525	5323	1
13.711202185792349	6307	1
13.714972677595629	7264	1
13.71726775956284	3884	1
13.724754098360656	4024	1
13.733333333333334	7973	1
13.751147540983606	1585	1
13.766010928961748	9871	1
13.773661202185792	9167	1
13.778196721311476	3502	1
13.812513661202185	1671	1
13.815792349726776	28	1
13.843060109289617	8770	1
13.849344262295082	7621	1
13.85120218579235	6020	1
13.871693989071039	5502	1
13.878743169398907	7705	1
13.881967213114754	841	1
13.899180327868851	3398	1
13.911420765027321	4616	1
13.9275956284153	5648	1
13.928524590163935	1822	1
13.949945355191256	5652	1
13.963333333333333	9144	1
13.967103825136611	8755	1
13.975846994535518	1909	1
13.983005464480875	2205	1
13.98639344262295	7910	1
13.991857923497268	8148	1
14.000109289617486	7483	1
14.002131147540984	5344	1
14.002568306010929	3783	1
14.01071038251366	1991	1
14.020437158469946	3810	1
14.07191256830601	3420	1
14.091584699453552	2468	1
14.097431693989071	9161	1
14.111803278688525	5372	1
14.116666666666665	9958	1
14.120491803278687	658	1
14.12448087431694	6786	1
14.131639344262295	7934	1
14.145409836065573	7036	1
14.163715846994537	8048	1
14.164918032786884	1044	1
14.167759562841528	3614	1
14.173497267759561	7274	1
14.17655737704918	6992	1
14.177431693989071	2089	1
14.209344262295083	6742	1
14.21136612021858	5330	1
14.214426229508197	3245	1
14.223333333333333	7965	1
14.239726775956285	5233	1
14.241584699453552	4689	1
14.242295081967214	7588	1
14.248469945355192	696	1
14.253551912568305	5901	1
14.256612021857924	4691	1
14.256775956284152	8449	1
14.274371584699452	9591	1
14.281803278688525	3659	1
14.310655737704918	3878	1
14.316010928961749	1780	1
14.317322404371584	5843	1
14.32655737704918	4880	1
14.334153005464481	2398	1
14.34590163934426	1420	1
14.350109289617487	5856	1
14.354535519125681	3521	1
14.356229508196721	7361	1
14.372021857923496	6817	1
14.384426229508197	738	1
14.385136612021856	9263	1
14.386229508196722	3823	1
14.432786885245902	6611	1
14.448961748633879	7597	1
14.477978142076502	9296	1
14.497103825136612	8664	1
14.512459016393443	5716	1
14.516721311475411	1775	1
14.520765027322403	7007	1
14.532076502732242	6709	1
14.547213114754099	3665	1
14.565136612021858	7245	1
14.57415300546448	5639	1
14.59262295081967	8626	1
14.59879781420765	2213	1
14.62120218579235	755	1
14.62273224043716	7556	1
14.62601092896175	2430	1
14.634316939890711	4629	1
14.660928961748633	7929	1
14.691147540983607	5516	1
14.692622950819672	6730	1
14.712240437158469	579	1
14.737923497267758	2124	1
14.739344262295083	4869	1
14.751639344262294	7615	1
14.75393442622951	1542	1
14.762349726775955	5545	1
14.76535519125683	8589	1
14.778524590163935	7345	1
14.793333333333333	1888	1
14.805846994535518	4141	1
14.824426229508196	9123	1
14.839617486338797	9442	1
14.846939890710383	892	1
14.85103825136612	7257	1
14.87295081967213	621	1
14.88879781420765	6872	1
14.90448087431694	7192	1
14.90464480874317	3480	1
14.93049180327869	4334	1
14.947923497267759	3638	1
14.9724043715847	375	1
14.990109289617486	4077	1
14.991912568306011	4554	1
14.994699453551913	6490	1
15.000437158469946	5802	1
15.015081967213115	2811	1
15.016994535519126	8064	1
15.01726775956284	3231	1
15.019617486338799	6498	1
15.040546448087431	2989	1
15.044918032786885	9062	1
15.083387978142078	8688	1
15.100273224043715	7217	1
15.13584699453552	3921	1
15.136448087431694	3951	1
15.17016393442623	7337	1
15.177377049180327	9503	1
15.194207650273224	1110	1
15.203934426229507	569	1
15.211584699453551	9138	1
15.216502732240437	1811	1
15.252021857923497	2628	1
15.26792349726776	5472	1
15.329726775956283	1957	1
15.337650273224043	2245	1
15.359453551912567	2759	1
15.374535519125683	5174	1
15.38846994535519	2239	1
15.41825136612022	6710	1
15.446721311475411	5100	1
15.461475409836066	5864	1
15.477322404371586	9417	1
15.478524590163934	3008	1
15.487377049180328	7578	1
15.50327868852459	7157	1
15.558251366120219	9866	1
15.56398907103825	1583	1
15.569726775956283	4372	1
15.570382513661201	8919	1
15.58879781420765	1112	1
15.603606557377049	7811	1
15.617322404371585	3011	1
15.621256830601093	7269	1
15.63153005464481	2846	1
15.637540983606556	3900	1
15.694535519125683	4155	1
15.698087431693988	8288	1
15.702295081967213	4414	1
15.708907103825137	6684	1
15.71464480874317	9428	1
15.718142076502732	1224	1
15.72584699453552	8753	1
15.73191256830601	6419	1
15.741639344262296	9211	1
15.767377049180327	1462	1
15.78568306010929	6576	1
15.792021857923496	1896	1
15.794808743169398	241	1
15.81	3121	1
15.8251912568306	2386	1
15.884918032786885	3309	1
15.901530054644807	5159	1
15.911147540983608	3082	1
15.915136612021858	4646	1
15.91775956284153	6046	1
15.918907103825136	4179	1
15.92841530054645	9260	1
15.93032786885246	3787	1
15.93535519125683	5184	1
15.937322404371585	9198	1
15.946120218579235	8247	1
15.964590163934426	4264	1
15.970382513661201	5874	1
15.976557377049179	7253	1
16.009453551912568	2471	1
16.023224043715846	947	1
16.02639344262295	8538	1
16.040655737704917	1060	1
16.06087431693989	3651	1
16.06967213114754	1156	1
16.07896174863388	7123	1
16.085573770491802	5487	1
16.090109289617487	9129	1
16.09021857923497	8066	1
16.091256830601093	982	1
16.108907103825135	1239	1
16.11672131147541	5529	1
16.1431693989071	6534	1
16.147814207650274	3686	1
16.152841530054644	3749	1
16.158743169398907	7331	1
16.159562841530054	7832	1
16.164207650273223	8300	1
16.202732240437157	9463	1
16.210765027322402	8310	1
16.225464480874315	7131	1
16.23049180327869	961	1
16.234098360655736	6424	1
16.275956284153004	91	1
16.279234972677596	1148	1
16.2855737704918	3684	1
16.29224043715847	2259	1
16.301803278688524	4918	1
16.31688524590164	9818	1
16.32846994535519	8437	1
16.331693989071038	1892	1
16.334972677595626	9381	1
16.34879781420765	6450	1
16.35071038251366	9574	1
16.363497267759563	2542	1
16.412513661202187	3166	1
16.413060109289617	9667	1
16.418032786885245	5224	1
16.423551912568307	7016	1
16.433715846994534	6665	1
16.43677595628415	8454	1
16.437158469945356	4475	1
16.43792349726776	4369	1
16.46464480874317	2016	1
16.479234972677595	2923	1
16.498688524590165	5945	1
16.50032786885246	2803	1
16.514043715846995	9246	1
16.530382513661202	4000	1
16.538032786885246	6423	1
16.549781420765026	8330	1
16.61398907103825	9484	1
16.630983606557376	8813	1
16.63655737704918	1306	1
16.67846994535519	5470	1
16.680218579234975	5248	1
16.680983606557376	4454	1
16.743715846994537	4741	1
16.756994535519127	2421	1
16.760273224043715	2999	1
16.763934426229508	3506	1
16.764644808743167	9538	1
16.784535519125683	2614	1
16.805628415300546	9199	1
16.809617486338798	6874	1
16.80983606557377	5817	1
16.856010928961748	3433	1
16.86896174863388	6231	1
16.895409836065575	4086	1
16.90497267759563	7839	1
16.913005464480875	3393	1
16.918907103825134	6011	1
16.921584699453554	620	1
16.951420765027322	2450	1
16.997486338797813	8957	1
17.002295081967215	9663	1
17.014918032786884	6526	1
17.016939890710383	9040	1
17.018306010928963	9665	1
17.0251912568306	7741	1
17.02688524590164	4295	1
17.050819672131148	1177	1
17.053551912568306	532	1
17.07655737704918	5735	1
17.122677595628417	7981	1
17.12486338797814	2317	1
17.14273224043716	2580	1
17.14989071038251	2911	1
17.153387978142078	4942	1
17.15573770491803	8218	1
17.165081967213112	8056	1
17.200655737704917	2222	1
17.207103825136613	7828	1
17.21704918032787	232	1
17.22142076502732	9485	1
17.229180327868853	4865	1
17.229726775956284	8962	1
17.233989071038252	2633	1
17.236229508196722	3147	1
17.291420765027322	3210	1
17.30120218579235	2795	1
17.326284153005464	7188	1
17.335683060109286	1789	1
17.340163934426226	1792	1
17.365519125683058	6485	1
17.39928961748634	1897	1
17.40808743169399	3876	1
17.416448087431693	3860	1
17.493934426229508	3618	1
17.497213114754096	5015	1
17.497704918032788	8302	1
17.49846994535519	1334	1
17.568743169398907	3501	1
17.58065573770492	1388	1
17.582076502732242	6507	1
17.607486338797813	6639	1
17.60775956284153	6108	1
17.6248087431694	1907	1
17.652240437158472	6353	1
17.659672131147538	7043	1
17.682131147540982	1830	1
17.687814207650273	903	1
17.690218579234973	3006	1
17.726284153005462	1357	1
17.78497267759563	1386	1
17.79710382513661	5342	1
17.816120218579236	4758	1
17.82704918032787	2058	1
17.855409836065572	8630	1
17.876174863387977	3714	1
17.898360655737704	9053	1
17.89918032786885	4960	1
17.91808743169399	9125	1
17.946612021857923	5714	1
17.961202185792352	8209	1
17.975737704918032	8402	1
17.999398907103824	8122	1
18.02256830601093	4452	1
18.03584699453552	6655	1
18.066885245901638	7717	1
18.085245901639343	8816	1
18.09617486338798	3801	1
18.103934426229507	2057	1
18.124153005464482	6704	1
18.133060109289616	4672	1
18.136666666666667	6013	1
18.150983606557375	3735	1
18.159234972677595	9251	1
18.183060109289617	7417	1
18.228032786885244	7125	1
18.23540983606557	6778	1
18.251803278688524	7848	1
18.274043715846993	1513	1
18.287814207650275	752	1
18.336120218579232	6283	1
18.352131147540984	8668	1
18.378524590163934	9091	1
18.385683060109287	2796	1
18.393715846994535	9197	1
18.41863387978142	8853	1
18.428852459016394	6271	1
18.435573770491803	6768	1
18.44792349726776	6528	1
18.45617486338798	6838	1
18.456885245901642	1863	1
18.457213114754097	2149	1
18.458360655737703	4509	1
18.469672131147544	4541	1
18.525409836065574	1732	1
18.530928961748632	3218	1
18.550218579234972	5210	1
18.580327868852457	7810	1
18.62032786885246	9031	1
18.63016393442623	6434	1
18.68054644808743	9971	1
18.68513661202186	9367	1
18.71896174863388	6908	1
18.7303825136612	268	1
18.730874316939893	5560	1
18.748688524590165	1051	1
18.750273224043717	7952	1
18.773278688524588	7319	1
18.781256830601095	6773	1
18.82109289617486	704	1
18.825409836065575	8804	1
18.84934426229508	2807	1
18.8779781420765	271	1
18.89573770491803	6861	1
18.895792349726776	1288	1
18.907595628415297	7736	1
18.919180327868855	8156	1
18.938142076502732	5933	1
18.940054644808743	6702	1
18.94896174863388	2031	1
18.949180327868852	6261	1
18.980601092896176	8572	1
19.002131147540986	1966	1
19.008087431693987	5885	1
19.008907103825138	7943	1
19.110601092896175	6322	1
19.135846994535516	4635	1
19.158961748633878	290	1
19.206338797814208	1246	1
19.210928961748632	6146	1
19.223879781420766	2371	1
19.224316939890713	7235	1
19.244699453551913	702	1
19.277814207650273	1371	1
19.27830601092896	7349	1
19.28890710382514	6904	1
19.29590163934426	1291	1
19.32136612021858	568	1
19.348524590163937	695	1
19.358196721311476	4076	1
19.365355191256832	1908	1
19.379945355191257	7692	1
19.380109289617486	239	1
19.38153005464481	1901	1
19.388524590163932	6076	1
19.39573770491803	8456	1
19.39726775956284	4390	1
19.414098360655736	2547	1
19.41688524590164	5521	1
19.423879781420766	3440	1
19.42568306010929	9303	1
19.434262295081965	6896	1
19.437486338797815	7008	1
19.44005464480874	8432	1
19.450327868852458	1680	1
19.46639344262295	6290	1
19.470819672131146	7457	1
19.496338797814207	8353	1
19.498907103825136	4613	1
19.517049180327867	730	1
19.520054644808745	4465	1
19.53016393442623	5801	1
19.547923497267757	2388	1
19.549562841530054	3442	1
19.5527868852459	3382	1
19.56344262295082	5818	1
19.570054644808746	8279	1
19.57448087431694	6195	1
19.57573770491803	8734	1
19.57879781420765	9586	1
19.61617486338798	4182	1
19.634098360655738	1000	1
19.63918032786885	303	1
19.656885245901638	6505	1
19.662459016393445	4219	1
19.67584699453552	2685	1
19.7272131147541	4130	1
19.780655737704915	3372	1
19.795683060109287	4542	1
19.796721311475412	469	1
19.799125683060108	3391	1
19.813551912568308	2	1
