0.05766775956284153	6574	1
0.07314043715846995	939	1
0.11292349726775956	5741	1
0.2742273224043716	2226	1
0.3108825136612022	9163	1
0.3460060109289617	445	1
0.48400437158469944	187	1
0.4847191256830601	4685	1
0.4896825136612022	6790	1
0.5149535519125683	1495	1
0.5240978142076503	2794	1
0.524579781420765	2436	1
0.534335519125683	6326	1
0.5712622950819672	8723	1
0.7621693989071038	9133	1
0.9195846994535518	9919	1
0.9778360655737705	5223	1
1.0749234972677597	1389	1
1.1123770491803278	4934	1
1.133825136612022	2630	1
1.1758142076502733	9186	1
1.202054644808743	3958	1
1.236087431693989	1651	1
1.3269125683060108	9588	1
1.411535519125683	9188	1
1.4785573770491804	6248	1
1.5614098360655737	3486	1
1.5865245901639344	7626	1
1.5999726775956284	5403	1
1.663153005464481	9420	1
1.720207650273224	3931	1
1.97051912568306	2528	1
1.995256830601093	2371	1
2.150349726775956	5766	1
2.2064808743169397	7590	1
2.339486338797814	3517	1
2.361344262295082	1850	1
2.495136612021858	2548	1
2.57220218579235	2716	1
2.6064426229508197	1873	1
2.721497267759563	9708	1
2.7269125683060107	4878	1
2.7437759562841526	6992	1
2.8229508196721307	6409	1
2.8342240437158472	6159	1
2.9090491803278686	6151	1
2.986169398907104	6516	1
2.9894808743169397	7556	1
3.091469945355191	294	1
3.096704918032787	3233	1
3.142136612021858	9062	1
3.149306010928962	2741	1
3.168311475409836	7275	1
3.2000327868852456	6276	1
3.27079781420765	9016	1
3.3468087431693987	3489	1
3.477464480874317	167	1
3.489508196721311	8033	1
3.50855737704918	2664	1
3.513169398907104	1046	1
3.5711530054644807	5291	1
3.587289617486339	5406	1
3.7372185792349724	5956	1
3.737224043715847	1198	1
3.7444590163934426	6327	1
3.755508196721311	4543	1
3.78744262295082	5945	1
3.7895956284153005	2011	1
3.8467595628415303	2732	1
3.934928961748634	2251	1
3.973469945355191	8954	1
3.9946885245901638	2043	1
3.9969945355191254	8054	1
4.1369945355191255	7228	1
4.174393442622951	5129	1
4.222715846994535	2860	1
4.229393442622951	6402	1
4.255852459016394	1702	1
4.269262295081967	5263	1
4.315409836065574	8325	1
4.318524590163934	2882	1
4.36327868852459	5057	1
4.3671748633879774	5459	1
4.371551912568306	1441	1
4.385185792349726	7273	1
4.412098360655738	4172	1
4.554071038251366	7418	1
4.624939890710382	4131	1
4.737021857923497	9948	1
4.790950819672131	180	1
4.792770491803279	5034	1
4.827426229508197	9795	1
4.897245901639344	2230	1
4.933229508196722	1996	1
4.9410765027322405	3259	1
4.957453551912568	431	1
4.9661803278688526	2517	1
5.068956284153005	1008	1
5.10239344262295	5654	1
5.148704918032787	7199	1
5.226737704918032	3446	1
5.240715846994536	8490	1
5.240934426229508	1556	1
5.360218579234973	2127	1
5.427967213114754	981	1
5.4479836065573775	5489	1
5.528797814207651	847	1
5.53120218579235	1031	1
5.572349726775957	400	1
5.5939344262295085	4830	1
5.639180327868852	4360	1
5.656939890710383	2082	1
5.667049180327869	9411	1
5.695027322404371	6514	1
5.700601092896175	48	1
5.727868852459016	6604	1
5.7970491803278685	5682	1
5.848688524590164	849	1
5.8552459016393446	2200	1
5.960710382513661	4955	1
5.970710382513661	1465	1
5.9893989071038245	186	1
6.017267759562841	353	1
6.040765027322404	1737	1
6.0754644808743175	6853	1
6.076120218579235	3878	1
6.1149180327868855	3285	1
6.179836065573771	6751	1
6.189562841530055	2498	1
6.207267759562841	8952	1
6.319180327868853	5132	1
6.334972677595628	2489	1
6.355409836065574	7353	1
6.3966666666666665	9347	1
6.40016393442623	8145	1
6.479945355191257	9608	1
6.507049180327869	1890	1
6.51224043715847	527	1
6.513224043715847	4013	1
6.529890710382514	5358	1
6.574754098360656	3479	1
6.6175956284153	8372	1
6.640054644808743	4857	1
6.640327868852459	1132	1
6.661748633879782	8843	1
6.690928961748634	9581	1
6.710928961748634	8634	1
6.7896174863387975	8307	1
6.799234972677596	6993	1
6.799289617486338	7759	1
6.8020218579234974	4690	1
6.814535519125683	3020	1
6.831857923497267	9457	1
6.833278688524589	170	1
6.841748633879781	3558	1
6.854426229508197	4918	1
6.865136612021858	3523	1
6.867103825136612	564	1
6.882513661202186	8750	1
6.907814207650273	978	1
6.95087431693989	6988	1
6.957978142076503	9121	1
6.979125683060109	1443	1
6.9918579234972675	4737	1
6.996448087431694	5792	1
7.004644808743169	5476	1
7.024863387978142	660	1
7.028360655737705	481	1
7.042732240437159	5487	1
7.102295081967213	3478	1
7.121530054644809	4851	1
7.12775956284153	1052	1
7.139945355191257	9262	1
7.150710382513661	769	1
7.262950819672131	6317	1
7.289180327868853	1444	1
7.304043715846995	8029	1
7.308142076502731	8213	1
7.357923497267759	8158	1
7.357923497267759	1375	1
7.37584699453552	9739	1
7.377158469945355	5160	1
7.401857923497268	398	1
7.458196721311475	5718	1
7.45896174863388	8640	1
7.47103825136612	8568	1
7.478633879781421	4457	1
7.4797267759562835	8675	1
7.494972677595628	4679	1
7.581748633879782	3887	1
7.590983606557376	1372	1
7.602622950819672	8074	1
7.602732240437159	5962	1
7.647267759562841	7687	1
7.680273224043716	7657	1
7.71087431693989	9452	1
7.724699453551913	1835	1
7.848251366120218	5407	1
7.855027322404371	6686	1
7.878524590163934	8794	1
7.89327868852459	1905	1
7.9421857923497265	9590	1
7.961366120218579	7788	1
7.986448087431694	1134	1
7.997978142076502	1865	1
7.998087431693989	8748	1
7.999453551912568	7528	1
8.001748633879782	7043	1
8.029726775956284	9922	1
8.02983606557377	478	1
8.132677595628415	317	1
8.133551912568306	6362	1
8.165846994535519	1809	1
8.178524590163933	7195	1
8.179562841530055	1935	1
8.20808743169399	2084	1
8.290655737704919	265	1
8.35655737704918	1783	1
8.361366120218579	4545	1
8.4	3716	1
8.412459016393443	3265	1
8.43672131147541	7823	1
8.474972677595629	1003	1
8.503934426229508	3427	1
8.532896174863387	644	1
8.533715846994536	632	1
8.539562841530055	7165	1
8.541256830601093	6902	1
8.575956284153005	9532	1
8.577103825136613	9441	1
8.590327868852459	9097	1
8.606284153005465	8054	0
8.624480874316939	2918	1
8.68639344262295	4473	1
8.722240437158469	9676	1
8.73360655737705	5061	1
8.751912568306011	4449	1
8.755628415300546	6819	1
8.758360655737704	3867	1
8.765191256830601	8853	1
8.821748633879782	3707	1
8.863715846994536	4065	1
8.873661202185794	3561	1
8.930327868852459	5337	1
8.96344262295082	4183	1
8.965519125683059	5596	1
9.000928961748633	5065	1
9.024808743169398	614	1
9.05879781420765	273	1
9.05879781420765	4454	1
9.070765027322404	1855	1
9.089562841530055	1660	1
9.125464480874315	9838	1
9.153934426229508	1831	1
9.184808743169398	8883	1
9.25513661202186	4451	1
9.269234972677596	3041	1
9.369945355191255	6394	1
9.384371584699453	2491	1
9.388306010928963	6172	1
9.393224043715847	9530	1
9.39655737704918	3025	1
9.419453551912568	3559	1
9.489945355191256	2397	1
9.50950819672131	7674	1
9.52191256830601	9394	1
9.526775956284153	7815	1
9.53327868852459	5494	1
9.544918032786885	5996	1
9.549398907103825	5779	1
9.579781420765029	8115	1
9.593770491803278	994	1
9.596448087431694	2663	1
9.619890710382514	7563	1
9.619945355191255	985	1
9.627704918032787	2502	1
9.666939890710383	7510	1
9.685901639344262	8670	1
9.703169398907104	1466	1
9.708852459016393	1567	1
9.711475409836066	3065	1
9.75344262295082	4441	1
9.762021857923497	2152	1
9.763551912568305	8116	1
9.763715846994536	7089	1
9.792513661202186	7200	1
9.803442622950818	7554	1
9.863825136612022	6186	1
9.87295081967213	3809	1
9.885464480874317	5668	1
9.938907103825137	6429	1
9.958524590163934	56	1
9.99103825136612	6307	1
10.00846994535519	5458	1
10.018524590163935	3255	1
10.039344262295081	6612	1
10.057814207650273	6738	1
10.117486338797814	8871	1
10.134043715846994	5951	1
10.169125683060109	4106	1
10.186502732240436	6388	1
10.232841530054644	5635	1
10.260928961748633	3308	1
10.276502732240436	8859	1
10.282349726775955	863	1
10.299016393442624	8102	1
10.315901639344261	4380	1
10.392732240437159	2942	1
10.39398907103825	4292	1
10.43	4488	1
10.430109289617485	8570	1
10.441475409836066	5670	1
10.471584699453551	1334	1
10.493060109289617	3752	1
10.495027322404372	9338	1
10.525737704918033	3711	1
10.528852459016393	6283	1
10.530928961748634	7758	1
10.53273224043716	8756	1
10.533606557377048	8913	1
10.541530054644808	9991	1
10.545573770491803	5080	1
10.55448087431694	4540	1
10.574535519125684	515	1
10.582841530054646	2840	1
10.583879781420766	9847	1
10.588087431693989	4032	1
10.595081967213115	5016	1
10.603005464480875	8928	1
10.613989071038251	7969	1
10.62863387978142	9151	1
10.715136612021858	2014	1
10.755081967213114	9849	1
10.76032786885246	7579	1
10.800928961748633	4125	1
10.823825136612022	5940	1
10.851693989071038	3772	1
10.863333333333333	6775	1
10.884699453551912	9392	1
10.885683060109288	8548	1
10.897978142076504	3214	1
10.917431693989071	8200	1
10.936065573770492	3453	1
10.983770491803279	8195	1
10.987595628415301	133	1
11.012349726775955	2634	1
11.013114754098359	8788	1
11.027267759562841	5589	1
11.02863387978142	5929	1
11.064808743169397	6487	1
11.078142076502731	3544	1
11.08551912568306	3963	1
11.110327868852458	5617	1
11.111857923497269	936	1
11.131311475409836	8175	1
11.162677595628415	359	1
11.177978142076503	4582	1
11.182404371584699	5807	1
11.196885245901639	1962	1
11.221147540983607	7451	1
11.22704918032787	5192	1
11.280655737704919	9935	1
11.282240437158471	7371	1
11.310601092896174	8238	1
11.365409836065574	7329	1
11.395846994535518	9579	1
11.484535519125682	2305	1
11.497049180327869	3047	1
11.499617486338797	5894	1
11.505846994535519	4334	1
11.510928961748634	4321	1
11.519617486338797	9295	1
11.5348087431694	2950	1
11.564043715846994	2660	1
11.569672131147541	450	1
11.581147540983606	9589	1
11.601256830601093	9275	1
11.630819672131146	592	1
11.660983606557377	7885	1
11.68535519125683	9618	1
11.697595628415302	5642	1
11.697704918032787	7549	1
11.730218579234974	9124	1
11.837650273224043	6003	1
11.853606557377049	9075	1
11.926502732240438	4127	1
11.94912568306011	5123	1
11.962786885245901	9531	1
11.975081967213114	7615	1
11.975519125683059	9112	1
11.993333333333332	3325	1
11.998524590163933	5490	1
12.014098360655737	2336	1
12.035792349726776	1658	1
12.05950819672131	3841	1
12.107704918032786	2988	1
12.120983606557377	2588	1
12.134808743169398	99	1
12.161092896174864	7753	1
12.161748633879782	1635	1
12.166174863387978	1083	1
12.171639344262296	2744	1
12.177103825136612	2970	1
12.18639344262295	1756	1
12.189617486338799	4966	1
12.239890710382513	37	1
12.253497267759563	3891	1
12.296174863387979	6614	1
12.33	2312	1
12.352185792349726	2099	1
12.362295081967213	9117	1
12.365245901639344	9727	1
12.410273224043715	8383	1
12.418469945355191	6763	1
12.426448087431694	475	1
12.445027322404371	8622	1
12.446065573770491	3327	1
12.456284153005464	2567	1
12.50967213114754	9809	1
12.534590163934425	6594	1
12.54431693989071	7775	1
12.573989071038252	4995	1
12.594262295081966	3158	1
12.595956284153006	0	1
12.602295081967213	7708	1
12.602459016393443	7072	1
12.607322404371583	3083	1
12.613387978142075	7447	1
12.61967213114754	7689	1
12.621311475409836	6760	1
12.621967213114754	2404	1
12.627322404371585	4057	1
12.639945355191257	6444	1
12.645245901639344	5598	1
12.64622950819672	5584	1
12.658524590163935	9996	1
12.66431693989071	6076	1
12.665901639344263	3586	1
12.671967213114755	5039	1
12.684535519125683	4850	1
12.698579234972676	8235	1
12.698852459016393	6467	1
12.71601092896175	4669	1
12.727650273224043	2507	1
12.728907103825136	1486	1
12.744043715846995	3132	1
12.747704918032786	2848	1
12.763497267759563	982	1
12.764535519125683	9516	1
12.765464480874318	3305	1
12.77	7839	1
12.800983606557377	3740	1
12.810273224043716	7976	1
12.824918032786885	7710	1
12.835136612021858	3769	1
12.83535519125683	5775	1
12.84934426229508	107	1
12.851366120218579	5273	1
12.851912568306012	8480	1
12.861584699453552	6075	1
12.880054644808743	9360	1
12.88136612021858	2737	1
12.88502732240437	2978	1
12.887704918032787	487	1
12.901530054644809	989	1
12.913060109289617	5526	1
12.937158469945356	4288	1
12.94928961748634	5652	1
12.950655737704919	3239	1
12.962459016393442	3184	1
12.966721311475409	2983	1
12.972732240437159	223	1
13.039234972677594	7158	1
13.042459016393442	7859	1
13.045573770491803	6406	1
13.048852459016393	7238	1
13.075409836065575	4113	1
13.10224043715847	9715	1
13.103825136612022	3028	1
13.106120218579235	1030	1
13.17622950819672	5697	1
13.181857923497267	4597	1
13.18808743169399	4629	1
13.218524590163934	3770	1
13.245628415300546	1548	1
13.248524590163935	8391	1
13.256830601092895	950	1
13.304699453551912	7420	1
13.307868852459016	7428	1
13.332131147540984	486	1
13.333060109289617	1995	1
13.336939890710383	9298	1
13.385737704918034	8992	1
13.397868852459016	6245	1
13.413715846994535	3985	1
13.425573770491802	4740	1
13.428524590163935	7684	1
13.430710382513661	4225	1
13.436502732240438	9287	1
13.444207650273224	3501	1
13.448415300546447	1966	1
13.452786885245901	1840	1
13.46688524590164	9092	1
13.50672131147541	6821	1
13.51896174863388	6034	1
13.520655737704917	4849	1
13.521256830601093	6979	1
13.522131147540984	9116	1
13.52360655737705	3085	1
13.524426229508196	3650	1
13.52945355191257	3218	1
13.530765027322404	8535	1
13.568633879781421	7397	1
13.575245901639343	1044	1
13.587322404371584	8460	1
13.590765027322405	8608	1
13.593060109289617	6060	1
13.60639344262295	2721	1
13.60825136612022	8554	1
13.612677595628416	9818	1
13.617650273224044	5703	1
13.624426229508195	6166	1
13.634043715846996	5949	1
13.645300546448087	1288	1
13.652568306010929	155	1
13.656830601092896	7705	1
13.66672131147541	4580	1
13.667814207650272	7516	1
13.669016393442623	2816	1
13.68256830601093	8623	1
13.686666666666666	9251	1
13.69448087431694	1526	1
13.697486338797814	3112	1
13.705683060109289	3151	1
13.733387978142076	2899	1
13.741803278688524	193	1
13.755846994535519	2031	1
13.75814207650273	5901	1
13.758360655737706	2602	1
13.76912568306011	4083	1
13.771967213114754	9723	1
13.77584699453552	5197	1
13.778907103825135	3747	1
13.778907103825135	4295	1
13.78087431693989	7736	1
13.785300546448086	6173	1
13.787103825136612	5971	1
13.787213114754097	2620	1
13.802513661202186	9123	1
13.834262295081967	4077	1
13.836721311475408	6545	1
13.842021857923497	3638	1
13.852841530054645	5723	1
13.8572131147541	6417	1
13.862841530054643	7973	1
13.866666666666665	8776	1
13.872295081967213	6755	1
13.884754098360656	6162	1
13.912568306010929	9029	1
13.926830601092897	4475	1
13.929071038251367	9973	1
13.932677595628416	5030	1
13.934098360655737	9673	1
13.947704918032786	6488	1
13.968524590163934	4363	1
13.974262295081967	843	1
13.975956284153007	9034	1
13.97672131147541	8706	1
14.003497267759563	3420	1
14.029125683060109	5126	1
14.039016393442623	8299	1
14.04016393442623	9965	1
14.06448087431694	9367	1
14.071857923497268	673	1
14.07672131147541	7593	1
14.080819672131147	8767	1
14.084371584699452	5748	1
14.08464480874317	7621	1
14.089234972677595	1796	1
14.09590163934426	1493	1
14.102513661202186	128	1
14.10863387978142	2999	1
14.112295081967213	8926	1
14.120163934426229	7551	1
14.153770491803279	5081	1
14.168306010928962	1379	1
14.187377049180329	3074	1
14.192131147540984	3495	1
14.195245901639343	8959	1
14.195409836065574	6924	1
14.206448087431694	657	1
14.21360655737705	7959	1
14.226229508196722	5410	1
14.229016393442622	7595	1
14.229180327868853	3463	1
14.234262295081967	5339	1
14.24622950819672	6934	1
14.28464480874317	2089	1
14.289890710382513	5970	1
14.29726775956284	1775	1
14.308688524590163	4715	1
14.321857923497268	9886	1
14.343387978142077	2285	1
14.359562841530053	5445	1
14.372896174863389	9171	1
14.38584699453552	7319	1
14.419234972677595	7838	1
14.45256830601093	6688	1
14.470218579234972	2741	0
14.486338797814208	8835	1
14.487814207650272	9730	1
14.489453551912568	7338	1
14.494918032786885	8921	1
14.509617486338797	6528	1
14.526885245901639	8285	1
14.545464480874317	9235	1
14.578743169398907	6812	1
14.587431693989071	1511	1
14.587540983606557	4142	1
14.612021857923496	2780	1
14.615901639344262	3336	1
14.628524590163934	1692	1
14.646065573770493	4109	1
14.706612021857923	4935	1
14.71688524590164	4790	1
14.724426229508197	9681	1
14.743825136612022	3854	1
14.786612021857923	5818	1
14.803278688524589	4994	1
14.810601092896174	6193	1
14.8224043715847	4492	1
14.841366120218579	7726	1
14.89207650273224	3059	1
14.895901639344261	2459	1
14.917049180327869	839	1
14.917431693989071	8398	1
14.922185792349728	1401	1
14.922513661202187	7124	1
14.924426229508198	3284	1
14.929344262295082	9247	1
14.939234972677596	9606	1
14.94879781420765	1910	1
14.962459016393442	5028	1
14.967049180327868	5303	1
14.971748633879782	6706	1
14.979016393442624	5957	1
14.983387978142076	3288	1
14.998360655737704	8483	1
15.015191256830601	8329	1
15.024371584699454	4881	1
15.029781420765028	3087	1
15.042131147540983	5680	1
15.044207650273224	374	1
15.059999999999999	6175	1
15.078360655737704	2564	1
15.08464480874317	4892	1
15.108196721311474	1323	1
15.109617486338799	8205	1
15.124808743169398	1228	1
15.127322404371585	6625	1
15.127650273224043	4583	1
15.128797814207651	8855	1
15.141475409836065	2537	1
15.147704918032787	7197	1
15.158142076502733	6589	1
15.159180327868853	8360	1
15.176284153005465	9202	1
15.180437158469946	5116	1
15.184918032786886	6870	1
15.208579234972678	595	1
15.217814207650274	5128	1
15.22054644808743	9540	1
15.232896174863388	55	1
15.263060109289617	8508	1
15.275901639344262	6581	1
15.290437158469945	3430	1
15.29103825136612	1357	1
15.329508196721312	3921	1
15.330983606557377	5809	1
15.384153005464482	9178	1
15.39016393442623	8436	1
15.399344262295081	9667	1
15.399836065573771	7452	1
15.40087431693989	4855	1
15.413169398907105	6026	1
15.415409836065574	6009	1
15.419180327868851	7888	1
15.420655737704918	8328	1
15.429234972677596	3595	1
15.437158469945356	8655	1
15.454535519125683	6599	1
15.45464480874317	2781	1
15.45950819672131	3625	1
15.484699453551913	4546	1
15.489180327868853	7719	1
15.5024043715847	5802	1
15.507158469945354	4024	1
15.511693989071038	441	1
15.512076502732238	3156	1
15.540601092896175	1666	1
15.546120218579235	4712	1
15.548579234972678	4086	1
15.557814207650274	6494	1
15.55912568306011	6437	1
15.566666666666666	2989	1
15.598415300546447	7952	1
15.599016393442623	6115	1
15.59967213114754	5326	1
15.621584699453551	1371	1
15.626338797814206	5480	1
15.627431693989072	4981	1
15.629617486338798	9211	1
15.631366120218578	2749	1
15.63224043715847	9435	1
15.646775956284152	4929	1
15.655245901639343	2539	1
15.65726775956284	3480	1
15.663497267759563	427	1
15.680382513661202	5120	1
15.687486338797815	4270	1
15.689617486338799	3314	1
15.69245901639344	6704	1
15.698524590163933	5397	1
15.710765027322404	6916	1
15.710983606557377	986	1
15.723333333333333	4644	1
15.751147540983606	8661	1
15.78622950819672	9755	1
15.786994535519126	2311	1
15.79415300546448	8211	1
15.814863387978143	8630	1
15.817650273224045	2170	1
15.834808743169399	2811	1
15.839234972677595	6316	1
15.855628415300547	2793	1
15.866939890710382	6781	1
15.869289617486338	6904	1
15.88295081967213	7496	1
15.892295081967212	1696	1
15.89551912568306	7130	1
15.93016393442623	4460	1
15.937377049180329	8521	1
15.943879781420765	1291	1
15.950546448087431	323	1
15.9748087431694	3973	1
15.995901639344263	3114	1
15.996174863387978	5121	1
15.996939890710381	7895	1
16.005300546448087	8261	1
16.015245901639346	2510	1
16.02	3804	1
16.032513661202184	1690	1
16.03327868852459	2542	1
16.037978142076504	5955	1
16.040491803278687	4552	1
16.058579234972676	1820	1
16.073169398907105	9575	1
16.074918032786886	1405	1
16.078306010928962	7269	1
16.084262295081967	448	1
16.09245901639344	5966	1
16.097213114754098	6854	1
16.099781420765026	5108	1
16.117431693989072	2001	1
16.127868852459017	3082	1
16.13863387978142	6967	1
16.156338797814207	3372	1
16.15885245901639	903	1
16.166502732240435	5560	1
16.171857923497267	9801	1
16.176830601092895	3828	1
16.210218579234972	7997	1
16.213879781420765	5173	1
16.24830601092896	3784	1
16.253387978142076	1847	1
16.261092896174862	2821	1
16.28	3762	1
16.28743169398907	871	1
16.303661202185793	5930	1
16.349398907103826	8091	1
16.350382513661202	5545	1
16.36661202185792	146	1
16.380819672131146	3178	1
16.38934426229508	7834	1
16.406502732240437	3070	1
16.411639344262294	5872	1
16.424098360655737	117	1
16.431639344262294	3584	1
16.44606557377049	655	1
16.466612021857923	8133	1
16.488142076502733	1027	1
16.488852459016393	2163	1
16.490928961748633	8649	1
16.496448087431695	9798	1
16.508524590163933	8454	1
16.515464480874318	905	1
16.5196174863388	4971	1
16.535628415300547	944	1
16.54622950819672	5492	1
16.5551912568306	7129	1
16.56	2449	1
16.57710382513661	3937	1
16.577704918032786	7906	1
16.601748633879783	2124	1
16.620601092896173	8066	1
16.623169398907105	7343	1
16.649617486338798	5122	1
16.65688524590164	2064	1
16.661256830601094	3620	1
16.662896174863388	2255	1
16.664590163934427	7103	1
16.665409836065574	3786	1
16.677103825136612	4885	1
16.690983606557378	8968	1
16.71967213114754	8095	1
16.741639344262296	2557	1
16.758032786885245	5299	1
16.763224043715848	9552	1
16.776284153005466	3407	1
16.777158469945356	6778	1
16.784207650273224	4251	1
16.785464480874317	1992	1
16.79245901639344	2045	1
16.823005464480875	738	1
16.828142076502733	5767	1
16.834262295081967	4390	1
16.836120218579236	9341	1
16.84464480874317	9194	1
16.86792349726776	4358	1
16.897868852459016	8308	1
16.90366120218579	1425	1
16.94431693989071	3647	1
16.952732240437157	1650	1
16.959016393442624	1278	1
16.96071038251366	603	1
16.968524590163934	9438	1
16.98120218579235	5883	1
17.00650273224044	6771	1
17.01289617486339	4377	1
17.017540983606555	2774	1
17.020928961748634	9260	1
17.02846994535519	7361	1
17.05174863387978	3580	1
17.058743169398905	6290	1
17.063060109289616	1711	1
17.07710382513661	4763	1
17.10071038251366	100	1
17.1072131147541	8035	1
17.11469945355191	5737	1
17.12606557377049	9131	1
17.142513661202184	2174	1
17.153934426229508	4716	1
17.159562841530054	3026	1
17.1603825136612	8180	1
17.169453551912568	1474	1
17.17530054644809	6926	1
17.175628415300544	1519	1
17.18524590163934	275	1
17.200273224043713	8880	1
17.21945355191257	3730	1
17.248196721311476	5078	1
17.26398907103825	7860	1
17.293551912568304	9031	1
17.301311475409836	4626	1
17.346010928961746	2618	1
17.369672131147542	4877	1
17.45464480874317	2328	1
17.48748633879781	8289	1
17.491693989071038	432	1
17.512459016393443	6597	1
17.52901639344262	6231	1
17.544262295081968	2527	1
17.545081967213115	6769	1
17.57879781420765	8920	1
17.605573770491805	7686	1
17.60650273224044	6082	1
17.61245901639344	1274	1
17.62726775956284	5344	1
17.642185792349725	1665	1
17.64781420765027	6742	1
17.648196721311475	7010	1
17.649562841530056	8989	1
17.663934426229506	810	1
17.67584699453552	1350	1
17.676994535519125	3667	1
17.679945355191258	922	1
17.687595628415302	793	1
17.700327868852458	1794	1
17.71497267759563	7150	1
17.76398907103825	1765	1
17.77841530054645	2408	1
17.780765027322403	6384	1
17.785245901639342	2831	1
17.786284153005465	4723	1
17.78808743169399	3640	1
17.791639344262297	1135	1
17.79322404371585	115	1
17.7948087431694	5954	1
17.79568306010929	8379	1
17.814098360655738	5764	1
17.830327868852457	8543	1
17.830327868852457	7453	1
17.849617486338797	3583	1
17.858360655737705	5530	1
17.873497267759564	8111	1
17.87502732240437	8915	1
17.893442622950822	1019	1
17.895464480874317	4000	1
17.898688524590163	1054	1
17.89967213114754	8260	1
17.911530054644807	9792	1
17.970491803278687	9427	1
17.972841530054644	253	1
17.99704918032787	6779	1
18.003497267759563	8552	1
18.016284153005465	4279	1
18.029836065573768	1884	1
18.031857923497267	8113	1
18.033224043715844	8069	1
18.038797814207648	7984	1
18.055464480874317	6278	1
18.090601092896172	3326	1
18.13726775956284	5069	1
18.142841530054643	565	1
18.143606557377048	1289	1
18.16524590163934	2184	1
18.16639344262295	4765	1
18.17295081967213	3428	1
18.190054644808743	8536	1
18.198142076502734	2384	1
18.21207650273224	947	1
18.216284153005464	4503	1
18.228743169398907	6049	1
18.23032786885246	2685	1
18.253442622950818	1982	1
18.25639344262295	6856	1
18.266612021857924	7514	1
18.277377049180327	1448	1
18.281693989071037	6885	1
18.306994535519124	7131	1
18.32311475409836	9969	1
18.337704918032784	9446	1
18.349781420765026	1268	1
18.35918032786885	6333	1
18.380819672131146	7793	1
18.381857923497268	7926	1
18.387049180327868	7662	1
18.39704918032787	6405	1
18.402021857923497	4059	1
18.402185792349727	4797	1
18.429071038251365	1585	1
18.45841530054645	3267	1
18.492295081967214	3790	1
18.50781420765027	8628	1
18.51737704918033	8589	1
18.525956284153008	4427	1
18.52710382513661	6866	1
18.529617486338797	955	1
18.54879781420765	6163	1
18.557704918032787	2936	1
18.558469945355192	3766	1
18.580928961748633	4361	1
18.583879781420762	9756	1
18.594808743169402	4922	1
18.600437158469944	6329	1
18.602841530054647	1554	1
18.61054644808743	3571	1
18.616666666666667	2101	1
18.618688524590162	1524	1
18.62344262295082	4389	1
18.63677595628415	7248	1
18.6472131147541	6435	1
18.66601092896175	9126	1
18.688306010928958	7212	1
18.69415300546448	700	1
18.696939890710382	4816	1
18.701748633879784	3977	1
18.717158469945357	6910	1
18.75464480874317	5015	1
18.775573770491803	7600	1
18.77846994535519	363	1
18.797759562841527	6204	1
18.81437158469945	4484	1
18.83191256830601	1624	1
18.843169398907104	2627	1
18.84622950819672	4479	1
18.873060109289614	9459	1
18.89125683060109	5231	1
18.924644808743167	4204	1
18.95530054644809	6730	1
18.95672131147541	8258	1
18.95743169398907	4616	1
18.974262295081967	3851	1
18.998306010928964	8364	1
19.005519125683062	702	1
19.006994535519127	827	1
19.02486338797814	923	1
19.067322404371584	7633	1
19.086994535519125	9840	1
19.108360655737705	4201	1
19.11415300546448	2844	1
19.115737704918033	6207	1
19.15207650273224	3813	1
19.153497267759565	8904	1
19.15606557377049	6135	1
19.16415300546448	175	1
19.177814207650272	1158	1
19.20830601092896	5567	1
19.233005464480875	6389	1
19.240382513661203	3882	1
19.243333333333332	1607	1
19.261803278688525	9549	1
19.264043715846995	3211	1
19.270109289617483	3079	1
19.272568306010932	7985	1
19.306885245901636	8538	1
19.314808743169397	1895	1
19.380546448087433	6994	1
19.384426229508197	3043	1
19.392459016393442	3402	1
19.396994535519127	6442	1
19.40174863387978	2062	1
19.40377049180328	85	1
19.40431693989071	1939	1
19.409016393442624	5721	1
19.418196721311475	8437	1
19.452513661202186	8603	1
19.45546448087432	1732	1
19.456666666666663	3511	1
19.474918032786885	9337	1
19.49327868852459	2052	1
19.494644808743168	9871	1
19.521038251366118	8726	1
19.521147540983605	3684	1
19.527049180327868	3469	1
19.542568306010928	4096	1
19.54393442622951	2209	1
19.549180327868854	4315	1
19.549234972677592	7950	1
19.553169398907105	9807	1
19.556010928961747	9369	1
19.55693989071038	1684	1
19.57633879781421	1876	1
19.60606557377049	9940	1
19.610983606557376	6098	1
19.617213114754097	5806	1
19.617486338797814	8168	1
19.619344262295083	526	1
19.622513661202188	5531	1
19.624918032786884	6214	1
19.62535519125683	5521	1
19.635136612021856	44	1
19.659617486338796	1074	1
19.710273224043714	3860	1
19.73333333333333	4662	1
19.742021857923497	966	1
19.76584699453552	7440	1
19.774371584699452	4509	1
19.78726775956284	6671	1
19.809071038251368	1561	1
19.81327868852459	7326	1
19.815792349726777	3358	1
19.820273224043717	5499	1
19.846666666666668	4014	1
19.84710382513661	2917	1
19.86016393442623	9241	1
19.891147540983603	5313	1
19.92699453551913	4510	1
19.93185792349727	1976	1
19.965956284153005	1000	1
19.978907103825136	8847	1
19.985901639344263	9492	1
20.01142076502732	4541	1
20.014918032786884	7965	1
20.01808743169399	1167	1
20.030273224043714	3011	1
20.046338797814204	3652	1
20.055956284153005	1669	1
20.065136612021856	8724	1
20.075956284153005	2736	1
20.078415300546446	962	1
20.081311475409834	9764	1
20.08295081967213	1146	1
20.08775956284153	5205	1
20.12415300546448	9443	1
20.126065573770493	9499	1
20.12710382513661	987	1
20.18306010928962	2058	1
20.188524590163933	8584	1
20.18901639344262	2351	1
20.20409836065574	1852	1
20.21344262295082	160	1
20.21606557377049	9268	1
20.231803278688524	9878	1
20.233551912568306	3632	1
20.252349726775954	2585	1
20.26142076502732	733	1
20.28158469945355	4960	1
20.308087431693988	6208	1
20.333497267759565	8512	1
20.343497267759563	9506	1
20.378469945355192	4506	1
20.400928961748633	6744	1
20.40601092896175	7346	1
20.410109289617488	59	1
20.429344262295082	2259	1
20.439453551912568	8250	1
20.441256830601095	9028	1
20.44513661202186	3400	1
20.44743169398907	1131	1
20.459180327868854	2796	1
20.459999999999997	7660	1
20.488142076502733	7413	1
20.518743169398906	4564	1
20.52983606557377	4258	1
20.532295081967213	7489	1
20.54513661202186	5176	1
20.54978142076503	4622	1
20.551420765027324	9237	1
20.565409836065573	3959	1
20.604535519125683	1491	1
20.604808743169396	7649	1
20.610765027322405	6195	1
20.625245901639342	8019	1
20.628032786885246	9928	1
20.63360655737705	5189	1
20.651475409836063	594	1
20.658524590163935	4730	1
20.678032786885247	1271	1
20.69120218579235	4598	1
20.71535519125683	4123	1
20.723005464480874	248	1
20.73568306010929	4900	1
20.74950819672131	7867	1
20.771584699453552	7544	1
20.803770491803277	812	1
20.810601092896178	3602	1
20.812732240437157	3986	1
20.819890710382513	1136	1
20.829234972677593	1421	1
20.858743169398906	1298	1
20.86284153005464	1688	1
20.864371584699455	8753	1
20.868743169398908	3852	1
20.872459016393442	3830	1
20.873770491803278	5899	1
20.880710382513662	8977	1
20.894262295081965	2403	1
20.901475409836063	8243	1
20.92191256830601	568	1
20.937978142076503	2213	1
20.945792349726776	5942	1
20.965300546448084	2283	1
20.987704918032787	2792	1
20.996229508196723	7529	1
20.996284153005462	9245	1
21.01174863387978	8786	1
21.015464480874318	9780	1
21.036010928961748	2326	1
21.054043715846994	8511	1
21.092021857923495	469	1
21.10360655737705	4027	1
21.106174863387977	6920	1
21.108524590163935	1213	1
21.11994535519126	2096	1
21.120983606557377	6850	1
21.123224043715847	4867	1
21.127213114754095	9468	1
21.12726775956284	1584	1
21.128797814207648	3540	1
21.15103825136612	1590	1
21.170765027322403	3776	1
21.172349726775956	9930	1
21.172786885245902	5716	1
21.189071038251363	3091	1
21.219617486338798	15	1
21.231693989071037	5110	1
21.239016393442625	8442	1
21.28185792349727	7455	1
21.283060109289618	230	1
21.297377049180326	9373	1
21.300109289617485	7737	1
21.334863387978142	1119	1
21.352131147540984	7828	1
21.357540983606558	8657	1
21.365191256830602	6900	1
21.381256830601092	8247	1
21.40103825136612	4486	1
21.417868852459016	4274	1
21.418852459016396	3639	1
21.440601092896177	4153	1
21.4603825136612	4677	1
21.47863387978142	6403	1
21.488032786885245	5047	1
21.498360655737706	6218	1
21.5	3742	1
21.50103825136612	6793	1
21.524207650273226	7741	1
21.524207650273226	9862	1
21.536939890710382	4273	1
21.54169398907104	2912	1
21.55103825136612	378	1
21.556174863387977	9017	1
21.579398907103823	7344	1
21.587322404371584	2957	1
21.59256830601093	3929	1
21.61322404371585	9083	1
21.634426229508197	4809	1
21.652240437158472	2438	1
21.668142076502733	553	1
21.67327868852459	6526	1
21.70065573770492	7692	1
21.708196721311474	3123	1
21.710163934426227	9199	1
21.71109289617486	507	1
21.718415300546447	5350	1
21.720546448087433	5234	1
21.74568306010929	9864	1
21.745737704918035	5113	1
21.755245901639345	5204	1
21.755464480874316	5690	1
21.757923497267758	6913	1
21.761147540983607	9728	1
21.77415300546448	6014	1
21.7879781420765	8061	1
21.80366120218579	9729	1
21.80874316939891	8194	1
21.82032786885246	2909	1
21.84857923497268	8135	1
21.85136612021858	8931	1
21.876775956284153	4025	1
21.87912568306011	4026	1
21.887322404371584	1363	1
21.88846994535519	1816	1
21.90513661202186	6353	1
21.909672131147538	6817	1
21.922677595628414	5416	1
21.933879781420764	2430	1
21.94360655737705	3563	1
21.983934426229506	7174	1
21.985136612021858	3842	1
22.007213114754098	1410	1
22.012568306010927	7386	1
22.032349726775955	9132	1
22.04918032786885	9043	1
22.063661202185795	3396	1
22.06420765027322	712	1
22.072513661202183	4192	1
22.08726775956284	1523	1
22.09191256830601	5744	1
22.116775956284155	6811	1
22.117759562841528	6450	1
22.124098360655736	6423	1
22.134644808743168	2934	1
22.16054644808743	3541	1
22.16573770491803	3560	1
22.170928961748633	8891	1
22.17344262295082	7668	1
22.176284153005465	6835	1
22.197868852459017	5917	1
22.204590163934427	3033	1
22.212513661202188	1681	1
22.212841530054643	6505	1
22.215683060109292	3627	1
22.216284153005464	7217	1
22.222295081967214	2656	1
22.22792349726776	6773	1
22.23142076502732	9574	1
22.24928961748634	3628	1
22.271967213114753	7283	1
22.276502732240434	5922	1
22.277267759562843	5621	1
22.282349726775955	1157	1
22.289016393442623	5769	1
22.298688524590162	6759	1
22.30153005464481	9897	1
22.31535519125683	7249	1
22.317049180327867	4904	1
22.339890710382516	8494	1
22.341147540983606	8232	1
22.359562841530057	1525	1
22.360874316939892	9645	1
22.370054644808743	9277	1
22.3751912568306	3783	1
22.382240437158472	4161	1
22.396393442622948	9597	1
22.403114754098358	7810	1
22.419016393442625	6915	1
22.425136612021856	276	1
22.434754098360653	9580	1
22.464535519125683	3421	1
22.466065573770493	7157	1
22.500437158469943	3637	1
22.501202185792348	8176	1
22.510819672131145	8347	1
22.518032786885247	4729	1
22.531693989071037	7601	1
22.532513661202184	4459	1
22.536338797814206	1898	1
22.54431693989071	3029	1
22.559836065573773	6576	1
22.563879781420763	2294	1
22.56415300546448	9816	1
22.578469945355188	7224	1
22.610273224043716	3926	1
22.62863387978142	8918	1
22.643661202185793	1116	1
22.647704918032787	7279	1
22.65568306010929	4512	1
22.657868852459014	4500	1
22.68327868852459	7854	1
22.696065573770493	4869	1
22.698360655737705	5711	1
22.700491803278688	1340	1
22.70453551912568	3984	1
22.710327868852456	4011	1
22.722131147540985	4557	1
22.726666666666667	3027	1
22.731147540983606	6261	1
22.7372131147541	8664	1
22.772131147540986	8269	1
22.782349726775955	5547	1
22.78710382513661	7246	1
22.789945355191257	9863	1
22.796120218579237	5580	1
22.798907103825137	2301	1
22.828852459016396	9860	1
22.840601092896172	8567	1
22.84535519125683	4347	1
22.850928961748632	9662	1
22.85775956284153	5803	1
22.87486338797814	6093	1
22.87726775956284	5801	1
22.902896174863386	1116	0
22.92573770491803	4713	1
22.953333333333333	1752	1
22.972404371584698	3110	1
22.97311475409836	8039	1
22.9831693989071	4282	1
22.990054644808744	6292	1
22.992295081967214	2903	1
22.992513661202185	704	1
22.994043715846995	4738	1
23.02349726775956	8014	1
23.043278688524587	1691	1
23.047049180327868	4069	1
23.0551912568306	7571	1
23.077814207650274	1787	1
23.100983606557378	8255	1
23.115956284153004	787	1
23.125245901639346	9284	1
23.127868852459017	1685	1
23.13327868852459	423	1
23.149289617486335	7619	1
23.152349726775956	1078	1
23.15360655737705	3183	1
23.160655737704918	8237	1
23.18377049180328	2257	1
23.18453551912568	4219	1
23.189836065573772	2309	1
23.190765027322403	6226	1
23.204590163934427	6611	1
23.21950819672131	5323	1
23.288743169398906	6469	1
23.289617486338795	1671	1
23.321092896174864	1513	1
23.343497267759563	8021	1
23.34704918032787	6043	1
23.368087431693986	4875	1
23.37497267759563	6036	1
23.398469945355192	2180	1
23.40169398907104	4500	0
23.40344262295082	7069	1
23.417704918032786	2	1
