0.008548743169398906	4460	1
0.05372027322404371	3938	1
0.0933950819672131	9265	1
0.17095191256830602	6824	1
0.27392240437158466	4523	1
0.39116939890710384	2808	1
0.39922404371584697	3185	1
0.43456939890710383	1228	1
0.4703972677595628	3728	1
0.5322945355191256	1215	1
0.5454382513661202	7927	1
0.6842896174863389	1217	1
0.697655737704918	2597	1
0.7559945355191257	82	1
0.7652185792349727	5344	1
0.8195737704918032	8281	1
0.827103825136612	8541	1
0.9050710382513661	1292	1
0.9341912568306011	2580	1
0.9877704918032787	2227	1
1.0175683060109288	567	1
1.068415300546448	9238	1
1.0884972677595628	1797	1
1.1554644808743169	9929	1
1.2309398907103823	6053	1
1.3083825136612022	4160	1
1.336792349726776	9092	1
1.3540382513661202	903	1
1.4178633879781422	2035	1
1.5790928961748634	6686	1
1.6348743169398907	9342	1
1.6474371584699454	5261	1
1.6741857923497268	5697	1
1.816431693989071	4662	1
1.92127868852459	9306	1
1.936398907103825	1423	1
1.9443989071038252	5562	1
1.96648087431694	4776	1
2.002327868852459	7261	1
2.002639344262295	6994	1
2.0129289617486337	7657	1
2.0986666666666665	5285	1
2.144775956284153	5876	1
2.1602295081967213	9190	1
2.245169398907104	6913	1
2.278896174863388	8818	1
2.358284153005464	4465	1
2.4192950819672134	3980	1
2.5126557377049177	6356	1
2.5543715846994535	2543	1
2.6265792349726778	7951	1
2.658748633879781	9842	1
2.683273224043716	3056	1
2.7111857923497267	6222	1
2.836207650273224	7474	1
2.898005464480874	9331	1
3.0622021857923496	650	1
3.0936939890710384	7313	1
3.0942185792349726	7536	1
3.1858907103825134	6116	1
3.2320928961748634	8105	1
3.241169398907104	5418	1
3.2615464480874317	7153	1
3.276377049180328	3775	1
3.3550983606557376	3778	1
3.389551912568306	2874	1
3.4914590163934425	2291	1
3.5278579234972676	5993	1
3.5886284153005463	4293	1
3.724469945355191	1233	1
3.808775956284153	7747	1
3.865491803278688	4668	1
3.901273224043716	9983	1
3.9408633879781423	3810	1
3.9858196721311474	8799	1
4.061371584699454	609	1
4.074163934426229	804	1
4.118939890710382	8066	1
4.1215573770491805	9427	1
4.136540983606557	2361	1
4.179939890710383	3408	1
4.200147540983607	7395	1
4.306267759562842	7528	1
4.4639836065573775	1320	1
4.536098360655738	1878	1
4.556967213114754	5093	1
4.660590163934427	1529	1
4.700546448087432	1229	1
4.734355191256831	7344	1
4.769338797814208	5647	1
4.787825136612022	9595	1
4.844704918032787	7284	1
4.878224043715847	9304	1
4.882273224043716	9461	1
4.908928961748633	1461	1
4.923262295081967	9126	1
4.997459016393442	4662	0
5.027513661202185	8798	1
5.050409836065574	2690	1
5.054092896174864	4866	1
5.139131147540984	4366	1
5.15011475409836	5996	1
5.19203825136612	6217	1
5.22248087431694	8185	1
5.2920928961748634	9699	1
5.327781420765027	340	1
5.37224043715847	7215	1
5.414628415300546	7609	1
5.502786885245902	7871	1
5.563661202185792	8830	1
5.577486338797814	19	1
5.670546448087432	7994	1
5.6814207650273225	5377	1
5.756284153005464	5111	1
5.794918032786885	3275	1
5.82120218579235	9330	1
5.859071038251366	4209	1
5.860983606557377	4310	1
5.9024590163934425	6129	1
5.965464480874317	8759	1
6.023825136612022	8425	1
6.095300546448088	8055	1
6.106994535519125	5554	1
6.121693989071038	2	1
6.130054644808744	1122	1
6.152076502732241	6103	1
6.153333333333333	5547	1
6.163934426229508	5811	1
6.1750819672131145	5229	1
6.189617486338798	2464	1
6.19792349726776	2164	1
6.22103825136612	3681	1
6.26103825136612	3947	1
6.2653005464480875	3319	1
6.267650273224044	5927	1
6.321311475409836	8731	1
6.3213661202185785	4220	1
6.334808743169399	9583	1
6.336502732240437	8016	1
6.337650273224043	2918	1
6.354371584699454	6147	1
6.3743169398907105	2244	1
6.385846994535519	1926	1
6.4030054644808745	7541	1
6.425027322404372	1576	1
6.4408196721311475	4303	1
6.464426229508197	9554	1
6.49448087431694	9407	1
6.503551912568306	4804	1
6.518469945355191	4534	1
6.5225136612021855	3398	1
6.523442622950819	5549	1
6.54087431693989	6312	1
6.554699453551913	9792	1
6.558415300546447	9315	1
6.571475409836065	7507	1
6.573060109289617	9630	1
6.6008743169398905	403	1
6.626174863387978	2756	1
6.657540983606557	7545	1
6.670710382513661	1979	1
6.689180327868852	255	1
6.699726775956284	1179	1
6.701311475409836	6099	1
6.7233879781420764	4958	1
6.737049180327868	1624	1
6.73879781420765	3652	1
6.796612021857924	4793	1
6.801803278688524	6390	1
6.825573770491803	1845	1
6.828251366120218	8796	1
6.850874316939891	5378	1
6.856502732240437	5411	1
6.8801092896174865	8402	1
6.918633879781421	8022	1
6.935081967213114	7476	1
6.95016393442623	3884	1
6.963060109289617	6600	1
6.972622950819671	4364	1
6.993934426229508	9049	1
7.00535519125683	3787	1
7.009180327868852	7038	1
7.015956284153005	3125	1
7.020327868852458	4673	1
7.040109289617486	7283	1
7.0569945355191255	6376	1
7.096120218579235	8094	1
7.09983606557377	7444	1
7.104426229508197	8978	1
7.120218579234972	7292	1
7.147322404371585	8084	1
7.215027322404372	6605	1
7.243005464480874	9131	1
7.264918032786886	2481	1
7.271475409836066	1367	1
7.271693989071038	9176	1
7.273060109289617	9327	1
7.364644808743169	5592	1
7.366120218579235	7706	1
7.387923497267759	3137	1
7.395901639344262	3808	1
7.411420765027322	7816	1
7.420491803278688	4591	1
7.420819672131147	740	1
7.422349726775956	55	1
7.4231693989071035	6698	1
7.4634426229508195	8658	1
7.475136612021858	3964	1
7.479234972677595	3795	1
7.504590163934426	8894	1
7.5073224043715845	3021	1
7.51	6773	1
7.519836065573771	1148	1
7.592185792349727	2276	1
7.604972677595629	9984	1
7.612622950819672	1196	1
7.66672131147541	4737	1
7.682513661202186	6112	1
7.6861202185792346	5841	1
7.6979781420765026	6030	1
7.721366120218579	657	1
7.767322404371584	9319	1
7.770054644808742	2338	1
7.789508196721311	387	1
7.809180327868852	4111	1
7.821584699453552	5022	1
7.845245901639344	4333	1
7.861530054644808	2057	1
7.864972677595628	5477	1
7.86983606557377	8727	1
7.88431693989071	2009	1
7.886448087431694	4967	1
7.9115846994535515	8936	1
7.921857923497267	7841	1
7.947704918032787	5323	1
7.961420765027322	4956	1
7.969617486338798	2860	1
7.981256830601092	6392	1
7.982349726775956	8491	1
7.983715846994536	9509	1
7.984316939890711	5247	1
8.017103825136612	5277	1
8.018142076502732	4786	1
8.022677595628416	7971	1
8.054699453551914	9041	1
8.062732240437159	1102	1
8.110655737704917	2714	1
8.11622950819672	7727	1
8.116885245901639	3048	1
8.127103825136611	8835	1
8.149234972677595	7109	1
8.164863387978142	5382	1
8.170601092896176	4208	1
8.177704918032786	6621	1
8.193169398907104	2994	1
8.216120218579235	3961	1
8.21950819672131	5203	1
8.230218579234972	9633	1
8.292185792349727	1430	1
8.310819672131148	8353	1
8.320218579234972	7118	1
8.327213114754098	3516	1
8.330983606557377	8343	1
8.333825136612022	6490	1
8.347322404371585	8172	1
8.350601092896174	3591	1
8.414972677595628	1257	1
8.415628415300546	6894	1
8.41775956284153	5582	1
8.433169398907104	4654	1
8.44928961748634	1837	1
8.456885245901638	3904	1
8.490655737704918	9145	1
8.521092896174864	9511	1
8.525136612021859	7737	1
8.527923497267759	8991	1
8.561748633879782	2857	1
8.612185792349727	5868	1
8.613114754098362	8603	1
8.624262295081966	9095	1
8.641967213114754	406	1
8.677704918032788	1428	1
8.683169398907104	8564	1
8.701748633879781	7407	1
8.712786885245903	1035	1
8.765956284153004	9383	1
8.76896174863388	8450	1
8.775956284153006	5729	1
8.798524590163934	6556	1
8.828579234972677	2340	1
8.878469945355192	1564	1
8.884863387978143	4611	1
8.892513661202186	7025	1
8.91983606557377	8103	1
8.92207650273224	1138	1
8.926338797814209	9026	1
8.928688524590164	2420	1
8.937814207650273	7008	1
8.947158469945355	9398	1
8.949781420765026	1129	1
8.960437158469944	5237	1
8.98792349726776	7767	1
9.00983606557377	8118	1
9.04431693989071	1749	1
9.062513661202185	7760	1
9.06792349726776	5847	1
9.07983606557377	7897	1
9.09535519125683	2405	1
9.111420765027322	9076	1
9.18448087431694	6181	1
9.198688524590164	7434	1
9.19967213114754	846	1
9.212076502732241	2980	1
9.254863387978142	7312	1
9.258907103825136	8241	1
9.300601092896175	9421	1
9.306721311475409	517	1
9.352349726775955	3683	1
9.362513661202186	7236	1
9.374371584699453	6120	1
9.3748087431694	1360	1
9.412295081967214	6891	1
9.42087431693989	9054	1
9.426885245901639	6210	1
9.42863387978142	1642	1
9.476939890710382	2894	1
9.503387978142076	7930	1
9.518360655737704	8512	1
9.528688524590164	4869	1
9.535245901639344	8296	1
9.556338797814208	9853	1
9.570109289617486	3498	1
9.587814207650274	8685	1
9.597213114754098	269	1
9.5975956284153	6401	1
9.624754098360654	6646	1
9.636939890710384	8922	1
9.642076502732241	8041	1
9.661311475409835	3169	1
9.676830601092897	7982	1
9.689125683060109	701	1
9.70273224043716	4520	1
9.72360655737705	848	1
9.842841530054645	9576	1
9.858032786885245	4825	1
9.85863387978142	8680	1
9.869453551912569	7676	1
9.874918032786885	8278	1
9.87808743169399	4246	1
9.905136612021858	9653	1
9.916229508196722	4916	1
9.941803278688525	7890	1
9.956338797814206	1120	1
9.967868852459016	201	1
9.978579234972678	8382	1
9.986830601092896	4145	1
9.995245901639343	4036	1
10.00639344262295	2600	1
10.00814207650273	5259	1
10.015081967213114	4010	1
10.06174863387978	3355	1
10.067049180327869	3317	1
10.074535519125682	3843	1
10.104426229508196	5251	1
10.118251366120218	7281	1
10.148142076502731	1676	1
10.20535519125683	1687	1
10.228251366120219	4762	1
10.312732240437159	5097	1
10.322677595628416	1207	1
10.346666666666668	3714	1
10.35655737704918	6262	1
10.376721311475409	4357	1
10.378524590163934	9709	1
10.379836065573771	9750	1
10.39032786885246	1308	1
10.391147540983606	4265	1
10.405245901639343	8459	1
10.423715846994535	9731	1
10.446612021857923	5838	1
10.460218579234974	6962	1
10.460983606557377	4240	1
10.479890710382513	2201	1
10.479945355191257	5533	1
10.557267759562842	4453	1
10.558306010928963	9244	1
10.566174863387976	9518	1
10.575628415300546	9248	1
10.578579234972677	9705	1
10.591475409836066	2827	1
10.593224043715846	1499	1
10.606338797814207	4573	1
10.612295081967213	9094	1
10.613005464480874	5991	1
10.630819672131148	853	1
10.663934426229508	2273	1
10.701857923497267	2976	1
10.72311475409836	3248	1
10.760765027322405	1769	1
10.77825136612022	2077	1
10.78415300546448	8968	1
10.790655737704919	4880	1
10.820765027322404	3979	1
10.830710382513661	900	1
10.861693989071037	3046	1
10.86191256830601	5292	1
10.869344262295082	1015	1
10.881967213114754	7919	1
10.8824043715847	5349	1
10.917486338797815	1852	1
10.921693989071038	7278	1
10.921693989071038	3654	1
10.93207650273224	2910	1
10.966994535519126	2038	1
10.969617486338798	2743	1
10.970928961748633	3699	1
10.98327868852459	7143	1
11.021366120218579	5977	1
11.025683060109289	7653	1
11.040054644808743	9573	1
11.047377049180328	3293	1
11.048196721311475	6410	1
11.064863387978143	2804	1
11.081584699453552	5545	1
11.083715846994536	2805	1
11.088196721311476	9598	1
11.11688524590164	7702	1
11.119180327868852	4198	1
11.134644808743168	7225	1
11.138852459016393	1657	1
11.157103825136613	6546	1
11.164371584699452	7854	1
11.190382513661202	8023	1
11.203661202185792	6220	1
11.205355191256832	6501	1
11.23295081967213	6689	1
11.234644808743168	3405	1
11.300874316939892	4894	1
11.312131147540983	8325	1
11.346120218579236	9775	1
11.352568306010928	6148	1
11.37311475409836	8868	1
11.39688524590164	3623	1
11.408196721311475	3392	1
11.411912568306011	6429	1
11.42967213114754	4912	1
11.444754098360656	4843	1
11.464754098360656	8862	1
11.46863387978142	503	1
11.489234972677595	2352	1
11.49415300546448	7778	1
11.498360655737706	8131	1
11.552459016393442	3489	1
11.558415300546448	175	1
11.562185792349725	2551	1
11.583387978142076	4642	1
11.59792349726776	3148	1
11.627868852459017	2552	1
11.659890710382514	5614	1
11.680546448087432	1270	1
11.696830601092895	6529	1
11.701256830601093	7075	1
11.741967213114755	9517	1
11.750437158469945	1071	1
11.794808743169398	2025	1
11.80584699453552	4236	1
11.846448087431694	9784	1
11.85535519125683	7180	1
11.86360655737705	6566	1
11.912568306010929	4588	1
11.939234972677596	9221	1
11.947267759562841	5805	1
11.954808743169398	8288	1
11.957704918032785	5271	1
11.962295081967213	7791	1
11.990655737704918	2855	1
12.004043715846995	9430	1
12.026775956284153	6416	1
12.03551912568306	915	1
12.053551912568306	7138	1
12.054918032786885	6926	1
12.11311475409836	6370	1
12.12551912568306	4463	1
12.132513661202186	4122	1
12.134480874316939	2263	1
12.153114754098361	336	1
12.16486338797814	7556	1
12.185191256830601	599	1
12.212404371584698	7166	1
12.212459016393442	7205	1
12.219836065573771	2087	1
12.256284153005465	9496	1
12.272131147540982	3711	1
12.295956284153005	2151	1
12.306065573770493	5864	1
12.313169398907103	535	1
12.322513661202185	3418	1
12.337431693989071	9249	1
12.353060109289618	8061	1
12.355191256830603	64	1
12.402459016393443	8606	1
12.40568306010929	5886	1
12.436612021857924	4133	1
12.546010928961747	108	1
12.552131147540983	5211	1
12.594590163934425	1535	1
12.598415300546447	7042	1
12.606120218579235	9502	1
12.65431693989071	4006	1
12.670983606557378	1828	1
12.67120218579235	8551	1
12.690491803278688	9357	1
12.706885245901638	563	1
12.721147540983607	8359	1
12.737322404371586	5080	1
12.739781420765027	8748	1
12.743879781420764	1913	1
12.753497267759561	671	1
12.763715846994534	8900	1
12.77846994535519	8857	1
12.785245901639344	1593	1
12.788797814207651	5165	1
12.840218579234973	7338	1
12.86224043715847	1548	1
12.91191256830601	6083	1
12.924371584699452	7679	1
12.925409836065574	6000	1
12.934535519125681	2124	1
12.935573770491803	5103	1
12.957486338797814	2207	1
12.980491803278687	5611	1
12.99	5079	1
12.997814207650274	8769	1
13.0075956284153	2813	1
13.046502732240437	7467	1
13.062677595628415	3045	1
13.084153005464481	1571	1
13.166939890710381	7255	1
13.216721311475409	6850	1
13.217049180327868	9174	1
13.222896174863388	3927	1
13.229344262295083	9614	1
13.243606557377047	596	1
13.346885245901639	3713	1
13.349125683060109	893	1
13.380054644808743	5625	1
13.38295081967213	2184	1
13.397704918032787	1106	1
13.414153005464481	5498	1
13.50224043715847	5181	1
13.508142076502732	1760	1
13.51087431693989	9282	1
13.532677595628416	2313	1
13.566775956284154	8819	1
13.583879781420764	212	1
13.584426229508196	3491	1
13.595628415300546	353	1
13.6075956284153	3863	1
13.620218579234972	3051	1
13.644590163934426	9637	1
13.665300546448087	5108	1
13.665409836065574	7409	1
13.670765027322405	399	1
13.72672131147541	5759	1
13.729781420765026	7442	1
13.729945355191257	8599	1
13.738852459016394	5893	1
13.740382513661203	5602	1
13.755245901639343	6813	1
13.78415300546448	9739	1
13.820874316939891	7296	1
13.825081967213114	8433	1
13.848852459016392	8040	1
13.890928961748633	4981	1
13.892568306010928	3320	1
13.911857923497267	5213	1
13.970765027322404	6133	1
13.97398907103825	6130	1
13.98606557377049	5052	1
13.989617486338798	3899	1
14.006830601092895	2242	1
14.058196721311475	8310	1
14.093825136612022	6268	1
14.104808743169398	297	1
14.109234972677596	6499	1
14.111420765027322	3107	1
14.1151912568306	5590	1
14.119398907103825	4728	1
14.145191256830602	8038	1
14.159071038251366	3897	1
14.167704918032786	7711	1
14.171366120218579	1379	1
14.171475409836065	1670	1
14.207978142076502	9743	1
14.25431693989071	8852	1
14.26103825136612	5726	1
14.276994535519126	7934	1
14.298579234972678	4386	1
14.318579234972677	1964	1
14.34016393442623	9465	1
14.34879781420765	1938	1
14.355901639344262	5453	1
14.368196721311474	4708	1
14.413989071038252	8368	1
14.427267759562842	4234	1
14.434098360655739	760	1
14.45846994535519	583	1
14.501693989071038	3539	1
14.50464480874317	7851	1
14.51065573770492	9471	1
14.57054644808743	8240	1
14.593879781420764	5870	1
14.611967213114754	783	1
14.638251366120217	9154	1
14.651803278688526	3908	1
14.663169398907103	2956	1
14.68743169398907	2333	1
14.71327868852459	8733	1
14.722185792349727	9170	1
14.723661202185793	1258	1
14.72726775956284	1212	1
14.79136612021858	1698	1
14.814590163934426	7939	1
14.828524590163934	6503	1
14.85120218579235	1842	1
14.879562841530054	7413	1
14.891311475409836	5020	1
14.898797814207649	3188	1
14.915573770491804	6359	1
14.92568306010929	7286	1
14.933879781420764	8249	1
14.947759562841531	7223	1
14.949945355191257	4158	1
14.950546448087431	7130	1
14.967049180327868	1613	1
14.97016393442623	5961	1
14.972349726775956	7192	1
14.984262295081967	13	1
15.004972677595628	7064	1
15.016994535519126	3207	1
15.019234972677596	6074	1
15.033497267759563	8114	1
15.039672131147542	5676	1
15.061639344262295	6293	1
15.099289617486338	8955	1
15.121639344262293	5226	1
15.129617486338796	8538	1
15.166994535519125	9531	1
15.171639344262294	7251	1
15.172076502732239	3767	1
15.17967213114754	9925	1
15.184972677595628	1201	1
15.241475409836065	8384	1
15.24606557377049	4907	1
15.24655737704918	8995	1
15.270382513661202	764	1
15.274754098360656	997	1
15.293060109289616	9810	1
15.29601092896175	4251	1
15.300218579234972	3921	1
15.31535519125683	5133	1
15.315628415300546	7662	1
15.330874316939891	5494	1
15.378251366120217	801	1
15.4224043715847	6060	1
15.432896174863387	6906	1
15.438306010928962	4321	1
15.446830601092897	7986	1
15.486830601092896	2859	1
15.509890710382514	4394	1
15.513879781420764	8990	1
15.52983606557377	4632	1
15.532459016393442	3034	1
15.558579234972678	6136	1
15.594262295081966	8499	1
15.598196721311474	6118	1
15.63327868852459	3513	1
15.634153005464482	3753	1
15.636120218579235	3209	1
15.64344262295082	7308	1
15.661639344262294	712	1
15.688524590163933	8442	1
15.704535519125683	1309	1
15.72896174863388	9310	1
15.763551912568305	6159	1
15.77120218579235	6659	1
15.786174863387977	9913	1
15.790218579234972	6106	1
15.795573770491805	474	1
15.799016393442622	9692	1
15.818907103825136	314	1
15.830327868852459	3191	1
15.925956284153006	9938	1
15.942185792349727	4609	1
15.967704918032787	6427	1
15.96896174863388	6385	1
15.984043715846994	1517	1
15.9924043715847	5778	1
16.035846994535518	337	1
16.036010928961748	3805	1
16.046284153005466	8211	1
16.052513661202184	6950	1
16.054098360655736	1804	1
16.058743169398905	147	1
16.06672131147541	56	1
16.073825136612022	7723	1
16.08360655737705	1704	1
16.097377049180327	172	1
16.108415300546447	225	1
16.148907103825135	762	1
16.16863387978142	9666	1
16.220218579234974	2214	1
16.222513661202186	7809	1
16.229344262295083	8934	1
16.2327868852459	595	1
16.288306010928963	9528	1
16.329781420765027	2407	1
16.35136612021858	9903	1
16.357103825136612	8136	1
16.3624043715847	6729	1
16.39710382513661	8598	1
16.399781420765027	3941	1
16.40366120218579	582	1
16.40382513661202	5430	1
16.404207650273225	5517	1
16.409180327868853	7220	1
16.41918032786885	9946	1
16.420546448087432	5444	1
16.421912568306013	9120	1
16.43448087431694	3796	1
16.441092896174865	281	1
16.458907103825137	9313	1
16.472950819672132	6233	1
16.47606557377049	3913	1
16.489945355191256	653	1
16.49349726775956	10	1
16.499180327868853	1341	1
16.500601092896176	6728	1
16.51120218579235	2596	1
16.516612021857924	6227	1
16.521311475409835	8579	1
16.52934426229508	2514	1
16.534918032786884	5550	1
16.53945355191257	1793	1
16.5527868852459	5212	1
16.55945355191257	8763	1
16.56224043715847	8953	1
16.582513661202185	8007	1
16.590655737704918	7748	1
16.621256830601094	3606	1
16.640218579234972	2453	1
16.643060109289618	7500	1
16.670601092896174	9311	1
16.673497267759565	1173	1
16.67737704918033	875	1
16.679125683060107	6630	1
16.68568306010929	198	1
16.71448087431694	3322	1
16.71710382513661	8588	1
16.726939890710383	9947	1
16.72830601092896	2573	1
16.729781420765026	8802	1
16.7551912568306	6874	1
16.789016393442623	3471	1
16.806284153005464	6809	1
16.812131147540985	6190	1
16.832513661202185	9088	1
16.846065573770492	7218	1
16.850601092896174	8399	1
16.85814207650273	1246	1
16.87655737704918	3135	1
16.878142076502733	6481	1
16.879945355191257	7843	1
16.911475409836065	5684	1
16.914043715846994	250	1
16.936666666666667	3570	1
16.947049180327866	5491	1
16.9475956284153	6244	1
16.961147540983607	9656	1
16.961584699453553	2781	1
16.970983606557375	6585	1
16.97606557377049	5327	1
16.977486338797814	7235	1
17.00896174863388	3834	1
17.01	6701	1
17.011584699453554	745	1
17.014535519125683	1010	1
17.034371584699453	2840	1
17.06622950819672	6409	1
17.072513661202187	5412	1
17.076939890710385	4702	1
17.084754098360655	4542	1
17.093879781420764	4751	1
17.10049180327869	1396	1
17.108469945355193	6473	1
17.11918032786885	8036	1
17.126557377049178	8257	1
17.130928961748634	2937	1
17.136502732240437	5904	1
17.138360655737706	651	1
17.144480874316937	4891	1
17.14803278688525	3568	1
17.152240437158472	3809	1
17.152349726775956	4250	1
17.154043715846996	2867	1
17.176120218579236	2921	1
17.1796174863388	2906	1
17.203060109289616	6871	1
17.21311475409836	9047	1
17.215628415300547	7820	1
17.21622950819672	3190	1
17.24218579234973	8477	1
17.248032786885243	8435	1
17.251639344262294	8948	1
17.268579234972677	7174	1
17.26907103825137	5199	1
17.305956284153005	7729	1
17.30704918032787	9267	1
17.32655737704918	2995	1
17.33437158469945	2991	1
17.341748633879778	3312	1
17.350218579234973	3210	1
17.355081967213113	9253	1
17.35650273224044	2119	1
17.36546448087432	7655	1
17.370437158469947	7481	1
17.381256830601092	4699	1
17.39333333333333	2843	1
17.3972131147541	8725	1
17.402240437158472	5294	1
17.415573770491804	3197	1
17.426120218579236	3636	1
17.46224043715847	1751	1
17.47639344262295	8690	1
17.479562841530054	4931	1
17.4796174863388	4624	1
17.48535519125683	8408	1
17.48710382513661	7624	1
17.49207650273224	9353	1
17.53431693989071	8889	1
17.541803278688523	7916	1
17.550765027322402	3070	1
17.554590163934424	756	1
17.559398907103827	778	1
17.57169398907104	6381	1
17.57693989071038	8909	1
17.579836065573772	5718	1
17.586065573770494	3582	1
17.637978142076502	8612	1
17.640765027322406	7486	1
17.64311475409836	7657	0
17.677868852459014	7083	1
17.686284153005467	9182	1
17.690218579234973	5320	1
17.70814207650273	6722	1
17.715464480874317	7435	1
17.720491803278687	8807	1
17.72448087431694	286	1
17.75	1441	1
17.78672131147541	2097	1
17.788907103825135	4014	1
17.80502732240437	471	1
17.80989071038251	8686	1
17.81644808743169	8654	1
17.83049180327869	472	1
17.850601092896174	7259	1
17.876830601092898	5232	1
17.90306010928962	9124	1
17.90814207650273	644	1
17.909672131147538	7401	1
17.910109289617484	6196	1
17.923005464480873	5955	1
17.928961748633878	5257	1
17.93360655737705	4735	1
17.93808743169399	9096	1
17.946010928961748	1936	1
17.960765027322402	7473	1
17.976284153005462	8809	1
17.983551912568306	2615	1
17.995136612021856	7707	1
18.00464480874317	1487	1
18.041803278688523	132	1
18.054699453551915	4666	1
18.113879781420767	8817	1
18.115136612021857	2211	1
18.122240437158467	1916	1
18.129781420765028	3551	1
18.13398907103825	4558	1
18.138961748633882	5988	1
18.145027322404374	8615	1
18.161311475409835	5774	1
18.169016393442625	3610	1
18.169562841530055	1448	1
18.17890710382514	9610	1
18.1948087431694	5037	1
18.197540983606554	6051	1
18.203661202185792	4241	1
18.21103825136612	9506	1
18.278032786885245	4324	1
18.28726775956284	8533	1
18.3179781420765	9208	1
18.34087431693989	9429	1
18.35103825136612	6097	1
18.37109289617486	7522	1
18.391584699453553	8526	1
18.396830601092898	544	1
18.418196721311475	3988	1
18.421311475409833	3310	1
18.42568306010929	2220	1
18.45377049180328	7783	1
18.4555737704918	8503	1
18.455846994535516	8106	1
18.468469945355192	6281	1
18.468907103825135	9908	1
18.474535519125684	5214	1
18.477978142076505	7135	1
18.48273224043716	1921	1
18.50464480874317	2776	1
18.524754098360656	9289	1
18.532513661202184	1097	1
18.543278688524587	909	1
18.563825136612024	2117	1
18.587322404371584	4759	1
18.591092896174864	9808	1
18.61710382513661	5432	1
18.621967213114754	7353	1
18.637158469945355	5193	1
18.642896174863388	2172	1
18.65295081967213	2634	1
18.686994535519123	4525	1
18.690983606557378	2396	1
18.698251366120218	8592	1
18.72207650273224	942	1
18.726612021857925	6618	1
18.740601092896174	1036	1
18.74568306010929	5520	1
18.75535519125683	9234	1
18.759398907103822	2130	1
18.76655737704918	4755	1
18.76814207650273	3619	1
18.796994535519126	431	1
18.80765027322404	4707	1
18.830928961748633	6259	1
18.858633879781422	7965	1
18.86158469945355	6761	1
18.8624043715847	1296	1
18.866666666666667	364	1
18.871803278688525	3401	1
18.873224043715847	1219	1
18.874153005464482	230	1
18.883169398907103	1905	1
18.890983606557374	5659	1
18.90103825136612	2143	1
18.9279781420765	8949	1
18.943770491803278	8921	1
18.95207650273224	8129	1
18.963825136612023	6601	1
18.993333333333332	9001	1
19.007704918032786	5357	1
19.02136612021858	428	1
19.038579234972676	8454	1
19.07573770491803	3540	1
19.13535519125683	8371	1
19.17295081967213	4407	1
19.21688524590164	2135	1
19.22338797814208	8556	1
19.2275956284153	9923	1
19.237103825136614	1619	1
19.238743169398905	9115	1
19.266448087431694	5954	1
19.269234972677594	1388	1
19.285846994535518	3103	1
19.299945355191255	2651	1
19.316174863387978	4295	1
19.3403825136612	9852	1
19.347540983606557	2678	1
19.365683060109287	7293	1
19.366284153005466	6576	1
19.370054644808743	1977	1
19.377158469945353	6638	1
19.39142076502732	4299	1
19.403060109289616	4722	1
19.404098360655738	6433	1
19.4051912568306	1884	1
19.417213114754098	5794	1
19.48355191256831	5646	1
19.492677595628415	5860	1
19.493333333333332	6557	1
19.538961748633877	584	1
19.554371584699453	6685	1
19.55535519125683	9196	1
19.561092896174863	7053	1
19.568688524590165	6232	1
19.57344262295082	7324	1
19.576010928961747	8595	1
19.58032786885246	8828	1
19.5924043715847	3727	1
19.599999999999998	808	1
19.63169398907104	5820	1
19.640109289617484	4750	1
19.644972677595625	8580	1
19.689125683060112	7793	1
19.689398907103822	3279	1
19.721857923497268	1402	1
19.728196721311473	6983	1
19.737486338797815	2731	1
19.74513661202186	2251	1
19.757759562841528	7972	1
19.770601092896175	6104	1
19.79677595628415	4685	1
19.799398907103825	8457	1
19.803606557377048	8849	1
19.81306010928962	7879	1
19.819726775956283	5875	1
19.87513661202186	4606	1
19.88431693989071	9538	1
19.889836065573768	6969	1
19.917540983606557	1140	1
19.917923497267758	6885	1
19.9196174863388	732	1
19.925300546448085	8724	1
19.95710382513661	1432	1
19.963934426229507	6260	1
19.998907103825136	4197	1
20.022295081967215	9896	1
20.025683060109287	4929	1
20.042622950819673	7475	1
20.05224043715847	9878	1
20.1	6998	1
20.10775956284153	4551	1
20.113005464480874	3698	1
20.124754098360658	9241	1
20.13262295081967	6303	1
20.146284153005467	6332	1
20.157486338797817	7940	1
20.17415300546448	7915	1
20.19142076502732	7369	1
20.194754098360654	944	1
20.227049180327867	4890	1
20.290218579234974	7311	1
20.304918032786883	8110	1
20.329781420765027	1164	1
20.33049180327869	6472	1
20.33420765027322	3855	1
20.339016393442623	7946	1
20.34502732240437	884	1
20.346284153005463	6188	1
20.373715846994536	5721	1
20.3803825136612	8206	1
20.39606557377049	1188	1
20.403060109289616	1243	1
20.40606557377049	4556	1
20.42360655737705	3478	1
20.442185792349726	7942	1
20.449398907103827	2741	1
20.470327868852458	6379	1
20.480546448087434	7275	1
20.50622950819672	8764	1
20.535409836065572	6191	1
20.54672131147541	9031	1
20.569016393442624	3069	1
20.59398907103825	2245	1
20.620109289617485	3508	1
20.64431693989071	4292	1
20.655464480874315	2904	1
20.702950819672132	4378	1
20.709071038251363	8578	1
20.73469945355191	5406	1
20.759398907103826	6422	1
20.760273224043715	6140	1
20.77054644808743	2530	1
20.811803278688522	3584	1
20.81590163934426	394	1
20.819234972677595	3567	1
20.83234972677596	8684	1
20.8372131147541	8488	1
20.839125683060107	6843	1
20.85590163934426	149	1
20.857704918032784	5553	1
20.859726775956283	9545	1
20.860109289617487	5869	1
20.860109289617487	4629	1
20.890765027322406	7957	1
20.91333333333333	5072	1
20.91710382513661	9368	1
20.95415300546448	2145	1
20.99032786885246	3590	1
20.999234972677595	5230	1
21.001584699453552	308	1
21.01967213114754	7371	1
21.029234972677592	4645	1
21.04103825136612	3700	1
21.066830601092896	9193	1
21.0675956284153	1438	1
21.08398907103825	4819	1
21.111311475409835	8701	1
21.123989071038253	952	1
21.148142076502733	5643	1
21.180819672131147	6814	1
21.246010928961745	7572	1
21.26497267759563	2229	1
21.265628415300547	2797	1
21.26726775956284	6008	1
21.278360655737703	8901	1
21.30224043715847	2316	1
21.302677595628417	2043	1
21.308852459016393	3535	1
21.32054644808743	2560	1
21.3224043715847	5901	1
21.337540983606555	4832	1
21.346010928961746	8604	1
21.353333333333335	2232	1
21.36016393442623	8542	1
21.36704918032787	4016	1
21.370109289617485	3821	1
21.377814207650275	6523	1
21.39169398907104	2591	1
21.393224043715847	691	1
21.395683060109288	1729	1
21.400491803278687	67	1
21.441639344262295	7238	1
21.450655737704917	3379	1
21.45136612021858	2739	1
21.454918032786885	8149	1
21.466830601092898	63	1
21.475409836065573	2062	1
21.4775956284153	6528	1
21.48	6598	1
21.487158469945356	8364	1
21.494590163934426	5262	1
21.5	6393	1
21.51153005464481	7515	1
21.5251912568306	4878	1
21.531693989071037	6449	1
21.536229508196723	238	1
21.56322404371585	4692	1
21.56377049180328	7586	1
21.571311475409836	4137	1
21.574590163934428	8502	1
21.578360655737704	2219	1
21.601748633879783	3811	1
21.645683060109288	7222	1
21.680218579234975	6914	1
21.69743169398907	7758	1
21.70398907103825	5695	1
21.721475409836067	3211	1
21.72191256830601	8609	1
21.738306010928962	1066	1
21.74142076502732	3226	1
21.759562841530055	7078	1
21.7668306010929	4724	1
21.779289617486338	8785	1
21.8103825136612	5699	1
21.812841530054644	7485	1
21.81934426229508	7622	1
21.820655737704918	2974	1
21.82207650273224	2260	1
21.82672131147541	8902	1
21.852185792349726	7071	1
21.853715846994536	5919	1
21.854098360655737	5085	1
21.857650273224042	4272	1
21.864207650273222	4752	1
21.87765027322404	1731	1
21.883551912568308	5644	1
21.89169398907104	1294	1
21.91792349726776	9142	1
21.932459016393445	2523	1
21.960819672131148	4159	1
21.985409836065575	706	1
21.99153005464481	8349	1
22.007103825136614	2165	1
22.025956284153008	4005	1
22.045245901639344	4641	1
22.046393442622954	7325	1
22.078032786885245	9018	1
22.080000000000002	888	1
22.101857923497267	1275	1
22.114207650273222	2411	1
22.130327868852458	1636	1
22.1327868852459	7488	1
22.14595628415301	8280	1
22.148306010928962	6777	1
22.172677595628414	9636	1
22.1744262295082	8540	1
22.177377049180325	1150	1
22.177377049180325	743	1
22.179344262295082	9872	1
22.193169398907102	3441	1
22.198032786885246	8042	1
22.20021857923497	7660	1
22.20224043715847	3920	1
22.21983606557377	2762	1
22.22360655737705	5903	1
22.250109289617487	5959	1
22.25382513661202	430	1
22.25617486338798	5595	1
22.261693989071038	5070	1
22.270928961748634	2383	1
22.288032786885246	3674	1
22.29185792349727	519	1
22.305956284153005	9295	1
22.328032786885245	7640	1
22.360819672131147	6953	1
22.37311475409836	4675	1
22.3824043715847	7217	1
22.413934426229506	6126	1
22.41950819672131	8221	1
22.463005464480872	6938	1
22.47584699453552	8915	1
22.482459016393445	9202	1
22.48874316939891	2132	1
22.49032786885246	5343	1
22.498524590163935	5561	1
22.52415300546448	6572	1
22.528196721311478	6769	1
22.580983606557375	6108	1
22.582677595628418	4217	1
22.584863387978142	4416	1
22.589562841530054	9973	1
22.61672131147541	9507	1
22.64087431693989	2559	1
22.666120218579234	2709	1
22.680273224043713	6048	1
22.688907103825137	9236	1
22.719289617486336	7357	1
22.724535519125684	3430	1
22.732349726775954	6579	1
22.73710382513661	5076	1
22.74502732240437	1739	1
22.753715846994535	8167	1
22.773387978142075	4500	1
22.781693989071037	9143	1
22.787158469945357	4868	1
22.822131147540986	4417	1
22.82819672131148	6350	1
22.83688524590164	6847	1
22.84983606557377	7575	1
22.86114754098361	6808	1
22.865573770491803	1039	1
22.880928961748634	6666	1
22.886994535519126	2733	1
22.888907103825137	1860	1
22.90568306010929	4858	1
22.909344262295082	4808	1
22.922021857923497	5003	1
22.93054644808743	2547	1
22.94633879781421	8098	1
22.957267759562843	8196	1
22.964316939890708	9038	1
23.020928961748634	4432	1
23.022349726775957	8823	1
23.054207650273224	7400	1
23.069672131147538	461	1
23.089726775956283	5910	1
23.099453551912568	8754	1
23.114590163934427	2767	1
23.15775956284153	7803	1
23.16912568306011	8005	1
23.194207650273224	8744	1
23.20830601092896	7102	1
23.215792349726776	2960	1
23.235792349726776	5638	1
23.236830601092898	9783	1
23.25901639344262	3747	1
23.259617486338797	1558	1
23.266010928961748	300	1
23.2696174863388	4513	1
23.27846994535519	5459	1
23.279562841530055	9785	1
23.29846994535519	3607	1
23.360601092896175	5770	1
23.38464480874317	9937	1
23.404918032786885	9380	1
23.43617486338798	8806	1
23.43639344262295	7678	1
23.443387978142077	9707	1
23.448032786885246	5184	1
23.448579234972676	8908	1
23.455027322404373	1305	1
23.456994535519126	5522	1
23.470601092896175	9478	1
23.491202185792346	99	1
23.493551912568307	5156	1
23.49590163934426	4309	1
23.530382513661202	1889	1
23.538469945355192	1401	1
23.560218579234974	5189	1
23.561639344262293	3468	1
23.561803278688522	763	1
23.56754098360656	842	1
23.57273224043716	3596	1
23.605464480874318	4108	1
23.622841530054643	6711	1
23.625683060109292	9140	1
23.626065573770493	1405	1
23.64087431693989	7004	1
23.643715846994535	6235	1
23.644043715846994	6054	1
23.64918032786885	9066	1
23.663606557377047	1462	1
23.694808743169396	6978	1
23.714972677595625	4934	1
23.72437158469945	1805	1
23.72863387978142	7171	1
23.773442622950817	7182	1
23.787158469945354	1925	1
23.794754098360652	4760	1
23.80497267759563	3365	1
23.82633879781421	4988	1
23.829016393442625	1756	1
23.850054644808743	7101	1
23.896775956284152	7427	1
23.904918032786885	9992	1
23.913387978142076	4380	1
23.915683060109288	7034	1
23.950655737704917	9489	1
23.953169398907104	9456	1
23.959234972677596	3189	1
23.960218579234972	5519	1
23.9851912568306	9551	1
23.986502732240435	6468	1
24.01142076502732	6253	1
24.012021857923497	8628	1
24.07896174863388	4306	1
24.079781420765027	4389	1
24.088251366120218	7849	1
24.095464480874316	9358	1
24.112732240437158	3291	1
24.130874316939888	7530	1
24.146830601092894	7120	1
24.15846994535519	5296	1
24.178196721311473	9333	1
24.194972677595626	2034	1
24.20398907103825	3450	1
24.210109289617485	534	1
24.21568306010929	146	1
24.21934426229508	9484	1
24.229781420765026	5633	1
24.24103825136612	1068	1
24.246612021857924	2986	1
24.25136612021858	5307	1
24.26103825136612	9010	1
24.282459016393442	6067	1
24.296666666666667	8989	1
24.303934426229507	6854	1
24.320437158469947	9533	1
24.33726775956284	9631	1
24.341202185792348	8938	1
24.373224043715844	5612	1
24.375300546448088	234	1
24.38169398907104	339	1
24.389617486338796	6507	1
24.40568306010929	8642	1
24.407377049180326	2133	1
24.422786885245902	3371	1
24.447322404371587	4022	1
24.46464480874317	305	1
24.46950819672131	5896	1
24.473169398907103	5538	1
24.485901639344263	2323	1
24.48655737704918	1474	1
24.48704918032787	713	1
24.49349726775956	7018	1
24.49896174863388	2024	1
24.510655737704916	1999	1
24.519344262295082	7076	1
24.521584699453552	3303	1
24.527595628415302	6024	1
24.5327868852459	5086	1
24.536065573770493	4099	1
24.536284153005465	4409	1
24.538852459016393	5040	1
24.57224043715847	4195	1
24.574426229508198	6604	1
24.59377049180328	7437	1
24.60071038251366	887	1
24.609071038251365	7954	1
24.616994535519126	1740	1
24.636393442622953	9529	1
24.639617486338796	4778	1
24.64158469945355	4062	1
24.664863387978144	6644	1
24.679180327868853	6976	1
24.680983606557376	4084	1
24.682295081967215	9616	1
24.709945355191255	2890	1
24.71704918032787	7206	1
24.736120218579234	3005	1
24.786885245901637	9640	1
24.810273224043716	0	1
