0.06641748633879781	9437	1
0.07950163934426228	332	1
0.15786120218579236	9059	1
0.18150218579234972	5183	1
0.4655147540983607	9781	1
0.4785551912568306	5512	1
0.5277306010928962	3977	1
0.5296601092896175	6328	1
0.5651366120218579	8045	1
0.5735737704918032	4037	1
0.5747704918032787	7702	1
0.5822732240437157	2152	1
0.586879781420765	3502	1
0.5940983606557377	5917	1
0.6446994535519125	4105	1
0.687655737704918	3824	1
0.7514153005464481	6832	1
0.785120218579235	7260	1
0.8012295081967213	9347	1
0.8206120218579235	8129	1
0.8474043715846995	1859	1
0.8620710382513661	9206	1
0.8994535519125683	6459	1
0.9118907103825137	479	1
0.9925027322404372	5268	1
1.0019398907103825	2029	1
1.0509289617486337	8941	1
1.1387158469945355	9842	1
1.1614972677595627	2160	1
1.1843333333333332	8946	1
1.2398251366120219	1936	1
1.2793879781420765	4880	1
1.3626885245901639	7538	1
1.464726775956284	1359	1
1.4733879781420764	5477	1
1.5031967213114754	8211	1
1.66927868852459	9496	1
1.701295081967213	1182	1
1.7013005464480873	8922	1
1.71651912568306	6889	1
1.7185628415300547	2878	1
1.739879781420765	9536	1
1.7531530054644808	1990	1
1.8319180327868854	4725	1
1.9664535519125683	7534	1
2.014081967213115	2539	1
2.1818196721311476	2444	1
2.2380765027322402	3885	1
2.2643825136612024	1305	1
2.3133224043715845	2010	1
2.367956284153005	7616	1
2.416382513661202	8071	1
2.428584699453552	6108	1
2.4743715846994534	9786	1
2.500262295081967	5439	1
2.524245901639344	9178	1
2.528174863387978	6820	1
2.531737704918033	5716	1
2.635945355191257	3583	1
2.6724590163934425	776	1
2.7472841530054644	744	1
2.755644808743169	9280	1
2.760453551912568	5815	1
2.8556721311475406	12	1
2.910601092896175	6905	1
2.947131147540983	6812	1
2.952295081967213	108	1
2.960087431693989	8748	1
3.075322404371585	3372	1
3.129027322404372	713	1
3.129857923497268	9267	1
3.173890710382514	8982	1
3.2159999999999997	7916	1
3.2453551912568304	6732	1
3.2684535519125686	3764	1
3.272377049180328	4218	1
3.306967213114754	1369	1
3.3205464480874314	3188	1
3.407322404371585	7210	1
3.4226612021857923	5358	1
3.424540983606557	1611	1
3.4330218579234972	8140	1
3.4352131147540983	7365	1
3.4387213114754096	4090	1
3.6087868852459017	1205	1
3.6590601092896176	4756	1
3.6646666666666667	4860	1
3.669568306010929	6	1
3.8459016393442624	5701	1
3.8961420765027324	2423	1
3.9267650273224044	2617	1
3.950912568306011	5479	1
3.978601092896175	722	1
4.10903825136612	1000	1
4.1869453551912565	6596	1
4.217639344262295	2576	1
4.337103825136612	8764	1
4.354857923497268	6141	1
4.366912568306011	7539	1
4.388879781420765	3803	1
4.4493551912568305	3206	1
4.5034590163934425	5022	1
4.504054644808743	6688	1
4.506590163934426	3986	1
4.515245901639344	46	1
4.539054644808743	9672	1
4.546377049180328	7094	1
4.676814207650273	7173	1
4.682978142076503	6710	1
4.704934426229507	7822	1
4.760377049180328	7926	1
4.766404371584699	9560	1
4.791535519125683	4810	1
4.831639344262295	8598	1
4.844300546448087	5674	1
4.874770491803278	2441	1
5.002579234972678	4243	1
5.035803278688524	7718	1
5.04683606557377	8975	1
5.126622950819672	5893	1
5.219672131147541	5748	1
5.276125683060109	2819	1
5.311169398907103	4387	1
5.322562841530055	3252	1
5.332273224043716	3205	1
5.359016393442623	1564	1
5.366437158469946	5533	1
5.448699453551913	7157	1
5.511967213114754	6392	1
5.560819672131147	1906	1
5.59327868852459	6866	1
5.643005464480874	2350	1
5.686775956284153	1364	1
5.698032786885245	1678	1
5.725191256830601	1027	1
5.831693989071038	5951	1
5.842896174863388	5969	1
5.941693989071038	62	1
6.073224043715848	7317	1
6.1014207650273224	4787	1
6.103715846994536	1784	1
6.125081967213115	5059	1
6.142295081967212	5154	1
6.1496721311475415	852	1
6.189398907103825	5198	1
6.1902732240437155	8932	1
6.196830601092896	1639	1
6.245027322404371	5208	1
6.316666666666666	8454	1
6.3467213114754095	5929	1
6.394863387978142	7759	1
6.424590163934426	6360	1
6.437322404371585	9953	1
6.45120218579235	8690	1
6.4799999999999995	6590	1
6.48551912568306	4356	1
6.506174863387978	3131	1
6.53775956284153	4687	1
6.559234972677595	5936	1
6.562404371584699	1053	1
6.571311475409836	6086	1
6.579672131147541	8038	1
6.581420765027322	5510	1
6.636448087431694	5934	1
6.643606557377049	7813	1
6.752841530054645	8813	1
6.811693989071038	9768	1
6.848415300546447	394	1
6.862950819672131	1993	1
6.876994535519126	1009	1
6.911147540983606	9657	1
6.9424590163934425	2207	1
6.94464480874317	5432	1
6.951639344262295	721	1
6.962950819672131	1949	1
7.012732240437159	886	1
7.01327868852459	9968	1
7.07448087431694	3318	1
7.107868852459017	5875	1
7.145191256830602	8281	1
7.229672131147541	1524	1
7.23087431693989	6420	1
7.233333333333333	972	1
7.260983606557377	8640	1
7.271092896174863	5760	1
7.300218579234973	4575	1
7.327540983606557	7615	1
7.37672131147541	701	1
7.379453551912568	8474	1
7.385027322404372	8181	1
7.387431693989071	2482	1
7.415628415300547	7178	1
7.439453551912568	7219	1
7.583661202185793	2786	1
7.6033333333333335	8494	1
7.606502732240437	8750	1
7.608524590163934	8481	1
7.6121857923497265	3614	1
7.625901639344262	1327	1
7.630437158469945	6598	1
7.6753551912568305	8069	1
7.695737704918033	1331	1
7.700327868852458	5232	1
7.703060109289618	9504	1
7.756120218579235	3328	1
7.816502732240437	8731	1
7.837650273224043	6105	1
7.867158469945355	5394	1
7.872349726775956	8055	1
7.889344262295082	8990	1
7.9824043715847	9747	1
8.024207650273224	2625	1
8.157158469945355	3129	1
8.182732240437158	5095	1
8.182732240437158	3514	1
8.213825136612021	3842	1
8.21601092896175	6695	1
8.239945355191256	9737	1
8.260601092896176	8349	1
8.271366120218579	1480	1
8.277540983606558	5839	1
8.308797814207649	280	1
8.358251366120218	6933	1
8.372131147540983	9679	1
8.375628415300547	606	1
8.377158469945355	2284	1
8.39103825136612	1973	1
8.39224043715847	1841	1
8.45344262295082	8170	1
8.469781420765027	6888	1
8.496010928961748	9724	1
8.517540983606557	6982	1
8.518196721311474	3700	1
8.554371584699453	2299	1
8.582786885245902	1651	1
8.603387978142075	4908	1
8.640491803278687	7239	1
8.678469945355191	5195	1
8.679071038251365	3709	1
8.685191256830601	2266	1
8.722349726775956	7653	1
8.860983606557378	4887	1
8.877868852459017	6399	1
8.89032786885246	5167	1
9.051967213114754	5097	1
9.052076502732241	4239	1
9.062841530054644	3087	1
9.130109289617486	8293	1
9.156830601092897	7389	1
9.190382513661202	4293	1
9.201639344262295	8863	1
9.214043715846994	2161	1
9.240819672131147	1797	1
9.263551912568305	9274	1
9.289945355191257	3062	1
9.349453551912568	8024	1
9.391693989071037	9593	1
9.41016393442623	9077	1
9.428688524590163	0	1
9.436885245901639	7731	1
9.452622950819672	1585	1
9.454590163934425	8404	1
9.458797814207651	9860	1
9.466010928961747	8392	1
9.484426229508196	1702	1
9.502349726775956	6759	1
9.502677595628414	879	1
9.529234972677594	9308	1
9.531366120218578	8651	1
9.549398907103825	5711	1
9.549726775956284	1606	1
9.580601092896174	2001	1
9.58169398907104	9969	1
9.585846994535519	6969	1
9.591366120218579	8310	1
9.599562841530055	2736	1
9.61273224043716	9766	1
9.631092896174863	9958	1
9.655737704918034	7331	1
9.659289617486339	5425	1
9.67071038251366	8371	1
9.713879781420765	9470	1
9.713934426229509	8918	1
9.718360655737705	1288	1
9.72967213114754	844	1
9.751639344262296	3191	1
9.759234972677596	4950	1
9.782404371584699	9491	1
9.787868852459015	7116	1
9.789781420765026	4100	1
9.800765027322404	4480	1
9.806830601092896	6061	1
9.818524590163934	7984	1
9.832349726775957	8255	1
9.832459016393443	6444	1
9.887213114754099	6379	1
9.927704918032786	1131	1
9.96032786885246	8926	1
10.001147540983608	6748	1
10.011639344262294	6373	1
10.024480874316941	8048	1
10.04415300546448	9741	1
10.061530054644809	4731	1
10.062295081967212	166	1
10.083989071038252	9827	1
10.096830601092895	4691	1
10.104808743169398	223	1
10.113551912568306	8945	1
10.13743169398907	6979	1
10.147158469945355	6496	1
10.154918032786885	8592	1
10.167158469945356	8367	1
10.183989071038251	2196	1
10.184535519125683	3156	1
10.18775956284153	8630	1
10.202841530054645	2517	1
10.23464480874317	8753	1
10.237377049180326	3628	1
10.248524590163933	7714	1
10.284590163934425	8143	1
10.294207650273226	9246	1
10.318469945355192	6934	1
10.326229508196722	6526	1
10.330819672131147	8014	1
10.334535519125684	3701	1
10.337595628415299	752	1
10.36622950819672	8910	1
10.36743169398907	9146	1
10.382950819672132	1032	1
10.401311475409836	448	1
10.41382513661202	9871	1
10.420437158469944	1386	1
10.423934426229508	346	1
10.426229508196721	6477	1
10.44103825136612	6685	1
10.45431693989071	8589	1
10.455300546448086	1796	1
10.470819672131148	1211	1
10.472841530054644	3541	1
10.478961748633878	9251	1
10.481202185792348	2585	1
10.482131147540983	4234	1
10.50295081967213	3466	1
10.505901639344263	9574	1
10.508251366120218	6764	1
10.536994535519126	1584	1
10.539016393442623	8434	1
10.543825136612021	4407	1
10.555792349726776	2807	1
10.613879781420765	363	1
10.646448087431693	446	1
10.652021857923497	6383	1
10.657868852459016	2855	1
10.667322404371584	6430	1
10.701857923497267	7147	1
10.703661202185792	7633	1
10.710601092896175	5621	1
10.73535519125683	9430	1
10.743934426229508	8537	1
10.746010928961748	1704	1
10.768524590163933	7556	1
10.780382513661202	413	1
10.861311475409837	6166	1
10.868306010928961	8732	1
10.86846994535519	5560	1
10.88726775956284	5609	1
10.887923497267758	6402	1
10.905409836065573	7828	1
10.913606557377049	4066	1
10.93497267759563	4953	1
10.938360655737704	3784	1
10.958907103825137	2641	1
10.97775956284153	8911	1
10.978196721311475	4427	1
11.008907103825136	7103	1
11.053825136612021	7246	1
11.069234972677595	2213	1
11.08551912568306	7802	1
11.097267759562842	1554	1
11.106229508196721	3420	1
11.116939890710382	7717	1
11.131038251366121	3299	1
11.139726775956284	2938	1
11.141366120218578	8567	1
11.160601092896174	9377	1
11.176338797814207	6719	1
11.188306010928962	5598	1
11.211639344262295	3326	1
11.22360655737705	4663	1
11.246338797814207	34	1
11.249562841530054	1944	1
11.265464480874316	5236	1
11.275245901639344	3878	1
11.295409836065573	6980	1
11.316775956284154	6817	1
11.31912568306011	1054	1
11.33224043715847	1966	1
11.352295081967213	6375	1
11.358306010928962	8489	1
11.360273224043716	9051	1
11.374644808743168	6687	1
11.377377049180328	5723	1
11.379890710382513	808	1
11.388251366120219	2921	1
11.399726775956285	7990	1
11.436502732240438	1320	1
11.439125683060109	8250	1
11.443606557377048	3568	1
11.449945355191257	1692	1
11.467540983606558	4343	1
11.50327868852459	9331	1
11.517923497267759	5970	1
11.521475409836066	7766	1
11.527158469945356	5470	1
11.547650273224043	2940	1
11.567322404371586	6244	1
11.575901639344261	7264	1
11.58393442622951	7923	1
11.616775956284153	5518	1
11.625792349726776	9681	1
11.639508196721312	7644	1
11.643770491803279	7447	1
11.649617486338798	7893	1
11.659726775956283	6196	1
11.667267759562842	2510	1
11.683333333333334	5567	1
11.686284153005463	2527	1
11.70016393442623	4881	1
11.70071038251366	6011	1
11.703606557377048	8984	1
11.711584699453551	1074	1
11.71846994535519	6195	1
11.728306010928963	2450	1
11.729071038251366	1389	1
11.741311475409837	4303	1
11.752622950819672	2542	1
11.752950819672131	5627	1
11.776502732240438	1262	1
11.783715846994534	7489	1
11.801639344262297	9224	1
11.806065573770491	7036	1
11.814371584699453	6829	1
11.821857923497268	9197	1
11.83639344262295	7783	1
11.844535519125683	316	1
11.846229508196721	6439	1
11.846939890710381	5675	1
11.854371584699454	2507	1
11.889726775956284	9507	1
11.891147540983606	8994	1
11.915464480874316	9174	1
11.931530054644808	2976	1
11.93415300546448	1589	1
11.951748633879781	1486	1
11.955737704918032	5802	1
11.971639344262295	9258	1
11.977213114754099	2883	1
11.981748633879782	5697	1
11.984043715846994	3962	1
11.985901639344263	2316	1
11.992295081967214	8237	1
12.006120218579234	4381	1
12.012131147540984	8580	1
12.025081967213113	3114	1
12.030765027322404	3111	1
12.034043715846995	7194	1
12.034262295081966	55	1
12.03879781420765	9984	1
12.043224043715846	1824	1
12.055956284153005	6931	1
12.082295081967214	947	1
12.094262295081966	6298	1
12.098524590163935	6621	1
12.117923497267759	4276	1
12.122404371584699	427	1
12.123825136612021	5928	1
12.128907103825137	3307	1
12.137759562841529	7043	1
12.191475409836066	5741	1
12.215081967213115	9569	1
12.234699453551912	1982	1
12.235628415300546	1124	1
12.257158469945354	4930	1
12.277540983606556	545	1
12.302950819672132	7675	1
12.31224043715847	7395	1
12.327540983606557	1953	1
12.328032786885245	7457	1
12.33551912568306	8831	1
12.33863387978142	9199	1
12.354043715846995	6989	1
12.3675956284153	2740	1
12.381092896174863	7337	1
12.383879781420765	9870	1
12.394590163934426	2386	1
12.404043715846996	7316	1
12.404426229508196	6670	1
12.406120218579234	3646	1
12.414207650273223	5837	1
12.454098360655736	3364	1
12.458251366120217	188	1
12.527978142076503	7465	1
12.533224043715846	4462	1
12.546830601092896	3324	1
12.54879781420765	3430	1
12.563715846994535	4161	1
12.578579234972677	7887	1
12.586229508196721	1091	1
12.598415300546447	7810	1
12.617267759562841	7587	1
12.619562841530055	8726	1
12.619836065573772	6467	1
12.634972677595629	885	1
12.640437158469945	5584	1
12.651803278688526	9413	1
12.662240437158468	76	1
12.690327868852458	3255	1
12.692896174863387	6775	1
12.706120218579235	7920	1
12.744207650273223	388	1
12.777704918032786	7134	1
12.807595628415301	1213	1
12.811038251366119	3860	1
12.812896174863388	6356	1
12.82327868852459	1521	1
12.823989071038252	4543	1
12.827540983606557	7692	1
12.830163934426228	3083	1
12.83311475409836	2773	1
12.838743169398906	5703	1
12.84415300546448	967	1
12.849125683060109	8360	1
12.850054644808743	297	1
12.864535519125683	5693	1
12.886448087431694	209	1
12.959016393442623	8776	1
12.960109289617485	2239	1
12.97830601092896	100	1
13.003661202185793	6423	1
13.006885245901639	9776	1
13.0075956284153	3501	1
13.031147540983607	9514	1
13.035956284153006	2317	1
13.051584699453551	1929	1
13.054480874316939	2712	1
13.075792349726775	3484	1
13.077978142076503	8786	1
13.08792349726776	5708	1
13.108961748633881	3595	1
13.116557377049181	1526	1
13.132295081967213	7235	1
13.137704918032787	2720	1
13.138688524590163	3192	1
13.204754098360656	7647	1
13.221967213114754	8051	1
13.22622950819672	7867	1
13.230054644808742	90	1
13.278251366120218	863	1
13.27912568306011	4981	1
13.31639344262295	4885	1
13.342568306010929	5246	1
13.355409836065574	6890	1
13.361857923497269	8516	1
13.374754098360654	4629	1
13.377103825136613	603	1
13.421693989071038	9104	1
13.430765027322405	2680	1
13.457650273224044	1023	1
13.460765027322404	8161	1
13.47311475409836	9360	1
13.47502732240437	5496	1
13.477431693989072	9241	1
13.479562841530056	7478	1
13.49830601092896	5744	1
13.515191256830601	9930	1
13.569945355191257	9856	1
13.588360655737704	2620	1
13.59065573770492	2747	1
13.59311475409836	5772	1
13.596885245901639	4475	1
13.62032786885246	3766	1
13.631366120218578	7736	1
13.636775956284152	6469	1
13.65	6049	1
13.650109289617486	424	1
13.654153005464481	3780	1
13.661475409836065	3544	1
13.679508196721311	4382	1
13.684153005464479	4615	1
13.707486338797814	8965	1
13.734808743169399	7965	1
13.737322404371584	3720	1
13.751311475409835	7218	1
13.76431693989071	638	1
13.773770491803278	230	1
13.805573770491803	5901	1
13.81551912568306	7344	1
13.831256830601092	8693	1
13.833551912568305	687	1
13.84863387978142	6495	1
13.86224043715847	7367	1
13.874972677595627	5147	1
13.884918032786885	6353	1
13.893661202185793	1483	1
13.928196721311476	2792	1
13.933825136612022	4957	1
13.942404371584699	9101	1
13.951147540983607	1847	1
13.96174863387978	9145	1
13.981530054644809	770	1
13.992295081967214	4050	1
14.018360655737704	7466	1
14.067158469945355	4863	1
14.078360655737704	2149	1
14.079781420765027	4000	1
14.085628415300546	527	1
14.08928961748634	3011	1
14.125901639344262	7238	1
14.148907103825136	3068	1
14.149726775956283	8752	1
14.192349726775955	5089	1
14.246666666666668	3121	1
14.280819672131148	8049	1
14.301475409836065	6476	1
14.325300546448087	4758	1
14.329071038251367	2618	1
14.34016393442623	8622	1
14.345027322404372	5652	1
14.361748633879781	7423	1
14.362295081967213	3711	1
14.36256830601093	7319	1
14.363989071038251	9595	1
14.375792349726776	5966	1
14.383715846994535	7588	1
14.388688524590163	2506	1
14.393387978142076	7217	1
14.393770491803277	4738	1
14.403333333333332	4067	1
14.41295081967213	4461	1
14.430218579234973	9866	1
14.441693989071037	4524	1
14.453442622950819	3082	1
14.455628415300547	4505	1
14.463715846994534	700	1
14.508251366120218	1070	1
14.512786885245902	6781	1
14.512786885245902	1548	1
14.61207650273224	5015	1
14.614371584699452	3976	1
14.6148087431694	8288	1
14.62415300546448	7326	1
14.634098360655738	7901	1
14.641256830601094	6682	1
14.674262295081967	5872	1
14.69311475409836	7131	1
14.757814207650274	8660	1
14.759890710382512	6867	1
14.766284153005463	2613	1
14.76655737704918	5945	1
14.77295081967213	9926	1
14.773934426229507	8160	1
14.786120218579233	5313	1
14.797486338797814	53	1
14.813114754098361	878	1
14.826229508196722	2832	1
14.837158469945354	2685	1
14.857650273224042	9138	1
14.862185792349727	5210	1
14.864262295081966	9422	1
14.865956284153004	4031	1
14.868142076502732	5601	1
14.875683060109289	8962	1
14.897049180327869	3251	1
14.901967213114753	9122	1
14.906284153005464	7934	1
14.924535519125683	3862	1
14.946885245901639	1025	1
14.966229508196722	2422	1
14.973879781420766	6706	1
14.979344262295083	9120	1
15.010382513661202	3143	1
15.01743169398907	6921	1
15.04256830601093	8552	1
15.077650273224044	6222	1
15.083606557377049	7033	1
15.100437158469946	3713	1
15.121693989071039	5192	1
15.132950819672132	242	1
15.134863387978141	3145	1
15.16	801	1
15.179890710382514	4869	1
15.188032786885245	7998	1
15.193005464480875	3804	1
15.215573770491803	5858	1
15.217377049180326	7857	1
15.236775956284152	2151	1
15.243224043715847	9260	1
15.272459016393443	8949	1
15.29295081967213	9524	1
15.307759562841529	1848	1
15.317704918032787	7229	1
15.325737704918033	6247	1
15.336338797814207	2557	1
15.34191256830601	1470	1
15.351092896174864	3263	1
15.353879781420765	1204	1
15.36087431693989	5172	1
15.362513661202186	1371	1
15.373551912568306	4931	1
15.384043715846994	7952	1
15.384262295081967	2371	1
15.398688524590163	1930	1
15.403387978142076	2811	1
15.413114754098359	6271	1
15.417377049180327	2587	1
15.465409836065573	9897	1
15.471092896174863	9147	1
15.566393442622951	2643	1
15.574918032786885	6792	1
15.598469945355191	4091	1
15.606775956284153	1720	1
15.60896174863388	5346	1
15.61103825136612	158	1
15.638415300546447	8881	1
15.672568306010929	5740	1
15.701475409836066	6773	1
15.710382513661203	269	1
15.755573770491802	4831	1
15.777978142076503	785	1
15.78207650273224	3943	1
15.784754098360656	6611	1
15.805901639344262	1888	1
15.807540983606557	7637	1
15.814972677595629	6435	1
15.816448087431693	530	1
15.817486338797814	6620	1
15.836775956284153	9318	1
15.842841530054645	2619	1
15.84726775956284	7388	1
15.851147540983607	5367	1
15.856666666666667	8229	1
15.86655737704918	7267	1
15.893551912568306	107	1
15.924426229508196	9677	1
15.935136612021859	4870	1
15.972295081967212	1767	1
15.977540983606557	1127	1
15.999890710382514	2580	1
16.007486338797815	939	1
16.016721311475408	8691	1
16.01983606557377	8296	1
16.052295081967213	1379	1
16.053606557377048	3256	1
16.06158469945355	4617	1
16.064699453551913	4223	1
16.10136612021858	9521	1
16.129016393442623	3757	1
16.12967213114754	1666	1
16.171693989071038	8620	1
16.176120218579236	8781	1
16.21049180327869	8231	1
16.227377049180326	5477	0
16.24256830601093	5809	1
16.250437158469943	5656	1
16.259836065573772	2127	1
16.26273224043716	4458	1
16.268360655737705	4071	1
16.28087431693989	8661	1
16.28311475409836	625	1
16.309016393442622	2512	1
16.327759562841532	9792	1
16.34453551912568	8130	1
16.36726775956284	3281	1
16.372513661202184	5155	1
16.407540983606555	3117	1
16.441092896174865	5138	1
16.44551912568306	9183	1
16.467486338797812	4470	1
16.48726775956284	7536	1
16.49213114754098	495	1
16.496939890710383	1384	1
16.50672131147541	8212	1
16.526502732240438	351	1
16.528688524590162	6419	1
16.53934426229508	6332	1
16.57	5212	1
16.581693989071038	9214	1
16.585573770491802	5666	1
16.600273224043715	5159	1
16.60382513661202	5299	1
16.610655737704917	6033	1
16.623497267759564	1278	1
16.67704918032787	1809	1
16.677650273224046	9047	1
16.697540983606558	3695	1
16.700437158469946	6965	1
16.703060109289616	9474	1
16.723169398907103	1807	1
16.727322404371584	3431	1
16.727814207650272	741	1
16.732349726775958	5121	1
16.77786885245902	2653	1
16.789398907103827	5829	1
16.818360655737703	5279	1
16.819945355191255	787	1
16.82256830601093	788	1
16.8231693989071	3220	1
16.833715846994533	4471	1
16.84633879781421	6417	1
16.847540983606557	5746	1
16.873551912568306	8194	1
16.88792349726776	7428	1
16.89273224043716	1421	1
16.932131147540982	3643	1
16.95377049180328	5916	1
16.972786885245903	3640	1
16.984262295081965	1491	1
16.98863387978142	8523	1
16.992076502732242	6437	1
17.012622950819672	3435	1
17.021311475409835	7976	1
17.036284153005465	3178	1
17.065628415300548	5704	1
17.092786885245904	6539	1
17.098907103825137	9222	1
17.10590163934426	317	1
17.10814207650273	4377	1
17.149726775956285	5587	1
17.169562841530052	9443	1
17.19879781420765	7257	1
17.199617486338795	75	1
17.23125683060109	7314	1
17.23497267759563	2064	1
17.24120218579235	9416	1
17.242896174863386	9458	1
17.245737704918035	3477	1
17.256338797814205	7248	1
17.30311475409836	7277	1
17.303387978142077	7188	1
17.311857923497268	4661	1
17.313333333333333	4867	1
17.323551912568306	5326	1
17.3375956284153	5521	1
17.34021857923497	5841	1
17.36617486338798	1388	1
17.382841530054645	5051	1
17.412295081967212	9311	1
17.414918032786886	3336	1
17.415464480874316	5205	1
17.41710382513661	4616	1
17.419453551912568	1793	1
17.424426229508196	5046	1
17.43846994535519	8525	1
17.44398907103825	4296	1
17.453060109289616	3147	1
17.464426229508195	4017	1
17.466284153005464	2045	1
17.47693989071038	1700	1
17.483989071038252	5354	1
17.488524590163934	5504	1
17.494098360655737	4246	1
17.533715846994536	1816	1
17.54393442622951	7782	1
17.59530054644809	5991	1
17.59535519125683	2647	1
17.59568306010929	9208	1
17.65453551912568	6725	1
17.65535519125683	2645	1
17.65901639344262	7123	1
17.66136612021858	6516	1
17.67142076502732	8279	1
17.671475409836066	7184	1
17.685573770491803	7705	1
17.699562841530057	4390	1
17.705573770491803	4990	1
17.70655737704918	8409	1
17.76065573770492	7768	1
17.792950819672132	5993	1
17.810054644808744	293	1
17.823989071038252	5487	1
17.85928961748634	7274	1
17.875737704918034	2780	1
17.910437158469946	812	1
17.921639344262296	29	1
17.93224043715847	8957	1
17.958907103825137	4077	1
17.969016393442622	9549	1
17.97224043715847	9129	1
17.97344262295082	7640	1
17.99584699453552	9762	1
17.999180327868853	163	1
18.00431693989071	4631	1
18.015956284153003	8184	1
18.020928961748634	6288	1
18.04207650273224	8897	1
18.045081967213115	6793	1
18.08142076502732	754	1
18.08655737704918	5330	1
18.088579234972677	72	1
18.089398907103824	6260	1
18.094043715846993	1961	1
18.095464480874316	4123	1
18.108469945355193	7891	1
18.122459016393442	4486	1
18.124918032786884	6076	1
18.135683060109287	8333	1
18.138579234972674	1950	1
18.150109289617486	1240	1
18.159071038251366	3042	1
18.159508196721312	5306	1
18.169562841530055	9826	1
18.174590163934425	9163	1
18.19224043715847	9144	1
18.203224043715846	6818	1
18.21071038251366	6619	1
18.213661202185794	9571	1
18.233060109289617	3217	1
18.234371584699453	3033	1
18.23846994535519	9532	1
18.243278688524587	8504	1
18.24360655737705	4179	1
18.250983606557377	5914	1
18.263387978142077	8100	1
18.270655737704917	2745	1
18.271311475409835	8840	1
18.280054644808743	1590	1
18.283224043715848	6261	1
18.290765027322404	255	1
18.294371584699455	8146	1
18.295792349726774	2770	1
18.31825136612022	9603	1
18.333989071038253	9354	1
18.338852459016394	1889	1
18.340546448087434	8095	1
18.34360655737705	6175	1
18.35120218579235	9292	1
18.358743169398906	36	1
18.384043715846996	6584	1
18.393442622950822	9715	1
18.417923497267758	9444	1
18.42311475409836	9935	1
18.43896174863388	8834	1
18.451639344262293	3590	1
18.460819672131148	9031	1
18.460819672131148	5082	1
18.465081967213113	3136	1
18.465792349726776	9424	1
18.472513661202186	8393	1
18.48262295081967	5641	1
18.49273224043716	9484	1
18.50535519125683	7608	1
18.533224043715848	5715	1
18.558743169398905	7661	1
18.57	6335	1
18.570655737704918	9526	1
18.57704918032787	4765	1
18.58901639344262	3428	1
18.59983606557377	4943	1
18.606229508196723	7540	1
18.611038251366118	1478	1
18.621038251366123	1065	1
18.624644808743167	8677	1
18.63513661202186	5765	1
18.643661202185793	6973	1
18.643661202185793	6925	1
18.659726775956283	8157	1
18.66377049180328	8655	1
18.667868852459016	5881	1
18.68207650273224	2518	1
18.68672131147541	4149	1
18.705409836065574	1864	1
18.71366120218579	6879	1
18.73464480874317	3337	1
18.75071038251366	5275	1
18.756666666666668	7811	1
18.756830601092897	5271	1
18.774972677595628	1375	1
18.780601092896177	4078	1
18.813825136612024	2357	1
18.828524590163934	3496	1
18.837322404371584	6920	1
18.83775956284153	7198	1
18.83874316939891	7815	1
18.84098360655738	7015	1
18.85568306010929	994	1
18.858688524590164	4509	1
18.872185792349725	2344	1
18.872404371584697	1867	1
18.87513661202186	6967	1
18.884644808743168	7107	1
18.893770491803277	8040	1
18.928907103825136	1261	1
18.937049180327868	4249	1
18.945409836065576	1276	1
18.96032786885246	5873	1
18.960983606557377	7340	1
18.96289617486339	3656	1
18.963770491803277	8007	1
18.966830601092894	953	1
18.976120218579236	4396	1
18.979125683060108	7057	1
18.992349726775956	9480	1
19.02262295081967	3659	1
19.049125683060108	9211	1
19.0751912568306	4752	1
19.11016393442623	2923	1
19.141147540983606	7678	1
19.231038251366122	7451	1
19.24672131147541	1825	1
19.255792349726775	3332	1
19.270928961748634	866	1
19.27224043715847	4201	1
19.273934426229506	3852	1
19.276120218579237	4397	1
19.281693989071037	6342	1
19.285846994535518	579	1
19.290819672131146	7500	1
19.297049180327868	486	1
19.341311475409835	1757	1
19.37431693989071	6599	1
19.37896174863388	5248	1
19.388743169398907	6354	1
19.392841530054643	6359	1
19.403934426229508	6647	1
19.420163934426228	519	1
19.421311475409837	1156	1
19.43016393442623	157	1
19.43879781420765	7345	1
19.448797814207648	8099	1
19.48120218579235	5594	1
19.488196721311475	1206	1
19.497322404371584	7779	1
19.52502732240437	7149	1
19.531311475409833	4334	1
19.538032786885243	9785	1
19.541256830601093	2121	1
19.546666666666667	3783	1
19.55295081967213	4960	1
19.56087431693989	2684	1
19.567267759562842	4173	1
19.571803278688524	2779	1
19.594207650273223	8578	1
19.599945355191256	5399	1
19.606120218579235	8063	1
19.61327868852459	9328	1
19.61502732240437	593	1
19.61825136612022	4580	1
19.620218579234972	3365	1
19.6251912568306	3264	1
19.62573770491803	8154	1
19.628251366120217	2718	1
19.629890710382515	2259	1
19.642677595628417	7056	1
19.657540983606555	4083	1
19.675901639344264	8141	1
19.678797814207652	2681	1
19.68191256830601	6098	1
19.684754098360656	7839	1
19.716721311475407	6136	1
19.72224043715847	5282	1
19.722568306010928	4111	1
19.72486338797814	4556	1
19.7503825136612	4741	1
19.766338797814207	3005	1
19.775300546448086	1615	1
19.77584699453552	9041	1
19.77726775956284	4548	1
19.80655737704918	704	1
19.822896174863388	9141	1
19.833333333333332	6481	1
19.83644808743169	1741	1
19.850819672131145	7351	1
19.8527868852459	1976	1
19.856284153005465	3786	1
19.880710382513662	8200	1
19.91655737704918	723	1
19.94792349726776	7704	1
19.95606557377049	4366	1
19.974590163934426	1749	1
19.984918032786883	1786	1
19.989945355191256	1931	1
19.990710382513658	6040	1
20.017650273224042	1488	1
20.020819672131147	3132	1
20.031147540983607	6081	1
20.077213114754098	7323	1
20.083551912568304	2860	1
20.111803278688523	3493	1
20.155300546448085	8483	1
20.157650273224043	9673	1
20.170601092896174	8805	1
20.23224043715847	8536	1
20.247213114754096	178	1
20.26431693989071	4358	1
20.273333333333333	991	1
20.279672131147542	7581	1
20.28431693989071	268	1
20.299344262295083	3540	1
20.304043715846994	7083	1
20.309289617486336	6450	1
20.315355191256828	2555	1
20.332240437158468	4995	1
20.334153005464483	6863	1
20.35027322404372	6185	1
20.36879781420765	7182	1
20.37448087431694	7422	1
20.389398907103825	7376	1
20.42535519125683	2579	1
20.43606557377049	6292	1
20.439999999999998	6137	1
20.447868852459013	4713	1
20.447978142076504	4337	1
20.44896174863388	3358	1
20.459071038251363	3452	1
20.472459016393444	1511	1
20.476939890710383	5164	1
20.477486338797814	6999	1
20.47846994535519	2180	1
20.479562841530054	699	1
20.487650273224045	4196	1
20.496120218579232	5506	1
20.50879781420765	2282	1
20.52174863387978	6922	1
20.523278688524588	4879	1
20.528360655737703	4669	1
20.53103825136612	4467	1
20.554043715846994	2150	1
20.572513661202183	8272	1
20.57896174863388	8623	1
20.582841530054644	2598	1
20.590819672131147	4559	1
20.59092896174863	1535	1
20.617486338797814	568	1
20.618743169398908	5534	1
20.673825136612024	7269	1
20.67655737704918	3349	1
20.700819672131146	5250	1
20.708415300546445	9489	1
20.715846994535518	3652	1
20.719071038251368	1350	1
20.72071038251366	9190	1
20.725081967213114	6636	1
20.741748633879784	8004	1
20.747158469945358	1939	1
20.748743169398907	3924	1
20.752677595628416	5368	1
20.764699453551913	6505	1
20.769945355191258	5764	1
20.773060109289617	4053	1
20.787868852459017	7791	1
20.814426229508197	9895	1
20.8303825136612	7710	1
20.834918032786884	7973	1
20.83661202185792	1523	1
20.860273224043716	9270	1
20.864972677595627	4288	1
20.866010928961746	5010	1
20.884262295081967	3722	1
20.886174863387975	1820	1
20.889071038251362	1522	1
20.88994535519126	2238	1
20.89054644808743	6376	1
20.8944262295082	9599	1
20.961967213114754	5805	1
20.96617486338798	6485	1
21.00256830601093	9794	1
21.004371584699452	9882	1
21.011147540983607	2551	1
21.023005464480875	5528	1
21.030109289617485	1449	1
21.0503825136612	7874	1
21.053169398907105	6926	1
21.059672131147543	8446	1
21.068907103825136	5891	1
21.074918032786886	7877	1
21.08098360655738	8070	1
21.10934426229508	1910	1
21.119617486338797	6428	1
21.129398907103827	1838	1
21.144207650273227	3813	1
21.15398907103825	7066	1
21.180273224043717	5507	1
21.18846994535519	4541	1
21.191912568306012	4934	1
21.241803278688522	1493	1
21.246502732240437	2926	1
21.256994535519123	5825	1
21.26459016393443	1711	1
21.280218579234973	2744	1
21.292841530054645	2096	1
21.327868852459016	9894	1
21.339562841530054	4610	1
21.341967213114756	1184	1
21.35672131147541	5492	1
21.357540983606558	2052	1
21.36284153005464	3662	1
21.36841530054645	294	1
21.374590163934425	1895	1
21.37710382513661	1560	1
21.38486338797814	7355	1
21.385191256830602	7777	1
21.391366120218578	1683	1
21.4103825136612	5558	1
21.42568306010929	1663	1
21.434043715846993	2148	1
21.45229508196721	1378	1
21.45453551912568	192	1
21.45622950819672	2568	1
21.456502732240438	6607	1
21.4751912568306	9991	1
21.47715846994536	232	1
21.514043715846995	5273	1
21.522513661202186	4965	1
21.527322404371585	5648	1
21.53049180327869	3137	1
21.53054644808743	9200	1
21.533169398907106	153	1
21.53344262295082	8740	1
21.569726775956283	5264	1
21.57016393442623	3041	1
21.571038251366122	2772	1
21.578524590163934	7158	1
21.590054644808742	9300	1
21.590491803278688	3672	1
21.592841530054645	2899	1
21.601366120218582	3729	1
21.608360655737705	9467	1
21.611475409836064	968	1
21.625300546448088	6704	1
21.628032786885246	1086	1
21.637103825136613	3218	1
21.642349726775958	8006	1
21.642622950819675	248	1
21.643005464480876	2726	1
21.66120218579235	3396	1
21.667486338797815	5628	1
21.676612021857924	7456	1
21.67775956284153	134	1
21.683278688524588	4554	1
21.69792349726776	1216	1
21.7031693989071	889	1
21.704262295081968	2821	1
21.713606557377048	8247	1
21.73448087431694	4080	1
21.752131147540982	1377	1
21.76726775956284	7858	1
21.778032786885248	5334	1
21.789945355191254	3760	1
21.79688524590164	7582	1
21.79754098360656	1862	1
21.841311475409835	3952	1
21.841639344262294	4557	1
21.862295081967215	1844	1
21.892677595628413	349	1
21.92792349726776	3167	1
21.942896174863385	715	1
21.944754098360654	7592	1
21.955737704918032	176	1
21.95814207650273	5461	1
21.959398907103825	6768	1
21.960054644808743	7490	1
21.964808743169396	9106	1
21.97879781420765	5709	1
21.982513661202184	404	1
21.983770491803277	1696	1
21.99950819672131	5832	1
22.009344262295084	7868	1
22.013825136612024	9124	1
22.01573770491803	1926	1
22.03191256830601	4024	1
22.046338797814208	7437	1
22.080109289617486	5235	1
22.09393442622951	4350	1
22.095245901639345	2759	1
22.106229508196723	361	1
22.108032786885246	7630	1
22.118524590163936	7905	1
22.14704918032787	4890	1
22.14710382513661	1304	1
22.192131147540984	2459	1
22.21087431693989	3624	1
22.23366120218579	8106	1
22.237213114754095	7171	1
22.237213114754095	5342	1
22.246885245901638	482	1
22.25896174863388	1602	1
22.268306010928963	8708	1
22.2879781420765	141	1
22.288196721311476	7677	1
22.288524590163934	5117	1
22.295737704918032	7080	1
22.300054644808743	8374	1
22.313661202185795	6570	1
22.316120218579236	1506	1
22.343278688524588	9135	1
22.394918032786883	2016	1
22.42207650273224	5025	1
22.43431693989071	8263	1
22.435245901639345	2428	1
22.436612021857922	9990	1
22.443934426229507	8511	1
22.471311475409834	5418	1
22.47393442622951	1665	1
22.476338797814208	1291	1
22.49224043715847	3239	1
22.505956284153005	7234	1
22.512076502732242	7153	1
22.51327868852459	9827	0
22.520273224043716	173	1
22.52633879781421	8236	1
22.548579234972678	9517	1
22.55103825136612	8294	1
22.61273224043716	8079	1
22.614316939890713	6921	0
22.63437158469945	4170	1
22.635737704918032	8657	1
22.65655737704918	2414	1
22.65814207650273	2536	1
22.662950819672133	318	1
22.68655737704918	7360	1
22.692021857923496	9912	1
22.733661202185793	8614	1
22.755519125683062	7268	1
22.77256830601093	9590	1
22.772786885245903	371	1
22.80087431693989	9367	1
22.818961748633882	8362	1
22.836939890710383	5483	1
22.849453551912568	5852	1
22.85398907103825	7689	1
22.858469945355193	4086	1
22.88065573770492	2124	1
22.885081967213114	6240	1
22.89726775956284	9573	1
22.91327868852459	955	1
22.91639344262295	3305	1
22.922896174863386	2442	1
22.936612021857922	8104	1
22.94584699453552	1537	1
22.947540983606554	9382	1
22.965409836065575	1307	1
22.974043715846992	5385	1
22.986120218579234	9629	1
22.989016393442622	9179	1
22.99136612021858	9337	1
22.99945355191257	3401	1
23.004426229508194	283	1
23.0351912568306	7256	1
23.047049180327868	1321	1
23.053387978142077	6200	1
23.059234972677594	2309	1
23.06136612021858	2447	1
23.067213114754097	4844	1
23.070601092896172	3425	1
23.092732240437158	2958	1
23.095519125683058	2394	1
23.09928961748634	2048	1
23.100655737704916	9005	1
23.100928961748632	2356	1
23.104644808743167	182	1
23.129890710382515	4671	1
23.134754098360656	1594	1
23.158415300546448	6078	1
23.170546448087432	8715	1
23.17377049180328	2901	1
23.173879781420766	6897	1
23.1827868852459	3433	1
23.216557377049178	3198	1
23.22655737704918	2793	1
23.24415300546448	2425	1
23.25191256830601	1957	1
23.255519125683062	5109	1
23.266666666666666	8455	1
23.268907103825136	8632	1
23.290819672131146	6026	1
23.29377049180328	6609	1
23.297431693989072	6389	1
23.29863387978142	4643	1
23.30502732240437	1543	1
23.31792349726776	614	1
23.321366120218578	7370	1
23.338415300546448	5323	1
23.345081967213115	8480	1
23.35071038251366	6498	1
23.36229508196721	3536	1
23.364808743169398	3458	1
23.36841530054645	8262	1
23.40644808743169	3857	1
23.43021857923497	6091	1
23.453333333333333	6637	1
23.472295081967214	9758	1
23.476174863387975	246	1
23.50147540983607	5650	1
23.51081967213115	1343	1
23.548579234972674	9511	1
23.56153005464481	129	1
23.564480874316942	9815	1
23.58464480874317	8416	1
23.592841530054645	6575	1
23.611967213114756	6048	1
23.620054644808743	7528	1
23.64016393442623	3470	1
23.646010928961747	5305	1
23.646612021857923	7481	1
23.662349726775957	8330	1
23.662459016393445	8882	1
23.716120218579235	1648	1
23.738743169398905	3611	1
23.739781420765027	9479	1
23.751311475409835	2031	1
23.754754098360657	4703	1
23.768852459016394	6484	1
23.780928961748632	3638	1
23.800273224043718	4921	1
23.81754098360656	7444	1
23.827650273224044	737	1
23.87016393442623	4472	1
23.873606557377048	9756	1
23.916666666666668	5611	1
23.931311475409835	44	1
23.949289617486336	9105	1
23.989945355191256	3681	1
23.998196721311476	9171	1
24.029289617486338	7741	1
24.03344262295082	9499	1
24.039180327868852	3494	1
24.042677595628415	6553	1
24.04398907103825	1969	1
24.079453551912568	7668	1
24.08256830601093	8939	1
24.08530054644809	8646	1
24.09229508196721	1542	1
24.110546448087433	261	1
24.11535519125683	7079	1
24.11775956284153	9113	1
24.163278688524592	7530	1
24.165081967213116	690	1
24.16989071038251	8891	1
24.209672131147542	2189	1
24.226666666666667	7095	1
24.25327868852459	4035	1
24.269562841530057	3213	1
24.290601092896175	6276	1
24.326557377049177	6937	1
24.342240437158466	6752	1
24.373770491803278	5293	1
24.393333333333334	7635	1
24.39972677595628	1221	1
24.40098360655738	8134	1
24.40191256830601	8150	1
24.434426229508194	6910	1
24.438032786885245	7515	1
24.452950819672132	1329	1
24.45409836065574	4484	1
24.49021857923497	7174	1
24.534043715846995	6258	1
24.55349726775956	2426	1
24.564371584699455	7848	1
24.574371584699453	6786	1
24.589180327868853	3838	1
24.629672131147544	8561	1
24.63830601092896	3297	1
24.649562841530056	3526	1
24.68448087431694	6355	1
24.6948087431694	5735	1
24.69726775956284	3625	1
24.73967213114754	1138	1
24.767158469945354	3993	1
24.78295081967213	1673	1
24.7851912568306	1946	1
24.874153005464482	1298	1
24.897377049180324	8282	1
24.91469945355191	6387	1
24.92087431693989	1591	1
24.937377049180327	1650	1
24.94688524590164	4816	1
24.96945355191257	5610	1
24.994207650273225	1733	1
25.005355191256832	7898	1
25.006448087431693	9454	1
25.01054644808743	4967	1
25.032622950819672	8428	1
25.073606557377047	2142	1
25.079781420765027	290	1
25.09448087431694	2868	1
25.101748633879783	4888	1
25.144098360655736	9804	1
25.156939890710383	4912	1
25.166612021857926	3278	1
25.173551912568307	3550	1
25.20639344262295	9556	1
25.223224043715845	6264	1
25.228852459016395	7826	1
25.229234972677595	7978	1
25.244863387978143	6900	1
25.263169398907102	2440	1
25.263387978142077	6591	1
25.265901639344264	5727	1
25.2879781420765	7760	1
25.337814207650272	7483	1
25.338251366120218	3469	1
25.359398907103827	3043	1
25.374316939890708	8587	1
25.37628415300546	4465	1
25.410765027322405	8664	1
25.41568306010929	8688	1
25.442349726775955	6019	1
25.444699453551912	5614	1
25.48054644808743	5442	1
25.485683060109288	1495	1
25.546284153005463	4393	1
25.548524590163932	3716	1
25.549726775956284	310	1
25.554371584699453	9584	1
25.557213114754095	3967	1
25.565628415300548	8067	1
25.576502732240435	2885	1
25.585081967213114	1043	1
25.601530054644808	8582	1
25.610109289617483	950	1
25.63273224043716	659	1
25.640601092896176	1302	1
25.64295081967213	3639	1
25.643387978142076	9232	1
25.64704918032787	61	1
25.652185792349727	8183	1
25.658196721311477	8712	1
25.65846994535519	6361	1
25.659398907103824	5806	1
25.662131147540983	4917	1
25.672185792349726	2774	1
25.69393442622951	5502	1
25.704043715846996	5640	1
25.716994535519127	822	1
25.726338797814208	7879	1
25.728907103825136	8779	1
25.7655737704918	1403	1
25.766557377049182	3870	1
25.82245901639344	6214	1
25.82256830601093	5696	1
25.829344262295084	855	1
25.84863387978142	3225	1
25.85016393442623	8476	1
25.875956284153006	2433	1
25.880437158469945	881	1
25.88224043715847	8437	1
25.882677595628415	7468	1
25.889562841530054	8368	1
25.91311475409836	7995	1
25.914808743169395	6151	1
25.915464480874316	491	1
26.00049180327869	2974	1
26.00054644808743	5588	1
26.003497267759563	3866	1
26.021748633879778	905	1
26.031967213114754	8959	1
26.03863387978142	2656	1
26.04546448087432	8735	1
26.077486338797815	871	1
26.082677595628414	4059	1
26.104972677595626	7851	1
26.114426229508197	8222	1
26.119999999999997	3574	1
26.141639344262295	4131	1
26.159234972677595	1155	1
26.183934426229506	1372	1
26.18672131147541	455	1
26.202841530054645	2468	1
26.214754098360658	6307	1
26.216010928961747	6068	1
26.236229508196722	8202	1
26.249071038251365	9812	1
26.24983606557377	9966	1
26.28289617486339	9559	1
26.3044262295082	7142	1
26.310218579234974	6180	1
26.34956284153005	9371	1
26.371038251366123	3449	1
26.374426229508195	8970	1
26.41524590163934	6600	1
26.477814207650272	1649	1
26.485956284153005	7420	1
26.502896174863388	1431	1
26.509234972677593	2036	1
26.52174863387978	8239	1
26.530983606557378	4768	1
26.533934426229507	160	1
26.5403825136612	7841	1
26.565081967213114	9553	1
26.592786885245904	9247	1
26.595519125683058	1908	1
26.613114754098362	4805	1
26.627486338797816	8667	1
26.64071038251366	3462	1
26.654426229508196	7843	1
26.658852459016394	9719	1
26.67295081967213	5846	1
26.686448087431696	8601	1
26.69846994535519	7508	1
26.715300546448088	7484	1
26.716338797814206	1747	1
26.729890710382513	8546	1
26.73092896174863	6805	1
26.754043715846993	6237	1
26.75415300546448	9713	1
26.755081967213115	7931	1
26.75967213114754	499	1
26.804262295081966	2571	1
26.819726775956283	7739	1
26.865573770491803	2753	1
26.87737704918033	2628	1
26.88639344262295	9824	1
26.889071038251366	6511	1
26.90169398907104	5231	1
26.909890710382513	7975	1
26.938087431693987	7855	1
26.93825136612022	9346	1
26.944699453551912	3407	1
26.95	5088	1
26.956502732240438	3733	1
26.983606557377048	8611	1
26.99622950819672	3064	1
27.002896174863388	1566	1
27.003278688524592	898	1
27.004371584699452	3001	1
27.01153005464481	3432	1
27.074590163934428	6343	1
27.096775956284155	8806	1
27.11983606557377	8937	1
27.12174863387978	648	1
27.14344262295082	1688	1
27.17049180327869	3018	1
27.176338797814207	8770	1
27.180601092896175	2915	1
27.18513661202186	9783	1
27.198032786885246	9581	1
27.207868852459015	7034	1
27.210218579234972	5803	1
27.23191256830601	6992	1
27.239726775956285	3910	1
27.24448087431694	7084	1
27.26289617486339	2100	1
27.289781420765028	9068	1
27.321912568306008	6702	1
27.327486338797815	2421	1
27.333114754098357	3123	1
27.33928961748634	2593	1
27.355901639344264	705	1
27.363661202185792	393	1
27.36737704918033	7936	1
27.385573770491806	2697	1
27.408196721311477	7552	1
27.430983606557376	9801	1
27.4844262295082	6475	1
27.49349726775956	456	1
27.51464480874317	1145	1
27.536502732240436	7403	1
27.538579234972676	4919	1
27.539180327868852	8151	1
27.558306010928963	9999	1
27.583005464480873	3444	1
27.62207650273224	5622	1
27.637377049180326	7283	1
27.644371584699453	6367	1
27.65087431693989	8847	1
27.652677595628415	9540	1
27.669562841530055	9162	1
27.67136612021858	640	1
27.690601092896173	619	1
27.728797814207653	3413	1
27.768251366120218	1361	1
27.783497267759564	7419	1
27.786612021857923	1660	1
27.788032786885243	3512	1
27.82994535519126	8603	1
27.84256830601093	8978	1
27.849398907103826	6003	1
27.862732240437158	3404	1
27.890601092896176	3945	1
27.89540983606557	1915	1
27.900655737704916	6913	1
27.91622950819672	5286	1
27.918961748633876	81	1
27.921147540983608	2484	1
27.929016393442623	3896	1
27.943387978142074	8792	1
27.95934426229508	4207	1
27.962459016393442	5148	1
27.968360655737705	2430	1
27.98333333333333	9462	1
27.986775956284152	5996	1
27.987322404371586	7152	1
28.015956284153006	7426	1
28.030819672131148	862	1
28.038524590163934	6827	1
28.047322404371585	3579	1
28.047923497267757	3096	1
28.076994535519127	8147	1
28.178688524590164	9498	1
28.189453551912568	4662	1
28.194699453551912	8644	1
28.2348087431694	92	1
28.25087431693989	8043	1
28.268415300546447	4653	1
28.270655737704917	1081	1
28.277377049180327	8773	1
28.284098360655737	1319	1
28.31191256830601	6949	1
28.317814207650272	4174	1
28.351693989071038	341	1
28.382513661202186	1995	1
28.385300546448086	7784	1
28.386885245901638	9335	1
28.396939890710385	6608	1
28.40174863387978	7109	1
28.404808743169397	7421	1
28.406338797814207	4994	1
28.41295081967213	2041	1
28.41841530054645	3098	1
28.421584699453554	2088	1
28.448579234972676	5755	1
28.452459016393444	2990	1
28.453060109289616	2805	1
28.45655737704918	3415	1
28.456775956284154	9028	1
28.464098360655736	6051	1
28.468251366120217	7261	1
28.481584699453553	6409	1
28.52639344262295	6036	1
28.53398907103825	7967	1
28.5379781420765	2404	1
28.557868852459016	4330	1
28.58710382513661	1157	1
28.593224043715846	9537	1
28.600546448087428	5234	1
28.610109289617487	2	1
