0.04859994535519126	749	1
0.15387595628415301	9968	1
0.15432896174863386	7567	1
0.2123896174863388	3396	1
0.3101502732240437	2846	1
0.4020420765027322	8629	1
0.4309327868852459	5034	1
0.5293065573770491	1632	1
0.5418530054644809	1324	1
0.6015628415300546	7984	1
0.6252185792349727	4635	1
0.6608743169398907	3807	1
0.6672349726775957	3673	1
0.7472896174863388	1000	1
0.8564590163934427	9477	1
0.946655737704918	5331	1
1.010792349726776	8775	1
1.1034863387978142	2146	1
1.117584699453552	6936	1
1.1745792349726776	9925	1
1.1932732240437158	1505	1
1.2222896174863387	5979	1
1.2516502732240435	7760	1
1.261360655737705	8721	1
1.267174863387978	1478	1
1.3528360655737706	4018	1
1.4746448087431692	5139	1
1.5359945355191256	9215	1
1.682120218579235	7228	1
1.8570273224043716	3267	1
1.863469945355191	117	1
1.8639781420765027	7359	1
1.8945300546448087	5712	1
1.9014972677595627	3998	1
1.9437704918032788	7207	1
1.9805956284153006	299	1
2.0286994535519125	6971	1
2.0448524590163935	2933	1
2.0730655737704917	1829	1
2.0794754098360655	8128	1
2.095770491803279	7235	1
2.135032786885246	6832	1
2.2278797814207647	8038	1
2.279016393442623	5834	1
2.282918032786885	2104	1
2.3013497267759564	942	1
2.351071038251366	4811	1
2.444726775956284	2092	1
2.460546448087432	5650	1
2.5067868852459014	5032	1
2.5229672131147542	9262	1
2.592142076502732	9869	1
2.636289617486339	729	1
2.657142076502732	3715	1
2.65851912568306	4340	1
2.6679672131147543	9739	1
2.7167049180327867	2187	1
2.7855792349726776	5737	1
2.8356393442622947	1720	1
2.8413497267759564	6207	1
2.844398907103825	3739	1
2.9025846994535516	6467	1
2.9098469945355188	4908	1
2.976879781420765	7029	1
3.0163497267759563	3957	1
3.030174863387978	7343	1
3.1576229508196723	7623	1
3.212754098360656	4922	1
3.2141693989071034	8520	1
3.372901639344262	2361	1
3.381213114754098	7091	1
3.390967213114754	3426	1
3.3970655737704916	6966	1
3.4226174863387975	9126	1
3.4374590163934426	5222	1
3.447743169398907	7808	1
3.4979890710382513	1649	1
3.603693989071038	9964	1
3.608775956284153	5862	1
3.732939890710383	8948	1
3.7657431693989074	7892	1
3.8347540983606554	9419	1
3.839934426229508	9998	1
3.86124043715847	6228	1
3.872551912568306	5775	1
3.9173551912568305	4651	1
3.9973060109289618	6664	1
4.013546448087432	202	1
4.034819672131148	2800	1
4.040349726775956	3333	1
4.086775956284153	791	1
4.1135464480874315	3779	1
4.189054644808743	8972	1
4.212967213114754	8466	1
4.230803278688525	1881	1
4.305032786885246	2179	1
4.333387978142077	4686	1
4.350289617486339	1724	1
4.437868852459016	7415	1
4.443218579234973	2382	1
4.458245901639344	8488	1
4.468786885245902	2184	1
4.484890710382514	8957	1
4.622234972677595	6184	1
4.642633879781421	7182	1
4.6692786885245905	1934	1
4.713551912568305	13	1
4.713825136612022	4274	1
4.722786885245902	9268	1
4.893092896174863	7950	1
4.928377049180328	2752	1
4.953267759562841	9189	1
4.983765027322404	8672	1
5.0567049180327865	1895	1
5.07432786885246	2459	1
5.105218579234973	8348	1
5.1127377049180325	7720	1
5.141371584699454	2964	1
5.176622950819672	2029	1
5.28403825136612	6912	1
5.300136612021857	3305	1
5.32751912568306	3346	1
5.381612021857924	621	1
5.4405409836065575	5270	1
5.448420765027322	8675	1
5.469071038251366	5736	1
5.476939890710383	9352	1
5.51	7253	1
5.585628415300547	9782	1
5.602459016393443	6496	1
5.648360655737705	5251	1
5.707595628415301	2733	1
5.754207650273224	9633	1
5.765191256830601	7585	1
5.78551912568306	6770	1
5.855792349726776	9543	1
5.871475409836066	4752	1
5.909453551912568	4327	1
5.94896174863388	2270	1
5.953934426229508	5018	1
5.978961748633879	6560	1
6.038032786885245	6867	1
6.056775956284153	8319	1
6.092896174863388	8019	1
6.128633879781421	1192	1
6.156284153005465	9903	1
6.165573770491803	4868	1
6.240710382513661	7927	1
6.256284153005465	3571	1
6.30912568306011	5738	1
6.334699453551913	7750	1
6.350491803278689	1684	1
6.353661202185792	8898	1
6.3842622950819665	7307	1
6.395792349726777	6140	1
6.427704918032786	6266	1
6.433005464480875	30	1
6.43863387978142	885	1
6.444371584699454	4365	1
6.4557377049180324	2357	1
6.474043715846995	9551	1
6.526557377049181	4693	1
6.5542622950819664	4089	1
6.555737704918033	6334	1
6.587978142076503	9790	1
6.6328961748633875	5179	1
6.826775956284154	928	1
6.857377049180328	8114	1
6.859016393442623	6321	1
6.991748633879781	5184	1
7.012349726775956	9074	1
7.224808743169398	5899	1
7.295573770491804	6932	1
7.300218579234973	7408	1
7.407267759562841	7070	1
7.410054644808743	8601	1
7.49	1297	1
7.5244262295081965	3937	1
7.5407103825136605	9197	1
7.561857923497268	626	1
7.562131147540984	921	1
7.570327868852459	4369	1
7.599945355191257	9688	1
7.612131147540984	9045	1
7.624918032786885	8527	1
7.651038251366121	197	1
7.666174863387978	7761	1
7.697923497267759	9037	1
7.802513661202186	7696	1
7.804699453551912	4579	1
7.8216393442622945	2632	1
7.8583060109289615	3197	1
7.872513661202185	6333	1
7.914207650273224	2038	1
7.955792349726776	210	1
7.9628961748633875	6098	1
7.976830601092896	8616	1
7.990109289617486	4700	1
8.018087431693989	5334	1
8.031311475409836	1557	1
8.10415300546448	8615	1
8.116502732240438	1722	1
8.125245901639344	2027	1
8.181420765027323	1837	1
8.199890710382514	414	1
8.213169398907104	3377	1
8.252841530054646	823	1
8.313989071038252	3110	1
8.325573770491804	2760	1
8.348087431693989	6510	1
8.357103825136612	9418	1
8.376721311475409	7788	1
8.391639344262295	1380	1
8.398360655737704	3164	1
8.39863387978142	324	1
8.415245901639343	2792	1
8.468469945355192	3928	1
8.48032786885246	439	1
8.491639344262294	7854	1
8.551693989071039	4905	1
8.564590163934428	3793	1
8.56688524590164	1179	1
8.580054644808744	1629	1
8.601475409836066	6574	1
8.635737704918032	8218	1
8.663606557377049	5419	1
8.73688524590164	6959	1
8.739617486338798	707	1
8.739781420765027	5918	1
8.803715846994535	170	1
8.817868852459016	6690	1
8.874371584699453	6877	1
8.953387978142075	9949	1
8.97688524590164	3523	1
8.982185792349727	8285	1
9.016284153005463	4601	1
9.06344262295082	3433	1
9.078852459016392	7133	1
9.090109289617487	6769	1
9.118907103825137	6772	1
9.128688524590165	7878	1
9.131092896174863	1419	1
9.162295081967214	1530	1
9.169234972677597	6410	1
9.228688524590163	1999	1
9.297158469945355	5077	1
9.319344262295083	9416	1
9.329234972677597	4858	1
9.357814207650273	428	1
9.368469945355193	500	1
9.400765027322404	5622	1
9.466994535519126	3506	1
9.474972677595627	3299	1
9.513333333333332	1896	1
9.52	6747	1
9.525792349726775	8534	1
9.528688524590164	2949	1
9.554207650273224	308	1
9.567103825136613	3712	1
9.604644808743169	7975	1
9.606612021857924	5996	1
9.617759562841531	4169	1
9.671475409836066	1466	1
9.676939890710383	8429	1
9.775081967213113	3209	1
9.81502732240437	9031	1
9.81584699453552	719	1
9.88174863387978	7770	1
9.883934426229507	6158	1
9.90174863387978	9351	1
9.906502732240437	3721	1
9.921092896174864	6132	1
9.924699453551913	3079	1
9.971366120218578	7940	1
9.976010928961749	6953	1
9.991639344262296	8812	1
10.001147540983608	9491	1
10.006284153005465	6532	1
10.01639344262295	4346	1
10.093606557377049	8745	1
10.097431693989071	7847	1
10.149726775956283	6782	1
10.150218579234972	2640	1
10.152677595628415	3808	1
10.184863387978142	7726	1
10.21	2761	1
10.21568306010929	1070	1
10.24087431693989	1985	1
10.241967213114755	8766	1
10.257322404371585	6303	1
10.29	2189	1
10.316338797814208	4851	1
10.324098360655737	8665	1
10.344043715846995	3413	1
10.41672131147541	9216	1
10.590601092896176	9238	1
10.623387978142077	819	1
10.626994535519126	3565	1
10.645737704918034	7925	1
10.66016393442623	3667	1
10.676502732240436	1838	1
10.781639344262294	829	1
10.847158469945356	6647	1
10.862732240437158	8267	1
10.868360655737705	2072	1
10.959071038251366	381	1
10.970054644808744	213	1
10.974207650273225	9878	1
10.996994535519125	6092	1
11.013934426229508	5450	1
11.032841530054645	3965	1
11.039344262295083	4412	1
11.040054644808743	9270	1
11.060983606557375	5435	1
11.110819672131148	5760	1
11.115901639344262	5440	1
11.201475409836066	5603	1
11.230655737704918	248	1
11.251530054644808	8205	1
11.259672131147541	3615	1
11.280491803278688	4843	1
11.337377049180327	8570	1
11.339562841530054	4389	1
11.342185792349726	847	1
11.494480874316938	1426	1
11.503661202185793	4776	1
11.504535519125684	914	1
11.516502732240436	8014	1
11.618579234972676	5195	1
11.623442622950819	9462	1
11.686010928961748	5104	1
11.718415300546448	3665	1
11.720874316939891	3786	1
11.742185792349726	327	1
11.750491803278688	4153	1
11.761748633879781	83	1
11.77344262295082	6582	1
11.784480874316941	5514	1
11.796939890710382	6283	1
11.797213114754099	511	1
11.808688524590165	4287	1
11.830874316939891	3232	1
11.849890710382514	1268	1
11.930983606557378	9918	1
11.934535519125683	8210	1
11.93693989071038	9628	1
11.972295081967212	8009	1
11.986612021857923	9629	1
11.986994535519125	6109	1
12.010491803278688	7580	1
12.029180327868852	2564	1
12.043387978142077	3381	1
12.065737704918034	657	1
12.07841530054645	6320	1
12.0827868852459	8108	1
12.092349726775955	4112	1
12.128633879781422	930	1
12.169453551912568	1804	1
12.19224043715847	6889	1
12.228743169398905	5842	1
12.255191256830601	2720	1
12.290054644808743	4449	1
12.328579234972677	7906	1
12.330601092896176	5226	1
12.351420765027322	7521	1
12.356229508196721	5553	1
12.36032786885246	4181	1
12.428469945355191	2542	1
12.42967213114754	7348	1
12.434207650273224	3035	1
12.466393442622952	5024	1
12.521639344262296	7286	1
12.529617486338799	1635	1
12.537868852459017	7058	1
12.549726775956284	7602	1
12.557868852459015	6458	1
12.573224043715848	386	1
12.605409836065572	5765	1
12.629562841530054	2216	1
12.635737704918032	1659	1
12.652677595628415	5056	1
12.728469945355192	9209	1
12.764918032786886	5501	1
12.793715846994536	1063	1
12.798633879781422	6857	1
12.823551912568307	7514	1
12.82551912568306	1262	1
12.828579234972677	1870	1
12.834699453551913	5659	1
12.860546448087433	9780	1
12.874699453551912	6039	1
12.889344262295083	1903	1
12.921639344262296	3710	1
12.973497267759562	1916	1
12.989453551912568	9112	1
12.991639344262294	4450	1
13.025300546448088	137	1
13.039453551912569	169	1
13.051366120218578	2489	1
13.051857923497268	6350	1
13.057158469945355	5322	1
13.08136612021858	7725	1
13.099016393442623	3086	1
13.113879781420765	1610	1
13.135737704918034	5704	1
13.156830601092897	1108	1
13.195956284153004	8276	1
13.20120218579235	6326	1
13.203005464480874	9379	1
13.239234972677595	1890	1
13.25672131147541	8722	1
13.262896174863387	8062	1
13.286393442622952	7462	1
13.290819672131146	3081	1
13.30912568306011	7728	1
13.314371584699453	5128	1
13.348032786885247	2336	1
13.36311475409836	4501	1
13.368032786885244	1430	1
13.394535519125682	2174	1
13.402677595628415	9501	1
13.406448087431695	7970	1
13.411530054644809	8490	1
13.426174863387978	2058	1
13.430273224043715	5311	1
13.472459016393442	6841	1
13.518251366120218	332	1
13.524262295081968	411	1
13.527267759562841	667	1
13.553989071038252	283	1
13.55912568306011	2918	1
13.571639344262294	7181	1
13.583224043715846	3184	1
13.612786885245901	7076	1
13.624699453551912	7583	1
13.645300546448087	9427	1
13.656666666666666	1351	1
13.682349726775957	2913	1
13.691857923497269	5080	1
13.77743169398907	5567	1
13.814316939890709	4035	1
13.83606557377049	7700	1
13.84879781420765	9936	1
13.92448087431694	8907	1
14.040928961748634	1355	1
14.043879781420765	9397	1
14.088087431693989	2424	1
14.101366120218579	5958	1
14.105300546448088	6429	1
14.146229508196722	5886	1
14.164262295081967	9639	1
14.191092896174862	6651	1
14.192131147540984	6093	1
14.213224043715847	1967	1
14.279125683060109	7951	1
14.29688524590164	3068	1
14.309890710382515	7384	1
14.328087431693989	8558	1
14.342950819672131	7874	1
14.408743169398907	7777	1
14.45256830601093	4963	1
14.452841530054643	2308	1
14.478852459016393	7549	1
14.479234972677595	2904	1
14.481256830601092	7104	1
14.487814207650272	5766	1
14.488360655737706	8053	1
14.510983606557378	1611	1
14.536120218579235	5234	1
14.556994535519125	588	1
14.562677595628415	4012	1
14.573551912568307	3312	1
14.58103825136612	8486	1
14.58672131147541	9843	1
14.60655737704918	9438	1
14.608251366120218	6992	1
14.608360655737705	9164	1
14.627595628415301	3555	1
14.638907103825137	8487	1
14.662622950819673	762	1
14.663606557377049	905	1
14.667868852459016	1439	1
14.715519125683059	9957	1
14.766994535519125	5592	1
14.771147540983605	5056	0
14.776612021857924	3000	1
14.789453551912569	2572	1
14.789726775956284	7453	1
14.798524590163934	2897	1
14.809562841530054	9157	1
14.828524590163934	9091	1
14.884043715846994	6299	1
14.917049180327869	5559	1
15.024316939890712	605	1
15.030054644808743	1119	1
15.066120218579234	9403	1
15.150437158469947	1622	1
15.189071038251367	3578	1
15.189781420765028	9714	1
15.204699453551912	9890	1
15.259016393442623	8384	1
15.260928961748634	7497	1
15.2772131147541	56	1
15.308087431693988	390	1
15.35743169398907	691	1
15.376994535519124	3576	1
15.380601092896175	2948	1
15.406174863387978	8961	1
15.446612021857922	6713	1
15.456338797814208	8996	1
15.482841530054644	4024	1
15.486065573770492	7401	1
15.51	5647	1
15.520491803278688	3438	1
15.54071038251366	6362	1
15.543333333333333	2116	1
15.547377049180328	4451	1
15.549398907103825	9764	1
15.605792349726777	4285	1
15.634535519125683	395	1
15.64863387978142	8042	1
15.671256830601093	4497	1
15.720819672131146	953	1
15.744480874316938	6894	1
15.750710382513661	9864	1
15.762841530054645	2381	1
15.764262295081966	5229	1
15.764754098360656	3219	1
15.776939890710382	7011	1
15.798907103825137	9866	1
15.800109289617486	4978	1
15.806284153005464	1145	1
15.83606557377049	2866	1
15.839453551912568	4646	1
15.842622950819672	8133	1
15.870819672131146	9599	1
15.905300546448087	6779	1
15.931967213114755	2079	1
15.954699453551912	8087	1
15.961584699453553	9760	1
15.971639344262295	6313	1
16.031803278688525	3362	1
16.08295081967213	1740	1
16.083551912568307	5156	1
16.101967213114754	6258	1
16.11535519125683	5370	1
16.13366120218579	9934	1
16.142513661202184	1655	1
16.14551912568306	8894	1
16.152295081967214	8761	1
16.154043715846992	8202	1
16.155027322404372	3005	1
16.183005464480875	398	1
16.18639344262295	911	1
16.193661202185794	5655	1
16.20535519125683	848	1
16.253715846994535	6965	1
16.27327868852459	7642	1
16.292021857923498	7244	1
16.320054644808742	3419	1
16.38377049180328	4738	1
16.39191256830601	6950	1
16.415956284153005	7672	1
16.416284153005464	3479	1
16.444918032786887	3813	1
16.46065573770492	6238	1
16.553715846994535	2001	1
16.632732240437157	8685	1
16.640109289617484	4540	1
16.649617486338798	5635	1
16.666010928961747	4820	1
16.67814207650273	3655	1
16.696284153005465	8861	1
16.697704918032787	9170	1
16.712459016393442	2816	1
16.742295081967214	902	1
16.743551912568307	7682	1
16.761639344262296	9867	1
16.77825136612022	7789	1
16.813497267759562	6751	1
16.876010928961747	8292	1
16.9	6203	1
16.902786885245902	8085	1
16.94087431693989	600	1
16.985245901639345	7694	1
17.119672131147542	3237	1
17.134918032786885	5499	1
17.24224043715847	7215	1
17.247267759562842	3429	1
17.2572131147541	4525	1
17.27830601092896	8784	1
17.294863387978143	5901	1
17.301311475409836	9914	1
17.386557377049183	1181	1
17.406284153005465	6298	1
17.432295081967215	2818	1
17.492622950819673	5302	1
17.507704918032786	6590	1
17.525956284153004	7819	1
17.53191256830601	5102	1
17.55950819672131	6438	1
17.561092896174863	4113	1
17.565136612021856	4720	1
17.56934426229508	6029	1
17.579234972677593	1854	1
17.596885245901642	678	1
17.62950819672131	3864	1
17.745792349726774	6885	1
17.810054644808744	7747	1
17.810218579234974	2389	1
17.819180327868853	2130	1
17.827158469945353	9139	1
17.841967213114753	9853	1
17.851311475409837	6990	1
17.873606557377048	5743	1
17.886721311475412	2243	1
17.920273224043715	6663	1
17.92136612021858	4306	1
17.954262295081964	6112	1
17.959781420765026	6907	1
17.97360655737705	5196	1
18.03950819672131	2309	1
18.039726775956282	6598	1
18.07398907103825	5671	1
18.12169398907104	2796	1
18.143005464480876	9080	1
18.20071038251366	4105	1
18.205956284153007	8481	1
18.27382513661202	4148	1
18.339289617486337	8028	1
18.357158469945354	6281	1
18.441857923497267	7880	1
18.45409836065574	8455	1
18.483497267759564	9827	1
18.487377049180328	8394	1
18.54338797814208	5681	1
18.59994535519126	4522	1
18.600273224043715	5846	1
18.61945355191257	6483	1
18.62502732240437	1573	1
18.681256830601093	8510	1
18.696666666666665	5426	1
18.697158469945354	4656	1
18.725300546448086	7479	1
18.78180327868852	6682	1
18.83306010928962	5699	1
18.835464480874315	410	1
18.894590163934424	7796	1
18.934426229508198	1417	1
18.985628415300546	9006	1
18.993442622950816	6513	1
19.01360655737705	4467	1
19.014043715846995	4710	1
19.027486338797814	7633	1
19.04174863387978	3321	1
19.053661202185793	1334	1
19.129071038251368	5287	1
19.13120218579235	1126	1
19.160983606557377	4766	1
19.22153005464481	5828	1
19.290109289617487	5895	1
19.29830601092896	6658	1
19.30928961748634	6645	1
19.30950819672131	6241	1
19.33295081967213	5746	1
19.339836065573767	6864	1
19.354153005464482	8531	1
19.37049180327869	1410	1
19.403005464480874	9508	1
19.41928961748634	3701	1
19.47338797814208	8924	1
19.480054644808742	6211	1
19.481256830601094	6724	1
19.48311475409836	69	1
19.48879781420765	9331	1
19.531311475409833	9638	1
19.537650273224042	2896	1
19.5924043715847	1486	1
19.597322404371585	9975	1
19.59825136612022	5869	1
19.632131147540985	4027	1
19.672513661202185	9394	1
19.676939890710383	7405	1
19.696010928961748	5133	1
19.74103825136612	9836	1
19.74360655737705	8427	1
19.771202185792347	7031	1
19.79786885245902	7805	1
19.80704918032787	4503	1
19.81087431693989	5422	1
19.81153005464481	7299	1
19.859726775956286	1303	1
19.910054644808742	6575	1
19.91131147540984	9313	1
19.928688524590164	8966	1
19.933606557377047	6286	1
19.951147540983605	473	1
20.04639344262295	7064	1
20.070928961748635	116	1
20.0727868852459	836	1
20.1551912568306	255	1
20.209672131147542	9512	1
20.225191256830602	7964	1
20.228743169398907	4398	1
20.230765027322406	5632	1
20.231366120218578	2387	1
20.246830601092896	7936	1
20.324316939890707	9524	1
20.340601092896176	1620	1
20.362185792349727	2145	1
20.396612021857923	9889	1
20.41863387978142	7169	1
20.432896174863387	5844	1
20.43792349726776	8072	1
20.44469945355191	3603	1
20.461038251366123	978	1
20.46655737704918	2375	1
20.47289617486339	6556	1
20.54967213114754	4421	1
20.569453551912567	1701	1
20.59327868852459	3203	1
20.599726775956285	1937	1
20.618688524590162	7795	1
20.65622950819672	7519	1
20.664590163934427	5833	1
20.664590163934427	1443	1
20.666612021857922	2553	1
20.703224043715846	4025	1
20.703661202185796	227	1
20.710655737704915	4313	1
20.738142076502733	7240	1
20.75655737704918	5839	1
20.760054644808744	3658	1
20.768524590163935	6001	1
20.772513661202183	4212	1
20.804207650273224	5169	1
20.82464480874317	3563	1
20.86021857923497	4510	1
20.863879781420763	8513	1
20.917322404371582	1124	1
20.924699453551913	7528	1
20.932349726775954	2084	1
20.93311475409836	444	1
20.939508196721313	1784	1
20.94120218579235	3992	1
20.979071038251366	4417	1
21.047377049180326	2657	1
21.065409836065573	8432	1
21.0720218579235	3245	1
21.08136612021858	7306	1
21.08568306010929	4643	1
21.09109289617486	3931	1
21.14174863387978	9132	1
21.157158469945355	3234	1
21.188907103825137	7123	1
21.201803278688526	9829	1
21.205191256830602	8443	1
21.231693989071037	7398	1
21.29229508196721	2776	1
21.35327868852459	3499	1
21.374480874316937	1320	1
21.384644808743168	2249	1
21.44743169398907	5244	1
21.448633879781422	3502	1
21.49535519125683	6168	1
21.516010928961748	2812	1
21.518032786885247	6960	1
21.5375956284153	9231	1
21.543169398907104	1636	1
21.565628415300548	4436	1
21.568907103825136	7972	1
21.587868852459017	4737	1
21.60934426229508	2112	1
21.620655737704915	4075	1
21.620874316939894	2065	1
21.629562841530056	4391	1
21.64639344262295	1222	1
21.721475409836067	8777	1
21.72366120218579	7563	1
21.735573770491804	2210	1
21.737923497267758	4911	1
21.748579234972677	9293	1
21.751803278688527	6117	1
21.795956284153007	1311	1
21.81535519125683	8851	1
21.823715846994535	4413	1
21.82655737704918	8050	1
21.861092896174863	4708	1
21.88311475409836	7450	1
21.952732240437157	4683	1
21.960109289617485	2312	1
21.965683060109292	7410	1
22.017158469945354	8701	1
22.018415300546447	631	1
22.02431693989071	8585	1
22.057978142076504	2214	1
22.06622950819672	1482	1
22.070437158469943	5455	1
22.073278688524592	44	1
22.111256830601093	7198	1
22.115956284153004	3535	1
22.143169398907105	9362	1
22.1596174863388	2301	1
22.195245901639346	3302	1
22.257868852459016	8789	1
22.299890710382513	4934	1
22.301803278688524	6253	1
22.38377049180328	2005	1
22.388688524590165	6743	1
22.389180327868853	2067	1
22.41049180327869	8500	1
22.43174863387978	3340	1
22.432513661202183	4307	1
22.44349726775956	6133	1
22.447540983606554	3803	1
22.44863387978142	9773	1
22.477814207650272	5673	1
22.50726775956284	894	1
22.522677595628416	1002	1
22.538524590163934	7419	1
22.546448087431692	6524	1
22.549672131147542	7920	1
22.56584699453552	4076	1
22.575737704918033	2609	1
22.58650273224044	7662	1
22.629016393442623	8251	1
22.662076502732237	3940	1
22.686502732240438	8822	1
22.75	1572	1
22.77311475409836	4293	1
22.773551912568305	7826	1
22.817486338797814	1217	1
22.853387978142077	6075	1
22.8603825136612	212	1
22.912076502732237	8467	1
22.920819672131145	4054	1
22.928961748633878	1107	1
22.9331693989071	2226	1
22.958469945355194	9552	1
23.11174863387978	4087	1
23.202185792349724	1728	1
23.320655737704918	8145	1
23.334972677595626	6307	1
23.349781420765026	4026	1
23.35459016393443	9342	1
23.376065573770493	7260	1
23.378852459016393	5762	1
23.430273224043717	6696	1
23.44945355191257	8963	1
23.488852459016393	5896	1
23.528415300546445	9398	1
23.571912568306008	6854	1
23.585081967213117	7974	1
23.604754098360655	7907	1
23.620054644808743	7212	1
23.637049180327868	8581	1
23.650163934426228	3238	1
23.65945355191257	4928	1
23.68469945355191	2638	1
23.68639344262295	1180	1
23.686448087431696	9928	1
23.704918032786885	7579	1
23.708743169398907	4758	1
23.730765027322406	4748	1
23.736994535519123	3838	1
23.74415300546448	7145	1
23.753005464480875	9520	1
23.763879781420766	4382	1
23.810273224043716	2618	1
23.84360655737705	6715	1
23.866994535519126	8794	1
23.870437158469944	1609	1
23.90344262295082	3516	1
23.909016393442624	940	1
23.92054644808743	4232	1
23.934754098360656	8803	1
23.941584699453553	4106	1
23.952896174863387	5026	1
23.957978142076502	5782	1
23.963387978142077	9064	1
23.974316939890713	8901	1
23.980765027322406	5597	1
23.99530054644809	9606	1
24.002786885245904	4628	1
24.0151912568306	5995	1
24.017486338797813	9908	1
24.018961748633878	3946	1
24.03360655737705	5079	1
24.06306010928962	1761	1
24.09448087431694	9323	1
24.10234972677596	8731	1
24.174426229508196	4648	1
24.204699453551914	7667	1
24.205027322404373	7111	1
24.21688524590164	301	1
24.22049180327869	9265	1
24.232295081967212	787	1
24.234644808743166	5176	1
24.24191256830601	295	1
24.260382513661202	3469	1
24.27338797814208	3671	1
24.282677595628414	6360	1
24.306284153005464	1215	1
24.423224043715845	2960	1
24.47174863387978	7536	1
24.476885245901638	6455	1
24.567814207650272	5030	1
24.581092896174862	1875	1
24.61158469945355	3664	1
24.62360655737705	1386	1
24.74415300546448	3888	1
24.749016393442623	6750	1
24.79229508196721	2859	1
24.8151912568306	5280	1
24.952021857923498	8965	1
24.964754098360654	7654	1
24.968743169398905	6519	1
24.98327868852459	3076	1
24.99071038251366	8140	1
24.994426229508196	4488	1
25.04469945355191	6830	1
25.06601092896175	4539	1
25.06622950819672	26	1
25.068360655737706	9648	1
25.20382513661202	1404	1
25.20617486338798	3059	1
25.217540983606554	469	1
25.230054644808742	984	1
25.24814207650273	5664	1
25.261912568306013	3514	1
25.26262295081967	1281	1
25.278360655737703	225	1
25.29775956284153	1330	1
25.303224043715847	3895	1
25.327158469945356	4775	1
25.351475409836066	5238	1
25.3524043715847	1965	1
25.38191256830601	3907	1
25.395464480874317	6042	1
25.40142076502732	5411	1
25.423989071038253	4550	1
25.457049180327868	7197	1
25.467923497267762	6529	1
25.471475409836067	4840	1
25.52825136612022	7574	1
25.542021857923498	5878	1
25.542568306010928	2962	1
25.54693989071038	840	1
25.562459016393444	688	1
25.584043715846995	9275	1
25.600327868852457	7174	1
25.60120218579235	8438	1
25.60726775956284	1365	1
25.62814207650273	4562	1
25.6475956284153	8640	1
25.651857923497268	3551	1
25.656721311475412	1680	1
25.668306010928962	8286	1
25.681584699453552	1069	1
25.720491803278687	5411	0
25.766120218579236	7609	1
25.83967213114754	6923	1
25.843879781420764	1095	1
25.84688524590164	2	1
25.854098360655737	1110	1
25.85830601092896	4074	1
25.863060109289616	5412	1
25.86830601092896	2840	1
25.873060109289618	4605	1
25.874590163934425	8364	1
25.878688524590164	4180	1
25.898743169398905	9380	1
25.906502732240433	4681	1
25.90792349726776	5300	1
25.922786885245902	1789	1
25.930109289617484	4880	1
25.946338797814207	5406	1
25.97103825136612	8619	1
25.976666666666667	2025	1
25.977213114754097	2420	1
25.988524590163934	2532	1
25.99398907103825	5716	1
25.9951912568306	8016	1
26.00256830601093	7581	1
26.00606557377049	3148	1
26.013169398907106	1148	1
26.03672131147541	8353	1
26.056502732240435	3539	1
26.074371584699453	9618	1
26.079890710382514	1592	1
26.08978142076503	6869	1
26.104207650273224	3392	1
26.117049180327868	2207	1
26.137049180327868	9358	1
26.16650273224044	9193	1
26.166612021857922	9256	1
26.17016393442623	6850	1
26.179071038251365	6661	1
26.19071038251366	803	1
26.19710382513661	6198	1
26.199562841530053	6162	1
26.214808743169396	5522	1
26.216775956284152	4394	1
26.22879781420765	8869	1
26.23142076502732	1687	1
26.285081967213113	8727	1
26.28775956284153	405	1
26.302021857923496	9049	1
26.34185792349727	1372	1
26.351967213114754	1294	1
26.407486338797813	990	1
26.420765027322403	5879	1
26.42644808743169	6062	1
26.442459016393443	9120	1
26.44879781420765	997	1
26.50398907103825	6358	1
26.50743169398907	8325	1
26.51808743169399	3755	1
26.556338797814206	9247	1
26.572131147540983	9041	1
26.591967213114753	2115	1
26.593661202185793	1631	1
26.596448087431693	4154	1
26.609016393442623	8599	1
26.61224043715847	9896	1
26.614207650273222	6131	1
26.62841530054645	9146	1
26.644207650273223	8131	1
26.66136612021858	2704	1
26.67049180327869	2768	1
26.691311475409837	7806	1
26.693661202185794	7015	1
26.723551912568304	4108	1
26.736994535519123	8680	1
26.744918032786885	5418	1
26.749234972677595	3879	1
26.77191256830601	1541	1
26.779890710382514	7668	1
26.78087431693989	8818	1
26.79098360655738	3874	1
26.79562841530055	7919	1
26.811803278688526	2343	1
26.814808743169397	9809	1
26.81825136612022	61	1
26.820546448087434	6060	1
26.82174863387978	3119	1
26.82633879781421	5304	1
26.83464480874317	4262	1
26.835956284153006	4666	1
26.845081967213112	1830	1
26.853715846994536	7971	1
26.864043715846996	1055	1
26.875792349726776	7887	1
26.882677595628415	8978	1
26.89879781420765	7996	1
26.90928961748634	6485	1
26.935737704918033	6177	1
26.937486338797815	9383	1
26.941584699453553	7409	1
26.96191256830601	9335	1
26.969016393442622	9478	1
26.99158469945355	6000	1
27.00071038251366	108	1
27.009398907103822	6492	1
27.010765027322403	6849	1
27.04185792349727	6887	1
27.04808743169399	8359	1
27.057704918032787	8212	1
27.06071038251366	7269	1
27.074371584699456	5867	1
27.075136612021858	6773	1
27.097377049180327	3141	1
27.14912568306011	6605	1
27.159890710382513	8732	1
27.165792349726775	9213	1
27.16846994535519	9808	1
27.173224043715848	8928	1
27.175901639344264	103	1
27.204918032786885	7939	1
27.207595628415298	4014	1
27.22568306010929	4962	1
27.23704918032787	8129	1
27.255300546448087	8088	1
27.270655737704917	5131	1
27.318415300546448	314	1
27.323934426229506	1340	1
27.326994535519127	2510	1
27.332896174863386	7711	1
27.336612021857924	1913	1
27.3424043715847	2244	1
27.38863387978142	5950	1
27.39049180327869	3491	1
27.472459016393444	9788	1
27.48967213114754	569	1
27.508743169398905	6776	1
27.519071038251365	3921	1
27.523879781420767	1555	1
27.5324043715847	4894	1
27.541311475409834	9026	1
27.585464480874318	9319	1
27.58754098360656	5259	1
27.605901639344264	9399	1
27.63530054644809	3669	1
27.637650273224043	267	1
27.638524590163932	5187	1
27.63978142076503	6874	1
27.660437158469946	3291	1
27.66169398907104	9105	1
27.673661202185794	4496	1
27.681967213114756	3611	1
27.694699453551912	7944	1
27.696666666666665	971	1
27.702513661202186	7717	1
27.70617486338798	6791	1
27.717322404371586	6961	1
27.73639344262295	5868	1
27.740000000000002	6145	1
27.75535519125683	5847	1
27.7648087431694	1191	1
27.7651912568306	8852	1
27.777431693989072	3824	1
27.778688524590162	7607	1
27.799726775956284	3347	1
27.802404371584696	1405	1
27.825901639344263	3748	1
27.82808743169399	6926	1
27.830546448087432	7926	1
27.844754098360653	7820	1
27.847322404371585	384	1
27.860874316939892	4727	1
27.872021857923496	6293	1
27.874043715846994	9063	1
27.8755737704918	1150	1
27.892076502732237	2155	1
27.894371584699453	2556	1
27.896284153005464	7727	1
27.906939890710383	1258	1
27.919617486338794	3207	1
27.95344262295082	2979	1
27.959234972677596	2352	1
27.960109289617485	8084	1
27.991857923497268	5722	1
27.994590163934426	8334	1
28.023333333333333	2711	1
28.027049180327868	7841	1
28.030054644808743	6873	1
28.034863387978138	4248	1
28.043879781420763	8533	1
28.073879781420764	7876	1
28.088633879781423	8403	1
28.089016393442623	5549	1
28.096830601092897	9561	1
28.099945355191256	3916	1
28.101530054644808	4348	1
28.104262295081966	5633	1
28.11311475409836	5614	1
28.12295081967213	8849	1
28.13710382513661	5211	1
28.13868852459016	4893	1
28.141475409836065	1846	1
28.17087431693989	8658	1
28.20830601092896	4111	1
28.272841530054645	4617	1
28.276448087431692	1723	1
28.28781420765027	5250	1
28.28950819672131	3287	1
28.30573770491803	503	1
28.311092896174863	9297	1
28.329672131147543	2710	1
28.342240437158466	4214	1
28.34229508196721	3679	1
28.36245901639344	8567	1
28.372076502732238	8381	1
28.389890710382513	685	1
28.394754098360654	5757	1
28.395573770491804	1987	1
28.40644808743169	4072	1
28.415737704918033	9585	1
28.430819672131147	5658	1
28.433060109289617	2775	1
28.437540983606556	2514	1
28.443989071038253	9653	1
28.451092896174863	5866	1
28.470765027322404	3145	1
28.475464480874315	6304	1
28.50994535519126	8862	1
28.515245901639343	8613	1
28.51551912568306	3104	1
28.5227868852459	1461	1
28.53169398907104	7334	1
28.53781420765027	230	1
28.552459016393442	55	1
28.553060109289618	5304	0
28.567486338797814	8402	1
28.573934426229506	6386	1
28.578907103825138	8491	1
28.59393442622951	2963	1
28.6055737704918	4591	1
28.61382513661202	8157	1
28.62224043715847	9251	1
28.63136612021858	9402	1
28.63224043715847	9797	1
28.63584699453552	2348	1
28.637377049180326	7737	1
28.639508196721312	401	1
28.643114754098363	8321	1
28.673387978142078	3974	1
28.67360655737705	6335	1
28.676612021857924	8733	1
28.701256830601093	6406	1
28.72437158469945	7234	1
28.737486338797815	3570	1
28.756830601092894	6388	1
28.76382513661202	322	1
28.775792349726775	394	1
28.780819672131145	731	1
28.801803278688524	728	1
28.808688524590163	1898	1
28.808907103825135	3990	1
28.817595628415297	1137	1
28.86693989071038	7968	1
28.878579234972676	3927	1
28.88174863387978	7762	1
28.88606557377049	7087	1
28.893989071038252	3116	1
28.895245901639345	4718	1
28.915737704918033	989	1
28.924863387978142	6592	1
28.926338797814207	799	1
28.942622950819672	1525	1
28.9572131147541	6729	1
28.957650273224044	2976	1
28.95934426229508	2107	1
28.973825136612025	702	1
28.976885245901638	1469	1
28.977868852459014	1291	1
28.98846994535519	4368	1
28.995355191256827	4114	1
29.003387978142076	5239	1
29.003715846994535	204	1
29.01535519125683	8561	1
29.017978142076505	4443	1
29.023005464480875	5070	1
29.024972677595628	5204	1
29.040546448087433	6646	1
29.045027322404373	3620	1
29.050437158469947	4535	1
29.067158469945355	3958	1
29.067978142076505	8564	1
29.07262295081967	8299	1
29.099398907103822	2650	1
29.10054644808743	6809	1
29.111639344262294	5837	1
29.11879781420765	3432	1
29.143551912568302	4209	1
29.151311475409837	7568	1
29.168907103825134	8332	1
29.182732240437158	471	1
29.186830601092893	8759	1
29.196174863387977	4750	1
29.198415300546447	6745	1
29.211311475409836	5657	1
29.211967213114754	895	1
29.226338797814208	1512	1
29.226502732240434	4871	1
29.237540983606557	7034	1
29.246994535519125	535	1
29.269398907103824	8768	1
29.2727868852459	483	1
29.282841530054643	2728	1
29.30551912568306	3845	1
29.359453551912566	3904	1
29.360928961748634	5488	1
29.37792349726776	6436	1
29.407486338797813	2384	1
29.42087431693989	3355	1
29.441256830601095	5349	1
29.448032786885243	3716	1
29.458524590163936	3872	1
29.48349726775956	9850	1
29.49327868852459	5497	1
29.504754098360653	3284	1
29.516338797814207	2476	1
29.52513661202186	138	1
29.52967213114754	8061	1
29.537540983606558	6481	1
29.546338797814208	7545	1
29.5503825136612	1029	1
29.580983606557375	7205	1
29.585409836065576	5357	1
29.602459016393443	5827	1
29.610655737704917	9576	1
29.628360655737705	1161	1
29.638360655737703	8857	1
29.642841530054646	8870	1
29.64295081967213	5378	1
29.650928961748633	1828	1
29.66431693989071	7439	1
29.677213114754096	8962	1
29.700819672131146	5861	1
29.731475409836065	8526	1
29.738688524590163	2230	1
29.747868852459014	470	1
29.754699453551915	5390	1
29.75704918032787	8146	1
29.77617486338798	5784	1
29.783005464480873	7431	1
29.801311475409836	6392	1
29.80486338797814	491	1
29.805081967213116	2829	1
29.80704918032787	3187	1
29.812459016393444	4600	1
29.814699453551913	9732	1
29.827213114754098	3185	1
29.84928961748634	4842	1
29.867868852459015	6091	1
29.878688524590164	2091	1
29.897704918032787	8106	1
29.906939890710383	5649	1
29.914918032786886	8985	1
29.921912568306013	9945	1
29.942240437158468	5037	1
29.966830601092894	5023	1
29.96743169398907	7394	1
29.972622950819673	2802	1
30.042950819672132	1484	1
30.05989071038251	1803	1
30.064590163934426	2478	1
30.06808743169399	1260	1
30.080710382513658	5557	1
30.09295081967213	102	1
30.100983606557378	9421	1
30.101311475409837	6585	1
30.10289617486339	8739	1
30.109781420765028	701	1
30.1224043715847	5555	1
30.128251366120217	529	1
30.13224043715847	2323	1
30.147158469945353	3848	1
30.164918032786886	3636	1
30.17606557377049	7437	1
30.231803278688524	6831	1
30.23639344262295	4208	1
30.24295081967213	3652	1
30.250437158469943	2676	1
30.25688524590164	9497	1
30.25704918032787	4441	1
30.261311475409837	5566	1
30.27344262295082	1551	1
30.27918032786885	2109	1
30.283060109289618	6635	1
30.294043715846993	3412	1
30.295956284153004	8990	1
30.302841530054646	4010	1
30.330491803278687	7397	1
30.335191256830598	2194	1
30.33601092896175	4641	1
30.3424043715847	1450	1
30.343224043715846	4996	1
30.365355191256832	8226	1
30.37158469945355	543	1
30.37704918032787	8149	1
30.39672131147541	5429	1
30.400327868852457	5088	1
30.41087431693989	1087	1
30.41863387978142	9798	1
30.442459016393443	5408	1
30.456448087431696	6882	1
30.45672131147541	4703	1
30.45677595628415	2530	1
30.465245901639342	6190	1
30.5051912568306	1891	1
30.521639344262294	6601	1
30.52464480874317	3828	1
30.527868852459015	9604	1
30.536065573770493	0	1
