0.03747262295081968	5334	1
0.06442131147540983	6214	1
0.06797103825136612	2266	1
0.194827868852459	9788	1
0.30893551912568307	939	1
0.39305573770491803	6064	1
0.4517606557377049	3954	1
0.5370125683060109	3766	1
0.5486666666666666	2165	1
0.5554207650273224	3887	1
0.6071967213114754	5601	1
0.7051475409836065	1890	1
0.708032786885246	9809	1
0.7132896174863388	8867	1
0.8371038251366121	3736	1
0.8780874316939891	1344	1
0.8789617486338798	5124	1
0.9525846994535518	7055	1
1.1628907103825137	9610	1
1.1823715846994536	9705	1
1.2013879781420767	7345	1
1.2075737704918033	9461	1
1.2167650273224044	1517	1
1.2793879781420765	3504	1
1.2857049180327869	8368	1
1.2999180327868853	2214	1
1.319551912568306	4466	1
1.3420218579234973	8201	1
1.374464480874317	1620	1
1.4776502732240437	872	1
1.4884699453551913	4715	1
1.5998907103825135	5336	1
1.6857213114754097	9868	1
1.8436775956284153	8815	1
1.9035628415300545	7653	1
1.9114535519125684	1531	1
1.9459180327868852	6656	1
1.986153005464481	4358	1
2.026617486338798	8817	1
2.0395081967213113	3875	1
2.0522513661202186	4454	1
2.0625846994535517	72	1
2.1068306010928963	6071	1
2.2019726775956285	3152	1
2.2173387978142074	5849	1
2.2603387978142075	1244	1
2.3305573770491805	8580	1
2.378535519125683	6121	1
2.394464480874317	1240	1
2.485289617486339	1559	1
2.4922841530054645	8247	1
2.619377049180328	1368	1
2.6204863387978143	8990	1
2.755021857923497	1160	1
2.778540983606557	4195	1
2.913453551912568	686	1
2.9376174863387976	9992	1
2.950174863387978	8425	1
3.010087431693989	9357	1
3.012934426229508	6873	1
3.0574644808743168	2111	1
3.064306010928962	8271	1
3.079459016393443	9935	1
3.092912568306011	7305	1
3.0977158469945354	9915	1
3.1203770491803278	909	1
3.122196721311475	1801	1
3.203704918032787	3649	1
3.2702568306010926	8625	1
3.3120491803278687	8078	1
3.3542131147540983	6800	1
3.4128524590163933	6718	1
3.417043715846994	5507	1
3.4333060109289617	7630	1
3.5497540983606557	9913	1
3.569535519125683	121	1
3.624207650273224	1257	1
3.6285300546448087	2425	1
3.6375737704918034	3337	1
3.7139945355191255	4786	1
3.7268797814207653	6922	1
3.888349726775956	1915	1
3.9716284153005463	4094	1
4.114027322404372	9474	1
4.136584699453552	453	1
4.156289617486339	9475	1
4.167743169398907	5630	1
4.229158469945355	3443	1
4.23087431693989	4028	1
4.251956284153006	2824	1
4.299737704918033	2820	1
4.306879781420766	9769	1
4.4040983606557385	1416	1
4.427978142076502	7198	1
4.487382513661202	7940	1
4.522863387978142	7835	1
4.557442622950819	5102	1
4.6146174863387985	9977	1
4.665650273224044	8049	1
4.67544262295082	6335	1
4.708934426229508	5390	1
4.746420765027322	5995	1
4.848710382513661	3204	1
4.879918032786885	6197	1
4.894830601092896	5923	1
4.896628415300546	5629	1
4.919338797814208	3144	1
4.933530054644808	6265	1
4.953054644808743	7049	1
4.975672131147541	1253	1
5.010579234972678	2767	1
5.103557377049181	4354	1
5.15535519125683	9822	1
5.164508196721312	8722	1
5.2804699453551915	4061	1
5.299923497267759	5827	1
5.329327868852459	9285	1
5.343841530054645	3732	1
5.391316939890711	4382	1
5.399185792349727	2455	1
5.4731147540983605	7096	1
5.516120218579235	6312	1
5.547486338797814	2369	1
5.725464480874317	7627	1
5.821311475409836	4445	1
5.868196721311475	56	1
5.999289617486339	3621	1
6.010273224043716	4269	1
6.025409836065574	8121	1
6.051693989071039	9619	1
6.085628415300546	9599	1
6.143278688524591	2281	1
6.162021857923497	7351	1
6.21912568306011	4848	1
6.2228415300546445	4838	1
6.2871038251366125	4178	1
6.336448087431694	2483	1
6.340601092896175	8913	1
6.3580327868852455	3937	1
6.417704918032787	2463	1
6.433551912568306	5337	1
6.44016393442623	1884	1
6.446120218579235	5324	1
6.446666666666666	5970	1
6.493005464480874	7423	1
6.519890710382514	1449	1
6.530163934426229	3379	1
6.661366120218579	2883	1
6.786502732240437	8316	1
6.799672131147541	6778	1
6.882568306010929	5006	1
6.8848087431693985	4191	1
6.89327868852459	3902	1
6.9148633879781425	338	1
7.004972677595628	3826	1
7.021147540983606	2200	1
7.182841530054644	8486	1
7.185792349726776	154	1
7.354972677595629	8511	1
7.369180327868852	7654	1
7.385956284153005	641	1
7.38983606557377	9635	1
7.493715846994536	6713	1
7.498907103825137	9218	1
7.5167213114754095	6914	1
7.673114754098361	9620	1
7.704262295081967	4631	1
7.745628415300546	8245	1
7.789781420765028	9108	1
7.854426229508197	4257	1
7.929562841530055	8807	1
7.95103825136612	583	1
7.978142076502732	7044	1
7.992732240437158	6190	1
8.03398907103825	622	1
8.13377049180328	5732	1
8.153989071038252	2846	1
8.162349726775956	3336	1
8.164426229508196	9004	1
8.179344262295082	8065	1
8.191420765027322	8428	1
8.254754098360655	6951	1
8.259234972677595	2686	1
8.273770491803278	3140	1
8.350928961748634	221	1
8.378032786885246	9164	1
8.428688524590164	6137	1
8.438469945355191	3484	1
8.47136612021858	8345	1
8.502513661202185	4103	1
8.524972677595628	5640	1
8.557267759562842	8645	1
8.595136612021857	8363	1
8.625573770491805	4477	1
8.692622950819672	5468	1
8.738524590163934	1758	1
8.75169398907104	5080	1
8.768142076502732	8808	1
8.826393442622951	3047	1
8.83120218579235	9976	1
8.850819672131147	7163	1
8.880601092896175	2152	1
8.88464480874317	3234	1
8.90967213114754	4731	1
8.950109289617487	7273	1
9.004043715846993	2373	1
9.042295081967213	518	1
9.069617486338796	9113	1
9.152295081967212	5791	1
9.154918032786886	6040	1
9.194480874316941	3264	1
9.236174863387978	8332	1
9.284699453551912	8059	1
9.356284153005463	3113	1
9.370983606557377	6035	1
9.408087431693989	9316	1
9.42568306010929	7659	1
9.502732240437158	2914	1
9.538688524590164	6979	1
9.59863387978142	2753	1
9.628907103825135	8770	1
9.63	654	1
9.651256830601092	5812	1
9.660928961748635	8446	1
9.75535519125683	5470	1
9.78879781420765	9443	1
9.79103825136612	8863	1
9.807978142076502	3625	1
9.809562841530054	776	1
9.818907103825136	3907	1
9.894480874316939	5308	1
9.985027322404372	7283	1
10.02655737704918	8282	1
10.060655737704918	1028	1
10.07120218579235	852	1
10.127213114754097	6686	1
10.140765027322404	4014	1
10.185245901639343	8056	1
10.190437158469944	2246	1
10.30896174863388	8974	1
10.32120218579235	5405	1
10.324590163934428	1528	1
10.341912568306011	946	1
10.355191256830603	9907	1
10.419508196721312	3933	1
10.484754098360655	6296	1
10.499781420765027	1623	1
10.569071038251368	373	1
10.606448087431694	3899	1
10.672131147540982	794	1
10.70704918032787	9057	1
10.714590163934425	8741	1
10.730382513661203	5549	1
10.73103825136612	5123	1
10.748142076502731	3157	1
10.772404371584699	1440	1
10.929453551912568	4595	1
11.004699453551913	4469	1
11.013169398907104	9481	1
11.222622950819673	6496	1
11.245737704918032	3168	1
11.260109289617485	5810	1
11.277322404371585	9325	1
11.290546448087433	4665	1
11.308469945355192	9623	1
11.331857923497267	8875	1
11.33688524590164	5702	1
11.34311475409836	475	1
11.371311475409836	3561	1
11.402896174863386	4330	1
11.432295081967213	5669	1
11.499890710382513	1671	1
11.516775956284153	851	1
11.525792349726775	9318	1
11.593005464480875	5787	1
11.629672131147542	5646	1
11.650218579234972	1976	1
11.682786885245902	5088	1
11.717868852459016	746	1
11.776612021857924	9256	1
11.924863387978142	3345	1
11.942349726775955	4446	1
11.964262295081967	6940	1
12.029398907103825	5076	1
12.03153005464481	3179	1
12.046830601092896	3925	1
12.08688524590164	9962	1
12.086939890710381	8764	1
12.137049180327868	4772	1
12.214918032786885	9792	1
12.21601092896175	5997	1
12.21672131147541	3695	1
12.254590163934425	1906	1
12.256666666666666	7517	1
12.292950819672132	7124	1
12.313060109289617	5981	1
12.352349726775957	6850	1
12.354590163934427	1519	1
12.372677595628415	2757	1
12.375081967213115	1492	1
12.469617486338798	4708	1
12.483715846994535	9917	1
12.524262295081966	5553	1
12.542021857923498	5639	1
12.54808743169399	7545	1
12.631420765027322	9391	1
12.649125683060108	2617	1
12.656120218579234	6670	1
12.661748633879782	6477	1
12.663005464480875	7939	1
12.718087431693988	1655	1
12.745245901639343	414	1
12.762841530054644	8631	1
12.86846994535519	9347	1
12.88622950819672	8956	1
12.890437158469945	9674	1
12.944918032786886	7803	1
13.010109289617485	5278	1
13.015956284153004	4285	1
13.043551912568306	6901	1
13.081967213114753	2341	1
13.124262295081968	2819	1
13.141147540983606	9827	1
13.265409836065574	5874	1
13.326174863387978	5297	1
13.3303825136612	5353	1
13.341420765027323	6241	1
13.435245901639345	3922	1
13.438196721311476	1322	1
13.458196721311475	6392	1
13.513169398907104	6955	1
13.526775956284153	9462	1
13.728743169398907	2376	1
13.780601092896175	9348	1
13.82967213114754	7754	1
13.862677595628416	2330	1
13.882295081967213	9505	1
13.903005464480874	8016	1
13.925573770491804	598	1
13.928306010928962	1928	1
13.983224043715847	7317	1
13.988524590163934	4729	1
14.030546448087433	9884	1
14.040819672131148	7397	1
14.072131147540984	2226	1
14.10415300546448	6666	1
14.124535519125683	2002	1
14.144754098360655	7958	1
14.18120218579235	8281	1
14.254153005464481	8406	1
14.263224043715846	8280	1
14.26327868852459	5887	1
14.36622950819672	8509	1
14.375464480874317	7152	1
14.403770491803279	4041	1
14.41311475409836	3959	1
14.445683060109289	7125	1
14.579781420765027	6731	1
14.612786885245901	6081	1
14.623825136612021	2613	1
14.66327868852459	1589	1
14.800163934426228	5987	1
14.884043715846994	2125	1
15.106885245901639	7322	1
15.190000000000001	3941	1
15.209726775956284	6433	1
15.232185792349727	7469	1
15.235355191256831	7533	1
15.279617486338797	3529	1
15.327868852459016	5281	1
15.379781420765028	9592	1
15.381693989071039	5962	1
15.424590163934425	6300	1
15.472896174863388	1487	1
15.486775956284152	1107	1
15.505300546448087	7000	1
15.532349726775957	1549	1
15.55983606557377	8916	1
15.576502732240437	630	1
15.587322404371584	1425	1
15.597213114754098	4143	1
15.674535519125682	8300	1
15.835191256830601	1660	1
15.850710382513661	461	1
15.88032786885246	3054	1
15.881366120218578	2866	1
15.882732240437159	5031	1
15.918743169398907	7035	1
15.969945355191257	5266	1
16.17382513661202	0	1
16.1772131147541	6373	1
16.19775956284153	4295	1
16.1996174863388	1307	1
16.201420765027322	5802	1
16.21273224043716	6473	1
16.213169398907105	6333	1
16.218360655737705	2151	1
16.21863387978142	5603	1
16.22535519125683	9040	1
16.239945355191256	2402	1
16.276120218579234	1939	1
16.293333333333333	2736	1
16.301092896174865	265	1
16.31830601092896	1530	1
16.33398907103825	4237	1
16.338251366120218	9597	1
16.352076502732242	3056	1
16.368579234972678	7215	1
16.369672131147542	580	1
16.384098360655738	4995	1
16.389398907103825	5502	1
16.39912568306011	6886	1
16.401147540983605	9499	1
16.40863387978142	2676	1
16.424207650273225	3192	1
16.43830601092896	6026	1
16.457213114754097	5024	1
16.460437158469944	1696	1
16.464262295081966	3011	1
16.46704918032787	8455	1
16.52016393442623	4797	1
16.52016393442623	2395	1
16.543715846994534	8143	1
16.55289617486339	4860	1
16.577923497267758	6437	1
16.60775956284153	6059	1
16.638579234972678	7689	1
16.643060109289618	5416	1
16.645901639344263	3924	1
16.64912568306011	9369	1
16.659016393442624	3659	1
16.66918032786885	6640	1
16.686120218579234	9138	1
16.69606557377049	7948	1
16.696666666666665	1926	1
16.69710382513661	7218	1
16.701147540983605	1622	1
16.709016393442624	6589	1
16.7151912568306	945	1
16.720218579234974	3642	1
16.722786885245903	5052	1
16.739071038251367	2759	1
16.742459016393443	1643	1
16.75103825136612	2036	1
16.777486338797814	8647	1
16.79775956284153	8310	1
16.814426229508197	1124	1
16.823661202185793	1236	1
16.831803278688522	3329	1
16.845737704918033	9129	1
16.85032786885246	5955	1
16.86377049180328	5584	1
16.8675956284153	4489	1
16.86983606557377	1139	1
16.87256830601093	5342	1
16.88431693989071	9776	1
16.90136612021858	5001	1
16.90136612021858	2371	1
16.93879781420765	6898	1
16.940601092896173	3251	1
16.94710382513661	1127	1
16.949234972677594	6710	1
16.957814207650273	8973	1
16.979508196721312	691	1
16.995901639344265	5039	1
17.005136612021857	7036	1
17.007704918032786	4792	1
17.02677595628415	5806	1
17.029234972677596	2990	1
17.0375956284153	7827	1
17.043005464480874	9862	1
17.05775956284153	5164	1
17.071748633879782	2792	1
17.077978142076503	9199	1
17.085300546448085	223	1
17.086939890710383	5526	1
17.10431693989071	9097	1
17.107814207650275	6109	1
17.11169398907104	9446	1
17.12513661202186	7951	1
17.143661202185793	7238	1
17.16655737704918	9418	1
17.17016393442623	6469	1
17.18415300546448	8454	1
17.190218579234973	5189	1
17.20726775956284	2879	1
17.21010928961749	1610	1
17.216939890710382	7647	1
17.230983606557373	4713	1
17.2507650273224	7698	1
17.260218579234973	8046	1
17.26234972677596	6992	1
17.264426229508196	4258	1
17.309672131147543	5473	1
17.327158469945356	3430	1
17.338907103825136	752	1
17.353989071038253	8027	1
17.371092896174865	9310	1
17.38934426229508	2196	1
17.402021857923497	9261	1
17.40775956284153	1290	1
17.40808743169399	1854	1
17.422622950819672	2097	1
17.431311475409835	2687	1
17.443551912568303	1652	1
17.46573770491803	3108	1
17.516448087431694	5735	1
17.52153005464481	351	1
17.5551912568306	2048	1
17.623224043715847	3737	1
17.668251366120217	4270	1
17.722185792349727	1666	1
17.72551912568306	4123	1
17.734098360655736	51	1
17.74256830601093	3462	1
17.752513661202183	2780	1
17.762185792349726	7741	1
17.76896174863388	2570	1
17.772896174863387	9906	1
17.788579234972676	7900	1
17.791256830601093	3209	1
17.829617486338798	9881	1
17.833879781420762	8926	1
17.842185792349724	3749	1
17.843333333333334	963	1
17.866502732240438	61	1
17.883442622950817	7231	1
17.891311475409836	9969	1
17.900491803278687	7246	1
17.919398907103826	8536	1
17.962513661202188	8088	1
17.99	1663	1
18.012404371584697	9895	1
18.03672131147541	6417	1
18.05540983606557	4725	1
18.06327868852459	9308	1
18.066502732240437	7648	1
18.06885245901639	5703	1
18.076994535519127	9251	1
18.097431693989073	3878	1
18.113169398907104	5224	1
18.11601092896175	6759	1
18.12010928961749	7764	1
18.129562841530056	9202	1
18.140218579234972	5313	1
18.15912568306011	3057	1
18.216612021857923	6817	1
18.220765027322404	6965	1
18.254371584699452	8060	1
18.277978142076503	6195	1
18.27901639344262	7269	1
18.29830601092896	669	1
18.326448087431693	230	1
18.352240437158468	3569	1
18.372513661202184	255	1
18.39333333333333	6831	1
18.415191256830603	9304	1
18.44136612021858	6449	1
18.44535519125683	8150	1
18.46207650273224	973	1
18.46688524590164	4079	1
18.499945355191258	8009	1
18.502732240437158	1512	1
18.50431693989071	3096	1
18.52174863387978	4059	1
18.56273224043716	9551	1
18.56983606557377	6904	1
18.570546448087434	7483	1
18.58601092896175	3432	1
18.59546448087432	5898	1
18.595519125683058	109	1
18.59633879781421	638	1
18.60775956284153	8623	1
18.623060109289614	7984	1
18.626666666666665	1511	1
18.650327868852457	6812	1
18.661147540983606	5966	1
18.665464480874316	4449	1
18.690983606557378	4161	1
18.69437158469945	5727	1
18.707978142076502	9197	1
18.70825136612022	770	1
18.721967213114752	9681	1
18.73950819672131	2818	1
18.78513661202186	2506	1
18.78601092896175	2344	1
18.80617486338798	3071	1
18.807322404371586	812	1
18.818032786885247	374	1
18.849999999999998	1264	1
18.87551912568306	7828	1
18.906612021857924	8628	1
18.911748633879782	4979	1
18.941311475409837	7860	1
18.955136612021857	7040	1
18.97606557377049	4342	1
18.98382513661202	6541	1
19.013005464480873	6773	1
19.01677595628415	9747	1
19.024754098360656	4465	1
19.028743169398908	5672	1
19.04398907103825	4017	1
19.072295081967212	3543	1
19.072513661202187	905	1
19.0848087431694	6762	1
19.098743169398908	9844	1
19.099890710382514	5723	1
19.11513661202186	2328	1
19.137704918032785	2490	1
19.160218579234975	9027	1
19.191311475409837	8142	1
19.1979781420765	9603	1
19.20530054644809	4427	1
19.220109289617483	6505	1
19.255081967213115	4669	1
19.26016393442623	1859	1
19.263551912568307	5945	1
19.297322404371585	3156	1
19.319344262295083	4999	1
19.344972677595628	404	1
19.383333333333336	1398	1
19.38918032786885	3117	1
19.397978142076504	2356	1
19.40032786885246	5664	1
19.41606557377049	4467	1
19.41726775956284	9455	1
19.444043715846995	2433	1
19.449890710382515	7626	1
19.470054644808744	6725	1
19.481639344262295	7402	1
19.48382513661202	4831	1
19.507322404371582	5492	1
19.552677595628413	5846	1
19.552841530054643	5176	1
19.56825136612022	1379	1
19.611967213114756	316	1
19.613497267759563	7242	1
19.647486338797812	3147	1
19.65825136612022	4758	1
19.658633879781423	9485	1
19.663715846994535	5445	1
19.668032786885245	9031	1
19.686666666666667	5734	1
19.705245901639344	9866	1
19.71344262295082	4297	1
19.720327868852458	8483	1
19.745409836065576	9965	1
19.748360655737702	8786	1
19.7551912568306	5169	1
19.773114754098362	9211	1
19.77879781420765	9576	1
19.79814207650273	5993	1
19.806994535519127	7982	1
19.80934426229508	1584	1
19.822295081967216	4629	1
19.838633879781423	7264	1
19.84453551912568	7934	1
19.844754098360653	4667	1
19.85934426229508	2016	1
19.880765027322404	7006	1
19.88978142076503	7420	1
19.897923497267758	3506	1
19.914426229508198	3652	1
19.93633879781421	3783	1
19.953278688524588	2317	1
19.962513661202184	7409	1
19.970437158469945	2700	1
19.990928961748633	3297	1
20.02448087431694	3038	1
20.03382513661202	7857	1
20.066284153005462	8331	1
20.079071038251364	6441	1
20.121092896174865	9737	1
20.129562841530053	9093	1
20.140218579234975	63	1
20.16071038251366	375	1
20.165846994535517	9227	1
20.197486338797813	8370	1
20.20710382513661	9176	1
20.230054644808742	4597	1
20.239016393442622	9996	1
20.25185792349727	9580	1
20.269344262295082	1863	1
20.27912568306011	7839	1
20.304426229508195	8657	1
20.327431693989073	55	1
20.333661202185795	7361	1
20.337978142076505	2108	1
20.358251366120218	7331	1
20.360382513661204	3208	1
20.39945355191257	7736	1
20.422568306010927	4086	1
20.464535519125683	1520	1
20.48934426229508	6076	1
20.496120218579232	2796	1
20.516120218579236	9484	1
20.528743169398908	8256	1
20.53792349726776	269	1
20.543005464480874	6841	1
20.571147540983606	4494	1
20.587158469945354	9470	1
20.603551912568307	9741	1
20.621311475409836	5515	1
20.629398907103827	8409	1
20.6551912568306	8471	1
20.65775956284153	323	1
20.6803825136612	8589	1
20.685901639344262	8261	1
20.68693989071038	3474	1
20.694863387978142	1114	1
20.714699453551912	175	1
20.73497267759563	3804	1
20.73551912568306	48	1
20.763879781420766	8237	1
20.788415300546447	3421	1
20.78863387978142	8191	1
20.788907103825135	7773	1
20.816338797814208	3288	1
20.81792349726776	3669	1
20.824043715846997	9651	1
20.828032786885245	2749	1
20.837377049180326	7615	1
20.85912568306011	8627	1
20.880218579234974	2257	1
20.882950819672132	4817	1
20.88322404371585	6611	1
20.908524590163935	6139	1
20.909945355191255	3059	1
20.915901639344263	7832	1
20.928907103825136	5682	1
20.97142076502732	6303	1
20.97453551912568	5756	1
20.982513661202187	6194	1
20.99879781420765	9178	1
21.004371584699452	1630	1
21.017978142076505	3178	1
21.022021857923498	8713	1
21.0372131147541	363	1
21.06792349726776	2351	1
21.084426229508196	5738	1
21.09409836065574	3811	1
21.104426229508196	1555	1
21.115573770491803	1649	1
21.14295081967213	8330	1
21.187978142076503	769	1
21.204262295081968	7457	1
21.207486338797814	3420	1
21.208196721311474	4841	1
21.239890710382515	4550	1
21.243934426229508	1567	1
21.288032786885246	9574	1
21.30983606557377	4904	1
21.31158469945355	933	1
21.312404371584698	1069	1
21.32153005464481	1865	1
21.327704918032786	7661	1
21.365628415300545	8648	1
21.39174863387978	8145	1
21.40568306010929	4204	1
21.413333333333334	4390	1
21.415956284153005	1363	1
21.431693989071036	2001	1
21.44081967213115	1199	1
21.45437158469945	527	1
21.45688524590164	3254	1
21.46633879781421	6869	1
21.469726775956286	9978	1
21.49622950819672	4682	1
21.501420765027323	391	1
21.525464480874316	9139	1
21.58513661202186	2976	1
21.596448087431693	6185	1
21.599398907103822	1467	1
21.602622950819672	8360	1
21.618142076502732	1131	1
21.628469945355192	258	1
21.633715846994534	7753	1
21.64	947	1
21.67469945355191	7838	1
21.683224043715846	718	1
21.69743169398907	8014	1
21.700218579234974	8005	1
21.709945355191255	4111	1
21.723005464480874	8664	1
21.75327868852459	6110	1
21.75551912568306	6711	1
21.758032786885245	3480	1
21.778524590163933	3372	1
21.779836065573768	1543	1
21.83295081967213	6098	1
21.84081967213115	6551	1
21.841475409836068	7346	1
21.845956284153008	5248	1
21.85743169398907	3657	1
21.863661202185792	991	1
21.898087431693988	7608	1
21.910327868852455	5904	1
21.91349726775956	8992	1
21.913551912568305	506	1
21.928196721311476	6361	1
21.940928961748632	1136	1
21.941147540983607	7808	1
21.944153005464482	8412	1
21.99928961748634	1426	1
22.004371584699452	5578	1
22.023715846994538	5329	1
22.027267759562843	2618	1
22.04	1732	1
22.04808743169399	9894	1
22.063661202185795	6768	1
22.064754098360655	7717	1
22.076120218579234	7319	1
22.08142076502732	3205	1
22.108633879781422	6819	1
22.10967213114754	7337	1
22.111693989071036	1331	1
22.127540983606558	7028	1
22.128360655737705	6498	1
22.128743169398906	904	1
22.14103825136612	7965	1
22.1575956284153	3721	1
22.182349726775957	1292	1
22.205081967213115	6436	1
22.216120218579235	1959	1
22.22743169398907	7413	1
22.228907103825133	9526	1
22.230874316939893	5192	1
22.23191256830601	4661	1
22.248415300546444	2258	1
22.250273224043713	1266	1
22.282513661202184	9463	1
22.306120218579235	1371	1
22.311475409836063	7976	1
22.31497267759563	6941	1
22.335409836065573	4096	1
22.391912568306008	2594	1
22.40016393442623	5701	1
22.404590163934426	1475	1
22.415464480874316	4361	1
22.424043715846995	6307	1
22.442185792349726	3396	1
22.450437158469942	6411	1
22.471092896174863	2205	1
22.48448087431694	4170	1
22.4872131147541	3745	1
22.489836065573773	971	1
22.49153005464481	1888	1
22.49584699453552	3665	1
22.497486338797817	3742	1
22.501857923497266	7812	1
22.517322404371583	2213	1
22.529890710382514	4492	1
22.54934426229508	5027	1
22.558524590163934	579	1
22.572349726775958	9144	1
22.58672131147541	439	1
22.608579234972677	3263	1
22.610273224043716	7604	1
22.626448087431694	4541	1
22.62928961748634	6999	1
22.649726775956285	7447	1
22.662950819672133	4800	1
22.66726775956284	1836	1
22.670765027322403	425	1
22.679125683060107	2988	1
22.68502732240437	5545	1
22.70333333333333	6439	1
22.703387978142075	7823	1
22.730601092896176	8392	1
22.769781420765028	5989	1
22.77535519125683	317	1
22.77535519125683	53	1
22.81054644808743	8031	1
22.82371584699454	3896	1
22.833715846994536	6685	1
22.837650273224043	2146	1
22.85584699453552	4960	1
22.856284153005465	5070	1
22.910928961748635	4987	1
22.9351912568306	7868	1
22.935355191256832	2649	1
22.94109289617486	7642	1
22.94513661202186	9386	1
22.946994535519128	9415	1
22.952131147540985	4334	1
22.959562841530055	7901	1
22.980765027322406	3711	1
23.01535519125683	7575	1
23.048688524590162	1486	1
23.054918032786883	5109	1
23.05945355191257	8726	1
23.065081967213114	1401	1
23.076775956284152	2404	1
23.08814207650273	7709	1
23.092513661202187	9927	1
23.093934426229506	1030	1
23.098196721311474	5621	1
23.107868852459017	7459	1
23.12846994535519	4377	1
23.177650273224042	9510	1
23.180491803278688	1885	1
23.180874316939892	2843	1
23.203551912568305	9667	1
23.218797814207647	7633	1
23.219180327868852	2459	1
23.22398907103825	5602	1
23.22792349726776	5616	1
23.229125683060108	6299	1
23.244316939890712	7638	1
23.244644808743168	399	1
23.250546448087434	2322	1
23.254972677595628	6116	1
23.273661202185792	9352	1
23.294316939890713	5822	1
23.31191256830601	4153	1
23.317704918032785	3640	1
23.355737704918035	7854	1
23.36661202185792	2363	1
23.397540983606557	7705	1
23.41863387978142	5721	1
23.43431693989071	5210	1
23.441639344262292	8379	1
23.450928961748634	6353	1
23.461092896174865	448	1
23.464207650273224	6090	1
23.495464480874315	9618	1
23.50775956284153	6478	1
23.549344262295083	1925	1
23.554644808743166	2963	1
23.562841530054644	4583	1
23.567868852459014	5414	1
23.59497267759563	1711	1
23.6127868852459	387	1
23.636010928961745	4994	1
23.68978142076503	1768	1
23.69142076502732	8911	1
23.697868852459017	5202	1
23.70830601092896	5807	1
23.730382513661205	3427	1
23.75398907103825	741	1
23.755409836065574	1172	1
23.76513661202186	2239	1
23.767704918032788	7072	1
23.78710382513661	2848	1
23.8	1548	1
23.81005464480874	5749	1
23.818579234972677	564	1
23.82054644808743	6320	1
23.8375956284153	4162	1
23.84071038251366	193	1
23.86743169398907	4723	1
23.8696174863388	6444	1
23.877158469945353	3068	1
23.89054644808743	6290	1
23.915355191256833	9440	1
23.981530054644807	7275	1
24.00448087431694	3143	1
24.005901639344263	5650	1
24.010109289617485	7150	1
24.05032786885246	9502	1
24.053825136612023	9818	1
24.061803278688522	3378	1
24.072841530054642	7792	1
24.073879781420764	1315	1
24.07748633879781	3486	1
24.081475409836067	7592	1
24.08153005464481	2124	1
24.083715846994536	2520	1
24.086830601092895	4738	1
24.097322404371585	2430	1
24.124043715846994	2929	1
24.12983606557377	660	1
24.140218579234975	3595	1
24.15377049180328	10	1
24.167486338797815	8434	1
24.169071038251367	9632	1
24.17950819672131	2867	1
24.197213114754096	9930	1
24.207322404371585	6423	1
24.241256830601092	6499	1
24.243169398907103	2628	1
24.24901639344262	7758	1
24.25672131147541	5003	1
24.26136612021858	8504	1
24.26601092896175	8937	1
24.26655737704918	1948	1
24.272021857923498	9591	1
24.275409836065574	9096	1
24.27825136612022	3407	1
24.285901639344264	82	1
24.291475409836064	2916	1
24.29174863387978	2372	1
24.304918032786883	8445	1
24.32584699453552	4160	1
24.342349726775957	6618	1
24.347377049180327	6576	1
24.36087431693989	2821	1
24.36311475409836	5539	1
24.375300546448088	1086	1
24.385737704918036	5951	1
24.38710382513661	2983	1
24.393497267759564	4885	1
24.405300546448085	5236	1
24.42229508196721	8421	1
24.426830601092895	1775	1
24.429234972677598	8401	1
24.443387978142074	4762	1
24.456939890710384	5	1
24.45825136612022	7038	1
24.479781420765026	8578	1
24.49431693989071	9980	1
24.519180327868852	6720	1
24.521420765027322	4484	1
24.54606557377049	1719	1
24.556010928961747	4760	1
24.573333333333334	6604	1
24.576612021857922	5184	1
24.608415300546447	5705	1
24.620983606557377	6034	1
24.631420765027322	1246	1
24.641475409836065	5764	1
24.659234972677595	8924	1
24.6596174863388	9673	1
24.661147540983606	248	1
24.674426229508196	6894	1
24.69032786885246	8988	1
24.700437158469946	9584	1
24.705191256830602	4027	1
24.711038251366123	4917	1
24.722841530054644	5614	1
24.731530054644807	57	1
24.756120218579238	3582	1
24.765136612021855	344	1
24.773551912568305	2542	1
24.78983606557377	8855	1
24.808469945355192	7885	1
24.815573770491802	3913	1
24.835081967213114	8374	1
24.83639344262295	30	1
24.842732240437158	4422	1
24.853934426229507	5072	1
24.859726775956283	6704	1
24.89295081967213	7234	1
24.893005464480876	6843	1
24.91486338797814	876	1
24.954754098360656	4069	1
24.965737704918034	2045	1
24.99573770491803	8395	1
25.032185792349726	9695	1
25.066666666666666	1726	1
25.095956284153004	1832	1
25.09928961748634	4637	1
25.099781420765026	5256	1
25.112185792349724	8732	1
25.11224043715847	5676	1
25.116502732240438	2075	1
25.120601092896177	6557	1
25.122513661202184	5809	1
25.167978142076503	3160	1
25.17535519125683	7623	1
25.181038251366118	4590	1
25.182513661202186	123	1
25.18622950819672	915	1
25.205573770491803	3107	1
25.21065573770492	5975	1
25.21125683060109	9908	1
25.211912568306012	3026	1
25.21333333333333	9871	1
25.216830601092898	3685	1
25.23136612021858	8399	1
25.23655737704918	8506	1
25.248579234972677	508	1
25.266393442622952	9498	1
25.2672131147541	8959	1
25.310218579234974	2954	1
25.334426229508196	3083	1
25.36087431693989	1346	1
25.36535519125683	3082	1
25.368142076502732	3276	1
25.369617486338797	3305	1
25.372841530054647	7147	1
25.374153005464482	7528	1
25.384754098360656	9130	1
25.386338797814208	5871	1
25.414535519125682	3473	1
25.430983606557376	3851	1
25.44382513661202	3813	1
25.445136612021855	9865	1
25.45382513661202	2304	1
25.459071038251366	5744	1
25.459781420765026	5310	1
25.466939890710382	3829	1
25.469398907103823	6526	1
25.48103825136612	6271	1
25.48125683060109	8202	1
25.496174863387978	1910	1
25.4975956284153	2170	1
25.49814207650273	2934	1
25.512459016393443	2556	1
25.535956284153006	3005	1
25.55726775956284	8997	1
25.56382513661202	2211	1
25.570765027322405	5706	1
25.576830601092897	6874	1
25.628579234972676	7056	1
25.66207650273224	3103	1
25.66464480874317	6409	1
25.670273224043715	2774	1
25.693224043715848	360	1
25.712513661202188	7990	1
25.718743169398905	4613	1
25.725027322404372	5147	1
25.742677595628415	8260	1
25.758524590163937	2527	1
25.765081967213114	7793	1
25.76672131147541	8335	1
25.77087431693989	7235	1
25.78672131147541	324	1
25.812513661202185	7003	1
25.815300546448086	3428	1
25.818797814207652	3963	1
25.822896174863388	3564	1
25.878196721311475	1978	1
25.883224043715845	4429	1
25.8951912568306	4755	1
25.897322404371582	1388	1
25.903497267759562	1895	1
25.92814207650273	1999	1
25.929344262295082	4127	1
25.93142076502732	4326	1
25.959945355191255	2518	1
25.965245901639346	7217	1
25.968852459016393	8319	1
25.98415300546448	7714	1
25.9948087431694	9296	1
26.03125683060109	2342	1
26.03863387978142	5708	1
26.04262295081967	5462	1
26.061256830601092	2589	1
26.06398907103825	2354	1
26.066939890710383	8132	1
26.069125683060108	1544	1
26.093005464480875	6614	1
26.10464480874317	7440	1
26.1107650273224	2207	1
26.12256830601093	8079	1
26.140109289617488	1889	1
26.146502732240435	8218	1
26.153715846994537	9919	1
26.157704918032785	6003	1
26.16256830601093	7271	1
26.169617486338797	7701	1
26.176721311475408	7039	1
26.178251366120218	8264	1
26.184918032786886	5556	1
26.19344262295082	3684	1
26.193551912568307	2758	1
26.20169398907104	4024	1
26.220109289617486	8776	1
26.225027322404372	1288	1
26.239672131147543	5943	1
26.248196721311473	7376	1
26.26027322404372	9121	1
26.261092896174862	4090	1
26.294098360655738	4561	1
26.304043715846994	4819	1
26.31103825136612	8048	1
26.312513661202185	6260	1
26.33125683060109	7188	1
26.336229508196723	763	1
26.341475409836065	7692	1
26.381584699453555	6419	1
26.384426229508197	4681	1
26.39781420765027	5647	1
26.413715846994535	3973	1
26.427158469945354	3035	1
26.464043715846994	2666	1
26.473333333333333	6534	1
26.514808743169397	7622	1
26.5203825136612	111	1
26.52934426229508	3308	1
26.531311475409836	6393	1
26.535245901639342	8885	1
26.542841530054645	2744	1
26.55540983606557	5118	1
26.56065573770492	413	1
26.575300546448084	2807	1
26.59	4148	1
26.593825136612022	7110	1
26.59792349726776	7541	1
26.60535519125683	2880	1
26.60584699453552	4589	1
26.616174863387975	370	1
26.622185792349725	5586	1
26.64879781420765	3386	1
26.650601092896174	9390	1
26.66748633879781	8122	1
26.669453551912568	7791	1
26.68431693989071	9454	1
26.69879781420765	6924	1
26.726775956284154	4350	1
26.740054644808744	5084	1
26.741639344262296	4981	1
26.75032786885246	4179	1
26.770983606557376	8538	1
26.778688524590162	3028	1
26.787868852459013	9925	1
26.789398907103827	8938	1
26.791639344262297	8257	1
26.79846994535519	6523	1
26.81437158469945	5572	1
26.824426229508195	1339	1
26.84021857923497	9534	1
26.843497267759563	4538	1
26.861256830601093	1455	1
26.86224043715847	5624	1
26.884699453551914	9840	1
26.900491803278687	3413	1
26.946775956284153	8894	1
26.979726775956284	3184	1
26.983005464480875	6049	1
26.986338797814206	4274	1
26.996830601092896	5560	1
26.998797814207652	2396	1
27.008524590163933	5022	1
27.02710382513661	7624	1
27.049398907103825	6267	1
27.05950819672131	9134	1
27.06289617486339	2894	1
27.065409836065577	6821	1
27.084207650273225	844	1
27.094043715846993	2685	1
27.102841530054647	2070	1
27.10743169398907	5922	1
27.132841530054645	6488	1
27.14448087431694	3852	1
27.2124043715847	5434	1
27.21983606557377	6528	1
27.250765027322405	5155	1
27.255464480874316	7478	1
27.27224043715847	455	1
27.276830601092893	1872	1
27.281475409836066	5432	1
27.284535519125683	1856	1
27.288688524590164	5015	1
27.319562841530054	8160	1
27.325136612021858	4012	1
27.331693989071038	1575	1
27.332240437158468	6806	1
27.33306010928962	3172	1
27.347158469945356	6644	1
27.349016393442625	2241	1
27.375300546448084	6140	1
27.38606557377049	1680	1
27.389726775956284	7730	1
27.396174863387976	4850	1
27.40032786885246	1807	1
27.428142076502734	956	1
27.43448087431694	708	1
27.435245901639345	1309	1
27.4427868852459	1119	1
27.45087431693989	6905	1
27.493934426229508	2602	1
27.495956284153003	2523	1
27.554535519125682	4296	1
27.608251366120218	2942	1
27.618142076502732	3814	1
27.646666666666665	7678	1
27.657267759562842	8408	1
27.660273224043713	6261	1
27.723661202185795	9416	1
27.72661202185792	9633	1
27.726885245901638	7324	1
27.72885245901639	3105	1
27.73273224043716	2189	1
27.736612021857923	6856	1
27.747868852459018	9644	1
27.753606557377047	5950	1
27.761475409836066	9411	1
27.78256830601093	8038	1
27.80896174863388	9802	1
27.811256830601092	2300	1
27.816830601092896	8661	1
27.825628415300546	3638	1
27.836338797814207	1221	1
27.858743169398906	5387	1
27.863715846994534	6574	1
27.879234972677597	9429	1
27.893224043715847	6943	1
27.905245901639343	3211	1
27.925409836065576	308	1
27.928032786885247	2850	1
27.929071038251365	2255	1
27.93431693989071	1359	1
27.946939890710382	2051	1
27.98	7666	1
27.98032786885246	6356	1
27.98191256830601	6814	1
27.985846994535517	7655	1
27.990437158469945	3517	1
27.994754098360655	1070	1
27.99912568306011	1772	1
28.015464480874318	8591	1
28.01726775956284	6625	1
28.03726775956284	5244	1
28.043497267759562	704	1
28.04841530054645	3425	1
28.054153005464478	4857	1
28.075792349726775	1441	1
28.08032786885246	7078	1
28.082349726775956	5262	1
28.096448087431693	710	1
28.10289617486339	8567	1
28.122841530054643	8516	1
28.123333333333335	5506	1
28.133005464480874	1538	1
28.146338797814206	2031	1
28.146939890710385	5163	1
28.164207650273227	3763	1
28.16765027322404	5940	1
28.17136612021858	625	1
28.204043715846993	2698	1
28.212677595628413	7710	1
28.227814207650272	8030	1
28.236502732240435	9897	1
28.255191256830603	4660	1
28.27661202185792	6237	1
28.299890710382513	8688	1
28.30103825136612	2079	1
28.303442622950822	7428	1
28.313715846994537	5396	1
28.321639344262294	5177	1
28.323224043715847	6229	1
28.32748633879781	5882	1
28.329453551912568	1462	1
28.346612021857922	8587	1
28.371092896174865	3579	1
28.37573770491803	3232	1
28.37672131147541	4273	1
28.390437158469947	3735	1
28.434262295081968	2219	1
28.435300546448087	7810	1
28.43912568306011	4582	1
28.440983606557378	5521	1
28.442131147540984	260	1
28.447322404371583	7636	1
28.458032786885244	1907	1
28.458196721311474	2293	1
28.488087431693987	5296	1
28.490983606557375	6210	1
28.494207650273225	5198	1
28.494371584699454	9636	1
28.50639344262295	9281	1
28.506775956284155	5568	1
28.507213114754098	4432	1
28.560109289617486	6781	1
28.56158469945355	5820	1
28.57021857923497	9500	1
28.570765027322402	3773	1
28.57502732240437	1936	1
28.57972677595628	5121	1
28.592185792349728	1527	1
28.61295081967213	7071	1
28.617868852459015	8388	1
28.694207650273224	9999	1
28.69918032786885	3249	1
28.70972677595628	8203	1
28.718032786885242	7634	1
28.71928961748634	5990	1
28.71983606557377	5561	1
28.72103825136612	4802	1
28.76344262295082	9142	1
28.794863387978143	9217	1
28.80163934426229	7061	1
28.806010928961747	6457	1
28.840382513661204	7500	1
28.85333333333333	5876	1
28.857868852459017	3990	1
28.905409836065573	3163	1
28.908306010928964	986	1
28.929289617486337	3932	1
28.94792349726776	8927	1
28.972732240437157	5418	1
28.99852459016393	3237	1
29.017540983606555	300	1
29.042786885245903	4781	1
29.04617486338798	7772	1
29.05775956284153	5901	1
29.060054644808744	5177	0
29.10333333333333	4440	1
29.10672131147541	5656	1
29.115136612021857	9975	1
29.147377049180324	9167	1
29.18983606557377	8823	1
29.1975956284153	5407	1
29.19814207650273	7104	1
29.218907103825135	9970	1
29.227213114754097	1590	1
29.241639344262296	7488	1
29.248907103825136	6646	1
29.266994535519125	8827	1
29.270218579234974	6383	1
29.319071038251366	3998	1
29.32841530054645	4374	1
29.32863387978142	497	1
29.348907103825137	2656	1
29.370491803278686	2434	1
29.379562841530056	6709	1
29.393005464480876	5598	1
29.414371584699456	1104	1
29.42366120218579	5829	1
29.44497267759563	1745	1
29.453005464480874	2790	1
29.46032786885246	6942	1
29.46109289617486	919	1
29.47065573770492	7240	1
29.471366120218576	2269	1
29.474863387978143	1474	1
29.481967213114753	4461	1
29.486775956284156	1613	1
29.488032786885245	5819	1
29.49224043715847	619	1
29.533934426229507	1074	1
29.53655737704918	6443	1
29.554426229508195	2065	1
29.560491803278687	1465	1
29.561092896174863	7686	1
29.56590163934426	7723	1
29.582622950819673	3842	1
29.58311475409836	7076	1
29.597978142076503	2837	1
29.60120218579235	7767	1
29.601748633879783	9984	1
29.603879781420762	8746	1
29.613005464480874	1278	1
29.62054644808743	2906	1
29.640382513661205	2580	1
29.666010928961747	2013	1
29.66622950819672	3715	1
29.67207650273224	9943	1
29.673387978142074	3525	1
29.687540983606556	7783	1
29.69333333333333	3700	1
29.725027322404372	2930	1
29.78191256830601	2485	1
29.79934426229508	1112	1
29.83737704918033	955	1
29.845737704918033	5648	1
29.86710382513661	3114	1
29.88207650273224	6910	1
29.88661202185792	9783	1
29.901967213114755	8552	1
29.904699453551913	8339	1
29.921639344262296	3132	1
29.926721311475408	5273	1
29.930273224043713	9081	1
29.933442622950817	8940	1
29.94655737704918	2797	1
29.94792349726776	3838	1
29.97169398907104	9803	1
29.973114754098358	6475	1
29.97808743169399	1219	1
29.978524590163932	4540	1
29.99420765027322	1786	1
30.054754098360654	8548	1
30.059836065573773	912	1
30.068415300546448	9692	1
30.06896174863388	163	1
30.078360655737704	6602	1
30.099398907103826	5753	1
30.108852459016394	9698	1
30.11661202185792	924	1
30.146666666666665	2811	1
30.15043715846994	6719	1
30.171693989071038	757	1
30.221530054644806	1200	1
30.222295081967214	1384	1
30.228415300546448	3442	1
30.235464480874317	9675	1
30.24158469945355	9028	1
30.246939890710383	4991	1
30.258524590163933	3193	1
30.28366120218579	6278	1
30.312295081967214	2783	1
30.319180327868853	1291	1
30.325409836065575	3210	1
30.326502732240435	7877	1
30.3403825136612	5772	1
30.342513661202187	3556	1
30.3948087431694	5645	1
30.39535519125683	3383	1
30.407814207650276	1742	1
30.4251912568306	5660	1
30.42655737704918	6467	1
30.42868852459016	3087	1
30.436502732240438	472	1
30.44010928961749	4937	1
30.442459016393443	287	1
30.448032786885246	4845	1
30.467158469945357	8962	1
30.474535519125684	4475	1
30.488907103825138	6132	1
30.492841530054644	2702	1
30.51185792349727	584	1
30.523715846994538	9210	1
30.52857923497268	3250	1
30.535792349726776	7489	1
30.544098360655738	2643	1
30.560163934426228	6166	1
30.571256830601094	9021	1
30.574043715846994	3089	1
30.61054644808743	6465	1
30.61846994535519	4930	1
30.62207650273224	6157	1
30.636666666666667	232	1
30.636830601092896	5974	1
30.65808743169399	4625	1
30.680273224043713	5919	1
30.706830601092896	4900	1
30.707704918032785	330	1
30.718688524590164	2928	1
30.72262295081967	8547	1
30.728196721311477	7204	1
30.742076502732242	4531	1
30.752896174863388	3708	1
30.76054644808743	509	1
30.82928961748634	1396	1
30.85530054644809	9590	1
30.866448087431692	673	1
30.88677595628415	6609	1
30.90530054644809	9321	1
30.908633879781423	8882	1
30.916666666666668	6295	1
30.919781420765027	9773	1
30.93071038251366	3730	1
30.942021857923496	981	1
30.95207650273224	565	1
30.95792349726776	3190	1
30.962841530054643	4790	1
30.965409836065575	6586	1
30.975136612021856	879	1
30.992459016393443	7274	1
31.045573770491803	6748	1
31.049945355191255	8070	1
31.086721311475408	4185	1
31.12	3979	1
31.126885245901637	7910	1
31.150928961748633	6728	1
31.152349726775956	8887	1
31.179180327868853	7871	1
31.18803278688525	9841	1
31.19224043715847	6599	1
31.19295081967213	2904	1
31.193169398907106	4836	1
31.200109289617487	7762	1
31.20530054644809	979	1
31.229016393442624	6247	1
31.238360655737704	7471	1
31.252021857923495	9724	1
31.269071038251365	6113	1
31.294535519125684	1469	1
31.314808743169397	975	1
31.330327868852457	8551	1
31.397377049180328	6639	1
31.431639344262294	3540	1
31.44289617486339	4931	1
31.44814207650273	3539	1
31.45792349726776	3594	1
31.464153005464482	9604	1
31.46863387978142	5644	1
31.473060109289616	9793	1
31.474098360655738	8475	1
31.474590163934423	3707	1
31.488360655737704	9456	1
31.49502732240437	7306	1
31.498306010928964	8790	1
31.50693989071038	1898	1
31.527540983606556	795	1
31.542950819672132	8829	1
31.560000000000002	1206	1
31.571311475409836	8796	1
31.57846994535519	3471	1
31.587213114754096	3445	1
31.603879781420765	2005	1
31.61169398907104	554	1
31.638360655737703	7449	1
31.64054644808743	3301	1
31.65382513661202	1554	1
31.66393442622951	4978	1
31.669945355191256	1424	1
31.67349726775956	4109	1
31.687267759562843	2948	1
31.690710382513657	7297	1
31.698852459016393	7388	1
31.712841530054646	4331	1
31.72710382513661	4198	1
31.776830601092893	747	1
31.795245901639344	3043	1
31.799289617486338	1946	1
31.801639344262295	6702	1
31.843825136612022	8871	1
31.94464480874317	8010	1
31.956994535519126	129	1
31.96688524590164	5548	1
31.984262295081965	1036	1
31.995245901639343	9503	1
32.02808743169399	9974	1
32.034262295081966	1016	1
32.040218579234974	1110	1
32.043606557377046	3792	1
32.05453551912568	4542	1
32.071256830601094	1457	1
32.08273224043715	4409	1
32.11562841530055	9785	1
32.13743169398907	7529	1
32.13956284153005	5480	1
32.15710382513661	6513	1
32.16322404371584	7893	1
32.16437158469945	7456	1
32.17896174863388	9828	1
32.18	1966	1
32.18081967213115	2560	1
32.18595628415301	3809	1
32.20426229508197	9277	1
32.21049180327869	694	1
32.2364480874317	6323	1
32.24256830601093	6753	1
32.25415300546448	2538	1
32.270437158469946	171	1
32.31207650273224	251	1
32.31688524590164	871	1
32.329562841530056	7573	1
32.33612021857923	8500	1
32.342896174863384	6440	1
32.3524043715847	2961	1
32.35879781420765	2172	1
32.35967213114754	1937	1
32.38688524590164	4321	1
32.403989071038254	9878	1
32.40710382513661	9540	1
32.40743169398907	7520	1
32.412185792349725	2099	1
32.41814207650273	8221	1
32.4296174863388	8696	1
32.44311475409836	2484	1
32.455737704918036	6429	1
32.45590163934426	6176	1
32.46060109289618	2438	1
32.47601092896175	9412	1
32.48092896174863	2637	1
32.4896174863388	2770	1
32.514371584699454	8371	1
32.515519125683056	1020	1
32.51710382513661	6143	1
32.5351912568306	8599	1
32.55551912568306	6837	1
32.576885245901636	952	1
32.58262295081967	2764	1
32.588087431693985	4368	1
32.60409836065574	7300	1
32.60464480874317	4035	1
32.61710382513661	358	1
32.6175956284153	868	1
32.6348087431694	837	1
32.637978142076506	2345	1
32.64366120218579	8818	1
32.664863387978144	5600	1
32.6675956284153	3628	1
32.673497267759565	1402	1
32.689945355191256	2841	1
32.69448087431694	5054	1
32.69622950819672	5717	1
32.73289617486339	9723	1
32.73502732240437	5065	1
32.763278688524586	8802	1
32.766284153005465	6355	1
32.78622950819672	987	1
32.80617486338798	5638	1
32.81655737704918	2998	1
32.85289617486339	6403	1
32.85918032786885	4458	1
32.869180327868854	7559	1
32.88169398907104	9425	1
32.89453551912568	2424	1
32.89885245901639	76	1
32.939890710382514	4869	1
32.942131147540984	5529	1
32.95027322404371	4214	1
32.964207650273224	9213	1
32.98163934426229	2191	1
32.98464480874317	3918	1
32.985628415300546	7814	1
33.07639344262295	8819	1
33.118797814207646	8729	1
33.122185792349725	4512	1
33.159344262295086	1380	1
33.175027322404375	7321	1
33.177213114754096	8856	1
33.18245901639344	8651	1
33.19568306010929	3438	1
33.21300546448087	1658	1
33.26021857923497	2206	1
33.28377049180328	6758	1
33.31355191256831	1438	1
33.34021857923497	6401	1
33.356502732240436	4941	1
33.38136612021858	5501	1
33.38693989071038	6792	1
33.39972677595628	2511	1
33.400655737704916	1068	1
33.40469945355191	522	1
33.404754098360655	736	1
33.41284153005464	386	1
33.41846994535519	8008	1
33.43256830601093	3580	1
33.48284153005464	7185	1
33.527049180327865	7130	1
33.53142076502732	5010	1
33.55196721311475	4077	1
33.5603825136612	6145	1
33.56890710382514	3791	1
33.57601092896175	3399	1
33.577322404371586	1968	1
33.585956284153006	9718	1
33.58868852459017	6183	1
33.60639344262295	7914	1
33.62174863387978	7917	1
33.65491803278688	4509	1
33.67524590163934	5260	1
33.67841530054645	6258	1
33.679453551912566	4008	1
33.70049180327869	9594	1
33.716502732240436	2966	1
33.73103825136612	1592	1
33.73273224043716	7551	1
33.73584699453552	7278	1
33.739398907103826	2	1
