0.028756174863387978	8328	1
0.08567704918032787	4245	1
0.15001092896174864	2557	1
0.15208688524590164	5436	1
0.1688983606557377	3895	1
0.25200928961748637	4677	1
0.3181218579234973	3148	1
0.37631803278688525	1251	1
0.3952377049180328	2301	1
0.3971546448087432	252	1
0.46758688524590164	7669	1
0.4691792349726776	3476	1
0.5245229508196722	7644	1
0.529383606557377	1999	1
0.5356043715846994	9509	1
0.5375234972677596	7874	1
0.543935519125683	3899	1
0.5711038251366121	7806	1
0.5785792349726776	8431	1
0.6142786885245902	7002	1
0.6375737704918033	6761	1
0.6854371584699454	7995	1
0.7052021857923497	8640	1
0.7120054644808743	3070	1
0.7663770491803279	3851	1
0.7813934426229507	6597	1
0.9108743169398907	242	1
0.9176994535519125	4377	1
0.9371311475409836	8628	1
0.9767868852459016	5808	1
0.9856229508196721	6617	1
1.0191857923497267	5166	1
1.0843551912568306	479	1
1.1899945355191257	1677	1
1.2061967213114753	2869	1
1.2121311475409835	9359	1
1.225448087431694	5378	1
1.2453224043715847	6379	1
1.2453934426229507	9173	1
1.310983606557377	3570	1
1.5359508196721312	5355	1
1.5508360655737705	224	1
1.7739999999999998	7513	1
1.8608524590163935	3108	1
1.8958087431693988	1002	1
1.9386885245901637	9170	1
1.9959672131147541	9080	1
2.2031584699453552	9485	1
2.215180327868852	5091	1
2.2412732240437157	2977	1
2.339213114754098	9968	1
2.381087431693989	3115	1
2.400409836065574	1480	1
2.4290601092896176	4790	1
2.44775956284153	4978	1
2.5599344262295083	4158	1
2.594349726775956	9734	1
2.6128907103825134	538	1
2.6372677595628415	9867	1
2.676158469945355	9501	1
2.7959071038251366	4705	1
2.823644808743169	2252	1
2.838617486338798	7807	1
2.839830601092896	1004	1
2.8439071038251367	1350	1
2.9121475409836064	2585	1
2.9283770491803276	4150	1
2.976398907103825	1585	1
3.0692185792349727	1549	1
3.0743278688524587	8307	1
3.094081967213115	5597	1
3.102207650273224	4823	1
3.115502732240437	4741	1
3.256743169398907	6818	1
3.288551912568306	3681	1
3.30672131147541	3469	1
3.329907103825137	2711	1
3.383983606557377	4913	1
3.4207759562841527	8509	1
3.45955737704918	3869	1
3.4681967213114753	5973	1
3.4969562841530055	3122	1
3.5641420765027325	8522	1
3.6470273224043717	3834	1
3.657153005464481	1993	1
3.75103825136612	6458	1
3.78127868852459	1985	1
3.797792349726776	1580	1
3.8074535519125683	5160	1
3.811109289617486	4613	1
3.891661202185792	449	1
3.9215683060109288	7443	1
3.959863387978142	3163	1
3.9958087431693987	3711	1
4.259606557377049	8930	1
4.3949890710382515	8739	1
4.422382513661202	2752	1
4.423032786885246	2532	1
4.50579781420765	8627	1
4.5340765027322405	5302	1
4.588448087431694	5767	1
4.5911912568306015	9504	1
4.637153005464481	3461	1
4.692081967213115	6945	1
4.693327868852459	7923	1
4.695065573770492	4663	1
4.738628415300546	4420	1
4.751628415300546	1022	1
4.7725956284153	990	1
4.85287431693989	1627	1
4.91903825136612	8479	1
4.929584699453552	6497	1
5.006087431693989	6890	1
5.116136612021858	7374	1
5.1295956284153	5991	1
5.130251366120219	665	1
5.1309289617486336	757	1
5.158693989071038	944	1
5.159420765027322	7430	1
5.320737704918033	3380	1
5.341644808743169	2363	1
5.38187431693989	2257	1
5.396540983606557	2803	1
5.421010928961749	7302	1
5.453994535519126	8159	1
5.4731147540983605	5613	1
5.55103825136612	4713	1
5.579836065573771	3294	1
5.605737704918033	3655	1
5.676666666666667	2030	1
5.7901639344262295	6013	1
5.806612021857923	6644	1
5.806939890710382	1997	1
5.8444808743169405	8795	1
5.860218579234973	4088	1
5.870928961748634	8573	1
5.92327868852459	2172	1
6.033442622950819	3124	1
6.03808743169399	7178	1
6.060382513661202	3168	1
6.082513661202186	6841	1
6.11775956284153	3665	1
6.131420765027322	1456	1
6.173551912568306	8308	1
6.175519125683061	4044	1
6.181803278688524	6705	1
6.188524590163935	3752	1
6.199890710382514	1758	1
6.245464480874317	2343	1
6.247540983606558	9664	1
6.310983606557377	9126	1
6.420710382513661	3844	1
6.432950819672131	566	1
6.4607103825136605	4975	1
6.461693989071038	3387	1
6.4918579234972675	9509	0
6.495409836065574	6264	1
6.511311475409836	8657	1
6.532021857923497	2707	1
6.533005464480874	7541	1
6.578142076502732	9746	1
6.750928961748634	5444	1
6.760491803278688	4629	1
6.858524590163935	7492	1
6.8880874316939895	8760	1
6.907540983606558	8687	1
6.94464480874317	5570	1
6.947650273224044	2847	1
6.972513661202186	5796	1
7.051420765027323	1639	1
7.073060109289618	8373	1
7.074590163934426	7100	1
7.098852459016393	7883	1
7.110218579234973	2357	1
7.153224043715847	5110	1
7.154043715846995	1950	1
7.27568306010929	3741	1
7.383497267759562	6454	1
7.411748633879781	8764	1
7.422349726775956	7272	1
7.434644808743169	9122	1
7.45655737704918	173	1
7.541092896174863	6489	1
7.545628415300546	9741	1
7.546612021857923	9971	1
7.54879781420765	3887	1
7.6488524590163935	8428	1
7.664098360655737	7947	1
7.671311475409836	6353	1
7.680273224043716	1089	1
7.691967213114754	800	1
7.704207650273224	1167	1
7.742786885245901	9375	1
7.754043715846994	5605	1
7.770218579234973	3475	1
7.844808743169399	2162	1
7.873387978142077	3135	1
7.922021857923497	1875	1
7.952677595628415	6864	1
7.971475409836065	1588	1
7.980437158469945	9211	1
8.176775956284153	4719	1
8.218633879781422	6415	1
8.349562841530055	270	1
8.355300546448088	6446	1
8.390601092896175	9551	1
8.394426229508197	2993	1
8.435027322404371	4968	1
8.498251366120218	2164	1
8.503989071038252	9927	1
8.574371584699453	7610	1
8.62377049180328	3306	1
8.715081967213115	7591	1
8.74	367	1
8.753387978142076	9384	1
8.77327868852459	7755	1
8.826502732240437	5034	1
8.849071038251367	5089	1
8.856994535519124	2283	1
8.864644808743169	3390	1
8.912349726775956	6927	1
8.947650273224042	5086	1
8.960054644808743	2910	1
8.992513661202185	2396	1
9.03415300546448	9339	1
9.03431693989071	2997	1
9.039562841530055	5745	1
9.060437158469945	298	1
9.08775956284153	5995	1
9.138579234972678	3093	1
9.179016393442623	4988	1
9.19846994535519	3257	1
9.259180327868851	9265	1
9.284535519125683	9394	1
9.341420765027323	7723	1
9.362568306010928	1610	1
9.368743169398908	5758	1
9.405191256830602	4990	1
9.420546448087432	1844	1
9.425628415300547	7683	1
9.448360655737705	3647	1
9.481311475409836	1524	1
9.507595628415299	8206	1
9.513387978142077	6586	1
9.632349726775956	6150	1
9.634972677595627	7627	1
9.662404371584698	5284	1
9.678032786885245	9706	1
9.68016393442623	5907	1
9.711147540983607	1421	1
9.71174863387978	8917	1
9.715573770491803	1455	1
9.716994535519126	8010	1
9.759125683060109	6199	1
9.796229508196722	4216	1
9.796448087431694	4166	1
9.903060109289617	5122	1
9.933934426229508	9809	1
9.98415300546448	1599	1
9.992349726775956	9693	1
10.012349726775957	6781	1
10.035409836065574	4540	1
10.10103825136612	2288	1
10.140601092896175	6820	1
10.145136612021858	5564	1
10.150765027322404	3497	1
10.207759562841531	1092	1
10.229398907103826	4583	1
10.240491803278688	8384	1
10.260546448087432	339	1
10.285027322404371	4504	1
10.288415300546447	9189	1
10.323715846994535	240	1
10.359726775956284	9572	1
10.369890710382514	4703	1
10.371857923497268	684	1
10.4275956284153	2789	1
10.55136612021858	9306	1
10.574098360655737	3333	1
10.602732240437158	671	1
10.6427868852459	9880	1
10.72568306010929	3114	1
10.72912568306011	9269	1
10.806010928961749	5583	1
10.810327868852458	1054	1
10.878306010928961	5555	1
10.944863387978142	9699	1
11.031803278688525	0	1
11.041475409836064	9866	1
11.070983606557377	8965	1
11.079945355191256	7948	1
11.083606557377049	6469	1
11.092349726775957	704	1
11.09896174863388	8661	1
11.100601092896175	7832	1
11.114699453551912	7839	1
11.116994535519126	4295	1
11.139672131147542	8603	1
11.143114754098361	556	1
11.151748633879782	9199	1
11.183715846994536	204	1
11.1951912568306	4249	1
11.226284153005464	9000	1
11.2275956284153	4111	1
11.228251366120217	7995	0
11.249071038251367	5502	1
11.27224043715847	3292	1
11.273661202185792	203	1
11.287923497267759	1537	1
11.289508196721311	3638	1
11.299508196721312	3012	1
11.30120218579235	5545	1
11.320273224043717	3033	1
11.32032786885246	536	1
11.328087431693989	4981	1
11.33863387978142	3828	1
11.339289617486338	4461	1
11.351202185792351	6094	1
11.366939890710382	4900	1
11.367049180327868	2317	1
11.372295081967213	9129	1
11.37273224043716	8504	1
11.372786885245901	3640	1
11.38622950819672	9166	1
11.390437158469945	5231	1
11.409016393442624	4746	1
11.409726775956285	2685	1
11.440437158469946	8029	1
11.45049180327869	5210	1
11.462786885245901	6049	1
11.496120218579234	5039	1
11.507540983606557	1045	1
11.521639344262294	5184	1
11.521748633879781	9828	1
11.549508196721312	4623	1
11.557431693989072	1944	1
11.578251366120218	5155	1
11.582568306010929	1264	1
11.58344262295082	1484	1
11.59448087431694	9721	1
11.613060109289618	723	1
11.65103825136612	2397	1
11.655683060109288	4662	1
11.660491803278688	4334	1
11.667868852459018	828	1
11.686994535519124	3192	1
11.69967213114754	7140	1
11.711038251366121	6904	1
11.711092896174863	9818	1
11.722295081967212	3626	1
11.744754098360655	4936	1
11.753333333333332	5159	1
11.78704918032787	1133	1
11.79912568306011	6450	1
11.814153005464481	9367	1
11.814371584699453	8702	1
11.833387978142076	8959	1
11.855573770491802	2001	1
11.884207650273224	6003	1
11.884699453551914	121	1
11.888852459016395	176	1
11.893333333333334	4903	1
11.895901639344263	5593	1
11.898961748633878	6611	1
11.9027868852459	4422	1
11.913060109289619	520	1
11.92087431693989	2999	1
11.92120218579235	7978	1
11.92224043715847	2284	1
11.926010928961748	9919	1
11.93065573770492	1773	1
11.948907103825137	7123	1
11.961420765027322	469	1
11.981092896174864	5218	1
11.991420765027323	7228	1
12.010109289617487	9965	1
12.01344262295082	6657	1
12.02311475409836	1371	1
12.031967213114754	8957	1
12.0475956284153	6785	1
12.052950819672132	2807	1
12.07448087431694	2684	1
12.092841530054645	59	1
12.098688524590164	6175	1
12.106229508196721	4960	1
12.110601092896173	1696	1
12.143169398907103	9432	1
12.150874316939891	5305	1
12.162295081967212	697	1
12.189890710382514	1443	1
12.210163934426228	3298	1
12.213879781420765	2295	1
12.215464480874317	7933	1
12.240491803278688	4390	1
12.256338797814207	2686	1
12.260054644808744	3428	1
12.270983606557378	1597	1
12.279180327868852	5408	1
12.292240437158469	6467	1
12.294316939890711	6231	1
12.30704918032787	3594	1
12.319398907103825	3430	1
12.325628415300546	7689	1
12.347868852459017	7976	1
12.36169398907104	9134	1
12.370327868852458	8726	1
12.375628415300547	4531	1
12.376174863387977	4852	1
12.440546448087431	982	1
12.442841530054645	1542	1
12.463387978142075	1692	1
12.476830601092896	5256	1
12.477486338797815	9443	1
12.481147540983606	7988	1
12.491475409836065	363	1
12.50710382513661	5001	1
12.51568306010929	2886	1
12.51775956284153	82	1
12.522841530054645	7698	1
12.523715846994534	5624	1
12.526120218579235	3421	1
12.531202185792349	6258	1
12.532786885245901	3488	1
12.533879781420763	9580	1
12.553715846994535	2309	1
12.57726775956284	3652	1
12.583661202185791	7588	1
12.598415300546447	1040	1
12.615245901639344	5439	1
12.624207650273224	4737	1
12.638360655737706	3396	1
12.642404371584698	8776	1
12.659508196721312	1127	1
12.686612021857924	6717	1
12.708524590163934	1718	1
12.717322404371584	4725	1
12.719016393442622	6817	1
12.738743169398907	3575	1
12.751475409836065	947	1
12.752021857923499	1678	1
12.778524590163935	1204	1
12.80153005464481	7214	1
12.806174863387977	8256	1
12.827650273224044	9584	1
12.846502732240438	7431	1
12.861803278688523	7269	1
12.86224043715847	4917	1
12.864754098360656	2459	1
12.865628415300545	3336	1
12.871147540983607	4881	1
12.894699453551913	6218	1
12.919234972677595	4959	1
12.924371584699452	1707	1
12.931967213114753	8710	1
12.936174863387977	7361	1
12.940601092896173	6211	1
12.940928961748632	8937	1
12.944371584699454	4027	1
12.959125683060108	4897	1
12.974590163934426	6999	1
12.982185792349727	9563	1
12.98775956284153	9517	1
12.996229508196722	2983	1
13.016994535519126	2796	1
13.03846994535519	3212	1
13.055901639344263	8664	1
13.062349726775956	8997	1
13.070273224043717	4285	1
13.083005464480873	1709	1
13.08398907103825	6057	1
13.139890710382515	7810	1
13.142732240437157	5449	1
13.195027322404371	1291	1
13.197377049180329	6821	1
13.198579234972676	2774	1
13.202786885245903	1119	1
13.212240437158469	3493	1
13.281639344262295	9897	1
13.282240437158471	5806	1
13.300218579234972	2805	1
13.307377049180328	6842	1
13.307814207650274	3191	1
13.317322404371584	7447	1
13.377158469945355	1124	1
13.377814207650273	9415	1
13.3851912568306	4794	1
13.41054644808743	4123	1
13.412349726775956	2653	1
13.448032786885246	8048	1
13.453169398907104	9844	1
13.462786885245901	2124	1
13.472021857923497	2792	1
13.538524590163934	6896	1
13.552349726775956	3278	1
13.576666666666666	3561	1
13.579508196721312	3804	1
13.586502732240438	4914	1
13.596775956284153	5301	1
13.636174863387977	8911	1
13.648196721311475	7626	1
13.65016393442623	9029	1
13.663551912568305	5205	1
13.67448087431694	1215	1
13.71535519125683	2064	1
13.731693989071037	5527	1
13.744535519125684	7264	1
13.755737704918033	9246	1
13.810655737704918	4869	1
13.812950819672132	7238	1
13.828251366120218	844	1
13.829398907103824	299	1
13.846502732240436	6245	1
13.861639344262294	6887	1
13.862185792349726	1649	1
13.86415300546448	2380	1
13.884535519125683	6011	1
13.901857923497266	8536	1
13.932185792349726	9792	1
13.942295081967213	5980	1
13.9524043715847	7802	1
13.955409836065574	1622	1
13.98415300546448	8247	1
13.990054644808744	4738	1
14.014262295081968	9097	1
14.032404371584699	1680	1
14.063224043715847	7373	1
14.071311475409836	9463	1
14.094972677595628	8330	1
14.1	6372	1
14.120054644808743	9051	1
14.167540983606557	6505	1
14.199453551912569	2213	1
14.21792349726776	7337	1
14.23103825136612	2848	1
14.244207650273225	614	1
14.255792349726775	8437	1
14.266448087431694	6584	1
14.311256830601092	4797	1
14.318852459016394	3143	1
14.322786885245902	9274	1
14.352131147540984	1486	1
14.371693989071037	7328	1
14.377650273224043	9673	1
14.402568306010929	752	1
14.41863387978142	8511	1
14.436120218579235	6475	1
14.449180327868852	9111	1
14.451857923497267	3512	1
14.466994535519126	5802	1
14.478251366120219	6773	1
14.48950819672131	5711	1
14.490382513661203	6026	1
14.50120218579235	351	1
14.529453551912567	4067	1
14.540109289617487	6625	1
14.552513661202186	7478	1
14.566939890710383	3277	1
14.589781420765027	1910	1
14.602950819672131	3121	1
14.607650273224042	2580	1
14.613606557377048	5453	1
14.628907103825137	3326	1
14.653278688524589	4883	1
14.662786885245902	3501	1
14.692677595628416	6702	1
14.69360655737705	8765	1
14.700054644808743	374	1
14.720819672131148	6342	1
14.72606557377049	6759	1
14.730710382513662	1270	1
14.742513661202185	1262	1
14.745027322404372	579	1
14.748196721311476	4477	1
14.754098360655737	6605	1
14.800546448087433	3132	1
14.802513661202186	5673	1
14.826666666666666	5399	1
14.839672131147541	9187	1
14.84344262295082	6098	1
14.87191256830601	6965	1
14.894590163934426	7131	1
14.900546448087432	4073	1
14.904262295081965	9356	1
14.931256830601093	9178	1
14.947650273224042	3733	1
14.960327868852458	7649	1
14.977158469945355	7705	1
14.985628415300546	6843	1
14.992677595628415	7388	1
14.998688524590163	895	1
15.002896174863388	868	1
15.02535519125683	7732	1
15.046120218579235	4086	1
15.064371584699453	4831	1
15.077923497267758	3769	1
15.08120218579235	2045	1
15.086775956284152	6361	1
15.099508196721311	9895	1
15.115573770491801	6237	1
15.121857923497267	7998	1
15.12846994535519	8135	1
15.133333333333333	5818	1
15.147978142076502	7014	1
15.195464480874318	5055	1
15.211584699453551	9729	1
15.222513661202186	7449	1
15.22448087431694	3204	1
15.226448087431693	5330	1
15.24617486338798	4723	1
15.258469945355191	2371	1
15.322950819672132	1306	1
15.3351912568306	3668	1
15.345956284153004	2571	1
15.354644808743169	7675	1
15.378852459016393	3068	1
15.386830601092896	9214	1
15.410601092896176	2615	1
15.435027322404371	6027	1
15.447978142076503	4768	1
15.45016393442623	448	1
15.462185792349727	6261	1
15.47808743169399	8935	1
15.481366120218578	4386	1
15.497978142076501	1202	1
15.499398907103826	7379	1
15.500983606557377	6934	1
15.501366120218579	8898	1
15.50327868852459	8646	1
15.53928961748634	2821	1
15.542622950819672	615	1
15.544262295081966	317	1
15.597814207650273	6698	1
15.634699453551914	899	1
15.648907103825136	131	1
15.660327868852459	6076	1
15.672896174863387	6989	1
15.681311475409837	879	1
15.685846994535519	5470	1
15.713879781420765	4765	1
15.722349726775956	6914	1
15.725628415300545	2188	1
15.732295081967212	4616	1
15.758032786885245	255	1
15.788415300546447	5492	1
15.79551912568306	9616	1
15.799562841530054	5598	1
15.824371584699454	5529	1
15.869016393442623	9235	1
15.890819672131148	155	1
15.923169398907103	9251	1
15.938852459016392	5652	1
15.981530054644809	7835	1
16.001366120218577	7036	1
16.0531693989071	7729	1
16.058142076502733	2205	1
16.062513661202185	847	1
16.07650273224044	427	1
16.082185792349726	4649	1
16.09928961748634	8392	1
16.104426229508196	9657	1
16.110054644808745	7322	1
16.134426229508197	7783	1
16.155573770491802	1893	1
16.156174863387978	100	1
16.16524590163934	9958	1
16.172568306010927	1487	1
16.193224043715848	3991	1
16.198852459016393	5015	1
16.23207650273224	6511	1
16.24825136612022	9969	1
16.255300546448087	6504	1
16.260327868852457	7824	1
16.27502732240437	3757	1
16.317158469945355	4337	1
16.37071038251366	7901	1
16.37087431693989	2004	1
16.382185792349727	6992	1
16.396830601092898	5931	1
16.475464480874315	1277	1
16.50256830601093	9806	1
16.509071038251367	6833	1
16.50928961748634	3305	1
16.51754098360656	3553	1
16.5196174863388	2196	1
16.529672131147542	5164	1
16.541475409836064	5741	1
16.567486338797814	619	1
16.587540983606555	6980	1
16.593606557377047	6397	1
16.614207650273222	5132	1
16.626284153005464	717	1
16.674535519125683	1631	1
16.693387978142077	7633	1
16.69743169398907	2419	1
16.704426229508197	7043	1
16.706830601092896	9540	1
16.71032786885246	4861	1
16.735846994535517	3308	1
16.742349726775956	6213	1
16.75693989071038	6370	1
16.758688524590163	196	1
16.766939890710383	1136	1
16.770273224043716	248	1
16.778524590163936	5644	1
16.783715846994536	8567	1
16.789234972677594	3753	1
16.822185792349725	4652	1
16.823333333333334	2328	1
16.832404371584698	6405	1
16.85054644808743	4343	1
16.85464480874317	8790	1
16.871584699453553	1883	1
16.88639344262295	1558	1
16.917540983606557	6516	1
16.920382513661202	6477	1
16.93688524590164	7965	1
16.94125683060109	1493	1
16.946939890710382	1388	1
16.948852459016393	1103	1
16.975737704918032	6419	1
16.999344262295082	7934	1
17.013934426229508	2930	1
17.02688524590164	4994	1
17.038852459016393	5272	1
17.043387978142075	9224	1
17.05415300546448	7182	1
17.071420765027323	8770	1
17.087650273224043	1614	1
17.12	1362	1
17.14256830601093	7198	1
17.179071038251365	4082	1
17.209234972677592	4475	1
17.249945355191258	1671	1
17.260218579234973	4647	1
17.26792349726776	5715	1
17.270000000000003	6127	1
17.27737704918033	8897	1
17.27885245901639	8270	1
17.3175956284153	4358	1
17.321366120218578	119	1
17.322295081967212	1672	1
17.333333333333332	5146	1
17.335081967213114	6247	1
17.335683060109286	6290	1
17.356229508196723	9774	1
17.356229508196723	4597	1
17.365136612021857	5192	1
17.36934426229508	6979	1
17.369999999999997	3321	1
17.394098360655736	9345	1
17.39693989071038	7333	1
17.398142076502733	6417	1
17.40431693989071	2079	1
17.41912568306011	2429	1
17.434590163934423	404	1
17.4424043715847	2351	1
17.44950819672131	7870	1
17.453442622950817	6778	1
17.469890710382515	6184	1
17.470327868852458	389	1
17.473606557377046	4969	1
17.483224043715847	1799	1
17.48726775956284	230	1
17.4948087431694	9467	1
17.50136612021858	3973	1
17.50338797814208	3181	1
17.539016393442623	107	1
17.544754098360656	4109	1
17.55775956284153	4979	1
17.56262295081967	5441	1
17.562677595628415	2488	1
17.564043715846996	6196	1
17.5948087431694	8950	1
17.604371584699454	1663	1
17.617868852459015	2075	1
17.620874316939894	8220	1
17.629234972677594	6146	1
17.656448087431695	5947	1
17.66426229508197	2759	1
17.67081967213115	2695	1
17.689398907103826	2811	1
17.726994535519125	1554	1
17.73142076502732	9749	1
17.744426229508196	4905	1
17.768524590163935	5397	1
17.770382513661204	2469	1
17.780601092896173	3673	1
17.78224043715847	213	1
17.8048087431694	3156	1
17.83224043715847	8538	1
17.85103825136612	6750	1
17.858032786885246	5966	1
17.866666666666667	5656	1
17.86879781420765	5854	1
17.883005464480874	5621	1
17.884098360655734	3924	1
17.892786885245904	5518	1
17.899617486338798	5872	1
17.907486338797813	6998	1
17.90814207650273	5020	1
17.914754098360657	5273	1
17.931475409836064	3059	1
17.934207650273223	5744	1
17.975573770491803	4949	1
18.003278688524592	6246	1
18.00601092896175	3452	1
18.00677595628415	862	1
18.050601092896176	703	1
18.067540983606555	7263	1
18.08327868852459	206	1
18.10551912568306	6526	1
18.153169398907103	8014	1
18.189071038251367	8194	1
18.189071038251367	920	1
18.220109289617486	8066	1
18.235628415300546	7926	1
18.240765027322407	2016	1
18.271311475409835	6579	1
18.27174863387978	5394	1
18.271967213114753	9177	1
18.274590163934427	3420	1
18.279617486338797	8980	1
18.280983606557378	1892	1
18.297759562841527	8926	1
18.312076502732243	1830	1
18.31224043715847	4354	1
18.320601092896176	6273	1
18.327978142076503	9645	1
18.36273224043716	5901	1
18.36983606557377	5521	1
18.387868852459018	9767	1
18.423497267759565	9558	1
18.43950819672131	9885	1
18.453169398907104	6768	1
18.47704918032787	9542	1
18.48377049180328	3479	1
18.50535519125683	7552	1
18.514207650273224	4489	1
18.51945355191257	3827	1
18.557978142076504	8585	1
18.558961748633877	7915	1
18.560382513661203	1020	1
18.589071038251365	4017	1
18.620218579234972	7631	1
18.68103825136612	4247	1
18.68579234972678	3038	1
18.689180327868854	7570	1
18.690218579234973	5053	1
18.700163934426232	4242	1
18.70415300546448	9174	1
18.709836065573768	7550	1
18.7120218579235	4277	1
18.72032786885246	8295	1
18.738688524590163	9162	1
18.744207650273225	9921	1
18.74568306010929	4347	1
18.748524590163935	8910	1
18.787814207650275	7331	1
18.78934426229508	8966	1
18.789945355191257	5323	1
18.822021857923495	8630	1
18.84693989071038	2148	1
18.85081967213115	2297	1
18.853934426229507	4907	1
18.854590163934425	4024	1
18.869234972677592	3443	1
18.88688524590164	4418	1
18.890928961748635	5975	1
18.909071038251366	7731	1
18.988087431693987	3149	1
18.9972131147541	8339	1
19.02879781420765	435	1
19.041475409836064	8797	1
19.063387978142078	531	1
19.066448087431695	6356	1
19.070765027322405	9426	1
19.07448087431694	7420	1
19.080327868852457	5299	1
19.12234972677596	7528	1
19.12672131147541	8250	1
19.129071038251368	1000	1
19.130109289617486	8544	1
19.130928961748634	4957	1
19.139945355191255	8582	1
19.189234972677596	2749	1
19.19311475409836	2688	1
19.212677595628417	9532	1
19.22792349726776	4555	1
19.242349726775956	5157	1
19.25081967213115	9613	1
19.27693989071038	6987	1
19.31901639344262	9939	1
19.335956284153006	5342	1
19.344316939890707	5499	1
19.380109289617486	929	1
19.382131147540985	812	1
19.384754098360656	8184	1
19.393551912568306	1112	1
19.395136612021858	7217	1
19.40590163934426	2289	1
19.422513661202185	1298	1
19.439781420765026	4816	1
19.445300546448088	2618	1
19.449945355191254	6879	1
19.455628415300545	3796	1
19.45617486338798	3484	1
19.463114754098363	5443	1
19.46426229508197	9259	1
19.471639344262297	3147	1
19.486775956284152	5899	1
19.503770491803277	9461	1
19.517213114754096	5010	1
19.527213114754097	7211	1
19.55344262295082	5955	1
19.55409836065574	4376	1
19.5924043715847	1189	1
19.59415300546448	589	1
19.603387978142077	8442	1
19.61065573770492	4246	1
19.63229508196721	9144	1
19.64688524590164	1594	1
19.658907103825136	7104	1
19.670765027322403	2259	1
19.691693989071037	2527	1
19.713333333333335	3083	1
19.71551912568306	9913	1
19.728743169398907	4850	1
19.7331693989071	625	1
19.76158469945355	4922	1
19.771311475409835	4161	1
19.773442622950817	1888	1
19.774808743169398	142	1
19.790765027322404	5967	1
19.796502732240437	1523	1
19.811748633879784	2048	1
19.843278688524588	4179	1
19.858032786885246	6565	1
19.867814207650273	5448	1
19.879071038251364	123	1
19.880054644808745	8753	1
19.884098360655738	9439	1
19.89650273224044	3786	1
19.90546448087432	8874	1
19.944918032786887	2199	1
19.946284153005465	2717	1
19.953497267759563	1199	1
19.97191256830601	6719	1
19.997868852459014	3653	1
20.026939890710384	1926	1
20.029781420765026	5297	1
20.051803278688524	8832	1
20.073497267759564	1379	1
20.07464480874317	9499	1
20.07928961748634	1826	1
20.0872131147541	7742	1
20.101967213114754	2679	1
20.108251366120218	8492	1
20.109726775956286	5832	1
20.185792349726775	2044	1
20.198579234972676	3866	1
20.200218579234974	7925	1
20.211475409836066	5105	1
20.21486338797814	9829	1
20.233278688524592	2989	1
20.236010928961747	7428	1
20.245573770491806	8945	1
20.24606557377049	2470	1
20.27049180327869	8342	1
20.271311475409835	1375	1
20.28010928961749	568	1
20.288743169398906	7457	1
20.29830601092896	9453	1
20.31584699453552	6275	1
20.326065573770492	7516	1
20.33256830601093	5266	1
20.338251366120218	3249	1
20.35934426229508	7706	1
20.367267759562843	4000	1
20.398415300546446	7477	1
20.421693989071038	1711	1
20.437049180327868	2644	1
20.437377049180327	1959	1
20.450273224043716	8786	1
20.460983606557377	55	1
20.46890710382514	4149	1
20.485901639344263	7747	1
20.488688524590163	8660	1
20.509453551912568	2755	1
20.516994535519125	9549	1
20.531803278688525	257	1
20.560546448087432	8826	1
20.586666666666666	2976	1
20.592677595628412	950	1
20.606830601092895	1226	1
20.612677595628416	4314	1
20.625464480874317	5196	1
20.6424043715847	9074	1
20.651639344262296	223	1
20.654699453551913	8175	1
20.680710382513663	741	1
20.69743169398907	2903	1
20.712185792349725	4427	1
20.73103825136612	6230	1
20.769016393442623	2620	1
20.803989071038252	1732	1
20.819836065573767	8095	1
20.822131147540983	9712	1
20.853005464480873	8217	1
20.902677595628415	9715	1
20.922841530054644	3526	1
20.948579234972676	9147	1
20.953442622950817	6863	1
20.957923497267757	3324	1
20.96207650273224	9785	1
20.988688524590163	4378	1
20.996830601092896	3072	1
21.00153005464481	1357	1
21.020437158469946	7661	1
21.02885245901639	1078	1
21.044972677595627	9468	1
21.068852459016394	3684	1
21.07071038251366	1584	1
21.076666666666668	7795	1
21.10497267759563	1989	1
21.10639344262295	2605	1
21.117650273224044	638	1
21.12327868852459	9371	1
21.13770491803279	3343	1
21.15054644808743	8211	1
21.165027322404374	9260	1
21.167158469945353	8545	1
21.19890710382514	5970	1
21.228415300546448	6224	1
21.230819672131148	7274	1
21.23502732240437	53	1
21.237814207650274	9911	1
21.28333333333333	5735	1
21.294426229508197	5242	1
21.300819672131148	6238	1
21.30256830601093	9991	1
21.309781420765027	7867	1
21.32846994535519	9484	1
21.351857923497267	7429	1
21.355846994535522	7082	1
21.39639344262295	4031	1
21.39879781420765	193	1
21.40229508196721	5217	1
21.40551912568306	1590	1
21.44497267759563	9610	1
21.484754098360657	7158	1
21.48748633879781	7855	1
21.504699453551915	4059	1
21.527540983606556	7857	1
21.549344262295083	81	1
21.556557377049177	2479	1
21.561693989071035	4550	1
21.56896174863388	2735	1
21.576666666666668	1646	1
21.595901639344262	710	1
21.616174863387975	3296	1
21.618142076502732	3372	1
21.62814207650273	1782	1
21.639945355191255	7241	1
21.676229508196723	3160	1
21.676448087431694	6876	1
21.700109289617487	6903	1
21.710546448087435	1131	1
21.711475409836066	5956	1
21.75704918032787	5400	1
21.761693989071038	6924	1
21.76584699453552	2846	1
21.79693989071038	6212	1
21.804699453551915	6798	1
21.81136612021858	6671	1
21.819016393442624	7642	1
21.83726775956284	8920	1
21.839125683060107	399	1
21.862568306010928	8922	1
21.87431693989071	7339	1
21.880273224043712	6557	1
21.891475409836065	4520	1
21.90344262295082	5829	1
21.908743169398903	8824	1
21.914972677595628	1017	1
21.939234972677596	9142	1
21.93945355191257	2506	1
21.940218579234973	6756	1
21.97808743169399	3783	1
22.00016393442623	905	1
22.000601092896176	3382	1
22.035409836065575	2990	1
22.049726775956284	8440	1
22.058469945355192	5993	1
22.06672131147541	1470	1
22.099726775956285	537	1
22.125300546448088	6016	1
22.12934426229508	6028	1
22.149945355191257	2493	1
22.162185792349725	9107	1
22.1824043715847	896	1
22.210765027322402	7294	1
22.22469945355191	4458	1
22.234207650273223	2023	1
22.23688524590164	3860	1
22.237213114754095	9373	1
22.296448087431692	3884	1
22.305300546448088	9996	1
22.311147540983608	587	1
22.319180327868853	9508	1
22.323551912568306	6577	1
22.349071038251367	4921	1
22.35568306010929	1564	1
22.369672131147542	1134	1
22.39710382513661	5127	1
22.410655737704918	9871	1
22.42273224043716	8580	1
22.437486338797815	3813	1
22.443169398907106	4985	1
22.454207650273226	6160	1
22.473114754098358	8562	1
22.50967213114754	8486	1
22.528524590163933	5141	1
22.531912568306012	6032	1
22.534153005464482	2024	1
22.575628415300546	9087	1
22.576010928961747	8454	1
22.610273224043716	4674	1
22.620218579234972	4825	1
22.624480874316937	3349	1
22.62540983606557	7872	1
22.64918032786885	1288	1
22.68016393442623	2780	1
22.682349726775957	5651	1
22.686994535519123	9794	1
22.7103825136612	2000	1
22.71360655737705	1168	1
22.715792349726776	1828	1
22.71688524590164	7692	1
22.726994535519125	5227	1
22.74398907103825	8856	1
22.791038251366118	4939	1
22.806120218579235	5764	1
22.81327868852459	5537	1
22.82431693989071	2022	1
22.837049180327867	3885	1
22.86136612021858	8409	1
22.865683060109287	4610	1
22.910109289617484	9526	1
22.916557377049177	2769	1
22.93174863387978	3913	1
22.949071038251365	2430	1
22.954863387978143	1941	1
22.961803278688524	3153	1
23.014863387978142	6437	1
23.0179781420765	5270	1
23.019890710382516	8745	1
23.035792349726776	7618	1
23.038961748633877	8140	1
23.045792349726774	3836	1
23.06191256830601	2935	1
23.070054644808742	6506	1
23.07743169398907	4135	1
23.1351912568306	4133	1
23.146393442622948	1924	1
23.149672131147543	3611	1
23.16639344262295	3766	1
23.17743169398907	1908	1
23.17945355191257	6599	1
23.185245901639345	8518	1
23.1896174863388	1700	1
23.236830601092898	4235	1
23.257267759562843	8691	1
23.277267759562843	6498	1
23.281256830601095	3650	1
23.28688524590164	2463	1
23.340109289617484	7489	1
23.34415300546448	5788	1
23.35655737704918	3961	1
23.35775956284153	5920	1
23.364426229508197	4001	1
23.381639344262293	924	1
23.387049180327868	3103	1
23.38825136612022	7370	1
23.391147540983606	7456	1
23.395245901639342	2086	1
23.4103825136612	6545	1
23.427322404371584	4258	1
23.431256830601093	9264	1
23.468579234972676	9903	1
23.473333333333333	5560	1
23.477049180327867	1966	1
23.493333333333332	3082	1
23.49377049180328	9869	1
23.494808743169397	2404	1
23.49584699453552	44	1
23.498579234972677	7093	1
23.52830601092896	7900	1
23.56153005464481	2100	1
23.59863387978142	1548	1
23.611857923497265	8335	1
23.613387978142075	3760	1
23.620109289617485	1364	1
23.634426229508197	4352	1
23.641639344262295	9327	1
23.647650273224045	4288	1
23.64808743169399	7084	1
23.675245901639343	7760	1
23.685081967213115	9847	1
23.737486338797815	6251	1
23.747322404371584	1079	1
23.759890710382514	3152	1
23.763169398907102	9615	1
23.769781420765028	3597	1
23.777377049180327	713	1
23.835573770491802	3951	1
23.856721311475408	5438	1
23.86606557377049	9602	1
23.895683060109288	1245	1
23.91606557377049	6711	1
23.91967213114754	8864	1
23.954590163934427	2669	1
23.96120218579235	9523	1
23.974699453551914	6900	1
23.975683060109287	1170	1
23.977814207650272	7620	1
24.000054644808742	4434	1
24.030437158469944	3959	1
24.052349726775958	6325	1
24.05710382513661	3872	1
24.090218579234975	348	1
24.093606557377047	2547	1
24.111475409836064	6539	1
24.12655737704918	6701	1
24.13393442622951	750	1
24.13398907103825	7556	1
24.149562841530056	2587	1
24.151803278688526	6423	1
24.16207650273224	3605	1
24.16781420765027	371	1
24.172459016393443	6837	1
24.17398907103825	1453	1
24.18071038251366	1820	1
24.19650273224044	923	1
24.2	8589	1
24.20360655737705	4701	1
24.20704918032787	1271	1
24.209234972677596	5584	1
24.21153005464481	9762	1
24.2124043715847	801	1
24.227923497267756	1222	1
24.24349726775956	109	1
24.271857923497265	5628	1
24.27300546448087	4762	1
24.286448087431694	265	1
24.29289617486339	2827	1
24.295464480874315	9137	1
24.29792349726776	6147	1
24.33967213114754	5445	1
24.361366120218577	8388	1
24.39601092896175	2818	1
24.405136612021856	6572	1
24.416502732240435	4226	1
24.422568306010927	5033	1
24.426612021857924	6195	1
24.44934426229508	8704	1
24.450109289617483	4382	1
24.455136612021857	471	1
24.475464480874315	3316	1
24.515464480874318	7209	1
24.55743169398907	4589	1
24.606448087431694	398	1
24.63032786885246	4953	1
24.646775956284152	8461	1
24.651857923497268	2804	1
24.658142076502735	4539	1
24.6651912568306	1552	1
24.691311475409837	6533	1
24.70398907103825	5626	1
24.72174863387978	4779	1
24.745573770491806	2613	1
24.810710382513662	2200	1
24.813551912568304	7028	1
24.81590163934426	294	1
24.819016393442624	3583	1
24.83010928961749	7785	1
24.830437158469945	1734	1
24.85311475409836	5002	1
24.859071038251365	9822	1
24.873333333333335	2093	1
24.92573770491803	9573	1
24.926994535519125	3006	1
24.93087431693989	3547	1
24.94087431693989	3878	1
24.943387978142074	6449	1
24.946338797814207	5645	1
24.94688524590164	4480	1
24.949071038251365	1069	1
24.950273224043716	1109	1
24.955081967213115	2026	1
24.961530054644808	5531	1
24.968087431693988	4828	1
24.9751912568306	8204	1
24.983005464480875	1414	1
24.983005464480875	6421	1
25.004207650273223	1177	1
25.028743169398908	2639	1
25.041311475409834	9342	1
25.08661202185792	8113	1
25.08661202185792	3896	1
25.09743169398907	1155	1
25.10081967213115	8970	1
25.101693989071038	3120	1
25.109180327868852	9352	1
25.12103825136612	5124	1
25.126229508196722	9593	1
25.13606557377049	5277	1
25.153715846994533	3660	1
25.15863387978142	3014	1
25.159890710382516	7130	1
25.165245901639345	5703	1
25.17655737704918	1748	1
25.181420765027323	2106	1
25.207540983606556	9514	1
25.220546448087433	7235	1
25.224043715846992	9503	1
25.28622950819672	7677	1
25.288852459016393	6086	1
25.294808743169398	5964	1
25.297704918032785	8306	1
25.372841530054647	3572	1
25.379071038251364	8948	1
25.3824043715847	4728	1
25.3872131147541	1278	1
25.387377049180326	8667	1
25.423879781420766	1896	1
25.468306010928963	2933	1
25.485792349726776	9263	1
25.50207650273224	7188	1
25.507322404371585	8143	1
25.54792349726776	5261	1
25.55366120218579	5809	1
25.555956284153005	2451	1
25.57158469945355	8923	1
25.5727868852459	4700	1
25.57601092896175	3947	1
25.578961748633876	2664	1
25.609781420765028	1898	1
25.61633879781421	9707	1
25.618142076502732	5137	1
25.6448087431694	8293	1
25.650819672131146	8359	1
25.655027322404372	6754	1
25.687595628415302	3537	1
25.69606557377049	2510	1
25.744535519125684	7987	1
25.746721311475408	1891	1
25.77311475409836	9347	1
25.777322404371585	1297	1
25.7775956284153	6504	0
25.793333333333333	2591	1
25.841366120218577	4813	1
25.84229508196721	8849	1
25.843879781420764	9031	1
25.85628415300546	9117	1
25.865628415300545	2369	1
25.885245901639344	3615	1
25.899398907103823	8203	1
25.921256830601095	4604	1
25.93398907103825	8228	1
25.96349726775956	4824	1
25.963879781420765	5506	1
26.005519125683062	5594	1
26.008087431693987	7830	1
26.049562841530054	6623	1
26.052732240437155	8967	1
26.054590163934424	3697	1
26.067049180327867	4152	1
26.07224043715847	9646	1
26.09617486338798	5696	1
26.096666666666664	2256	1
26.102732240437156	2498	1
26.103879781420765	6008	1
26.110273224043716	7837	1
26.11262295081967	2013	1
26.163934426229506	9202	1
26.177213114754096	2932	1
26.18677595628415	9634	1
26.18846994535519	1287	1
26.271147540983605	6792	1
26.28502732240437	9608	1
26.32781420765027	8921	1
26.32857923497268	7981	1
26.333169398907103	4200	1
26.33344262295082	7712	1
26.35688524590164	1943	1
26.36300546448087	7691	1
26.394371584699456	4280	1
26.431639344262294	3435	1
26.476775956284154	6850	1
26.533715846994536	6576	1
26.538579234972676	5195	1
26.55087431693989	1330	1
26.585846994535515	418	1
26.59568306010929	6136	1
26.639180327868853	6200	1
26.642841530054643	6387	1
26.652622950819673	7398	1
26.67710382513661	9360	1
26.691584699453553	1077	1
26.700382513661204	3930	1
26.703005464480874	4707	1
26.71672131147541	9330	1
26.72792349726776	5313	1
26.730655737704918	6933	1
26.753770491803277	2066	1
26.77393442622951	6394	1
26.798032786885244	4541	1
26.835573770491806	8310	1
26.859016393442623	7218	1
26.859781420765028	2635	1
26.868688524590162	7797	1
26.922185792349726	5446	1
26.95306010928962	9590	1
26.95617486338798	244	1
26.96054644808743	8608	1
26.99573770491803	9257	1
26.996885245901638	1491	1
27.00169398907104	9159	1
27.0075956284153	8148	1
27.053606557377048	1507	1
27.056994535519124	8671	1
27.109726775956283	4758	1
27.123879781420765	3425	1
27.15098360655738	8024	1
27.16092896174863	4846	1
27.16775956284153	3977	1
27.18655737704918	23	1
27.19568306010929	9474	1
27.21311475409836	5423	1
27.222459016393444	2969	1
27.22590163934426	3117	1
27.242240437158472	6440	1
27.25169398907104	9641	1
27.26464480874317	4580	1
27.271475409836064	9303	1
27.2724043715847	4243	1
27.282131147540984	4761	1
27.284098360655737	5549	1
27.30502732240437	2512	1
27.31568306010929	519	1
27.316448087431695	8261	1
27.361366120218577	5577	1
27.365081967213115	163	1
27.394043715846994	9058	1
27.446502732240436	8017	1
27.44863387978142	3076	1
27.453661202185792	708	1
27.501530054644807	524	1
27.513715846994536	2426	1
27.55781420765027	9890	1
27.563333333333333	5942	1
27.581092896174862	1660	1
27.60032786885246	8743	1
27.60344262295082	2515	1
27.606775956284153	3725	1
27.631967213114756	8114	1
27.65792349726776	8623	1
27.67661202185792	9945	1
27.70464480874317	4106	1
27.714535519125683	4190	1
27.727322404371584	2050	1
27.73256830601093	7990	1
27.733661202185793	5610	1
27.742404371584698	4578	1
27.746284153005465	219	1
27.76502732240437	6204	1
27.76573770491803	5236	1
27.77	7326	1
27.7927868852459	9649	1
27.8420218579235	9716	1
27.857486338797816	1140	1
27.86448087431694	3494	1
27.865792349726778	6926	1
27.867704918032786	2134	1
27.868196721311474	6089	1
27.868907103825137	9500	1
27.884371584699455	7984	1
27.895956284153005	3489	1
27.90382513661202	9711	1
27.932732240437158	7977	1
27.935464480874316	5724	1
27.93677595628415	5080	1
27.936994535519126	9519	1
27.958415300546445	1258	1
27.96464480874317	2125	1
27.992568306010927	7838	1
27.99448087431694	5112	1
28.009672131147543	8604	1
28.030218579234973	3701	1
28.035136612021855	5219	1
28.043224043715846	7174	1
28.05497267759563	651	1
28.058142076502733	7509	1
28.059617486338798	8058	1
28.062021857923497	6910	1
28.065081967213114	2400	1
28.07688524590164	1870	1
28.080491803278687	9862	1
28.08087431693989	5014	1
28.08344262295082	6109	1
28.08978142076503	8780	1
28.097704918032786	8483	1
28.10049180327869	1386	1
28.11655737704918	5283	1
28.128688524590164	5379	1
28.1579781420765	5694	1
28.170382513661202	2713	1
28.170765027322403	8356	1
28.209398907103825	1431	1
28.211857923497266	9955	1
28.214480874316937	8415	1
28.25016393442623	8685	1
28.250546448087434	3992	1
28.267704918032788	4560	1
28.27562841530055	8283	1
28.276939890710384	9941	1
28.29775956284153	9957	1
28.318743169398907	2180	1
28.347540983606557	2543	1
28.358142076502734	6709	1
28.35896174863388	6025	1
28.370491803278686	6528	1
28.38672131147541	6789	1
28.393387978142076	9028	1
28.41502732240437	3005	1
28.44404371584699	5121	1
28.446502732240436	5727	1
28.45191256830601	3877	1
28.498196721311476	9568	1
28.51071038251366	5265	1
28.512240437158468	7724	1
28.51644808743169	2019	1
28.52	1905	1
28.539945355191257	5416	1
28.546448087431695	8123	1
28.553005464480872	7495	1
28.560655737704916	6465	1
28.5875956284153	2160	1
28.58792349726776	6324	1
28.59743169398907	3045	1
28.606448087431694	5348	1
28.61207650273224	5882	1
28.615027322404373	1057	1
28.62573770491803	6435	1
28.631475409836064	7187	1
28.636612021857925	4392	1
28.64032786885246	4112	1
28.663606557377047	1050	1
28.668032786885245	3659	1
28.67584699453552	5632	1
28.68486338797814	3978	1
28.68655737704918	4279	1
28.711256830601094	1911	1
28.7127868852459	8195	1
28.73551912568306	5661	1
28.756994535519127	5885	1
28.763770491803278	7561	1
28.819125683060108	5279	1
28.82846994535519	4113	1
28.874371584699453	7784	1
28.874754098360654	6609	1
28.911639344262294	5999	1
28.927431693989067	4807	1
28.94311475409836	4948	1
28.943989071038253	8987	1
28.947704918032787	506	1
28.953879781420763	7772	1
28.961311475409836	871	1
28.982021857923495	9015	1
28.990765027322404	3943	1
29.03934426229508	3510	1
29.04005464480874	3260	1
29.045464480874315	863	1
29.057650273224045	3821	1
29.076338797814206	2668	1
29.156065573770494	6544	1
29.17863387978142	4543	1
29.196174863387977	7638	1
29.201967213114752	7072	1
29.23748633879781	7396	1
29.271475409836064	4454	1
29.28743169398907	8452	1
29.303715846994535	6862	1
29.333005464480873	3185	1
29.340765027322405	7319	1
29.373333333333335	745	1
29.392622950819675	9047	1
29.415573770491804	2146	1
29.41743169398907	432	1
29.466885245901636	8639	1
29.48136612021858	2181	1
29.485956284153005	4832	1
29.49327868852459	2003	1
29.499453551912566	7828	1
29.505355191256832	9937	1
29.512185792349726	7081	1
29.52295081967213	6779	1
29.527213114754097	4669	1
29.53366120218579	168	1
29.551311475409836	1964	1
29.585464480874315	3585	1
29.614918032786886	2131	1
29.628852459016393	3966	1
29.65153005464481	4368	1
29.656174863387978	8079	1
29.728415300546448	679	1
29.764426229508196	7300	1
29.783387978142077	3635	1
29.806557377049177	8225	1
29.81945355191257	4982	1
29.824863387978144	1626	1
29.845737704918033	719	1
29.87431693989071	9366	1
29.876994535519124	3919	1
29.90896174863388	1690	1
29.94256830601093	5878	1
29.968524590163934	8491	1
29.974590163934426	7576	1
29.989617486338798	2507	1
30.042185792349724	1123	1
30.050491803278685	5634	1
30.053387978142073	4596	1
30.061857923497268	5627	1
30.063278688524587	4147	1
30.067814207650272	3268	1
30.07879781420765	6502	1
30.139125683060108	8740	1
30.14497267759563	4554	1
30.1479781420765	9603	1
30.185300546448087	7015	1
30.19945355191257	5469	1
30.200273224043716	6226	1
30.20568306010929	1532	1
30.213934426229507	4950	1
30.215792349726776	6732	1
30.22546448087432	7852	1
30.230601092896176	8368	1
30.260109289617485	455	1
30.27792349726776	7542	1
30.289180327868852	8713	1
30.297431693989072	3251	1
30.306612021857923	1418	1
30.326612021857922	4937	1
30.351693989071038	6341	1
30.36672131147541	1353	1
30.399617486338798	3491	1
30.403715846994537	8749	1
30.421639344262296	7973	1
30.42644808743169	1036	1
30.45245901639344	5504	1
30.454918032786882	1055	1
30.46049180327869	9470	1
30.463606557377048	6337	1
30.466994535519127	2593	1
30.481147540983603	1851	1
30.482131147540983	8443	1
30.48912568306011	4036	1
30.49535519125683	5329	1
30.51027322404372	1656	1
30.52327868852459	8887	1
30.52677595628415	9409	1
30.54590163934426	6482	1
30.561202185792347	8952	1
30.562841530054644	5208	1
30.568688524590165	1740	1
30.572349726775958	9171	1
30.580928961748633	9150	1
30.587213114754096	8253	1
30.603879781420765	3856	1
30.607650273224042	3624	1
30.61382513661202	8294	1
30.64207650273224	1014	1
30.701803278688523	8962	1
30.712459016393442	3357	1
30.724535519125684	3897	1
30.737158469945356	419	1
30.753224043715846	7512	1
30.76	6019	1
30.770546448087433	9197	1
30.798415300546445	2736	1
30.819180327868853	6512	1
30.84863387978142	6948	1
30.87775956284153	4867	1
30.884590163934426	5599	1
30.947540983606554	4781	1
30.966393442622948	4653	1
30.973169398907103	3094	1
30.974098360655738	561	1
30.977322404371584	581	1
30.98049180327869	9687	1
30.986338797814206	4507	1
30.991420765027325	880	1
31.005136612021857	8132	1
31.007322404371585	6712	1
31.018251366120218	7059	1
31.018907103825136	5363	1
31.027431693989072	6530	1
31.027486338797814	4219	1
31.049180327868854	4411	1
31.06950819672131	2466	1
31.073715846994535	4463	1
31.075136612021858	5493	1
31.09469945355191	2263	1
31.09928961748634	3628	1
31.104590163934425	1473	1
31.10934426229508	7860	1
31.131857923497268	41	1
31.132349726775956	6737	1
31.13311475409836	9473	1
31.140054644808743	4497	1
31.152295081967214	2272	1
31.155355191256827	9084	1
31.157322404371588	7950	1
31.15814207650273	6051	1
31.172295081967214	7648	1
31.18677595628415	1596	1
31.20262295081967	9776	1
31.20775956284153	8291	1
31.224098360655738	6022	1
31.236502732240435	7678	1
31.26289617486339	6118	1
31.263770491803278	933	1
31.27863387978142	6514	1
31.29601092896175	762	1
31.300983606557377	5442	1
31.316666666666666	4069	1
31.32431693989071	8733	1
31.331639344262296	422	1
31.34486338797814	1939	1
31.370437158469944	4561	1
31.373169398907105	6206	1
31.401803278688522	3174	1
31.4127868852459	1666	1
31.43448087431694	9617	1
31.43606557377049	3588	1
31.47710382513661	9522	1
31.478907103825136	7349	1
31.490218579234973	8648	1
31.50568306010929	2647	1
31.508907103825134	5344	1
31.529999999999998	7381	1
31.538087431693988	5213	1
31.53983606557377	7179	1
31.577540983606557	5708	1
31.610874316939892	6472	1
31.62983606557377	8266	1
31.636338797814208	8100	1
31.640437158469947	4484	1
31.647540983606557	6240	1
31.650163934426228	9446	1
31.65431693989071	3670	1
31.666284153005464	4971	1
31.70398907103825	6330	1
31.707540983606556	7650	1
31.711366120218578	444	1
31.736502732240435	2080	1
31.763715846994536	1496	1
31.76535519125683	5663	1
31.768797814207648	6101	1
31.79562841530055	3692	1
31.80311475409836	2149	1
31.838743169398906	5526	1
31.839617486338796	3011	1
31.85295081967213	4934	1
31.87054644808743	8361	1
31.87743169398907	8669	1
31.888524590163932	9341	1
31.924808743169397	2354	1
31.932131147540986	1174	1
31.936284153005463	279	1
31.939508196721313	4612	1
31.950109289617487	4827	1
31.951147540983605	5952	1
31.96639344262295	2565	1
32.00852459016393	135	1
32.02874316939891	9125	1
32.03590163934426	6993	1
32.04196721311475	7717	1
32.07830601092896	2194	1
32.07972677595628	7714	1
32.09021857923497	5456	1
32.097759562841524	5676	1
32.108306010928956	8418	1
32.11704918032787	2781	1
32.14	3845	1
32.1824043715847	6034	1
32.22677595628415	316	1
32.23693989071038	6689	1
32.24808743169399	98	1
32.27136612021858	388	1
32.30765027322404	454	1
32.30846994535519	8611	1
32.314808743169394	6636	1
32.32322404371585	6243	1
32.32606557377049	4428	1
32.34306010928962	25	1
32.355737704918035	4197	1
32.37196721311475	722	1
32.37950819672131	440	1
32.39147540983606	7690	1
32.407759562841534	7150	1
32.42213114754099	5798	1
32.42256830601093	6488	1
32.42737704918033	5649	1
32.42890710382513	1049	1
32.431748633879785	2650	1
32.43830601092896	1073	1
32.46448087431694	128	1
32.47174863387978	7621	1
32.51644808743169	9183	1
32.51650273224044	5136	1
32.542404371584695	9547	1
32.55939890710383	278	1
32.58502732240437	3706	1
32.588524590163935	7786	1
32.606502732240436	4292	1
32.6179781420765	127	1
32.619562841530055	2851	1
32.62273224043716	3195	1
32.62639344262295	738	1
32.63934426229508	5403	1
32.64808743169399	949	1
32.65448087431694	7899	1
32.657322404371584	683	1
32.686994535519126	2236	1
32.69983606557377	6957	1
32.70606557377049	3540	1
32.719071038251364	663	1
32.727377049180326	3696	1
32.74349726775956	4834	1
32.74448087431694	8469	1
32.75672131147541	846	1
32.77180327868852	1890	1
32.78699453551912	5300	1
32.80010928961749	5503	1
32.809617486338794	211	1
32.81021857923497	9577	1
32.82174863387978	9063	1
32.82344262295082	7615	1
32.82595628415301	9509	1
32.828743169398905	9652	1
32.92808743169399	9900	1
32.96950819672131	6024	1
32.99180327868852	9604	1
33.02907103825137	6743	1
33.0344262295082	6431	1
33.03830601092896	7956	1
33.04	3159	1
33.04939890710382	1787	1
33.06699453551912	8909	1
33.079180327868855	3158	1
33.0848087431694	4970	1
33.09633879781421	3610	1
33.12912568306011	3794	1
33.181311475409835	3456	1
33.19683060109289	8543	1
33.19934426229508	1994	1
33.20021857923497	962	1
33.20994535519126	616	1
33.25715846994535	6905	1
33.28601092896175	6403	1
33.30868852459016	1852	1
33.32770491803279	4661	1
33.376994535519124	8404	1
33.379672131147544	5094	1
33.39475409836066	1494	1
33.42071038251366	8782	1
33.438469945355195	5768	1
33.439945355191256	5281	1
33.47262295081967	4747	1
33.474699453551914	38	1
33.48382513661202	2123	1
33.49071038251366	3162	1
33.495683060109286	2315	1
33.49885245901639	8435	1
33.50486338797814	6078	1
33.514371584699454	5250	1
33.52355191256831	8052	1
33.53207650273224	2427	1
33.536448087431694	3999	1
33.54306010928962	1560	1
33.54409836065574	2864	1
33.54819672131148	5145	1
33.553333333333335	4515	1
33.58562841530055	746	1
33.60103825136612	315	1
33.636338797814204	5336	1
33.64087431693989	8982	1
33.64628415300547	8382	1
33.64726775956284	7030	1
33.65677595628415	3630	1
33.67934426229508	9181	1
33.68677595628415	8153	1
33.68912568306011	3571	1
33.69360655737705	7914	1
33.695573770491805	4415	1
33.719125683060106	8064	1
33.740109289617486	1190	1
33.750546448087434	7710	1
33.76032786885246	9675	1
33.7779781420765	1256	1
33.77994535519125	2350	1
33.795191256830606	7538	1
33.80469945355191	5909	1
33.81415300546448	6835	1
33.81601092896175	4668	1
33.828797814207654	1033	1
33.82901639344262	8197	1
33.833606557377045	2889	1
33.83459016393443	8550	1
33.86868852459016	3366	1
33.88393442622951	92	1
33.91469945355191	8453	1
33.91726775956284	6120	1
33.918907103825134	3202	1
33.92901639344262	8561	1
33.93584699453552	2499	1
33.94224043715847	1955	1
33.97497267759563	5782	1
33.99704918032787	164	1
34.008415300546446	4453	1
34.0220218579235	4002	1
34.026666666666664	9875	1
34.0355737704918	1508	1
34.03770491803279	5716	1
34.038032786885246	7094	1
34.038251366120214	824	1
34.05267759562842	3871	1
34.05573770491803	7733	1
34.06289617486338	7230	1
34.06366120218579	938	1
34.07	5723	1
34.109398907103824	4384	1
34.115409836065574	8379	1
34.12087431693989	2944	1
34.145956284153	3086	1
34.156284153005465	9223	1
34.17601092896175	4222	1
34.19306010928962	7193	1
34.23579234972677	9309	1
34.246830601092896	6681	1
34.248306010928964	345	1
34.25	2031	1
34.26158469945355	6639	1
34.26338797814207	1044	1
34.27338797814208	9420	1
34.27901639344262	5473	1
34.28415300546448	5251	1
34.30366120218579	1464	1
34.38535519125683	1536	1
34.412622950819674	3872	0
34.436994535519126	6991	1
34.45054644808743	1238	1
34.46289617486339	5813	1
34.46819672131148	6949	1
34.48344262295082	7565	1
34.506885245901636	902	1
34.528961748633876	1916	1
34.54846994535519	9450	1
34.56863387978142	9320	1
34.582841530054644	7726	1
34.591912568306014	8938	1
34.6115300546448	5945	1
34.61273224043716	5375	1
34.61978142076503	6748	1
34.62087431693989	4891	1
34.636448087431695	8122	1
34.64513661202186	3773	1
34.65371584699453	6802	1
34.65377049180328	2450	1
34.664863387978144	9667	1
34.672732240437156	9042	1
34.68715846994536	4502	1
34.69420765027323	5728	1
34.70945355191257	7920	1
34.72229508196721	5391	1
34.731202185792355	2657	1
34.73398907103825	8434	1
34.7348087431694	4572	1
34.74595628415301	3748	1
34.75109289617486	7681	1
34.75295081967213	9408	1
34.775300546448086	6888	1
34.7844262295082	3698	1
34.792732240437154	5669	1
34.79765027322404	7330	1
34.80901639344262	8517	1
34.81874316939891	9027	1
34.83114754098361	7791	1
34.83344262295082	9164	1
34.84366120218579	3354	1
34.848579234972675	4016	1
34.856939890710386	7077	1
34.897923497267755	7656	1
34.90672131147541	8684	1
34.942459016393435	3835	1
34.954043715847	5198	1
34.9816393442623	8121	1
34.99245901639344	6209	1
34.99928961748634	1769	1
34.99972677595628	8480	1
34.99983606557377	2370	1
35.02005464480874	836	1
35.02355191256831	5490	1
35.029398907103825	9110	1
35.03901639344262	8651	1
35.05300546448087	496	1
35.08202185792349	2853	1
35.10224043715847	8892	1
35.129672131147544	9188	1
35.13349726775956	5664	1
35.140218579234975	1742	1
35.173060109289615	2927	1
35.17579234972678	8721	1
35.1844262295082	9128	1
35.190983606557374	7603	1
35.19387978142076	8129	1
35.19726775956284	5135	1
35.199016393442626	3218	1
35.199945355191254	521	1
35.215683060109285	3455	1
35.23765027322404	3780	1
35.23857923497268	2017	1
35.2575956284153	1354	1
35.25912568306011	4872	1
35.26836065573771	2395	1
35.27251366120218	894	1
35.28885245901639	6640	1
35.28939890710382	7220	1
35.301092896174865	8470	1
35.32491803278688	2292	1
35.328743169398905	1568	1
35.33715846994536	2203	1
35.35934426229508	7486	1
35.36453551912568	9138	1
35.371366120218575	818	1
35.372513661202184	6343	1
35.381967213114756	4399	1
35.38502732240437	8754	1
35.394699453551915	7952	1
35.40196721311475	7151	1
35.4207650273224	7440	1
35.426065573770494	4853	1
35.44081967213115	6760	1
35.456010928961746	5437	1
35.45803278688524	1191	1
35.46890710382513	8460	1
35.510710382513665	9904	1
35.525628415300545	8835	1
35.52693989071038	2096	1
35.54224043715847	584	1
35.54453551912568	1347	1
35.54459016393442	1704	1
35.56513661202185	4075	1
35.5751912568306	6265	1
35.582841530054644	4310	1
35.584754098360655	6731	1
35.59650273224043	3243	1
35.60147540983607	6772	1
35.614972677595624	7493	1
35.62114754098361	9778	1
35.67262295081967	527	1
35.68382513661202	2542	1
35.68868852459016	36	1
35.697431693989074	3284	1
35.71398907103825	7592	1
35.717650273224045	9710	1
35.727814207650276	9614	1
35.734808743169395	820	1
35.75289617486339	1868	1
35.758087431693994	1816	1
35.77475409836066	1058	1
35.79054644808743	3531	1
35.8075956284153	8831	1
35.848907103825134	2223	1
35.852677595628414	4323	1
35.85355191256831	1074	1
35.875846994535515	9831	1
35.877377049180325	4445	1
35.87830601092896	9146	1
35.88262295081967	9227	1
35.89661202185792	3975	1
35.902404371584694	6591	1
35.90453551912568	5890	1
35.92295081967213	9999	1
35.92300546448087	7390	1
35.925683060109286	9055	1
35.92633879781421	1530	1
35.92726775956284	7779	1
35.94005464480875	6286	1
35.962021857923496	6687	1
35.96562841530055	7910	1
35.970273224043716	955	1
35.98163934426229	76	1
35.99781420765027	8649	1
36.00103825136612	9676	1
36.001584699453545	3776	1
36.007322404371585	2885	1
36.011420765027324	547	1
36.021530054644806	6392	1
36.0220218579235	916	1
36.02590163934426	7258	1
36.027103825136614	856	1
36.02726775956284	2567	1
36.04224043715847	6148	1
36.05464480874317	9033	1
36.101639344262296	2089	1
36.121038251366116	5142	1
36.142404371584696	9674	1
36.15737704918033	7248	1
36.15748633879781	2318	1
36.161803278688524	4468	1
36.20409836065574	7412	1
36.21191256830601	1422	1
36.223333333333336	2376	1
36.23213114754098	2406	1
36.24622950819672	6103	1
36.25568306010929	1322	1
36.256557377049184	261	1
36.25781420765028	5535	1
36.281366120218586	319	1
36.293169398907104	5222	1
36.31174863387978	8360	1
36.31251366120218	5532	1
36.320601092896176	3744	1
36.32136612021858	5771	1
36.32573770491803	2520	1
36.32786885245901	5409	1
36.33530054644809	5615	1
36.339344262295086	3351	1
36.35956284153006	4559	1
36.361639344262294	961	1
36.37420765027322	8933	1
36.4207650273224	6444	1
36.44349726775956	1895	1
36.450710382513655	3646	1
36.506502732240435	8692	1
36.50748633879781	6363	1
36.52994535519126	5090	1
36.55846994535519	4178	1
36.57890710382513	302	1
36.606448087431694	8472	1
36.62349726775956	2690	1
36.623989071038245	8168	1
36.62486338797814	2367	1
36.639289617486334	9793	1
36.6444262295082	2087	1
36.66688524590164	7645	1
36.67098360655738	2553	1
36.68928961748634	4558	1
36.69896174863388	4885	1
36.721420765027325	7017	1
36.74180327868853	8925	1
36.75120218579235	8954	1
36.76267759562841	8860	1
36.77765027322405	6937	1
36.802622950819675	8116	1
36.8075956284153	5116	1
36.82	6271	1
36.844863387978144	7749	1
36.84879781420765	803	1
36.87814207650273	6481	1
36.902950819672135	6763	1
36.914535519125685	9820	1
36.91923497267759	2734	1
36.966830601092894	7279	1
36.968360655737705	7393	1
36.97169398907104	1638	1
36.98524590163934	3574	1
36.9944262295082	7216	1
36.99852459016393	8249	1
37.00595628415301	887	1
37.0103825136612	4050	1
37.01792349726776	7418	1
37.029016393442625	2	1
