0.004170655737704918	3333	1
0.027543661202185793	8859	1
0.04120573770491803	8964	1
0.05965191256830601	9589	1
0.07155245901639344	6240	1
0.08799781420765028	8142	1
0.13286994535519125	3944	1
0.2176497267759563	2810	1
0.2798792349726776	4985	1
0.3050098360655738	29	1
0.376792349726776	4361	1
0.4780983606557377	7021	1
0.4838333333333333	899	1
0.4909071038251366	1556	1
0.5926120218579235	7935	1
0.6329945355191258	9030	1
0.637016393442623	5809	1
0.6613825136612022	563	1
0.6705136612021858	358	1
0.6811967213114754	7433	1
0.6951092896174863	9635	1
0.7069289617486338	22	1
0.708191256830601	9847	1
0.7577322404371584	2721	1
0.7612295081967213	1321	1
0.7693551912568306	9561	1
0.7852513661202186	610	1
0.7952622950819671	3011	1
0.8234098360655737	7170	1
0.8444590163934426	1203	1
0.8482568306010929	5425	1
0.8715409836065574	3720	1
0.9443606557377049	427	1
1.0237595628415301	7728	1
1.065103825136612	7784	1
1.0683224043715847	4219	1
1.0961803278688524	173	1
1.1009234972677595	1591	1
1.1119289617486339	5297	1
1.1176830601092895	5209	1
1.161415300546448	7891	1
1.2277704918032788	2326	1
1.2347923497267759	9945	1
1.2611584699453553	3494	1
1.2620382513661204	2155	1
1.2971475409836064	1343	1
1.348142076502732	3905	1
1.3919071038251365	6736	1
1.4776393442622953	84	1
1.4977213114754098	7149	1
1.5294426229508198	5511	1
1.5519071038251366	2279	1
1.5807704918032786	4790	1
1.5814699453551913	6282	1
1.584448087431694	9553	1
1.6325300546448087	7397	1
1.6566775956284152	7608	1
1.6643333333333332	8882	1
1.7532185792349728	9292	1
1.839726775956284	8392	1
1.8810710382513662	9912	1
1.9889344262295083	2729	1
2.0215792349726778	2770	1
2.062655737704918	6850	1
2.0685081967213117	9179	1
2.0723551912568308	5134	1
2.189841530054645	7552	1
2.2027868852459016	1827	1
2.217688524590164	2682	1
2.2440437158469946	3013	1
2.249989071038251	4805	1
2.2508524590163934	5449	1
2.257726775956284	8416	1
2.282841530054645	1916	1
2.286606557377049	4796	1
2.3337704918032784	8236	1
2.3799125683060107	3321	1
2.384098360655738	6990	1
2.462377049180328	6301	1
2.466863387978142	3945	1
2.482087431693989	9937	1
2.57220218579235	4188	1
2.6131967213114753	4350	1
2.618098360655738	9186	1
2.654803278688525	3313	1
2.6696284153005463	9961	1
2.675142076502732	5024	1
2.7107868852459016	5751	1
2.7577595628415303	3673	1
2.801054644808743	8046	1
2.8207158469945353	9716	1
2.82575956284153	6898	1
2.84279781420765	9756	1
2.869322404371585	5476	1
2.957453551912568	428	1
2.98103825136612	8744	1
2.9888852459016393	3253	1
2.99651912568306	5345	1
3.0017158469945353	376	1
3.025666666666667	216	1
3.0315081967213118	1950	1
3.0581147540983604	5528	1
3.099693989071038	8748	1
3.1110273224043716	3543	1
3.1237650273224045	1023	1
3.1370218579234974	6568	1
3.1400109289617486	5862	1
3.200311475409836	2786	1
3.203120218579235	7752	1
3.2706502732240437	3993	1
3.3015737704918036	9085	1
3.329191256830601	6056	1
3.3539726775956282	6588	1
3.393715846994535	5503	1
3.4392131147540983	6138	1
3.4395573770491805	2670	1
3.4527267759562843	928	1
3.461885245901639	7057	1
3.5106721311475413	2861	1
3.5149562841530053	1029	1
3.5341857923497266	7355	1
3.5381256830601093	3693	1
3.5407868852459017	5766	1
3.567792349726776	5835	1
3.650366120218579	2052	1
3.6830054644808743	3120	1
3.7051530054644806	6125	1
3.710726775956284	8511	1
3.8716338797814207	8493	1
3.912568306010929	9762	1
3.954830601092896	8358	1
3.963142076502732	7233	1
3.9669562841530053	2154	1
3.9827650273224044	4043	1
3.9903333333333335	112	1
4.003065573770492	3225	1
4.051612021857924	7236	1
4.059677595628416	1081	1
4.120245901639344	8348	1
4.142491803278689	1330	1
4.145147540983607	5540	1
4.145234972677596	7831	1
4.179060109289617	6510	1
4.192251366120218	5553	1
4.207245901639344	7502	1
4.279655737704918	752	1
4.287508196721311	347	1
4.296081967213115	8104	1
4.329562841530055	8215	1
4.342196721311476	6036	1
4.368852459016393	6823	1
4.409754098360656	9209	1
4.422142076502732	4466	1
4.44279781420765	9581	1
4.452202185792349	3147	1
4.498382513661202	4301	1
4.524300546448088	3564	1
4.524387978142077	7394	1
4.536426229508197	1697	1
4.538300546448087	8396	1
4.563196721311475	6812	1
4.583803278688524	4968	1
4.593901639344263	4909	1
4.618606557377048	2536	1
4.645049180327868	9713	1
4.681628415300546	1983	1
4.708923497267759	2584	1
4.71444262295082	6002	1
4.714726775956285	4659	1
4.744710382513661	2589	1
4.748092896174864	6007	1
4.809103825136612	2722	1
4.818956284153006	7732	1
4.826491803278689	8086	1
4.882939890710383	7125	1
4.938098360655737	8070	1
5.016234972677596	5145	1
5.060639344262295	1374	1
5.06803825136612	6484	1
5.104672131147542	4879	1
5.16935519125683	2263	1
5.18615300546448	9513	1
5.207934426229508	3628	1
5.238579234972678	2475	1
5.2531639344262295	3667	1
5.266508196721312	3242	1
5.289885245901639	6998	1
5.345071038251366	1387	1
5.35107650273224	3018	1
5.361453551912568	1588	1
5.375825136612021	1990	1
5.423939890710383	4434	1
5.4344535519125685	9774	1
5.532131147540984	217	1
5.535901639344262	2428	1
5.675245901639344	8066	1
5.730437158469945	9424	1
5.791366120218579	6040	1
5.879617486338798	6407	1
5.8848087431693985	1815	1
5.889071038251366	8080	1
5.889180327868853	5140	1
5.907704918032787	2987	1
5.92672131147541	9517	1
5.929562841530055	7371	1
5.964918032786885	3467	1
6.004918032786885	7573	1
6.013606557377049	5054	1
6.016994535519125	2842	1
6.048688524590164	6429	1
6.067267759562841	3215	1
6.07448087431694	9314	1
6.090163934426229	7975	1
6.150382513661202	583	1
6.214371584699453	6592	1
6.223551912568306	1957	1
6.23311475409836	2321	1
6.258743169398907	6061	1
6.30103825136612	818	1
6.3375956284153006	707	1
6.4124043715846994	4890	1
6.43224043715847	8182	1
6.44535519125683	1602	1
6.518579234972678	9201	1
6.594535519125683	3906	1
6.598415300546448	4979	1
6.718196721311475	6898	0
6.735355191256831	8085	1
6.878032786885246	9344	1
6.9725683060109285	8303	1
6.996612021857923	9405	1
7.035901639344262	1838	1
7.055027322404372	2429	1
7.081857923497268	3798	1
7.138087431693989	1721	1
7.1786885245901635	7091	1
7.1974316939890715	3954	1
7.220437158469945	6081	1
7.229617486338797	6879	1
7.292295081967213	997	1
7.338360655737705	983	1
7.341803278688524	8815	1
7.418251366120218	1939	1
7.564644808743169	1409	1
7.609945355191257	6960	1
7.610655737704918	5083	1
7.629726775956284	2826	1
7.653879781420764	1282	1
7.654426229508196	8572	1
7.663551912568306	1222	1
7.688087431693989	4221	1
7.69464480874317	7216	1
7.739562841530054	8828	1
7.767540983606557	1686	1
7.781092896174862	6554	1
7.809071038251366	9163	1
7.829453551912568	5169	1
7.898360655737704	851	1
7.966010928961748	7697	1
7.974426229508197	9787	1
7.9973770491803275	8834	1
8.029289617486338	3897	1
8.099508196721311	5351	1
8.158524590163934	4500	1
8.222732240437159	9526	1
8.224918032786885	6145	1
8.25120218579235	9838	1
8.28808743169399	7658	1
8.311803278688524	8040	1
8.33535519125683	6703	1
8.335628415300548	3309	1
8.33775956284153	7559	1
8.383224043715847	7967	1
8.392459016393444	1758	1
8.440928961748634	5943	1
8.482841530054644	4780	1
8.489726775956283	5594	1
8.498360655737704	2885	1
8.54808743169399	100	1
8.605027322404371	9783	1
8.651147540983606	6551	1
8.733825136612023	1735	1
8.762295081967213	2876	1
8.773606557377049	5222	1
8.78584699453552	659	1
8.871967213114754	904	1
8.889890710382515	1520	1
8.946229508196721	9269	1
8.952240437158471	5168	1
8.956065573770491	5499	1
8.95743169398907	6355	1
8.992841530054644	3715	1
9.031311475409836	3709	1
9.03863387978142	7745	1
9.046174863387979	5032	1
9.075245901639343	2678	1
9.087814207650274	6246	1
9.09983606557377	8776	1
9.101475409836064	8823	1
9.121693989071039	2753	1
9.233114754098361	8245	1
9.234262295081967	1397	1
9.25	8639	1
9.340546448087432	2774	1
9.368087431693988	5892	1
9.40431693989071	6423	1
9.405081967213114	3967	1
9.435409836065572	9990	1
9.447267759562841	5898	1
9.46688524590164	4149	1
9.478032786885246	6120	1
9.513169398907104	5108	1
9.532786885245901	9546	1
9.587978142076501	2857	1
9.594699453551911	9135	1
9.603879781420765	4218	1
9.62655737704918	668	1
9.65016393442623	4817	1
9.655136612021858	4386	1
9.687103825136612	7616	1
9.744535519125684	118	1
9.75016393442623	68	1
9.823934426229508	7359	1
9.82710382513661	5504	1
9.84224043715847	1438	1
9.862349726775957	2068	1
9.86983606557377	2645	1
9.90398907103825	9687	1
9.905300546448087	6164	1
9.916284153005465	8675	1
9.963715846994535	4009	1
9.96950819672131	8252	1
9.99103825136612	5421	1
9.992131147540983	1017	1
10.0351912568306	3504	1
10.067049180327869	1901	1
10.072131147540984	5057	1
10.08513661202186	9995	1
10.10863387978142	4358	1
10.157704918032787	6663	1
10.158196721311475	2927	1
10.159016393442622	58	1
10.163333333333334	8281	1
10.170382513661202	6578	1
10.171475409836065	5442	1
10.191584699453552	7753	1
10.196830601092895	9863	1
10.210109289617487	7188	1
10.215737704918034	9525	1
10.23382513661202	6937	1
10.237650273224043	6133	1
10.257814207650274	4787	1
10.28327868852459	6479	1
10.313005464480874	8809	1
10.368032786885246	2122	1
10.374535519125683	1660	1
10.377595628415301	2329	1
10.395792349726776	7818	1
10.402076502732239	1956	1
10.450765027322404	1981	1
10.46601092896175	3134	1
10.47688524590164	2305	1
10.563114754098361	7594	1
10.569726775956285	8474	1
10.640273224043716	5383	1
10.665027322404372	2884	1
10.66606557377049	9521	1
10.684098360655739	7282	1
10.689180327868852	1201	1
10.70207650273224	8073	1
10.71071038251366	1615	1
10.719398907103825	228	1
10.73103825136612	2691	1
10.731311475409836	4642	1
10.767868852459015	4579	1
10.77327868852459	1400	1
10.77377049180328	4645	1
10.799945355191257	4206	1
10.815300546448087	953	1
10.816612021857923	2860	1
10.826229508196722	2050	1
10.861420765027322	3370	1
10.867978142076502	7995	1
10.869344262295082	1314	1
10.909234972677595	664	1
10.92863387978142	1726	1
10.9448087431694	330	1
10.954098360655738	5691	1
10.959781420765026	44	1
10.961693989071037	6022	1
10.964863387978141	4861	1
10.987540983606557	8885	1
11.009125683060109	4345	1
11.023606557377049	8187	1
11.051967213114754	4486	1
11.085956284153006	4263	1
11.09896174863388	4732	1
11.108032786885246	8099	1
11.159016393442624	5873	1
11.17896174863388	567	1
11.211639344262295	8688	1
11.215464480874315	9411	1
11.218251366120219	9250	1
11.233825136612023	2266	1
11.258579234972677	2318	1
11.273060109289618	7028	1
11.306666666666667	9211	1
11.306939890710382	6460	1
11.314371584699453	1235	1
11.326557377049179	813	1
11.355846994535518	2821	1
11.38	6462	1
11.397978142076502	4308	1
11.404590163934426	1525	1
11.4624043715847	5795	1
11.47896174863388	4393	1
11.479890710382515	9786	1
11.484371584699455	2425	1
11.490273224043715	8754	1
11.579234972677595	4965	1
11.61431693989071	2642	1
11.614590163934427	7592	1
11.636502732240437	8767	1
11.685464480874318	7095	1
11.713497267759562	2054	1
11.74863387978142	5252	1
11.780765027322404	380	1
11.825409836065573	3337	1
11.833661202185793	1156	1
11.838852459016394	7555	1
11.84502732240437	4516	1
11.856994535519126	1263	1
11.862459016393442	4668	1
11.862568306010928	7237	1
11.883497267759562	5149	1
11.946994535519126	9865	1
11.951748633879781	6368	1
11.983715846994535	6452	1
12.087814207650274	8543	1
12.12896174863388	4123	1
12.145792349726776	6350	1
12.18377049180328	4276	1
12.266229508196721	2718	1
12.27191256830601	7518	1
12.275901639344262	6595	1
12.307213114754097	3994	1
12.389562841530054	5672	1
12.42431693989071	9897	1
12.428579234972677	4850	1
12.452459016393442	8190	1
12.475409836065573	1469	1
12.481748633879782	9186	0
12.497267759562842	7496	1
12.530273224043716	8093	1
12.55120218579235	449	1
12.559508196721312	8125	1
12.58174863387978	3924	1
12.587322404371585	3154	1
12.614972677595627	4898	1
12.641693989071038	7542	1
12.647213114754098	7614	1
12.75606557377049	9164	1
12.785956284153006	4076	1
12.834972677595628	5611	1
12.859890710382512	8282	1
12.950765027322404	4111	1
12.961639344262295	7491	1
12.982185792349727	2843	1
12.983879781420764	4794	1
13.029562841530055	8723	1
13.036502732240438	6398	1
13.07502732240437	8497	1
13.077431693989071	1792	1
13.097814207650273	6042	1
13.1151912568306	2750	1
13.120273224043716	8547	1
13.124207650273222	5284	1
13.180218579234973	8244	1
13.210327868852458	8769	1
13.224590163934426	3044	1
13.226502732240437	1900	1
13.230163934426228	7279	1
13.238907103825136	3302	1
13.251693989071038	671	1
13.298087431693988	9717	1
13.309617486338798	9453	1
13.338743169398906	1501	1
13.35153005464481	2686	1
13.359836065573772	8313	1
13.374699453551912	9499	1
13.440382513661202	5884	1
13.441530054644808	4915	1
13.450218579234972	7620	1
13.487049180327869	6082	1
13.489999999999998	926	1
13.512349726775955	4515	1
13.524043715846995	8129	1
13.568360655737704	6855	1
13.584699453551913	8333	1
13.611857923497267	1756	1
13.63896174863388	7383	1
13.64071038251366	7794	1
13.64606557377049	8519	1
13.662076502732239	7658	0
13.726284153005464	8924	1
13.816010928961749	5309	1
13.846775956284153	2387	1
13.85415300546448	3959	1
13.85415300546448	2398	1
13.856830601092895	6118	1
13.861530054644808	7064	1
13.864535519125683	4179	1
13.87431693989071	2875	1
13.896775956284154	4176	1
13.899453551912568	723	1
13.900765027322404	1979	1
13.916284153005465	7938	1
13.924972677595628	5157	1
13.944808743169398	5264	1
13.984262295081967	6572	1
14.011803278688525	1220	1
14.017049180327868	3743	1
14.103060109289618	5509	1
14.146174863387978	5489	1
14.17983606557377	9658	1
14.203169398907104	8957	1
14.22153005464481	4054	1
14.263224043715846	47	1
14.271748633879781	8534	1
14.289234972677596	8623	1
14.31792349726776	410	1
14.332021857923497	6469	1
14.370327868852458	2089	1
14.38295081967213	2016	1
14.383442622950819	940	1
14.39327868852459	7736	1
14.45136612021858	5258	1
14.487978142076502	7389	1
14.531311475409835	2902	1
14.535300546448088	1066	1
14.546284153005464	4050	1
14.553333333333333	7537	1
14.588196721311474	9631	1
14.589125683060109	3983	1
14.591366120218579	8184	1
14.611693989071037	8520	1
14.623551912568306	4575	1
14.70311475409836	72	1
14.721420765027323	8223	1
14.72327868852459	3049	1
14.768306010928962	9318	1
14.77	4343	1
14.904535519125682	3213	1
14.919945355191258	6932	1
14.931584699453552	3264	1
14.935027322404371	3423	1
14.936229508196721	7351	1
14.985464480874317	6229	1
15.011857923497269	5308	1
15.021857923497269	1324	1
15.080491803278688	9981	1
15.08344262295082	374	1
15.20622950819672	9559	1
15.264808743169398	8632	1
15.277978142076503	2085	1
15.27863387978142	9871	1
15.304426229508197	1514	1
15.317213114754098	1513	1
15.352513661202186	1754	1
15.357486338797814	4859	1
15.380546448087431	6346	1
15.396666666666667	7539	1
15.413442622950818	7065	1
15.424371584699454	9771	1
15.430327868852459	8254	1
15.499945355191256	5446	1
15.520163934426229	8764	1
15.556721311475409	4807	1
15.558961748633878	640	1
15.585846994535519	2215	1
15.59032786885246	3937	1
15.590710382513661	308	1
15.593387978142076	5201	1
15.593825136612022	439	1
15.599726775956285	7635	1
15.611092896174863	223	1
15.61448087431694	6576	1
15.62704918032787	7451	1
15.654918032786885	247	1
15.659836065573769	8737	1
15.698852459016393	6358	1
15.739945355191256	1124	1
15.767103825136612	5914	1
15.784043715846993	2767	1
15.789234972677596	4256	1
15.792732240437159	3520	1
15.796666666666667	9925	1
15.803224043715845	2633	1
15.814699453551912	4831	1
15.861420765027322	2932	1
15.870765027322404	1996	1
15.901420765027321	1375	1
15.984426229508196	163	1
16.03311475409836	924	1
16.04688524590164	4931	1
16.072295081967212	7514	1
16.075901639344263	1880	1
16.15103825136612	1434	1
16.18918032786885	5723	1
16.22142076502732	9676	1
16.235956284153005	3297	1
16.284754098360654	9494	1
16.294863387978143	7027	1
16.34191256830601	4719	1
16.385956284153007	5759	1
16.389562841530054	5930	1
16.400491803278687	4462	1
16.427814207650272	1733	1
16.441967213114754	616	1
16.493387978142074	2839	1
16.5003825136612	4739	1
16.52120218579235	136	1
16.566338797814208	1146	1
16.57092896174863	9997	1
16.577704918032786	773	1
16.655792349726774	2798	1
16.72420765027322	4607	1
16.742677595628415	7460	1
16.77710382513661	4197	1
16.77879781420765	7832	1
16.784535519125683	9130	1
16.786612021857923	9574	1
16.79213114754098	871	1
16.800983606557377	1332	1
16.852076502732242	8423	1
16.889781420765026	9274	1
16.890437158469943	3925	1
16.906994535519125	5853	1
16.912896174863388	5354	1
16.95885245901639	3409	1
16.984918032786886	5479	1
16.985245901639345	6188	1
16.990928961748633	7568	1
17.00502732240437	4862	1
17.02382513661202	7610	1
17.030218579234973	2136	1
17.043387978142075	321	1
17.071475409836065	3465	1
17.07273224043716	1499	1
17.0727868852459	6252	1
17.099398907103822	9703	1
17.108415300546447	1634	1
17.171967213114755	2820	1
17.201311475409835	1608	1
17.219726775956286	8614	1
17.2224043715847	4012	1
17.260655737704916	7112	1
17.286775956284153	7904	1
17.297158469945355	5132	1
17.300710382513664	2388	1
17.3024043715847	901	1
17.32207650273224	7072	1
17.397759562841532	4617	1
17.46049180327869	3748	1
17.483879781420768	3923	1
17.576830601092897	9404	1
17.59016393442623	7922	1
17.630765027322404	5863	1
17.64207650273224	6627	1
17.664590163934427	6938	1
17.68360655737705	7115	1
17.743387978142078	8151	1
17.74704918032787	6132	1
17.754972677595628	2481	1
17.756830601092897	4309	1
17.763224043715848	994	1
17.764207650273224	7561	1
17.79469945355191	2791	1
17.81743169398907	4585	1
17.819508196721312	838	1
17.830765027322403	6742	1
17.860819672131147	4077	1
17.8624043715847	6738	1
17.91426229508197	6276	1
17.920983606557378	4220	1
17.976502732240437	4476	1
18.004863387978144	9355	1
18.11153005464481	2000	1
18.133825136612025	3922	1
18.13639344262295	416	1
18.138961748633882	6984	1
18.145792349726776	8338	1
18.179617486338795	6115	1
18.204754098360656	8510	1
18.220874316939888	6259	1
18.265956284153003	6719	1
18.29245901639344	7208	1
18.295245901639344	3670	1
18.330382513661203	9224	1
18.350491803278686	7316	1
18.401803278688522	9407	1
18.45743169398907	4390	1
18.464590163934425	6130	1
18.473387978142075	2709	1
18.554262295081966	8304	1
18.6044262295082	8007	1
18.672786885245902	2104	1
18.678579234972677	7051	1
18.689234972677593	3303	1
18.750273224043717	1484	1
18.84912568306011	6919	1
18.90469945355191	8755	1
18.90606557377049	6365	1
18.918196721311475	8822	1
18.92010928961749	4708	1
18.938360655737704	2646	1
18.94327868852459	1641	1
18.954754098360656	931	1
18.959726775956284	2964	1
18.96726775956284	65	1
18.979781420765026	3889	1
19.019398907103827	4347	1
19.02622950819672	3941	1
19.04016393442623	6798	1
19.08366120218579	2077	1
19.119398907103825	3098	1
19.122459016393442	2515	1
19.123606557377048	9343	1
19.147158469945357	625	1
19.151857923497268	6917	1
19.159562841530057	2758	1
19.18021857923497	8124	1
19.181256830601093	3822	1
19.192295081967213	3621	1
19.237814207650274	3408	1
19.24360655737705	8646	1
19.277377049180327	7110	1
19.290983606557376	5432	1
19.31174863387978	7031	1
19.316666666666666	6342	1
19.32273224043716	4651	1
19.345573770491804	7711	1
19.352513661202185	1490	1
19.391857923497266	5650	1
19.4	5697	1
19.451311475409835	8323	1
19.458032786885244	7100	1
19.473333333333333	1298	1
19.531748633879783	8598	1
19.56016393442623	8468	1
19.573770491803277	929	1
19.579234972677597	8602	1
19.58666666666667	5881	1
19.615792349726778	4467	1
19.66601092896175	3631	1
19.725191256830602	8079	1
19.725628415300548	3379	1
19.732295081967212	4002	1
19.73245901639344	6812	0
19.752349726775957	7661	1
19.831693989071038	7739	1
19.842185792349728	257	1
19.843879781420764	7034	1
19.849562841530055	4387	1
19.887650273224043	2396	1
19.890765027322402	1810	1
20.014590163934425	4446	1
20.036448087431694	8974	1
20.053879781420765	8287	1
20.056393442622948	8420	1
20.067103825136613	7760	1
20.06967213114754	3808	1
20.090273224043713	5573	1
20.097377049180327	2405	1
20.097814207650273	9240	1
20.121584699453553	3572	1
20.121693989071037	3482	1
20.169617486338797	2505	1
20.19573770491803	7431	1
20.1996174863388	9203	1
20.209781420765026	7148	1
20.2131693989071	6922	1
20.214371584699453	3700	1
20.22054644808743	4741	1
20.275300546448086	4808	1
20.288142076502734	4643	1
20.31016393442623	594	1
20.316174863387978	5334	1
20.339999999999996	4935	1
20.388633879781423	8233	1
20.404808743169397	4547	1
20.46535519125683	9886	1
20.492513661202185	5782	1
20.512677595628414	5461	1
20.546612021857925	9392	1
20.54978142076503	8229	1
20.557704918032783	2681	1
20.61409836065574	344	1
20.617868852459015	8269	1
20.681530054644806	2209	1
20.70185792349727	515	1
20.71010928961749	3484	1
20.810273224043716	282	1
20.84918032786885	3332	1
20.922622950819672	4539	1
20.933770491803276	5967	1
20.963715846994535	9810	1
20.977213114754097	9975	1
20.98874316939891	4667	1
20.999945355191258	1269	1
21.00300546448087	9531	1
21.008797814207647	6302	1
21.0731693989071	4669	1
21.082076502732242	9016	1
21.12486338797814	5326	1
21.146721311475407	1134	1
21.188907103825137	9440	1
21.197486338797813	3864	1
21.202568306010928	5879	1
21.250491803278685	6668	1
21.25814207650273	6458	1
21.258196721311474	7983	1
21.299398907103825	6269	1
21.335792349726777	5772	1
21.340819672131147	8185	1
21.343224043715846	2745	1
21.34409836065574	934	1
21.351748633879783	6815	1
21.35950819672131	7344	1
21.4148087431694	9629	1
21.43398907103825	193	1
21.434972677595628	5023	1
21.478907103825136	3554	1
21.489890710382515	1232	1
21.51502732240437	9737	1
21.515628415300547	5591	1
21.553333333333335	7049	1
21.568579234972677	6540	1
21.58639344262295	4755	1
21.593497267759563	6167	1
21.60349726775956	736	1
21.632021857923498	9599	1
21.63606557377049	5067	1
21.659398907103824	6351	1
21.675136612021856	7562	1
21.68	9403	1
21.688524590163937	2482	1
21.754371584699452	1866	1
21.76945355191257	9573	1
21.77229508196721	3416	1
21.776994535519126	8332	1
21.798196721311477	2359	1
21.811420765027325	3308	1
21.838415300546448	9257	1
21.839125683060107	9814	1
21.904262295081963	8713	1
21.91983606557377	5543	1
22.02311475409836	8529	1
22.059836065573773	5120	1
22.07704918032787	495	1
22.126775956284153	8576	1
22.135300546448086	3462	1
22.161584699453552	103	1
22.166666666666664	6201	1
22.188688524590162	1390	1
22.219289617486336	1676	1
22.235300546448087	7662	1
22.25502732240437	4906	1
22.320382513661205	8100	1
22.379180327868852	7361	1
22.412677595628416	4523	1
22.423224043715848	363	1
22.46896174863388	5681	1
22.48295081967213	7952	1
22.4844262295082	8542	1
22.501256830601093	1386	1
22.521311475409835	7243	1
22.528852459016395	7723	1
22.618142076502732	4046	1
22.61934426229508	9731	1
22.691147540983607	4640	1
22.721256830601096	7943	1
22.725081967213114	2	1
22.751256830601093	6065	1
22.756448087431696	3019	1
22.763333333333332	2706	1
22.80765027322404	5380	1
22.808688524590167	4589	1
22.808688524590167	967	1
22.809071038251368	3516	1
22.824262295081965	3899	1
22.856721311475408	8512	1
22.890928961748635	8854	1
22.893934426229507	9591	1
22.902185792349723	2119	1
22.903333333333332	7897	1
22.934863387978144	3169	1
22.936120218579234	6060	1
22.948142076502734	7668	1
22.950382513661204	1701	1
22.959289617486338	5592	1
22.97360655737705	3681	1
22.981366120218578	465	1
22.9848087431694	1583	1
22.992404371584698	1534	1
22.99360655737705	3028	1
23.005027322404374	6491	1
23.031639344262295	5777	1
23.03513661202186	4626	1
23.051967213114754	7558	1
23.0724043715847	9924	1
23.07967213114754	3921	1
23.09142076502732	1828	1
23.10032786885246	9850	1
23.10344262295082	4641	1
23.105901639344264	9518	1
23.1127868852459	2840	1
23.125081967213113	3682	1
23.12743169398907	1845	1
23.12775956284153	15	1
23.131803278688523	8685	1
23.132841530054645	4056	1
23.134426229508197	7997	1
23.142513661202187	5172	1
23.150163934426228	8796	1
23.178961748633878	8036	1
23.180874316939892	2890	1
23.1851912568306	2464	1
23.190601092896173	6977	1
23.207103825136613	6692	1
23.207103825136613	8455	1
23.20754098360656	1952	1
23.209836065573768	6234	1
23.210819672131148	37	1
23.216448087431694	6858	1
23.233606557377048	5203	1
23.239562841530056	3814	1
23.245683060109286	4254	1
23.283551912568306	4869	1
23.28814207650273	5018	1
23.291420765027322	1150	1
23.298360655737703	8123	1
23.31863387978142	1243	1
23.321147540983606	4814	1
23.322349726775954	1915	1
23.32808743169399	7118	1
23.332513661202185	3795	1
23.33978142076503	415	1
23.3548087431694	6034	1
23.36846994535519	9195	1
23.37103825136612	1624	1
23.383333333333336	9877	1
23.395573770491804	1529	1
23.430437158469942	8618	1
23.43224043715847	691	1
23.450491803278688	2337	1
23.465081967213116	7939	1
23.49213114754098	2676	1
23.514098360655737	6140	1
23.536775956284153	6099	1
23.544590163934426	5400	1
23.557650273224045	1849	1
23.567049180327867	2172	1
23.576612021857922	6884	1
23.579781420765027	104	1
23.582295081967214	53	1
23.604426229508196	1720	1
23.619180327868854	779	1
23.62633879781421	9853	1
23.62775956284153	7221	1
23.629562841530053	4114	1
23.63021857923497	2627	1
23.633770491803276	9709	1
23.647923497267758	3210	1
23.653715846994537	5507	1
23.664754098360653	6867	1
23.665136612021858	4980	1
23.672841530054644	9359	1
23.68655737704918	9936	1
23.701639344262297	364	1
23.7344262295082	9324	1
23.757377049180327	9009	1
23.772459016393444	9683	1
23.776830601092893	1257	1
23.78196721311475	853	1
23.789398907103823	7988	1
23.789617486338795	3974	1
23.79841530054645	9014	1
23.810273224043716	7919	1
23.814043715846992	6556	1
23.833169398907103	8909	1
23.85273224043716	5426	1
23.876502732240436	7706	1
23.880874316939888	4246	1
23.89584699453552	9038	1
23.90967213114754	1212	1
23.911366120218577	848	1
23.918196721311475	6559	1
23.923224043715845	9732	1
23.92360655737705	4153	1
23.925683060109286	8499	1
23.928743169398906	7227	1
23.934590163934427	5665	1
23.94502732240437	6927	1
23.94814207650273	3708	1
23.952732240437157	3870	1
23.96601092896175	406	1
23.975464480874315	6106	1
23.991803278688526	8518	1
23.998032786885247	8757	1
24.008743169398908	8353	1
24.023169398907104	1240	1
24.025683060109287	3971	1
24.052841530054643	6545	1
24.057540983606557	3602	1
24.06693989071038	4893	1
24.07950819672131	5890	1
24.080655737704916	6370	1
24.093114754098362	194	1
24.104043715846995	2476	1
24.13448087431694	4960	1
24.147322404371586	6745	1
24.15087431693989	3918	1
24.153879781420766	1842	1
24.159125683060108	7223	1
24.178852459016394	9119	1
24.196775956284153	1581	1
24.20021857923497	4557	1
24.208524590163933	613	1
24.210054644808743	1913	1
24.275136612021857	7534	1
24.289180327868852	7957	1
24.303989071038252	4475	1
24.366448087431696	3741	1
24.381420765027322	8064	1
24.385956284153007	9509	1
24.396229508196722	8320	1
24.413606557377047	3570	1
24.419453551912568	3347	1
24.421693989071038	7434	1
24.505901639344263	3713	1
24.51584699453552	4397	1
24.524098360655735	883	1
24.524426229508197	3401	1
24.543661202185792	438	1
24.548743169398904	7482	1
24.566010928961745	1019	1
24.568360655737706	9691	1
24.573224043715847	9233	1
24.578032786885245	8055	1
24.590874316939892	5847	1
24.601092896174862	3102	1
24.613005464480874	7816	1
24.627540983606558	902	1
24.662513661202187	472	1
24.66704918032787	7174	1
24.676666666666666	9992	1
24.686775956284155	9819	1
24.714480874316937	5885	1
24.71568306010929	7740	1
24.74103825136612	4070	1
24.753333333333334	6235	1
24.75950819672131	7545	1
24.781147540983607	3096	1
24.79109289617486	8895	1
24.80262295081967	8762	1
24.81142076502732	8965	1
24.820819672131147	9452	1
24.831857923497267	9088	1
24.8348087431694	1461	1
24.83743169398907	3610	1
24.839344262295082	8103	1
24.856174863387977	4463	1
24.869726775956284	736	0
24.880819672131146	57	1
24.886502732240437	7342	1
24.894535519125682	4520	1
24.899071038251368	6616	1
24.90295081967213	386	1
24.912295081967212	5070	1
24.91256830601093	9640	1
24.91901639344262	8426	1
24.92344262295082	634	1
24.930437158469946	7365	1
24.97229508196721	763	1
24.98273224043716	7420	1
24.996721311475408	5300	1
25.017650273224042	7727	1
25.051803278688524	6253	1
25.05426229508197	7636	1
25.066830601092896	1649	1
25.076174863387976	8228	1
25.08120218579235	8157	1
25.130218579234974	6702	1
25.15437158469945	9825	1
25.154426229508196	6372	1
25.167650273224044	2986	1
25.16983606557377	3199	1
25.174535519125683	3383	1
25.18262295081967	7205	1
25.19945355191257	8706	1
25.208196721311474	2088	1
25.22551912568306	3636	1
25.25191256830601	108	1
25.267978142076505	8628	1
25.28934426229508	8832	1
25.304426229508195	9008	1
25.319016393442624	2833	1
25.31928961748634	3750	1
25.342896174863387	3021	1
25.369726775956284	5752	1
25.404863387978143	3862	1
25.404972677595627	2207	1
25.41273224043716	3590	1
25.416994535519127	623	1
25.447704918032787	5363	1
25.466612021857923	9341	1
25.48688524590164	9433	1
25.538032786885246	710	1
25.571420765027323	7070	1
25.575792349726775	815	1
25.58502732240437	4573	1
25.58885245901639	3761	1
25.60814207650273	2420	1
25.612950819672132	8402	1
25.623989071038253	7378	1
25.654808743169397	1992	1
25.66633879781421	8935	1
25.683497267759563	9353	1
25.68415300546448	3221	1
25.68448087431694	980	1
25.69158469945355	9891	1
25.71415300546448	6874	1
25.721092896174866	5412	1
25.72688524590164	1639	1
25.770491803278688	7308	1
25.77409836065574	8999	1
25.777267759562843	9398	1
25.7775956284153	5187	1
25.782841530054643	8257	1
25.79174863387978	3314	1
25.792131147540985	6926	1
25.825519125683062	6003	1
25.82879781420765	3913	1
25.828852459016392	5552	1
25.83142076502732	6723	1
25.833715846994533	8503	1
25.85081967213115	7531	1
25.85606557377049	2495	1
25.860054644808745	4758	1
25.86639344262295	9189	1
25.871857923497267	129	1
25.872295081967213	3475	1
25.902732240437157	2007	1
25.91693989071038	4880	1
25.924918032786884	8849	1
25.943005464480876	4709	1
25.967868852459016	6530	1
26.060601092896174	3793	1
26.06622950819672	3319	1
26.08327868852459	8131	1
26.10464480874317	6410	1
26.10502732240437	4875	1
26.10628415300546	199	1
26.12420765027322	2737	1
26.132459016393444	6585	1
26.13639344262295	8581	1
26.16	6033	1
26.164918032786886	9315	1
26.184426229508198	179	1
26.18453551912568	4778	1
26.18486338797814	2251	1
26.189289617486338	8610	1
26.19431693989071	6392	1
26.204918032786882	4940	1
26.218306010928963	606	1
26.21945355191257	970	1
26.229071038251366	1215	1
26.23054644808743	2859	1
26.24	8085	0
26.249398907103824	1914	1
26.25989071038251	7075	1
26.294590163934426	2397	1
26.31448087431694	9839	1
26.32207650273224	733	1
26.33306010928962	8459	1
26.340491803278688	524	1
26.365956284153004	8136	1
26.394371584699456	4385	1
26.401967213114755	8691	1
26.43377049180328	56	1
26.48377049180328	6176	1
26.49344262295082	3964	1
26.501639344262294	2976	1
26.521584699453552	3394	1
26.55109289617486	8188	1
26.551366120218578	7798	1
26.5824043715847	6661	1
26.58464480874317	7911	1
26.590546448087434	8343	1
26.60207650273224	1569	1
26.614754098360656	2323	1
26.619617486338797	9186	1
26.623278688524593	8948	1
26.65136612021858	1333	1
26.66245901639344	146	1
26.666065573770492	7563	1
26.680983606557376	1149	1
26.684590163934427	3316	1
26.690765027322406	5106	1
26.70606557377049	7071	1
26.70672131147541	4284	1
26.707049180327868	1642	1
26.713825136612023	4071	1
26.759562841530055	4533	1
26.779398907103825	9530	1
26.81142076502732	8566	1
26.815956284153003	3377	1
26.82371584699454	9349	1
26.827540983606557	4673	1
26.839726775956283	9890	1
26.839890710382512	7761	1
26.852459016393443	8733	1
26.855737704918035	6954	1
26.863278688524588	4990	1
26.86382513661202	1113	1
26.87	9064	1
26.882131147540985	8990	1
26.88601092896175	2585	1
26.889562841530054	5870	1
26.891366120218578	7894	1
26.89950819672131	8686	1
26.89983606557377	3900	1
26.899890710382515	6969	1
26.904535519125684	2569	1
26.905245901639343	3176	1
26.910109289617484	3978	1
26.9203825136612	4892	1
26.92049180327869	3375	1
26.920819672131145	9747	1
26.93579234972678	2348	1
26.93989071038251	2765	1
26.974590163934426	5819	1
26.98273224043716	541	1
26.99	6416	1
27.002841530054646	5077	1
27.014972677595626	1489	1
27.03710382513661	7192	1
27.051038251366123	7790	1
27.05398907103825	4762	1
27.05890710382514	806	1
27.06311475409836	9444	1
27.11114754098361	5385	1
27.11207650273224	5602	1
27.112896174863387	5784	1
27.119398907103825	3684	1
27.14125683060109	1598	1
27.1503825136612	6067	1
27.15081967213115	6339	1
27.15655737704918	9576	1
27.158633879781423	635	1
27.162295081967212	503	1
27.166666666666668	3556	1
27.174316939890712	3086	1
27.176939890710383	2436	1
27.19174863387978	1800	1
27.198524590163935	5794	1
27.20224043715847	6553	1
27.23153005464481	8680	1
27.234535519125682	6157	1
27.23765027322404	6136	1
27.241584699453554	8328	1
27.26874316939891	913	1
27.30109289617486	7374	1
27.315027322404372	9049	1
27.330382513661203	1938	1
27.334863387978142	6961	1
27.345081967213115	2555	1
27.36153005464481	3952	1
27.397704918032787	1742	1
27.42295081967213	132	1
27.42573770491803	8427	1
27.43639344262295	5099	1
27.43825136612022	7851	1
27.442513661202188	1135	1
27.447868852459017	5582	1
27.45770491803279	1739	1
27.459508196721313	5889	1
27.477049180327867	3863	1
27.483005464480875	3672	1
27.522950819672133	5821	1
27.533169398907102	7169	1
27.53590163934426	2631	1
27.536229508196723	7281	1
27.54136612021858	9769	1
27.56344262295082	1771	1
27.571420765027323	701	1
27.573333333333334	4795	1
27.599617486338797	8278	1
27.627049180327866	6331	1
27.642185792349725	1305	1
27.646666666666665	698	1
27.67437158469945	1812	1
27.677103825136612	2450	1
27.702131147540985	3035	1
27.70568306010929	8557	1
27.707814207650273	8113	1
27.710491803278686	504	1
27.714590163934425	6854	1
27.73158469945355	328	1
27.76655737704918	26	1
27.777049180327868	9372	1
27.788961748633877	7508	1
27.83377049180328	7251	1
27.855901639344264	4505	1
27.875464480874314	5626	1
27.885409836065573	4615	1
27.899398907103826	8651	1
27.926830601092895	3834	1
27.927923497267756	3527	1
27.938688524590162	1464	1
27.980819672131148	8351	1
27.988852459016393	6522	1
27.994808743169397	7448	1
28.025355191256832	7971	1
28.039344262295085	403	1
28.04016393442623	2338	1
28.070928961748635	1091	1
28.073825136612022	9000	1
28.12	5402	1
28.13754098360656	3312	1
28.141147540983603	6055	1
28.143114754098363	5788	1
28.148688524590163	1495	1
28.14972677595628	4137	1
28.182732240437158	1821	1
28.18792349726776	687	1
28.195792349726776	7621	1
28.235300546448084	9445	1
28.254808743169395	7008	1
28.29377049180328	9434	1
28.29622950819672	3242	0
28.314754098360655	2244	1
28.316666666666666	2219	1
28.320928961748635	4003	1
28.323934426229506	4338	1
28.351803278688525	2811	1
28.362021857923494	9367	1
28.366612021857925	3618	1
28.375409836065575	3700	0
28.381311475409834	5416	1
28.38393442622951	1919	1
28.42087431693989	4016	1
28.42672131147541	3696	1
28.431530054644806	4018	1
28.435901639344262	8668	1
28.466612021857923	5708	1
28.476502732240437	1172	1
28.47863387978142	6000	1
28.486284153005464	357	1
28.491693989071038	1196	1
28.49639344262295	5311	1
28.500109289617484	1967	1
28.5024043715847	4491	1
28.513387978142074	7373	1
28.520273224043713	911	1
28.533551912568306	5589	1
28.534098360655737	7461	1
28.553715846994535	9253	1
28.563005464480874	3738	1
28.586557377049182	3712	1
28.628469945355192	9400	1
28.64054644808743	2994	1
28.6427868852459	5590	1
28.64879781420765	1768	1
28.69890710382514	6711	1
28.710218579234972	9626	1
28.72825136612022	9991	1
28.74207650273224	3430	1
28.7507650273224	6773	1
28.75415300546448	6740	1
28.756775956284155	6332	1
28.76136612021858	2376	1
28.77136612021858	7882	1
28.781967213114754	5433	1
28.803934426229507	1360	1
28.81366120218579	6523	1
28.83311475409836	6465	1
28.85136612021858	4236	1
28.854535519125683	4586	1
28.85535519125683	3583	1
28.856612021857924	5985	1
28.865628415300545	8290	1
28.87792349726776	9321	1
28.88087431693989	6503	1
28.89497267759563	8345	1
28.917759562841532	4916	1
28.921748633879783	8942	1
28.927814207650275	1652	1
28.940601092896177	3489	1
28.945300546448088	1120	1
28.96841530054645	6074	1
28.979562841530054	1357	1
28.981420765027323	4827	1
29.014535519125683	9320	1
29.01710382513661	4806	1
29.028743169398908	1747	1
29.040327868852458	1214	1
29.047049180327868	2944	1
29.050218579234972	4821	1
29.05573770491803	4534	1
29.06174863387978	1643	1
29.07366120218579	8588	1
29.075464480874317	9571	1
29.079453551912568	1714	1
29.08863387978142	719	1
29.090765027322405	8978	1
29.090765027322405	2473	1
29.093497267759563	4399	1
29.09377049180328	7717	1
29.09579234972678	6174	1
29.098142076502732	8355	1
29.104754098360658	5946	1
29.1072131147541	9290	1
29.141475409836065	9682	1
29.142513661202184	6293	1
29.164207650273223	8325	1
29.165901639344263	4680	1
29.1796174863388	5306	1
29.184207650273223	4740	1
29.189562841530055	6729	1
29.194699453551912	1114	1
29.205136612021857	9872	1
29.214371584699453	1519	1
29.224098360655738	3127	1
29.230273224043717	6194	1
29.23426229508197	4666	1
29.24754098360656	8334	1
29.28486338797814	1297	1
29.286448087431694	4119	1
29.28672131147541	1148	1
29.30289617486339	6724	1
29.305409836065575	3619	1
29.326120218579234	6555	1
29.34743169398907	8664	1
29.360765027322405	360	1
29.41071038251366	717	1
29.41207650273224	1848	1
29.455245901639344	9558	1
29.469071038251368	9110	1
29.469890710382515	6180	1
29.50103825136612	9940	1
29.563879781420766	5596	1
29.568524590163936	8221	1
29.5879781420765	4832	1
29.59207650273224	3776	1
29.592404371584696	3455	1
29.593551912568305	4988	1
29.60431693989071	6809	1
29.626830601092895	4678	1
29.628415300546447	1035	1
29.659125683060108	9062	1
29.66901639344262	212	1
29.696284153005465	837	1
29.711311475409836	1518	1
29.715956284153002	1465	1
29.729071038251366	8172	1
29.739234972677597	8496	1
29.75191256830601	5131	1
29.77071038251366	3112	1
29.792786885245903	4473	1
29.807978142076504	9335	1
29.80896174863388	958	1
29.871803278688525	3137	1
29.896775956284152	8413	1
29.908852459016394	2111	1
29.933879781420764	3824	1
29.962404371584697	6574	1
29.995956284153007	9678	1
30.009836065573772	7059	1
30.015464480874318	365	1
30.017267759562838	4989	1
30.060655737704916	2631	0
30.15825136612022	1698	1
30.16972677595628	7467	1
30.173333333333332	1016	1
30.17404371584699	9480	1
30.210601092896173	1730	1
30.218743169398905	6600	1
30.225355191256828	3080	1
30.24262295081967	9689	1
30.253606557377047	3076	1
30.263169398907106	8983	1
30.274972677595628	3426	1
30.27693989071038	3354	1
30.288907103825135	1767	1
30.291639344262297	2092	1
30.293169398907104	4260	1
30.30142076502732	9024	1
30.301475409836065	6897	1
30.308087431693988	4703	1
30.30890710382514	4779	1
30.319781420765025	5025	1
30.336830601092895	2078	1
30.34846994535519	5906	1
30.354535519125683	7623	1
30.375901639344264	5463	1
30.38213114754098	840	1
30.398032786885246	2953	1
30.40016393442623	7426	1
30.41912568306011	6168	1
30.41934426229508	3358	1
30.44737704918033	4321	1
30.45830601092896	1173	1
30.476393442622953	5623	1
30.483060109289617	7248	1
30.491311475409834	4174	1
30.500382513661204	9845	1
30.50071038251366	8938	1
30.520928961748634	6245	1
30.553661202185793	9923	1
30.55601092896175	9984	1
30.57109289617486	530	1
30.573606557377047	2704	1
30.581693989071038	5037	1
30.602131147540984	1312	1
30.603005464480873	6286	1
30.611420765027322	5391	1
30.619234972677596	952	1
30.61950819672131	9120	1
30.64710382513661	2182	1
30.653169398907103	6690	1
30.681092896174864	9176	1
30.703551912568305	1318	1
30.722185792349723	6831	1
30.73016393442623	4328	1
30.736830601092894	8857	1
30.742677595628415	9161	1
30.751420765027323	7056	1
30.773661202185792	9791	1
30.775245901639344	3963	1
30.785081967213117	7338	1
30.80382513661202	394	1
30.831475409836067	2568	1
30.850601092896177	5601	1
30.874754098360654	4591	1
30.89295081967213	2590	1
30.8972131147541	3540	1
30.90967213114754	6830	1
30.923278688524586	8488	1
30.9624043715847	4543	1
30.963934426229507	2746	1
30.97142076502732	6501	1
30.98218579234973	4019	1
30.985081967213116	8450	1
31.005245901639345	3238	1
31.010928961748636	6752	1
31.013005464480873	5657	1
31.024153005464477	4100	1
31.02655737704918	9076	1
31.030382513661202	2630	1
31.039071038251365	4010	1
31.053770491803277	5921	1
31.082732240437156	2998	1
31.08404371584699	912	1
31.122459016393442	9841	1
31.1420218579235	9190	1
31.16071038251366	8968	1
31.172459016393443	2510	1
31.177486338797817	5999	1
31.218524590163934	3605	1
31.237595628415303	2113	1
31.24437158469945	8016	1
31.250546448087434	3536	1
31.260218579234973	2792	1
31.262185792349726	5038	1
31.267322404371583	3751	1
31.277978142076503	4540	1
31.280437158469944	8409	1
31.28071038251366	4243	1
31.287322404371587	2808	1
31.298688524590162	9646	1
31.303005464480876	9417	1
31.3048087431694	1140	1
31.30950819672131	113	1
31.36743169398907	7292	1
31.368196721311474	9429	1
31.369071038251366	5079	1
31.379071038251368	2477	1
31.431584699453552	6978	1
31.43409836065574	55	1
31.448852459016393	7003	1
31.452732240437157	1123	1
31.478524590163936	6569	1
31.48120218579235	662	1
31.503825136612022	8727	1
31.519344262295082	6251	1
31.530819672131148	7960	1
31.5548087431694	2566	1
31.555136612021858	8743	1
31.55950819672131	8022	1
31.561639344262293	2411	1
31.57535519125683	3904	1
31.584918032786884	4370	1
31.610382513661204	8009	1
31.611256830601093	7762	1
31.623825136612023	7015	1
31.644371584699453	870	1
31.649781420765027	2667	1
31.669398907103826	6814	1
31.696994535519124	4718	1
31.697650273224045	6605	1
31.720327868852458	8008	1
31.731475409836065	8476	1
31.73273224043716	9447	1
31.738087431693987	9909	1
31.74136612021858	7710	1
31.75185792349727	8406	1
31.78016393442623	1275	1
31.790491803278687	8892	1
31.794699453551914	7043	1
31.807377049180328	2025	1
31.815792349726777	6143	1
31.82469945355191	4894	1
31.830874316939887	2995	1
31.845901639344262	2349	1
31.849398907103826	5768	1
31.857377049180325	4714	1
31.86174863387978	8054	1
31.8675956284153	4815	1
31.911748633879782	2184	1
31.933387978142076	7181	1
31.941748633879783	3418	1
31.948306010928963	9165	1
31.94983606557377	9082	1
31.959234972677596	9784	1
31.960874316939893	3236	1
31.96792349726776	1043	1
31.9851912568306	3658	1
31.988032786885245	5916	1
32.02459016393443	2546	1
32.02836065573771	9812	1
32.029726775956284	2006	1
32.03327868852459	4832	0
32.05344262295082	4733	1
32.07289617486339	5127	1
32.080655737704916	1127	1
32.0951912568306	2273	1
32.11907103825136	5251	1
32.12344262295082	4786	1
32.143497267759564	1354	1
32.15639344262295	8819	1
32.17568306010929	4268	1
32.1775956284153	8718	1
32.18950819672131	250	1
32.190273224043715	9459	1
32.20546448087432	8128	1
32.20661202185792	4405	1
32.27245901639344	3843	1
32.274153005464484	2020	1
32.30775956284153	7701	1
32.3079781420765	6916	1
32.308524590163934	434	1
32.308907103825135	8599	1
32.31666666666666	3928	1
32.32218579234972	2572	1
32.32814207650273	2649	1
32.37398907103825	760	1
32.392841530054646	898	1
32.4196174863388	8533	1
32.439234972677596	7354	1
32.457978142076506	2005	1
32.458579234972674	7955	1
32.45945355191257	1369	1
32.49071038251366	8364	1
32.53710382513661	1308	1
32.537978142076504	7875	1
32.57300546448087	7366	1
32.59693989071038	3444	1
32.63245901639344	9652	1
32.634535519125684	9221	1
32.67398907103825	1558	1
32.6811475409836	9718	1
32.691038251366116	1691	1
32.69573770491803	9040	1
32.72967213114754	2807	1
32.750601092896176	5312	1
32.76896174863388	8032	1
32.77120218579235	9387	1
32.77169398907104	7612	1
32.784918032786884	4208	1
32.79218579234973	1258	1
32.84513661202186	4480	1
32.856830601092895	2530	1
32.86147540983607	4394	1
32.927540983606555	6761	1
32.93868852459016	7720	1
32.96016393442623	7657	1
32.972131147540985	7326	1
32.984863387978145	8436	1
33.03814207650273	7080	1
33.05765027322404	6910	1
33.0672131147541	6094	1
33.06890710382514	7799	1
33.08016393442623	9688	1
33.090327868852455	5860	1
33.11715846994536	7437	1
33.13377049180328	1250	1
33.13945355191257	5033	1
33.13989071038251	5179	1
33.15005464480874	6015	1
33.17218579234972	9026	1
33.18469945355191	8084	1
33.18693989071038	4631	1
33.195136612021855	1283	1
33.213060109289614	1896	1
33.2283606557377	3372	1
33.2544262295082	2623	1
33.26469945355191	6190	1
33.26633879781421	2327	1
33.283879781420765	139	1
33.2855737704918	9358	1
33.28918032786885	9742	1
33.28994535519126	887	1
33.29819672131148	4956	1
33.298469945355194	2755	1
33.30169398907104	8621	1
33.34245901639344	2894	1
33.35213114754099	6698	1
33.35355191256831	4551	1
33.35743169398907	3595	1
33.376775956284156	6612	1
33.37693989071038	8596	1
33.40726775956284	619	1
33.410437158469946	7315	1
33.4535519125683	5645	1
33.479617486338796	5247	1
33.49655737704918	2734	1
33.531530054644804	1346	1
33.57420765027322	4088	1
33.57699453551913	8839	1
33.5772131147541	3690	1
33.63180327868852	8950	1
33.63923497267759	9804	1
33.67087431693989	5639	1
33.67295081967213	6213	1
33.68136612021858	4891	1
33.68256830601093	6699	1
33.68409836065574	5248	1
33.710437158469944	1013	1
33.72185792349727	517	1
33.745628415300544	7358	1
33.78743169398907	5961	1
33.815683060109286	6292	1
33.82497267759563	4039	1
33.835846994535515	7525	1
33.84065573770492	6935	1
33.84885245901639	2496	1
33.881256830601096	4888	1
33.88256830601093	8039	1
33.886721311475405	2651	1
33.91693989071038	7809	1
33.92950819672131	5423	1
33.93513661202186	5151	1
33.93983606557377	4441	1
33.94262295081967	3193	1
33.943715846994536	1007	1
34.00644808743169	5343	1
34.02622950819672	5867	1
34.03437158469946	5743	1
34.04071038251366	1432	1
34.04666666666667	471	1
34.065245901639344	6209	1
34.074316939890714	9998	1
34.085464480874315	4693	1
34.08650273224043	6318	1
34.08743169398907	4164	1
34.09065573770492	5275	1
34.101967213114754	4838	1
34.116229508196724	1214	0
34.1196174863388	6957	1
34.13071038251366	5545	1
34.143169398907105	6112	1
34.17174863387978	9154	1
34.1851912568306	6538	1
34.21256830601093	379	1
34.215792349726776	6288	1
34.225081967213114	499	1
34.24508196721312	5176	1
34.25338797814207	1197	1
34.25486338797814	7973	1
34.31120218579235	8312	1
34.31163934426229	7700	1
34.3127868852459	349	1
34.32431693989071	5388	1
34.32546448087432	6150	1
34.33825136612022	3532	1
34.33972677595629	4128	1
34.352459016393446	7886	1
34.36338797814207	5150	1
34.375573770491805	430	1
34.37579234972677	948	1
34.38497267759563	1716	1
34.390491803278685	2993	1
34.390491803278685	2244	0
34.392349726775954	6048	1
34.40535519125683	506	1
34.40983606557377	9808	1
34.42666666666666	3026	1
34.43857923497268	6532	1
34.448142076502734	8934	1
34.45180327868852	3627	1
34.48775956284153	2168	1
34.498633879781416	7309	1
34.50185792349727	1122	1
34.509672131147546	6379	1
34.51890710382514	4918	1
34.53032786885246	1303	1
34.538360655737705	8300	1
34.550327868852456	8660	1
34.58972677595629	3587	1
34.621803278688525	6870	1
34.62420765027322	9970	1
34.63502732240437	2360	1
34.639071038251366	8862	1
34.640601092896176	1143	1
34.6548087431694	4008	1
34.67967213114754	8710	1
34.682841530054645	7729	1
34.68459016393442	7159	1
34.704918032786885	6709	1
34.711256830601094	4325	1
34.71546448087432	8574	1
34.718306010928956	8216	1
34.71928961748634	6895	1
34.74994535519125	2762	1
34.76306010928962	1125	1
34.76508196721311	9402	1
34.78950819672131	1925	1
34.80163934426229	3797	1
34.814863387978136	8085	1
34.840874316939896	9204	1
34.92486338797814	2548	1
34.9324043715847	8372	1
34.94382513661202	2245	1
34.94448087431694	6913	1
34.950874316939895	9346	1
34.96409836065573	4654	1
34.971366120218576	7522	1
34.98131147540983	2102	1
34.99306010928962	4392	1
35.00524590163934	3272	1
35.007322404371585	7166	1
35.02065573770492	8742	1
35.026448087431696	4074	1
35.04377049180327	799	1
35.06251366120218	6178	1
35.0655737704918	7541	1
35.08120218579235	509	1
35.122295081967216	7319	1
35.14131147540983	6953	1
35.16224043715847	7123	1
35.16437158469945	5850	1
35.17874316939891	7442	1
35.18081967213115	2977	1
35.192513661202184	5315	1
35.2020218579235	9468	1
35.21092896174863	5429	1
35.226612021857925	9929	1
35.24661202185792	6981	1
35.249125683060115	8485	1
35.25333333333334	9809	1
35.26540983606557	4217	1
35.26612021857923	4877	1
35.291803278688526	9996	1
35.32256830601093	979	1
35.346229508196714	5230	1
35.353387978142074	1760	1
35.37360655737705	3566	1
35.376010928961755	3001	1
35.39043715846994	1571	1
35.39486338797814	8889	1
35.40857923497268	8491	1
35.43	3189	1
35.45486338797814	6485	1
35.47371584699454	5022	1
35.49579234972677	1717	1
35.5020218579235	4014	1
35.5031693989071	2562	1
35.51994535519126	2507	1
35.53229508196721	483	1
35.53245901639344	5428	1
35.54234972677596	5712	1
35.59049180327869	5235	1
35.62846994535519	2797	1
35.64191256830601	5158	1
35.64562841530054	9333	1
35.648360655737704	5454	1
35.65081967213114	9597	1
35.676830601092895	2249	1
35.68027322404372	2074	1
35.70229508196721	8975	1
35.70661202185792	9642	1
35.70775956284153	7802	1
35.70989071038251	3902	1
35.71142076502733	8551	1
35.714207650273224	7783	1
35.71633879781421	8317	1
35.72120218579235	8446	1
35.74251366120219	8689	1
35.77366120218579	7567	1
35.793606557377046	6096	1
35.80666666666667	5339	1
35.81475409836066	5778	1
35.8244262295082	1042	1
35.82535519125683	5340	1
35.83699453551913	867	1
35.84743169398907	6348	1
35.87245901639344	8607	1
35.879234972677594	7499	1
35.88065573770492	7463	1
35.891256830601094	1538	1
35.89677595628415	4576	1
35.90989071038251	2115	1
35.91311475409836	286	1
35.932786885245896	1329	1
35.94426229508197	6291	1
35.95508196721312	3805	1
35.95693989071039	4524	1
35.96338797814207	3359	1
35.97857923497268	244	1
35.9839344262295	2181	1
36.05322404371585	9281	1
36.07601092896174	3346	1
36.080983606557375	5406	1
36.083934426229504	3676	1
36.09027322404371	313	1
36.0996174863388	5409	1
36.11448087431694	6666	1
36.11912568306011	2779	1
36.1207650273224	9330	1
36.12726775956284	7980	1
36.12814207650273	3901	1
36.134918032786885	8852	1
36.14524590163935	938	1
36.15224043715847	6181	1
36.21005464480874	694	1
36.2279781420765	9151	1
36.25715846994535	2712	1
36.27918032786885	9727	1
36.289836065573766	6473	1
36.292513661202186	474	1
36.297431693989076	4105	1
36.31699453551912	1247	1
36.31743169398907	6885	1
36.33562841530055	3159	1
36.340765027322405	905	1
36.34497267759563	7759	1
36.34655737704918	9496	1
36.37054644808743	5959	1
36.38469945355192	4333	1
36.38781420765027	4423	1
36.40448087431694	450	1
36.42956284153006	2813	1
36.453387978142075	3810	1
36.46967213114754	7476	1
36.49256830601093	9291	1
36.497595628415304	593	1
36.52650273224044	9818	1
36.55131147540984	3975	1
36.55136612021858	8301	1
36.56497267759563	2789	1
36.570546448087434	7931	1
36.570819672131144	2696	1
36.59950819672131	8967	1
36.6179781420765	7634	1
36.642349726775954	4537	1
36.65153005464481	9144	1
36.657103825136616	5633	1
36.66688524590164	9491	1
36.690273224043715	3982	1
36.69306010928961	7737	1
36.7248087431694	907	1
36.72732240437159	9170	1
36.750928961748635	9160	1
36.76693989071038	1566	1
36.773278688524584	7180	1
36.79644808743169	6836	1
36.82043715846994	6872	1
36.826502732240435	2024	1
36.84245901639344	6802	1
36.84497267759563	2768	1
36.84540983606558	3306	1
36.84978142076503	766	1
36.85087431693989	2160	1
36.854480874316934	5357	1
36.88142076502732	3353	1
36.9011475409836	6155	1
36.929508196721315	9336	1
36.93377049180328	8973	1
36.93448087431694	8692	1
36.938306010928954	7042	1
36.93939890710382	1451	1
36.95021857923497	9520	1
36.952568306010924	3322	1
36.966885245901636	2439	1
36.98344262295082	4907	1
36.98765027322404	2324	1
37.01655737704918	2629	1
37.02497267759563	8088	1
37.03409836065573	5896	1
37.100218579234976	794	1
37.11295081967213	5662	1
37.13103825136612	2292	1
37.15136612021858	1619	1
37.16437158469945	2048	1
37.18038251366121	230	1
37.2016393442623	4460	1
37.204644808743176	5103	1
37.21639344262295	7415	1
37.24398907103825	822	1
37.24590163934426	6993	1
37.24896174863388	5259	1
37.26688524590164	5393	1
37.29366120218579	7694	1
37.32306010928962	3914	1
37.32896174863388	7269	1
37.33431693989071	9396	1
37.33535519125683	7220	1
37.348196721311474	2526	1
37.36715846994535	7690	1
37.37043715846995	9462	1
37.3827868852459	9529	1
37.38437158469945	1336	1
37.393989071038256	9350	1
37.40573770491803	9041	1
37.44568306010929	8649	1
37.45398907103825	9616	1
37.461967213114754	2579	1
37.48087431693989	8806	1
37.48174863387978	6162	1
37.492349726775956	3291	1
37.49666666666666	2149	1
37.49693989071038	6713	1
37.529781420765026	8241	1
37.5424043715847	3269	1
37.548469945355194	9187	1
37.55245901639344	3553	1
37.563497267759566	5292	1
37.57256830601092	5512	1
37.57469945355191	3962	1
37.574972677595625	7163	1
37.587814207650275	0	1
