0.2856918032786885	7876	1
0.3939366120218579	2773	1
0.4430284153005465	5328	1
0.4887639344262295	2156	1
0.5194071038251366	4765	1
0.5911311475409835	6669	1
0.6563333333333333	5930	1
0.7057540983606557	8047	1
0.7501530054644809	2565	1
0.7593497267759564	6018	1
0.7803387978142076	4589	1
0.8878852459016394	6467	1
0.9359071038251366	8676	1
0.9876775956284153	215	1
1.0422841530054645	1121	1
1.0663224043715847	9699	1
1.0694262295081967	4307	1
1.203912568306011	4325	1
1.2321693989071039	8742	1
1.3476393442622951	8886	1
1.4296065573770491	5299	1
1.5018032786885245	5601	1
1.5108579234972677	4168	1
1.5612896174863389	4323	1
1.6230601092896175	87	1
1.7131092896174862	2105	1
1.7348579234972676	4064	1
1.8009890710382515	6416	1
1.8871693989071037	3520	1
2.05220218579235	3669	1
2.0808360655737705	9828	1
2.1206557377049178	2767	1
2.132295081967213	1557	1
2.148087431693989	4546	1
2.2141092896174865	7406	1
2.217464480874317	8040	1
2.2203497267759564	2490	1
2.2398743169398907	9358	1
2.331967213114754	9749	1
2.3418907103825135	2885	1
2.378579234972678	8299	1
2.4859562841530054	8650	1
2.5636612021857923	7404	1
2.7056994535519125	1012	1
2.808808743169399	3069	1
2.830431693989071	3905	1
2.900814207650273	2672	1
2.9015464480874313	8505	1
2.911103825136612	5638	1
2.916426229508197	2492	1
2.9304043715846997	7000	1
2.9350874316939892	3131	1
2.988169398907104	8134	1
2.9916229508196723	2687	1
3.0948743169398907	5170	1
3.1209890710382515	6851	1
3.2135628415300546	6942	1
3.2344699453551913	7494	1
3.2653060109289616	1243	1
3.265486338797814	5460	1
3.304661202185792	3142	1
3.316213114754098	7264	1
3.359295081967213	6247	1
3.436245901639344	2476	1
3.502120218579235	1804	1
3.5836120218579235	1133	1
3.664535519125683	7641	1
3.7144754098360653	8903	1
3.8302732240437156	9814	1
3.8448961748633876	8944	1
4.0340546448087435	8724	1
4.111300546448087	5784	1
4.128202185792349	1410	1
4.165010928961748	6180	1
4.20260655737705	482	1
4.240639344262295	6060	1
4.244103825136611	8478	1
4.291896174863388	7526	1
4.297191256830601	9573	1
4.364027322404372	6195	1
4.440956284153006	7084	1
4.471530054644808	7411	1
4.474355191256831	4264	1
4.4990273224043715	6440	1
4.549912568306011	5649	1
4.570371584699453	1999	1
4.584540983606558	6234	1
4.793808743169398	8017	1
4.81768306010929	4019	1
4.836803278688524	5913	1
4.851726775956284	4300	1
4.866098360655737	142	1
5.0834699453551915	5828	1
5.164786885245901	4578	1
5.175939890710382	2925	1
5.195857923497267	9181	1
5.204010928961749	9384	1
5.205644808743169	5394	1
5.2297377049180325	1903	1
5.309879781420765	7207	1
5.313431693989071	9748	1
5.318180327868852	1483	1
5.383497267759563	8019	1
5.4372349726775955	8762	1
5.453666666666667	5672	1
5.511748633879781	3205	1
5.5340983606557375	5983	1
5.5401639344262295	6562	1
5.648907103825136	9288	1
5.696120218579235	3362	1
5.704207650273224	1474	1
5.712131147540983	8278	1
5.731584699453552	1449	1
5.751693989071038	4640	1
5.76327868852459	2887	1
5.788251366120218	1810	1
5.815081967213114	6338	1
5.854972677595628	7168	1
5.9926775956284155	4872	1
6.051857923497268	3083	1
6.178360655737705	3401	1
6.336065573770491	2257	1
6.368743169398907	8524	1
6.404043715846994	2268	1
6.407868852459016	50	1
6.418852459016393	8690	1
6.474590163934426	6903	1
6.48120218579235	3421	1
6.613825136612022	9468	1
6.64464480874317	426	1
6.774207650273223	7139	1
6.779071038251367	9487	1
6.786612021857923	6667	1
6.799562841530054	6980	1
6.816994535519125	6921	1
6.857431693989072	7943	1
6.86448087431694	1827	1
6.903770491803279	9517	1
6.952295081967213	3615	1
7.010655737704918	5398	1
7.034207650273224	1195	1
7.044535519125683	9390	1
7.065136612021858	5692	1
7.098032786885246	3880	1
7.121147540983607	5594	1
7.129617486338797	3641	1
7.180491803278689	8648	1
7.229289617486338	5738	1
7.255573770491803	929	1
7.268688524590163	5792	1
7.289836065573771	4345	1
7.329289617486339	6290	1
7.330491803278688	1003	1
7.3558469945355185	5226	1
7.415245901639344	3957	1
7.465683060109289	7686	1
7.5688524590163935	6726	1
7.604480874316939	5499	1
7.613333333333332	4130	1
7.617322404371584	4333	1
7.707540983606558	2642	1
7.725956284153005	5056	1
7.732732240437158	1388	1
7.790546448087432	445	1
7.805081967213115	5884	1
7.835464480874316	9186	1
7.863224043715847	7439	1
7.934371584699454	2593	1
8.012896174863387	1481	1
8.066994535519125	2808	1
8.126939890710382	7427	1
8.18087431693989	9118	1
8.188032786885246	971	1
8.202513661202186	6024	1
8.229344262295083	7507	1
8.2751912568306	4923	1
8.309016393442622	3913	1
8.309453551912569	6389	1
8.417377049180327	1897	1
8.42863387978142	6697	1
8.591420765027323	5891	1
8.634316939890711	3079	1
8.674207650273225	5572	1
8.691584699453552	9652	1
8.72502732240437	7521	1
8.730218579234972	6055	1
8.765191256830601	1498	1
8.939781420765028	2836	1
8.96344262295082	9340	1
8.973989071038252	9899	1
8.976830601092896	2155	1
8.99071038251366	4652	1
8.994043715846995	9371	1
9.025792349726775	7958	1
9.055792349726776	3773	1
9.071311475409836	8608	1
9.10431693989071	1943	1
9.133879781420765	2581	1
9.170218579234973	7679	1
9.22431693989071	6875	1
9.257814207650274	474	1
9.323934426229508	3202	1
9.350491803278688	2133	1
9.3551912568306	1554	1
9.378032786885246	5153	1
9.382295081967213	4675	1
9.387158469945355	8035	1
9.390054644808743	2931	1
9.402240437158468	2283	1
9.417704918032786	1578	1
9.439726775956284	9689	1
9.450928961748634	9036	1
9.490273224043715	7731	1
9.497814207650274	5189	1
9.556502732240437	2601	1
9.56672131147541	555	1
9.600655737704917	9148	1
9.628251366120217	880	1
9.675901639344263	6788	1
9.726775956284152	8616	1
9.780218579234973	801	1
9.797704918032787	9796	1
9.801967213114755	6673	1
9.845573770491804	1528	1
9.868251366120218	600	1
9.89551912568306	2313	1
9.904426229508198	6540	1
9.90896174863388	6533	1
9.949071038251365	2366	1
10.080874316939891	6194	1
10.098087431693989	9546	1
10.134808743169398	2412	1
10.172950819672131	9597	1
10.191256830601093	6729	1
10.201748633879781	3993	1
10.215081967213115	6764	1
10.25262295081967	2984	1
10.269781420765026	4844	1
10.30311475409836	314	1
10.313333333333333	5832	1
10.348524590163935	4984	1
10.35879781420765	36	1
10.412677595628416	5804	1
10.452295081967213	3597	1
10.453169398907102	864	1
10.471857923497268	4854	1
10.48535519125683	7273	1
10.524426229508197	575	1
10.557103825136611	4224	1
10.576775956284154	4489	1
10.59087431693989	6693	1
10.626174863387977	6044	1
10.7472131147541	8559	1
10.755901639344263	4605	1
10.792459016393442	9772	1
10.817650273224043	8837	1
10.84841530054645	1711	1
10.86448087431694	1654	1
10.872513661202186	6368	1
10.903333333333334	4943	1
10.917540983606557	2777	1
10.919562841530054	669	1
10.927213114754098	2658	1
10.937704918032786	7568	1
10.973879781420766	3050	1
10.998360655737704	7547	1
11.023934426229507	9043	1
11.029234972677596	8906	1
11.03311475409836	7775	1
11.044699453551912	2082	1
11.052076502732241	3138	1
11.145901639344261	8651	1
11.146174863387978	9160	1
11.171584699453552	3058	1
11.172841530054646	4847	1
11.184644808743169	2757	1
11.203224043715847	1478	1
11.230218579234974	6067	1
11.23224043715847	9141	1
11.259398907103826	5389	1
11.259890710382514	4615	1
11.303551912568306	248	1
11.317158469945355	5798	1
11.35967213114754	249	1
11.400109289617486	2972	1
11.51174863387978	7056	1
11.582513661202185	6703	1
11.658579234972677	2649	1
11.69415300546448	5739	1
11.74431693989071	3848	1
11.779508196721311	9985	1
11.791147540983607	1107	1
11.865300546448088	5988	1
11.908633879781421	7252	1
11.935191256830601	9952	1
11.941803278688525	3246	1
11.968633879781422	7637	1
11.976448087431693	5	1
11.976775956284152	1790	1
11.980273224043716	7505	1
12.015956284153006	7768	1
12.068743169398907	2970	1
12.083497267759562	1661	1
12.096939890710383	4444	1
12.098579234972679	7953	1
12.104371584699454	7970	1
12.11639344262295	3495	1
12.121857923497268	5262	1
12.135081967213114	5187	1
12.151912568306011	9280	1
12.166994535519125	2217	1
12.204644808743168	7236	1
12.214207650273224	7238	1
12.225355191256831	4108	1
12.241475409836065	5833	1
12.273497267759563	2555	1
12.301147540983607	1304	1
12.343387978142077	6624	1
12.37639344262295	2709	1
12.37704918032787	9190	1
12.385901639344263	6498	1
12.398688524590165	2562	1
12.445136612021857	9337	1
12.457486338797814	9991	1
12.489234972677595	9663	1
12.532841530054645	4986	1
12.539726775956284	7968	1
12.540163934426229	7036	1
12.568524590163934	7932	1
12.588196721311474	9818	1
12.635737704918032	1935	1
12.64726775956284	8108	1
12.66688524590164	9488	1
12.68087431693989	6054	1
12.683060109289618	5224	1
12.712240437158469	5493	1
12.718415300546447	6362	1
12.738743169398907	5925	1
12.748633879781421	3814	1
12.768415300546447	3408	1
12.910382513661203	3545	1
12.911420765027323	1642	1
12.928852459016394	3310	1
12.940491803278688	5754	1
13.027650273224044	4567	1
13.08311475409836	1622	1
13.094863387978142	4361	1
13.116065573770491	747	1
13.130601092896173	3742	1
13.143060109289618	6038	1
13.237377049180328	7656	1
13.25704918032787	8591	1
13.26327868852459	3537	1
13.402131147540983	8142	1
13.416448087431695	3674	1
13.487158469945355	2741	1
13.499562841530054	2440	1
13.517814207650272	2515	1
13.534590163934427	7484	1
13.549617486338798	2084	1
13.56672131147541	5111	1
13.607158469945354	8762	0
13.621530054644808	7898	1
13.685792349726777	7752	1
13.70639344262295	8466	1
13.75551912568306	8853	1
13.759890710382514	8196	1
13.761530054644808	7667	1
13.772185792349726	5298	1
13.784043715846993	8521	1
13.80950819672131	7347	1
13.828306010928962	8938	1
13.930983606557378	3496	1
13.965245901639344	3315	1
14.019672131147543	3224	1
14.022349726775957	2508	1
14.074535519125682	8306	1
14.078087431693987	2956	1
14.107650273224044	3763	1
14.117814207650273	1598	1
14.130382513661202	850	1
14.196284153005465	6039	1
14.211147540983605	9737	1
14.24448087431694	4504	1
14.294918032786885	5413	1
14.312896174863388	7214	1
14.342459016393443	3867	1
14.359125683060109	7606	1
14.391311475409836	6224	1
14.412131147540984	4614	1
14.42513661202186	5750	1
14.441366120218579	7881	1
14.444098360655737	7648	1
14.460546448087433	3065	1
14.470874316939891	2707	1
14.507704918032786	1184	1
14.512459016393443	4449	1
14.525628415300545	8231	1
14.57136612021858	2542	1
14.601420765027322	6654	1
14.621256830601093	5530	1
14.638961748633879	5666	1
14.761584699453552	6478	1
14.767377049180329	4506	1
14.775136612021857	4784	1
14.801912568306012	7058	1
14.905737704918032	802	1
14.934207650273223	108	1
14.941256830601091	3798	1
14.949726775956284	9618	1
14.952841530054645	1346	1
14.97688524590164	8352	1
14.980928961748635	3979	1
14.989071038251366	4015	1
15.002950819672131	6874	1
15.016666666666667	3144	1
15.039726775956284	531	1
15.065191256830602	8791	1
15.13726775956284	1786	1
15.138360655737705	8043	1
15.145901639344261	6246	1
15.150109289617486	5376	1
15.162841530054644	6824	1
15.25879781420765	5608	1
15.302513661202186	3112	1
15.304426229508197	1239	1
15.345901639344262	7779	1
15.464590163934426	9932	1
15.46688524590164	7336	1
15.477650273224045	1890	1
15.54174863387978	6316	1
15.609398907103824	5544	1
15.635737704918032	855	1
15.670273224043715	308	1
15.688032786885246	491	1
15.762677595628414	8311	1
15.849453551912568	9108	1
15.870218579234972	1436	1
15.924426229508196	6313	1
15.936174863387977	2831	1
15.988142076502733	6549	1
16.012841530054644	1024	1
16.035956284153006	5102	1
16.04016393442623	9725	1
16.051748633879782	8343	1
16.05344262295082	3787	1
16.067158469945355	2267	1
16.11158469945355	5527	1
16.12049180327869	4736	1
16.134207650273222	4101	1
16.23	2822	1
16.234043715846994	1172	1
16.25071038251366	3705	1
16.260273224043715	8102	1
16.284262295081966	2187	1
16.354590163934425	732	1
16.39497267759563	6282	1
16.41245901639344	5869	1
16.418306010928962	4739	1
16.437158469945356	2141	1
16.466502732240436	6428	1
16.476830601092896	2073	1
16.519726775956283	1238	1
16.520109289617487	3480	1
16.521967213114753	3677	1
16.592786885245904	153	1
16.658196721311477	8686	1
16.67344262295082	9133	1
16.674262295081967	7218	1
16.7175956284153	4148	1
16.71912568306011	6983	1
16.720273224043716	6301	1
16.77	5574	1
16.771256830601093	3983	1
16.842841530054645	4661	1
16.873606557377048	8348	1
16.89103825136612	7558	1
16.918579234972675	7157	1
16.971803278688526	3497	1
16.993551912568304	9454	1
17.00207650273224	1699	1
17.01103825136612	8322	1
17.02655737704918	9837	1
17.10584699453552	1639	1
17.135245901639347	3001	1
17.160819672131147	6763	1
17.162677595628413	4927	1
17.182677595628416	7323	1
17.2375956284153	3147	1
17.25398907103825	1138	1
17.25896174863388	2677	1
17.27551912568306	1728	1
17.289781420765028	7362	1
17.335956284153003	1596	1
17.343989071038248	5223	1
17.374207650273224	6683	1
17.43950819672131	3566	1
17.50896174863388	9301	1
17.542349726775956	7337	1
17.547267759562843	3164	1
17.604098360655737	8164	1
17.67295081967213	8362	1
17.68114754098361	7372	1
17.719180327868852	9076	1
17.73366120218579	588	1
17.7527868852459	3803	1
17.79841530054645	3897	1
17.816284153005466	9662	1
17.857486338797813	9459	1
17.890819672131144	4272	1
17.894754098360657	8899	1
17.896885245901636	8985	1
17.904426229508196	5016	1
17.918196721311475	2938	1
17.961366120218578	7909	1
17.97639344262295	6421	1
17.98016393442623	2074	1
17.989234972677597	9273	1
18.024043715846993	4378	1
18.052131147540983	5599	1
18.18174863387978	6310	1
18.19448087431694	9007	1
18.218196721311475	4703	1
18.24928961748634	5364	1
18.25464480874317	8684	1
18.266502732240436	832	1
18.26775956284153	3603	1
18.32054644808743	7901	1
18.442513661202188	8600	1
18.448360655737705	158	1
18.451147540983605	3662	1
18.45830601092896	1523	1
18.49551912568306	8399	1
18.519781420765028	5451	1
18.520983606557376	749	1
18.522786885245903	7426	1
18.567868852459018	2992	1
18.574918032786883	6963	1
18.66142076502732	4213	1
18.68032786885246	6070	1
18.68393442622951	6967	1
18.690163934426227	4346	1
18.71874316939891	1719	1
18.72431693989071	8273	1
18.752841530054646	6090	1
18.79792349726776	9943	1
18.837650273224043	1521	1
18.853387978142077	8761	1
18.918306010928962	6674	1
18.95207650273224	7458	1
18.960273224043714	6699	1
19.010382513661202	6322	1
19.01650273224044	8806	1
19.030109289617485	1694	1
19.09639344262295	8009	1
19.127540983606554	7662	1
19.130983606557376	2266	1
19.15142076502732	5508	1
19.172240437158468	8242	1
19.222295081967214	415	1
19.2503825136612	3869	1
19.308688524590163	8412	1
19.334262295081967	9368	1
19.34300546448087	3155	1
19.35907103825137	6065	1
19.37551912568306	9844	1
19.426448087431694	645	1
19.457814207650273	9215	1
19.45808743169399	5621	1
19.477377049180326	9594	1
19.49448087431694	8056	1
19.600273224043715	5484	1
19.607158469945354	6635	1
19.615355191256832	7466	1
19.629398907103823	8721	1
19.637377049180326	1811	1
19.661202185792348	2539	1
19.684043715846993	97	1
19.72863387978142	6800	1
19.789234972677594	3639	1
19.79393442622951	4236	1
19.80273224043716	7542	1
19.856120218579235	7666	1
19.87737704918033	2142	1
19.966174863387977	381	1
19.984863387978145	2846	1
19.992131147540984	3691	1
19.993825136612024	5472	1
20.0551912568306	3197	1
20.057322404371583	893	1
20.064918032786885	1433	1
20.071967213114753	69	1
20.079562841530056	9580	1
20.080109289617486	9858	1
20.095846994535517	4239	1
20.10726775956284	6292	1
20.10808743169399	9867	1
20.134972677595627	1597	1
20.139562841530058	9293	1
20.1444262295082	1552	1
20.15256830601093	1477	1
20.15360655737705	6715	1
20.16	4075	1
20.179234972677598	1777	1
20.185573770491803	9041	1
20.21535519125683	8163	1
20.272185792349728	2550	1
20.272459016393444	2467	1
20.27398907103825	741	1
20.27863387978142	2994	1
20.284754098360654	8024	1
20.315027322404372	9003	1
20.339180327868853	7787	1
20.367978142076502	3032	1
20.385245901639344	8145	1
20.41918032786885	631	1
20.4279781420765	5447	1
20.428415300546447	2409	1
20.437486338797815	2223	1
20.4475956284153	3581	1
20.45497267759563	3689	1
20.506065573770492	507	1
20.515136612021855	5660	1
20.529234972677592	5653	1
20.53792349726776	5562	1
20.547213114754097	9397	1
20.55945355191257	1305	1
20.598360655737704	7680	1
20.64775956284153	1704	1
20.647978142076504	1203	1
20.661038251366122	6106	1
20.67502732240437	7368	1
20.705464480874316	4257	1
20.727814207650272	5419	1
20.73016393442623	7298	1
20.733989071038252	8160	1
20.740983606557375	4379	1
20.757431693989073	7777	1
20.759398907103826	1002	1
20.7868306010929	8004	1
20.79415300546448	3227	1
20.893224043715847	8798	1
20.909071038251366	1687	1
20.93568306010929	6643	1
20.953333333333333	6025	1
20.974644808743168	8920	1
20.995245901639343	4526	1
21.030546448087435	4613	1
21.040765027322404	1115	1
21.042185792349727	7592	1
21.071748633879782	9694	1
21.079453551912568	9793	1
21.08945355191257	2575	1
21.09901639344262	737	1
21.120819672131148	5823	1
21.147486338797815	8741	1
21.15366120218579	4437	1
21.187978142076503	2312	1
21.202021857923498	6913	1
21.20213114754098	3942	1
21.243169398907103	6071	1
21.25650273224044	2437	1
21.323715846994535	5390	1
21.325628415300546	9142	1
21.35502732240437	5489	1
21.392841530054646	7475	1
21.396994535519124	5019	1
21.405628415300548	9648	1
21.432896174863387	6991	1
21.440273224043715	2872	1
21.47814207650273	7996	1
21.482295081967216	5149	1
21.486612021857923	2746	1
21.574371584699453	5993	1
21.581092896174862	6302	1
21.6020218579235	6138	1
21.61918032786885	1123	1
21.634590163934426	807	1
21.663333333333334	3141	1
21.66808743169399	7684	1
21.74551912568306	3838	1
21.806338797814206	5829	1
21.812404371584698	3507	1
21.838306010928964	3084	1
21.886284153005466	5783	1
21.912349726775954	5915	1
21.91426229508197	1215	1
21.92568306010929	6923	1
21.935901639344262	4711	1
21.951639344262293	4316	1
21.95601092896175	9002	1
21.98448087431694	8664	1
22.00655737704918	2043	1
22.01863387978142	6538	1
22.033224043715844	9114	1
22.044535519125684	7951	1
22.04464480874317	8439	1
22.04617486338798	2655	1
22.089289617486337	1001	1
22.0896174863388	7037	1
22.10513661202186	7188	1
22.149071038251368	273	1
22.205300546448086	1519	1
22.208743169398904	2496	1
22.223169398907103	8981	1
22.252185792349728	3238	1
22.2531693989071	6516	1
22.30191256830601	5865	1
22.303989071038252	3067	1
22.319016393442624	914	1
22.329016393442622	9216	1
22.364535519125685	981	1
22.389890710382517	7852	1
22.394918032786883	9833	1
22.46584699453552	2210	1
22.49377049180328	6592	1
22.506284153005463	3573	1
22.53158469945355	4796	1
22.53311475409836	2979	1
22.57191256830601	7186	1
22.59174863387978	7708	1
22.59245901639344	5781	1
22.613551912568305	1075	1
22.61382513661202	5161	1
22.641475409836065	9103	1
22.668907103825138	9634	1
22.71448087431694	1803	1
22.725027322404372	1764	1
22.739180327868855	5760	1
22.791803278688526	7179	1
22.8072131147541	120	1
22.81726775956284	9606	1
22.8351912568306	8612	1
22.86846994535519	2292	1
22.87502732240437	6119	1
22.89633879781421	8919	1
22.922513661202185	2026	1
22.93016393442623	4023	1
22.990437158469945	3094	1
23.015081967213114	8042	1
23.095081967213115	9906	1
23.164535519125682	6257	1
23.19185792349727	7728	1
23.193770491803278	323	1
23.24377049180328	2728	1
23.247868852459018	1429	1
23.276010928961746	5954	1
23.281475409836066	3458	1
23.302021857923496	6833	1
23.383715846994537	7616	1
23.38464480874317	3924	1
23.440601092896173	5359	1
23.450655737704917	9920	1
23.484918032786883	8604	1
23.48639344262295	1766	1
23.495792349726777	5622	1
23.52584699453552	8475	1
23.542513661202182	984	1
23.581475409836067	1526	1
23.61032786885246	490	1
23.654262295081967	9347	1
23.67071038251366	3525	1
23.671420765027325	6709	1
23.676120218579236	7181	1
23.761475409836066	6518	1
23.76431693989071	4535	1
23.775355191256832	1188	1
23.815409836065573	5618	1
23.828907103825134	1736	1
23.851147540983607	1056	1
23.86382513661202	1287	1
23.89486338797814	1087	1
23.915136612021854	4955	1
23.920382513661202	1896	1
23.954972677595627	290	1
23.9624043715847	1219	1
24.026939890710384	7931	1
24.051967213114754	9323	1
24.052295081967213	7219	1
24.08754098360656	6661	1
24.14672131147541	6973	1
24.14830601092896	3958	1
24.18857923497268	7602	1
24.195573770491805	8226	1
24.20486338797814	4177	1
24.21710382513661	9933	1
24.227923497267756	4030	1
24.243333333333336	1159	1
24.283497267759564	5624	1
24.29415300546448	438	1
24.32426229508197	2755	1
24.335409836065573	3888	1
24.41677595628415	9	1
24.42087431693989	8901	1
24.42125683060109	218	1
24.423169398907106	2716	1
24.446830601092895	4405	1
24.453497267759563	2275	1
24.453879781420767	8834	1
24.45524590163934	4192	1
24.463497267759564	8621	1
24.467322404371586	9497	1
24.47207650273224	5564	1
24.491693989071038	3906	1
24.496284153005462	8341	1
24.496502732240437	9788	1
24.502841530054642	2256	1
24.514972677595626	4455	1
24.53087431693989	7195	1
24.534262295081966	4579	1
24.53726775956284	9017	1
24.541366120218576	7957	1
24.54344262295082	3340	1
24.54415300546448	7540	1
24.563879781420766	843	1
24.577158469945356	7467	1
24.593005464480875	409	1
24.6027868852459	4120	1
24.626229508196722	3492	1
24.637868852459015	5317	1
24.651256830601092	3013	1
24.689890710382514	3834	1
24.690109289617485	1509	1
24.695136612021855	3420	1
24.69628415300546	2479	1
24.738251366120217	6665	1
24.75300546448087	7868	1
24.762021857923497	411	1
24.769125683060107	4763	1
24.849071038251367	4024	1
24.85087431693989	7208	1
24.85289617486339	2163	1
24.86912568306011	6457	1
24.870928961748632	2103	1
24.894535519125682	874	1
24.898087431693988	4436	1
24.9075956284153	3618	1
24.911147540983606	4430	1
24.91978142076503	1168	1
24.92415300546448	2771	1
24.93016393442623	7160	1
24.957923497267757	9198	1
24.961038251366123	980	1
24.96497267759563	2908	1
24.98327868852459	8388	1
24.985573770491804	3406	1
24.985628415300546	5066	1
24.995136612021856	4687	1
25.047704918032785	7912	1
25.053770491803277	6409	1
25.066502732240437	4819	1
25.09109289617486	5819	1
25.141366120218578	5559	1
25.16688524590164	5876	1
25.16879781420765	7492	1
25.17830601092896	9406	1
25.192131147540984	2146	1
25.20502732240437	8025	1
25.20885245901639	151	1
25.216120218579235	3390	1
25.22431693989071	6040	1
25.23972677595628	149	1
25.240928961748633	2209	1
25.268579234972677	9592	1
25.291967213114756	7991	1
25.29677595628415	4136	1
25.311092896174863	8305	1
25.319180327868853	961	1
25.334808743169397	6107	1
25.378579234972676	4433	1
25.38497267759563	2055	1
25.403333333333332	5491	1
25.41617486338798	9004	1
25.42743169398907	1441	1
25.437322404371585	6425	1
25.442021857923496	4275	1
25.44551912568306	9914	1
25.46224043715847	9408	1
25.4655737704918	1792	1
25.46928961748634	1353	1
25.47207650273224	9633	1
25.475573770491806	9776	1
25.475956284153007	5936	1
25.51879781420765	764	1
25.555464480874317	812	1
25.561311475409834	494	1
25.56967213114754	7818	1
25.579344262295084	8224	1
25.585573770491802	9664	1
25.586065573770494	6869	1
25.592404371584696	6957	1
25.601748633879783	7497	1
25.61704918032787	4167	1
25.639071038251366	3812	1
25.65677595628415	715	1
25.671967213114755	2064	1
25.693551912568303	5081	1
25.718360655737705	1933	1
25.74934426229508	3449	1
25.75398907103825	3859	1
25.755355191256832	9054	1
25.78344262295082	1542	1
25.79382513661202	6990	1
25.808087431693988	8809	1
25.8103825136612	9146	1
25.81704918032787	3384	1
25.821202185792348	256	1
25.82967213114754	7710	1
25.831475409836063	5381	1
25.843770491803276	6200	1
25.87256830601093	1587	1
25.878087431693988	6422	1
25.88311475409836	4635	1
25.89	1761	1
25.903224043715845	6229	1
25.90327868852459	2333	1
25.920546448087432	2046	1
25.931639344262294	316	1
25.94568306010929	4284	1
25.951420765027322	9119	1
25.955846994535516	4609	1
25.956939890710384	8495	1
25.963825136612023	3529	1
26.016994535519128	7175	1
26.022622950819674	955	1
26.02775956284153	5733	1
26.036448087431694	2835	1
26.068797814207652	3423	1
26.07431693989071	7172	1
26.082786885245902	934	1
26.120928961748632	9877	1
26.12983606557377	8151	1
26.13393442622951	6062	1
26.134043715846996	5992	1
26.139945355191255	9779	1
26.1603825136612	4775	1
26.161803278688524	8974	1
26.163551912568305	7798	1
26.176502732240436	7978	1
26.195300546448085	6712	1
26.211147540983607	9047	1
26.216939890710382	4368	1
26.22322404371585	5953	1
26.22546448087432	8744	1
26.233387978142073	9760	1
26.23415300546448	3831	1
26.254590163934427	9438	1
26.2672131147541	5035	1
26.291420765027322	9735	1
26.312349726775956	2922	1
26.32245901639344	8804	1
26.33535519125683	8700	1
26.348524590163933	2174	1
26.36207650273224	2676	1
26.364918032786886	8115	1
26.387213114754097	2136	1
26.414918032786886	3846	1
26.420163934426228	6857	1
26.43639344262295	7374	1
26.437486338797815	7570	1
26.445409836065576	6744	1
26.447868852459017	3366	1
26.451803278688523	1928	1
26.459617486338797	8337	1
26.479234972677595	6492	1
26.48726775956284	3407	1
26.491038251366117	2399	1
26.561475409836063	8332	1
26.577377049180328	3285	1
26.61983606557377	7875	1
26.628907103825135	8191	1
26.631420765027322	5986	1
26.64551912568306	7145	1
26.650874316939888	4822	1
26.688142076502732	5864	1
26.696448087431694	3780	1
26.710218579234972	8044	1
26.731748633879782	6359	1
26.753387978142076	4847	0
26.76655737704918	5805	1
26.785245901639342	4549	1
26.790109289617483	7853	1
26.81289617486339	3749	1
26.821147540983606	8383	1
26.84830601092896	4176	1
26.863715846994534	5144	1
26.891311475409836	8159	1
26.900928961748633	3622	1
26.909234972677595	9445	1
26.93005464480874	5483	1
26.943387978142077	627	1
26.948306010928963	851	1
26.968852459016393	5046	1
26.98191256830601	5291	1
26.98256830601093	9598	1
26.98327868852459	7090	1
26.988196721311475	3810	1
27.020109289617487	9102	1
27.04185792349727	6590	1
27.042295081967215	4603	1
27.0427868852459	1400	1
27.059234972677594	4121	1
27.068579234972677	6864	1
27.08125683060109	6985	1
27.107650273224042	2905	1
27.11224043715847	7304	1
27.121967213114754	9916	1
27.135846994535516	7735	1
27.136284153005462	2096	1
27.161967213114753	687	1
27.19945355191257	9458	1
27.226120218579236	8814	1
27.240163934426228	1524	1
27.28551912568306	5552	1
27.28568306010929	9498	1
27.297650273224043	3120	1
27.30174863387978	3082	1
27.311366120218576	116	1
27.325136612021858	1616	1
27.346939890710384	3832	1
27.347923497267757	2502	1
27.35174863387978	8642	1
27.36131147540984	5322	1
27.376666666666665	9185	1
27.385409836065573	2838	1
27.39469945355191	6976	1
27.397158469945357	6072	1
27.39950819672131	9231	1
27.43016393442623	6028	1
27.45448087431694	181	1
27.465300546448088	7078	1
27.52846994535519	8018	1
27.54174863387978	5920	1
27.54393442622951	2932	1
27.575136612021858	8788	1
27.586120218579236	2392	1
27.592349726775954	1233	1
27.614972677595627	8496	1
27.61846994535519	7141	1
27.623661202185794	2194	1
27.629071038251364	4133	1
27.629617486338798	2577	1
27.656174863387978	5321	1
27.66934426229508	1217	1
27.679508196721308	6026	1
27.70486338797814	4049	1
27.706120218579237	2766	1
27.73863387978142	4590	1
27.745300546448085	2260	1
27.74535519125683	3856	1
27.745792349726777	6855	1
27.747814207650272	7142	1
27.749180327868853	3772	1
27.75398907103825	6524	1
27.75863387978142	1751	1
27.860382513661204	6384	1
27.872459016393442	5455	1
27.882021857923498	225	1
27.887978142076502	8513	1
27.890054644808743	8075	1
27.898797814207647	6867	1
27.912349726775957	2186	1
27.92027322404372	1520	1
27.926174863387978	9850	1
27.936448087431692	2242	1
27.958688524590162	6692	1
27.961748633879782	6734	1
27.96344262295082	9482	1
27.96568306010929	5835	1
27.980054644808742	3588	1
28.00016393442623	2071	1
28.001147540983606	7974	1
28.001803278688524	4905	1
28.0127868852459	5742	1
28.085956284153006	698	1
28.08601092896175	7733	1
28.10125683060109	8413	1
28.12934426229508	3009	1
28.157868852459018	9282	1
28.193879781420765	9983	1
28.20398907103825	899	1
28.220109289617486	3376	1
28.224918032786885	5882	1
28.23333333333333	2385	1
28.235846994535517	2533	1
28.252677595628416	6418	1
28.277322404371585	4619	1
28.294480874316942	8006	1
28.309016393442622	7622	1
28.317704918032785	2049	1
28.330054644808744	8777	1
28.330601092896174	1985	1
28.335081967213114	4245	1
28.343606557377047	6603	1
28.379234972677597	7248	1
28.380491803278687	5234	1
28.386994535519126	7549	1
28.418142076502733	1037	1
28.450054644808745	7825	1
28.450327868852458	1051	1
28.452295081967215	8396	1
28.45786885245902	1940	1
28.46431693989071	5417	1
28.469726775956286	8195	1
28.472622950819673	9091	1
28.485628415300546	9342	1
28.48781420765027	9904	1
28.499234972677595	5064	1
28.509071038251363	6882	1
28.513333333333332	5177	1
28.52846994535519	2153	1
28.530601092896173	2824	1
28.544371584699455	1562	1
28.55071038251366	7771	1
28.556666666666665	2553	1
28.55983606557377	5030	1
28.584644808743167	8051	1
28.59174863387978	8334	1
28.594426229508198	8471	1
28.60737704918033	4037	1
28.619508196721313	2563	1
28.6224043715847	5495	1
28.672786885245902	3162	1
28.677322404371584	836	1
28.716010928961747	3642	1
28.744754098360655	8254	1
28.766010928961748	5055	1
28.784426229508195	3374	1
28.788360655737705	5469	1
28.792349726775956	5753	1
28.80049180327869	7444	1
28.81360655737705	9547	1
28.82300546448087	9758	1
28.827978142076503	3790	1
28.82863387978142	5228	1
28.839945355191258	383	1
28.850054644808743	9836	1
28.860928961748634	870	1
28.861803278688523	8746	1
28.875573770491805	8833	1
28.891311475409832	4559	1
28.913387978142076	4350	1
28.952295081967215	8455	1
28.955245901639344	875	1
28.959289617486338	9494	1
28.96382513661202	3817	1
28.968688524590164	4496	1
28.98049180327869	4473	1
29.036120218579235	3447	1
29.052677595628417	1784	1
29.06928961748634	3927	1
29.08808743169399	4043	1
29.094262295081965	2042	1
29.102513661202188	8105	1
29.124207650273224	5366	1
29.13808743169399	9831	1
29.147868852459016	1495	1
29.156502732240437	2255	1
29.179071038251365	7280	1
29.2024043715847	5341	1
29.208688524590162	9296	1
29.212295081967213	1799	1
29.22431693989071	9773	1
29.229180327868853	7739	1
29.270491803278688	5422	1
29.272349726775957	1983	1
29.275628415300545	4109	1
29.287486338797812	1913	1
29.31535519125683	5173	1
29.321311475409836	7829	1
29.39120218579235	7946	1
29.391967213114757	9841	1
29.413879781420764	9037	1
29.416010928961747	4196	1
29.434426229508198	7748	1
29.44218579234973	5405	1
29.45846994535519	1781	1
29.468524590163934	7905	1
29.48163934426229	1791	1
29.484371584699453	377	1
29.495027322404372	7247	1
29.508415300546446	791	1
29.51256830601093	2703	1
29.536174863387977	8687	1
29.538524590163934	2311	1
29.55590163934426	4325	0
29.562404371584698	6962	1
29.587868852459017	9820	1
29.600109289617485	7585	1
29.616830601092897	7081	1
29.62218579234973	8538	1
29.69103825136612	5751	1
29.692841530054647	5718	1
29.73502732240437	6278	1
29.74431693989071	1231	1
29.802459016393442	2102	1
29.802513661202184	6222	1
29.81136612021858	8849	1
29.814098360655738	8924	1
29.825901639344263	9229	1
29.845136612021857	706	1
29.8551912568306	4124	1
29.8951912568306	9373	1
29.895956284153005	8309	1
29.910928961748635	2473	1
29.915464480874316	4970	1
29.92469945355191	3228	1
29.925136612021856	9302	1
29.930273224043713	3963	1
29.983825136612023	1352	1
29.996775956284154	2536	1
30.01103825136612	9193	1
30.014207650273224	8679	1
30.037868852459017	5675	1
30.04158469945355	3845	1
30.060655737704916	8251	1
30.062021857923497	3504	1
30.064590163934426	6657	1
30.06486338797814	1368	1
30.077978142076503	8390	1
30.079562841530056	4983	1
30.09464480874317	3999	1
30.12054644808743	3044	1
30.123005464480876	1263	1
30.13065573770492	7050	1
30.13191256830601	185	1
30.13661202185792	2657	1
30.14918032786885	8233	1
30.157158469945358	4349	1
30.160710382513663	4842	1
30.16431693989071	8714	1
30.21710382513661	646	1
30.223770491803275	6097	1
30.224754098360656	7216	1
30.244098360655737	3309	1
30.253278688524592	2372	1
30.25863387978142	4412	1
30.26103825136612	6564	1
30.309016393442622	8726	1
30.315792349726774	5119	1
30.372622950819668	9995	1
30.382240437158472	6625	1
30.38677595628415	6500	1
30.405409836065573	8286	1
30.40672131147541	6068	1
30.4627868852459	5701	1
30.591912568306007	5461	1
30.607213114754096	5965	1
30.611256830601093	8223	1
30.639344262295083	4084	1
30.68431693989071	9230	1
30.691475409836062	6079	1
30.692459016393443	6334	1
30.763333333333332	9711	1
30.76622950819672	8021	1
30.812404371584698	7960	1
30.831147540983604	515	1
30.83677595628415	7070	1
30.850655737704916	298	1
30.874207650273224	3452	1
30.89049180327869	3089	1
30.90256830601093	1733	1
30.91590163934426	9224	1
30.916065573770492	4003	1
30.91825136612022	2304	1
30.935683060109287	3410	1
30.938524590163933	4421	1
30.945300546448085	6907	1
30.96191256830601	8206	1
30.965792349726776	9443	1
30.97366120218579	8701	1
31.033879781420765	9180	1
31.03404371584699	8657	1
31.040327868852458	3333	1
31.06535519125683	6185	1
31.08071038251366	6509	1
31.118688524590166	408	1
31.13939890710382	7146	1
31.161748633879782	4672	1
31.190109289617485	8504	1
31.201420765027322	7736	1
31.20830601092896	6545	1
31.240765027322404	7031	1
31.253497267759563	2362	1
31.2555737704918	5797	1
31.26983606557377	3800	1
31.33158469945355	8823	1
31.332185792349726	2812	1
31.351420765027324	2118	1
31.368306010928958	2962	1
31.38775956284153	2682	1
31.395573770491804	1823	1
31.405956284153007	488	1
31.421857923497267	2532	1
31.44677595628415	8152	1
31.448251366120218	2498	1
31.452732240437157	6162	1
31.490218579234973	7450	1
31.49453551912568	3203	1
31.535956284153006	7994	1
31.543442622950817	7614	1
31.57021857923497	1293	1
31.57655737704918	3570	1
31.595792349726775	5958	1
31.60234972677596	9967	1
31.60710382513661	8120	1
31.62726775956284	6865	1
31.6275956284153	6807	1
31.667923497267758	6126	1
31.71464480874317	3619	1
31.724262295081967	5656	1
31.734043715846994	5098	1
31.734918032786883	2057	1
31.77825136612022	4227	1
31.788579234972676	6841	1
31.80398907103825	3938	1
31.817322404371584	6849	1
31.82087431693989	7653	1
31.82426229508197	8192	1
31.83967213114754	5360	1
31.841311475409835	5204	1
31.847704918032786	3248	1
31.851967213114754	4190	1
31.970710382513662	7804	1
31.982185792349725	8295	1
32.02311475409836	5726	1
32.038360655737705	932	1
32.06071038251366	5696	1
32.06475409836066	4146	1
32.09142076502732	8227	1
32.095573770491804	5007	1
32.12114754098361	4838	1
32.16579234972678	1605	1
32.16743169398907	879	1
32.17185792349727	5091	1
32.173169398907106	5068	1
32.175027322404375	2032	1
32.176502732240436	2967	1
32.23234972677596	5088	1
32.25743169398907	1603	1
32.266612021857924	5233	1
32.27540983606557	3970	1
32.28814207650273	6249	1
32.30448087431694	9751	1
32.33540983606557	9275	1
32.3548087431694	1275	1
32.368524590163936	6087	1
32.38693989071038	8331	1
32.465409836065575	1692	1
32.47196721311475	5256	1
32.47639344262295	5582	1
32.55054644808743	3481	1
32.57366120218579	2823	1
32.57983606557377	1609	1
32.588852459016394	2613	1
32.59655737704918	8735	1
32.60393442622951	3754	1
32.6172131147541	8154	1
32.65120218579235	916	1
32.65229508196721	3093	1
32.67633879781421	6286	1
32.70426229508197	1253	1
32.70950819672131	9481	1
32.724262295081964	6355	1
32.735573770491804	33	1
32.74508196721311	9950	1
32.75628415300546	6650	1
32.758852459016396	7115	1
32.7807650273224	2892	1
32.78153005464481	6091	1
32.80579234972677	5408	1
32.80726775956284	7713	1
32.829125683060106	7789	1
32.83174863387978	4683	1
32.85579234972678	7308	1
32.87825136612022	2820	1
32.88415300546448	1627	1
32.88431693989071	2843	1
32.887158469945355	6694	1
32.892021857923496	6566	1
32.91251366120218	271	1
32.91956284153005	9832	1
32.94661202185792	6647	1
32.97775956284153	2215	1
32.99912568306011	5793	1
33.00196721311475	5418	1
33.040273224043716	5839	1
33.04032786885246	2813	1
33.06	3811	1
33.06972677595628	8245	1
33.080983606557375	2290	1
33.09568306010929	8861	1
33.155792349726774	6059	1
33.177267759562845	3004	1
33.18644808743169	5514	1
33.187595628415295	8585	1
33.199672131147544	8461	1
33.20196721311475	6420	1
33.21475409836065	5537	1
33.221366120218576	6094	1
33.22327868852459	2402	1
33.2279781420765	886	1
33.24218579234972	3398	1
33.27732240437158	1185	1
33.288743169398906	6342	1
33.30710382513661	9364	1
33.35404371584699	569	1
33.38262295081967	643	1
33.433551912568305	4089	1
33.47273224043716	8031	1
33.47273224043716	4957	1
33.523770491803276	3422	1
33.52874316939891	2886	1
33.547322404371585	8765	1
33.57710382513661	2485	1
33.58185792349727	2783	1
33.618797814207646	3781	1
33.6448087431694	9959	1
33.65540983606557	7536	1
33.65989071038251	8443	1
33.6803825136612	6052	1
33.6827868852459	937	1
33.699726775956286	5617	1
33.7227868852459	262	1
33.75180327868853	4270	1
33.756885245901636	2271	1
33.76125683060109	4319	1
33.7624043715847	3560	1
33.81251366120218	9670	1
33.84699453551912	5396	1
33.8816393442623	9412	1
33.88426229508197	7386	1
33.88639344262295	2316	1
33.889071038251366	4122	1
33.8951912568306	508	1
33.97879781420765	2959	1
34.00180327868853	1110	1
34.00327868852459	6640	1
34.036448087431694	7028	1
34.038360655737705	3378	1
34.05743169398907	7500	1
34.124426229508195	1070	1
34.152896174863386	714	1
34.15754098360656	9110	1
34.163333333333334	689	1
34.17147540983606	1902	1
34.18229508196721	3468	1
34.23803278688525	9734	1
34.245628415300544	9531	1
34.253551912568305	2561	1
34.26956284153005	5327	1
34.281584699453546	7984	1
34.28415300546448	949	1
34.30393442622951	2832	1
34.31136612021858	3903	1
34.312349726775956	8914	1
34.32360655737705	6268	1
34.33568306010929	9460	1
34.33846994535519	6419	1
34.35147540983606	4657	1
34.35273224043716	5285	1
34.37825136612022	6176	1
34.38661202185792	5377	1
34.4075956284153	8611	1
34.42060109289617	6740	1
34.4416393442623	4211	1
34.443333333333335	144	1
34.45136612021858	3550	1
34.46377049180328	8444	1
34.508087431693994	6936	1
34.544316939890706	6447	1
34.59502732240437	3206	1
34.59743169398907	1378	1
34.67245901639344	8381	1
34.68431693989071	7213	1
34.712404371584704	4802	1
34.724644808743165	3137	1
34.763224043715844	3319	1
34.78409836065574	6030	1
34.787923497267755	4429	1
34.81852459016393	8696	1
34.824699453551915	4820	1
34.830655737704916	9621	1
34.847868852459015	2924	1
34.84792349726776	991	1
34.85464480874317	8553	1
34.869453551912564	6063	1
34.87508196721311	6165	1
34.881202185792354	6267	1
34.9220218579235	4663	1
34.937650273224044	5922	1
34.96262295081967	678	1
34.96907103825137	8636	1
34.980765027322406	9101	1
34.98284153005464	6575	1
34.98322404371585	9885	1
34.98573770491803	6483	1
35.004972677595624	2486	1
35.040874316939885	2285	1
35.04415300546448	7575	1
35.0444262295082	4009	1
35.09770491803279	4785	1
35.10300546448087	134	1
35.13245901639344	9753	1
35.18125683060109	9465	1
35.18344262295082	4974	1
35.183879781420764	9940	1
35.18524590163935	9077	1
35.20650273224044	9274	1
35.22683060109289	412	1
35.26224043715847	9099	1
35.27469945355192	6364	1
35.28076502732241	1517	1
35.33655737704918	1633	1
35.35825136612022	8794	1
35.35939890710383	3275	1
35.40043715846995	6586	1
35.404371584699454	7419	1
35.418688524590166	6631	1
35.42185792349727	7110	1
35.42366120218579	5407	1
35.4827868852459	9034	1
35.49032786885246	9329	1
35.54612021857923	7749	1
35.57114754098361	1335	1
35.60065573770492	9204	1
35.619672131147546	5229	1
35.63016393442623	8474	1
35.63469945355192	6459	1
35.655081967213114	5208	1
35.66213114754099	4935	1
35.669726775956285	9623	1
35.67142076502732	9646	1
35.73907103825137	4209	1
35.7396174863388	5155	1
35.756557377049184	3804	1
35.77349726775956	7814	1
35.775300546448086	5950	1
35.778633879781424	5734	1
35.814918032786885	784	1
35.83306010928961	4053	1
35.84431693989071	3813	1
35.868032786885244	3899	1
35.87163934426229	4649	1
35.8975956284153	2817	1
35.941420765027324	6964	1
36.00453551912568	126	1
36.0055737704918	2377	1
36.03349726775956	2727	1
36.03699453551912	9626	1
36.05748633879781	1939	1
36.057759562841525	3225	1
36.0624043715847	3122	1
36.086229508196716	9196	1
36.10065573770492	2	1
36.103442622950816	4673	1
36.10409836065574	6958	1
36.11781420765028	9253	1
36.12185792349727	46	1
36.122896174863385	5199	1
36.128579234972676	8680	1
36.13535519125683	8561	1
36.14295081967213	3394	1
36.1448087431694	4894	1
36.15530054644809	3916	1
36.16945355191257	9554	1
36.170382513661195	4669	1
36.17972677595628	9053	1
36.181639344262294	7767	1
36.19409836065574	762	1
36.197377049180325	8852	1
36.203387978142075	3833	1
36.20475409836065	6376	1
36.20732240437158	8990	1
36.20912568306011	8512	1
36.21098360655737	8503	1
36.22229508196722	3362	0
36.22693989071038	1122	1
36.22879781420765	2251	1
36.231092896174864	4916	1
36.24918032786886	7840	1
36.2555737704918	7897	1
36.25890710382514	2704	1
36.26601092896175	2361	1
36.2703825136612	4306	1
36.286885245901644	517	1
36.29404371584699	5079	1
36.30420765027323	4525	1
36.32469945355191	8061	1
36.33087431693989	1194	1
36.33693989071038	4283	1
36.33967213114754	3293	1
36.3483606557377	8670	1
36.367322404371585	9675	1
36.367704918032786	5124	1
36.369180327868854	5203	1
36.38	342	1
36.38535519125683	3934	1
36.3979781420765	6245	1
36.40530054644809	5747	1
36.409617486338796	3578	1
36.41087431693989	469	1
36.44125683060109	7580	1
36.46114754098361	5145	1
36.464207650273224	5382	1
36.467923497267755	4804	1
36.46830601092896	5024	1
36.469453551912565	5566	1
36.48699453551912	9026	1
36.48732240437159	4014	1
36.51715846994535	7042	1
36.537540983606554	6360	1
36.5392349726776	6745	1
36.55420765027323	4394	1
36.57010928961749	7998	1
36.59207650273224	8427	1
36.60322404371585	7816	1
36.61295081967213	3294	1
36.6275956284153	8610	1
36.63103825136612	7885	1
36.64251366120219	3116	1
36.65464480874317	1020	1
36.681311475409835	3628	1
36.699234972677594	8508	1
36.70021857923497	7564	1
36.70551912568306	6085	1
36.71562841530055	1845	1
36.71896174863388	9674	1
36.72666666666667	3272	1
36.73693989071038	8103	1
36.740819672131146	7678	1
36.752021857923495	1489	1
36.76125683060109	705	1
36.78639344262295	6897	1
36.788360655737705	1227	1
36.798797814207646	3702	1
36.80617486338798	9659	1
36.81393442622951	9170	1
36.81814207650273	3021	1
36.82601092896174	9518	1
36.83371584699454	809	1
36.84322404371584	4841	1
36.84852459016393	1191	1
36.86650273224044	7445	1
36.89737704918033	8414	1
36.89972677595629	3700	1
36.90300546448087	1576	1
36.90633879781421	6831	1
36.93229508196721	7858	1
36.96409836065574	9058	1
36.964262295081966	2442	1
36.96551912568306	9938	1
36.97825136612022	6133	1
36.97836065573771	5863	1
36.985519125683055	8606	1
36.98590163934426	2154	1
36.990491803278694	7490	1
37.01054644808743	6711	1
37.01934426229508	1043	1
37.0351912568306	1681	1
37.06284153005464	6351	1
37.07939890710382	3043	1
37.104590163934425	5280	1
37.11196721311475	599	1
37.1163387978142	3417	1
37.130327868852454	2224	1
37.13131147540984	6608	1
37.1324043715847	7143	1
37.13819672131148	1739	1
37.139071038251366	4825	1
37.14945355191257	8533	1
37.16366120218579	5540	1
37.189125683060105	4761	1
37.198087431693985	8951	1
37.21333333333334	1747	1
37.215409836065575	5087	1
37.22224043715847	3805	1
37.223333333333336	3587	1
37.224754098360656	4880	1
37.23590163934426	9429	1
37.24360655737705	1294	1
37.25147540983607	4849	1
37.25863387978142	2481	1
37.25967213114754	9802	1
37.262185792349726	9265	1
37.274207650273226	9394	1
37.282240437158464	5657	1
37.287540983606554	4250	1
37.2907650273224	6591	1
37.30830601092896	7851	1
37.3196174863388	4666	1
37.34213114754098	7934	1
37.35956284153005	286	1
37.3596174863388	1770	1
37.36677595628415	2487	1
37.373278688524586	1652	1
37.38065573770491	5268	1
37.38590163934426	6794	1
37.39049180327869	528	1
37.390928961748635	2460	1
37.42469945355191	6066	1
37.42885245901639	5763	1
37.433989071038255	2724	1
37.43622950819672	4778	1
37.44497267759563	2137	1
37.44530054644809	9709	1
37.459726775956284	2207	1
37.46469945355191	2208	1
37.46868852459016	753	1
37.4787431693989	5037	1
37.48196721311476	8796	1
37.4868306010929	7341	1
37.495737704918035	3751	1
37.528688524590166	7434	1
37.536721311475404	3871	1
37.536830601092895	8566	1
37.561530054644805	6834	1
37.562349726775956	7936	1
37.59874316939891	3654	1
37.60486338797814	4556	1
37.60661202185792	6413	1
37.62655737704918	3598	1
37.64748633879781	5710	1
37.66928961748634	1634	1
37.66978142076503	5406	1
37.67377049180328	1572	1
37.67524590163934	503	1
37.71715846994535	1966	1
37.72120218579235	1212	1
37.72311475409836	907	1
37.732295081967216	3234	1
37.737486338797815	7270	1
37.78311475409836	5963	1
37.793989071038254	8464	1
37.83830601092896	5353	1
37.8548087431694	6961	1
37.86076502732241	1624	1
37.86584699453552	6330	1
37.87049180327869	1563	1
37.87743169398907	3688	1
37.909562841530054	2833	1
37.918251366120224	3489	1
37.920819672131145	459	1
37.92825136612022	3719	1
37.93715846994535	3696	1
37.94683060109289	1385	1
37.95546448087432	2382	1
37.96032786885246	5421	1
37.966885245901636	5375	1
37.96950819672131	4936	1
37.978142076502735	3291	1
37.9855737704918	9984	1
37.98661202185792	957	1
37.994207650273225	2434	1
38.02475409836066	3148	1
38.0688524590164	4290	1
38.09234972677595	1408	1
38.1051912568306	8041	1
38.12426229508196	1432	1
38.12956284153005	3683	1
38.13	9632	1
38.14825136612022	8588	1
38.14901639344262	8743	1
38.15551912568306	6713	1
38.16797814207651	9581	1
38.191366120218575	1614	1
38.19169398907104	9866	1
38.197814207650275	9853	1
38.206775956284154	4568	1
38.23896174863388	8787	1
38.2479781420765	6350	1
38.26202185792349	5799	1
38.2675956284153	8369	1
38.29262295081967	6793	1
38.30409836065574	1970	1
38.30502732240437	2523	1
38.30639344262295	7282	1
38.31426229508197	4534	1
38.31846994535519	24	1
38.31928961748634	8882	1
38.32065573770492	9142	0
38.32677595628416	9317	1
38.34327868852459	2606	1
38.35732240437159	278	1
38.371366120218575	132	1
38.37229508196721	9299	1
38.387540983606556	7956	1
38.39513661202186	4364	1
38.399125683060106	728	1
38.40819672131148	2762	1
38.42224043715847	6830	1
38.42448087431694	1742	1
38.42972677595628	7874	1
38.44786885245901	9092	1
38.46120218579235	5764	1
38.46775956284153	6256	1
38.46852459016393	5238	1
38.46972677595629	3034	1
38.47371584699453	7075	1
38.47530054644808	8283	1
38.48016393442623	1062	1
38.48639344262295	7896	1
38.48885245901639	9808	1
38.51644808743169	7636	1
38.52311475409836	7034	1
38.53098360655738	1631	1
38.56868852459016	9726	1
38.58185792349727	4060	1
38.595573770491804	6761	1
38.59967213114754	772	1
38.62415300546448	6766	1
38.63289617486339	999	1
38.64087431693989	1590	1
38.64311475409836	7676	1
38.648415300546446	7971	1
38.6507650273224	2857	1
38.66322404371585	6259	1
38.68289617486339	6011	1
38.70191256830601	2352	1
38.70568306010929	7903	1
38.711256830601094	7674	1
38.71360655737705	4471	1
38.717923497267755	733	1
38.73699453551912	8934	1
38.73765027322405	230	1
38.738524590163934	5860	1
38.74284153005465	4744	1
38.743387978142074	4145	1
38.746448087431695	4989	1
38.75032786885246	9522	1
38.762841530054644	3358	1
38.766393442622956	7846	1
38.76754098360656	1721	1
38.768524590163935	1297	1
38.77743169398907	7338	1
38.77956284153006	7802	1
38.78185792349727	743	1
38.78377049180328	5935	1
38.78666666666667	6190	1
38.808142076502726	2854	1
38.81218579234972	2149	1
38.813825136612024	9905	1
38.83622950819672	9359	1
38.84081967213115	9134	1
38.854207650273224	2092	1
38.86060109289617	1550	1
38.86486338797814	8535	1
38.891967213114754	6468	1
38.89562841530055	9281	1
38.904043715846996	7563	1
38.91617486338798	5261	1
38.92191256830601	6417	1
38.936557377049176	11	1
38.94120218579235	9038	1
38.95169398907104	7594	1
38.9555737704918	6885	1
38.9668306010929	2178	1
38.97398907103825	3430	1
38.996393442622946	1874	1
39.003551912568305	3169	1
39.02284153005464	5072	1
39.02475409836065	5961	1
39.02775956284153	2747	1
39.05464480874317	7717	1
39.07551912568306	2859	1
39.085191256830605	9012	1
39.092295081967215	4062	1
39.11109289617487	4762	1
39.11497267759563	403	1
39.11688524590164	5748	1
39.120655737704915	1156	1
39.1327868852459	8848	1
39.15114754098361	4719	1
39.17508196721312	7048	1
39.186120218579234	2299	1
39.186120218579234	8522	1
39.19420765027322	9847	1
39.199672131147544	6411	1
39.20622950819672	6253	1
39.207540983606556	644	1
39.21333333333333	5116	1
39.2175956284153	5191	1
39.22262295081968	5817	1
39.22273224043715	7915	1
39.22387978142076	5442	1
39.2324043715847	6128	1
39.2335519125683	6099	1
39.27169398907104	1250	1
39.283060109289615	1657	1
39.30327868852459	5295	1
39.34284153005465	9507	1
39.353114754098364	4220	1
39.354535519125676	7254	1
39.36612021857924	3015	1
39.3731693989071	3984	1
39.39655737704918	333	1
39.41409836065574	6074	1
39.42672131147541	7093	1
39.42852459016393	0	1
