0.04287409836065574	5794	1
0.06489945355191257	444	1
0.10610109289617486	7761	1
0.17137158469945354	5504	1
0.2055054644808743	2197	1
0.5211661202185792	7250	1
0.6009344262295082	3524	1
0.6116338797814208	431	1
0.6407814207650273	7336	1
0.6766939890710383	1124	1
0.7246721311475409	1843	1
0.7948469945355191	9748	1
0.8100546448087432	2098	1
0.8493715846994535	5369	1
0.8759617486338798	1962	1
0.9133224043715847	4007	1
0.9219016393442623	4842	1
1.0086393442622952	5924	1
1.0750983606557376	9089	1
1.090639344262295	9772	1
1.1383825136612022	2273	1
1.1548907103825135	8715	1
1.1864590163934428	5297	1
1.2742677595628416	3748	1
1.2946830601092896	9309	1
1.3576338797814207	8842	1
1.3691584699453552	3599	1
1.3791639344262296	6832	1
1.4110601092896173	2805	1
1.4385136612021858	5569	1
1.4866502732240436	6554	1
1.7514972677595628	7103	1
1.812967213114754	5526	1
1.8385136612021857	6178	1
1.8837158469945356	1846	1
1.9749726775956284	5211	1
1.9874699453551912	6037	1
2.0247923497267757	8828	1
2.10348087431694	763	1
2.123743169398907	2849	1
2.2514535519125682	3724	1
2.3143606557377048	6737	1
2.3979234972677594	9097	1
2.4198688524590164	6262	1
2.6160819672131144	2813	1
2.6254808743169398	851	1
2.705224043715847	7158	1
2.7854043715846992	1902	1
2.882879781420765	7258	1
2.898306010928962	3045	1
2.92896174863388	1494	1
2.940245901639344	2069	1
2.9552732240437156	5883	1
3.0015300546448085	7509	1
3.007431693989071	8949	1
3.0404262295081965	1638	1
3.1250601092896173	2312	1
3.271846994535519	6165	1
3.3049344262295084	4084	1
3.4542131147540984	2147	1
3.472021857923497	3328	1
3.545071038251366	1975	1
3.6759453551912564	7533	1
3.7056885245901636	1423	1
3.7421912568306013	5847	1
4.019606557377049	1485	1
4.102016393442623	2048	1
4.103491803278689	8347	1
4.134540983606557	1971	1
4.1789562841530055	7638	1
4.194710382513661	9983	1
4.3282349726775955	2290	1
4.413568306010929	8705	1
4.453639344262295	26	1
4.484322404371585	4612	1
4.568551912568306	177	1
4.571404371584699	2241	1
4.612300546448087	5674	1
4.684322404371584	6465	1
4.745010928961748	8319	1
4.811808743169399	1432	1
4.846344262295082	6769	1
4.852852459016393	2686	1
4.860928961748634	1188	1
4.873147540983607	2533	1
4.905956284153006	3559	1
4.987218579234972	2102	1
5.085420765027322	8807	1
5.14051912568306	9540	1
5.197284153005464	1323	1
5.219229508196721	2325	1
5.2592295081967215	780	1
5.346540983606557	6180	1
5.43863387978142	5856	1
5.470928961748633	4974	1
5.5227868852459014	1250	1
5.523387978142076	527	1
5.529781420765027	1818	1
5.569125683060109	7296	1
5.579398907103825	3905	1
5.669890710382513	1604	1
5.693551912568306	122	1
5.70415300546448	6934	1
5.756120218579235	5109	1
5.78775956284153	319	1
5.835573770491804	3260	1
6.026885245901639	8124	1
6.174699453551912	8180	1
6.229125683060109	5112	1
6.2716393442622955	6391	1
6.378688524590164	6252	1
6.40896174863388	4862	1
6.537322404371585	6933	1
6.560710382513661	2428	1
6.603661202185792	3937	1
6.610710382513661	1293	1
6.612568306010929	5478	1
6.656229508196721	3009	1
6.714098360655738	6190	1
6.733934426229508	6340	1
6.746666666666667	2590	1
6.789726775956285	4300	1
6.823333333333333	1389	1
6.828743169398907	498	1
6.834153005464481	7355	1
6.8724043715846985	5262	1
6.8845355191256825	1235	1
6.9316939890710385	8105	1
6.994644808743169	9448	1
7.133224043715847	3027	1
7.204426229508197	5425	1
7.204808743169399	4703	1
7.207267759562841	5411	1
7.218251366120218	4408	1
7.218306010928962	9014	1
7.239617486338798	8105	0
7.2509836065573765	6276	1
7.2559562841530045	3613	1
7.262732240437159	157	1
7.318196721311475	7720	1
7.34207650273224	2692	1
7.343333333333334	2809	1
7.3966666666666665	9462	1
7.403224043715847	9606	1
7.441857923497268	9667	1
7.491803278688525	7430	1
7.574699453551912	5407	1
7.587322404371585	7752	1
7.60311475409836	9632	1
7.661803278688525	6508	1
7.685409836065574	4366	1
7.74016393442623	1939	1
7.8036612021857925	2583	1
7.874699453551912	496	1
7.876448087431694	2854	1
7.889945355191256	2597	1
7.899071038251367	5441	1
7.9471584699453555	1127	1
7.949125683060109	7261	1
7.990655737704918	8895	1
7.997486338797814	6840	1
8.038142076502732	8847	1
8.038142076502732	5685	1
8.066502732240437	4913	1
8.104262295081966	9447	1
8.137158469945355	3619	1
8.343825136612022	7284	1
8.424371584699454	9816	1
8.458524590163934	5511	1
8.554699453551914	69	1
8.600327868852458	5834	1
8.61928961748634	7759	1
8.62639344262295	1376	1
8.636994535519126	8443	1
8.667431693989071	7662	1
8.721967213114754	3888	1
8.725901639344263	6654	1
8.727431693989072	2146	1
8.738743169398907	8145	1
8.782568306010928	1777	1
8.804754098360656	5422	1
8.807322404371584	651	1
8.81983606557377	0	1
8.852622950819672	1671	1
8.858961748633881	9051	1
8.861967213114754	8409	1
8.86655737704918	7992	1
8.869071038251365	4320	1
8.891803278688524	8962	1
8.903497267759562	2580	1
8.926229508196721	6034	1
8.939234972677596	3665	1
8.941857923497267	955	1
8.992622950819671	6778	1
9.057486338797814	2464	1
9.081912568306011	5397	1
9.088524590163935	2211	1
9.103606557377049	9895	1
9.10863387978142	6528	1
9.109617486338799	9323	1
9.116939890710382	1926	1
9.140983606557377	1649	1
9.150874316939891	8897	1
9.159617486338798	3428	1
9.163989071038252	6979	1
9.169180327868851	6216	1
9.182732240437158	1753	1
9.203551912568306	5621	1
9.211748633879782	3114	1
9.229234972677597	1968	1
9.246338797814207	197	1
9.252131147540982	3249	1
9.254043715846993	9688	1
9.265464480874316	8511	1
9.266994535519126	9694	1
9.282677595628416	8404	1
9.282786885245901	6439	1
9.282841530054643	4792	1
9.290163934426229	7140	1
9.290819672131146	1585	1
9.298142076502732	8504	1
9.31136612021858	808	1
9.330655737704918	3652	1
9.354535519125683	2205	1
9.356666666666667	9415	1
9.357650273224044	3769	1
9.398032786885246	3603	1
9.398524590163934	1327	1
9.432459016393443	3507	1
9.457049180327868	5744	1
9.460109289617487	4713	1
9.478196721311475	9792	1
9.488852459016394	6307	1
9.512677595628414	5993	1
9.519726775956283	3143	1
9.522459016393443	287	1
9.532021857923498	9736	1
9.54327868852459	7456	1
9.549999999999999	5556	1
9.552295081967213	8055	1
9.594972677595628	436	1
9.610601092896175	4960	1
9.62584699453552	6019	1
9.63568306010929	9379	1
9.635792349726776	8381	1
9.642513661202186	225	1
9.647267759562842	9229	1
9.656229508196722	1830	1
9.678852459016394	2803	1
9.679508196721311	6477	1
9.689617486338799	3770	1
9.689890710382514	6449	1
9.697868852459015	1563	1
9.713442622950819	92	1
9.744262295081967	2196	1
9.746994535519125	8927	1
9.771857923497267	5969	1
9.822841530054644	5416	1
9.856557377049182	2869	1
9.859016393442623	7043	1
9.859234972677596	3804	1
9.859890710382514	4270	1
9.860491803278688	6571	1
9.892950819672132	9836	1
9.903825136612022	9541	1
9.904699453551912	5961	1
9.92535519125683	1895	1
9.933387978142076	2350	1
9.936065573770492	6098	1
9.9375956284153	1119	1
9.94049180327869	7391	1
9.956994535519126	8247	1
9.967814207650273	8788	1
9.975245901639344	8997	1
9.98016393442623	7070	1
9.987486338797815	1519	1
9.989781420765027	9231	1
9.991748633879782	3005	1
9.997704918032786	363	1
10.029125683060109	4206	1
10.037540983606558	5192	1
10.046939890710382	5901	1
10.08568306010929	5455	1
10.091748633879781	5945	1
10.092513661202187	2555	1
10.106612021857924	982	1
10.114972677595627	7235	1
10.123934426229507	1554	1
10.145737704918032	8665	1
10.146174863387978	6766	1
10.150437158469945	704	1
10.160928961748633	4462	1
10.160983606557377	9764	1
10.161693989071038	9246	1
10.170601092896174	6833	1
10.17344262295082	8356	1
10.185245901639343	6498	1
10.1972131147541	2404	1
10.212677595628415	819	1
10.221038251366119	7188	1
10.245136612021858	1878	1
10.280437158469944	8148	1
10.290109289617487	832	1
10.296502732240437	3715	1
10.301420765027322	2351	1
10.304644808743168	6904	1
10.33568306010929	5809	1
10.340928961748634	9827	1
10.341857923497267	7621	1
10.352295081967211	2807	1
10.360765027322405	7276	1
10.379508196721313	2259	1
10.403497267759564	3430	1
10.420054644808744	5863	1
10.429890710382514	3082	1
10.434043715846995	8513	1
10.441530054644808	3678	1
10.470874316939891	747	1
10.481803278688524	3349	1
10.50983606557377	1473	1
10.51158469945355	4258	1
10.512349726775957	2657	1
10.52153005464481	6175	1
10.549180327868852	4522	1
10.573060109289617	3625	1
10.57983606557377	5210	1
10.591256830601093	6247	1
10.60808743169399	8552	1
10.608306010928962	4485	1
10.610546448087431	6356	1
10.646284153005464	9503	1
10.662349726775957	2016	1
10.679453551912568	9497	1
10.683989071038253	9141	1
10.684699453551913	9483	1
10.696830601092897	8438	1
10.699016393442623	1362	1
10.709234972677596	9612	1
10.71153005464481	5711	1
10.724426229508197	6086	1
10.748360655737704	9270	1
10.765846994535519	8568	1
10.771311475409837	6844	1
10.780546448087431	7274	1
10.82207650273224	9373	1
10.861420765027322	5652	1
10.862131147540984	7936	1
10.867595628415302	5231	1
10.871584699453551	4507	1
10.8827868852459	4422	1
10.907267759562842	8920	1
10.925573770491802	6584	1
10.927377049180327	3038	1
10.928087431693989	4460	1
10.936448087431692	8919	1
10.940710382513661	8143	1
10.95551912568306	2983	1
10.977103825136613	7556	1
10.988251366120219	9144	1
11.002240437158468	5872	1
11.003606557377049	8653	1
11.021420765027322	7984	1
11.022021857923496	8038	1
11.063879781420766	9918	1
11.089016393442622	9263	1
11.089726775956283	6245	1
11.137704918032787	5735	1
11.15983606557377	8965	1
11.164426229508196	8799	1
11.16655737704918	8567	1
11.231857923497268	7131	1
11.237158469945355	1910	1
11.24071038251366	8611	1
11.267103825136612	8770	1
11.27497267759563	2628	1
11.282459016393442	3701	1
11.284754098360654	2576	1
11.292349726775956	3192	1
11.317868852459016	6166	1
11.341311475409837	4669	1
11.351639344262296	6218	1
11.366502732240436	7890	1
11.378743169398907	6082	1
11.405956284153005	469	1
11.41792349726776	1194	1
11.431967213114755	3203	1
11.43535519125683	4900	1
11.446284153005463	9312	1
11.45016393442623	1291	1
11.45464480874317	3635	1
11.458524590163934	7572	1
11.468743169398907	6394	1
11.468797814207651	6817	1
11.484754098360655	3786	1
11.493661202185793	2520	1
11.528251366120218	1873	1
11.53535519125683	3502	1
11.55464480874317	427	1
11.572841530054644	8517	1
11.574153005464481	6869	1
11.586393442622951	8538	1
11.59535519125683	5560	1
11.6	8329	1
11.612295081967211	2391	1
11.643005464480876	6589	1
11.671147540983608	2177	1
11.679289617486338	9251	1
11.69344262295082	6973	1
11.699344262295082	9931	1
11.700983606557376	3830	1
11.7024043715847	1443	1
11.705136612021857	9862	1
11.737814207650274	5403	1
11.792131147540983	4220	1
11.795409836065573	3981	1
11.795737704918032	1774	1
11.801311475409836	1811	1
11.806612021857923	4921	1
11.84639344262295	2226	1
11.87431693989071	8589	1
11.878032786885246	223	1
11.903005464480874	4246	1
11.91710382513661	9360	1
11.926338797814207	5205	1
11.93415300546448	8454	1
11.936284153005463	2553	1
11.943715846994536	9958	1
11.946120218579235	2728	1
11.978415300546448	9928	1
11.982131147540983	1024	1
12.005956284153006	1229	1
12.00896174863388	4531	1
12.032896174863389	9260	1
12.046174863387979	3817	1
12.060054644808742	4205	1
12.084590163934426	8576	1
12.09016393442623	2544	1
12.103387978142077	673	1
12.11360655737705	9580	1
12.120601092896175	2962	1
12.129234972677596	2406	1
12.159125683060108	7489	1
12.166448087431693	5323	1
12.184863387978142	4377	1
12.191857923497269	5238	1
12.19775956284153	8163	1
12.233169398907103	6688	1
12.242732240437158	8832	1
12.2575956284153	3783	1
12.266010928961748	3147	1
12.267923497267759	9549	1
12.274371584699452	2072	1
12.290765027322404	1454	1
12.293387978142077	4885	1
12.297540983606558	1054	1
12.305628415300546	6405	1
12.308633879781421	1678	1
12.309071038251366	3251	1
12.312021857923497	2352	1
12.3151912568306	8826	1
12.337103825136612	9893	1
12.36672131147541	374	1
12.372459016393442	2799	1
12.373114754098362	1174	1
12.37928961748634	2328	1
12.379890710382513	2792	1
12.379999999999999	3011	1
12.382732240437159	8790	1
12.397103825136613	2759	1
12.40622950819672	2317	1
12.40983606557377	9809	1
12.435628415300547	3638	1
12.450163934426229	1136	1
12.473879781420765	1687	1
12.47912568306011	7337	1
12.479999999999999	9293	1
12.497814207650272	486	1
12.499453551912568	2249	1
12.514207650273224	8310	1
12.517650273224042	3141	1
12.518469945355191	4185	1
12.51983606557377	9681	1
12.559071038251366	7867	1
12.576338797814207	9142	1
12.595737704918033	6639	1
12.600437158469946	844	1
12.618306010928961	4461	1
12.647377049180328	7461	1
12.64950819672131	2557	1
12.66136612021858	9463	1
12.666010928961748	6066	1
12.667322404371584	4922	1
12.69655737704918	1966	1
12.708032786885246	972	1
12.715628415300547	3684	1
12.749726775956283	1486	1
12.75863387978142	7029	1
12.758907103825136	3980	1
12.769125683060109	4382	1
12.787486338797814	2356	1
12.794535519125683	5215	1
12.796502732240437	4111	1
12.798251366120217	6884	1
12.83311475409836	5802	1
12.838251366120218	9484	1
12.841967213114753	2239	1
12.843333333333334	8261	1
12.860655737704919	2155	1
12.865628415300545	3747	1
12.876065573770491	1842	1
12.888415300546448	7692	1
12.918415300546448	4543	1
12.923333333333332	2113	1
12.956994535519126	9996	1
12.98224043715847	692	1
12.993278688524589	8359	1
13.019781420765026	1462	1
13.023169398907104	6014	1
13.042622950819672	8210	1
13.044754098360656	6623	1
13.082568306010929	781	1
13.088688524590163	7680	1
13.095300546448087	5453	1
13.134590163934426	3340	1
13.141530054644809	1330	1
13.148907103825136	7126	1
13.153224043715847	9844	1
13.162021857923497	7428	1
13.222732240437159	2779	1
13.236885245901638	8777	1
13.264207650273224	7561	1
13.27551912568306	7238	1
13.278087431693988	155	1
13.28398907103825	3593	1
13.286612021857923	3503	1
13.310218579234972	3525	1
13.317322404371584	3903	1
13.325027322404372	7246	1
13.355245901639345	9094	1
13.369234972677596	5487	1
13.375573770491803	4845	1
13.398688524590163	8863	1
13.41016393442623	1306	1
13.415136612021858	3767	1
13.428524590163935	5059	1
13.450437158469944	9451	1
13.459890710382513	7045	1
13.467377049180326	6702	1
13.484153005464481	1379	1
13.486830601092896	4017	1
13.490655737704918	1074	1
13.491475409836065	5971	1
13.505901639344263	9953	1
13.507158469945354	5656	1
13.518087431693989	7516	1
13.522021857923498	1680	1
13.533060109289616	4975	1
13.552568306010928	4054	1
13.555300546448088	7098	1
13.571584699453553	8592	1
13.579016393442622	626	1
13.582459016393443	248	1
13.584098360655737	6524	1
13.59256830601093	2455	1
13.603661202185792	4149	1
13.614535519125683	4939	1
13.655792349726777	9199	1
13.656939890710381	8740	1
13.663551912568305	9381	1
13.672459016393443	5521	1
13.677540983606558	4024	1
13.686448087431694	6049	1
13.745956284153005	4437	1
13.74792349726776	8305	1
13.754207650273225	9348	1
13.7575956284153	7644	1
13.758907103825138	1058	1
13.854426229508197	727	1
13.865956284153006	2459	1
13.872459016393442	2685	1
13.897322404371584	6965	1
13.916393442622951	1086	1
13.923005464480875	5015	1
13.946174863387977	4059	1
13.947704918032786	5313	1
13.957540983606558	6494	1
13.969726775956284	9138	1
14.00224043715847	1860	1
14.010765027322405	3419	1
14.014644808743169	4077	1
14.030327868852458	2031	1
14.038306010928961	8403	1
14.068579234972677	7615	1
14.078087431693987	7289	1
14.098087431693989	6746	1
14.100054644808742	2848	1
14.112622950819672	8455	1
14.156338797814207	2427	1
14.178524590163933	3762	1
14.187868852459015	833	1
14.192295081967213	3059	1
14.193606557377048	9747	1
14.199289617486338	3508	1
14.202185792349725	5468	1
14.207377049180327	3640	1
14.209562841530055	3125	1
14.221092896174863	7150	1
14.245355191256829	4662	1
14.246939890710381	193	1
14.252786885245902	7588	1
14.253333333333332	7698	1
14.254808743169399	9594	1
14.266284153005465	984	1
14.280601092896175	3001	1
14.281639344262295	4390	1
14.288524590163934	4734	1
14.374644808743168	8242	1
14.389890710382513	1483	1
14.391639344262295	2811	1
14.395628415300546	6261	1
14.408579234972677	5329	1
14.40967213114754	4020	1
14.451857923497267	4161	1
14.49551912568306	7568	1
14.521147540983605	299	1
14.521639344262296	2949	1
14.540655737704917	752	1
14.54704918032787	6351	1
14.555300546448086	5164	1
14.568032786885245	4179	1
14.590601092896176	5305	1
14.615027322404371	5130	1
14.616174863387977	2462	1
14.633661202185792	4582	1
14.635191256830602	5818	1
14.689781420765028	8959	1
14.705573770491803	7105	1
14.737431693989071	1179	1
14.749508196721312	6026	1
14.751420765027323	1711	1
14.78	7857	1
14.809289617486339	4027	1
14.856120218579235	9202	1
14.858306010928963	85	1
14.892021857923497	8254	1
14.924918032786884	1164	1
14.925136612021857	3357	1
14.940491803278688	1491	1
14.942404371584699	9064	1
14.958032786885246	6792	1
14.961256830601092	8845	1
14.965464480874317	5079	1
14.974480874316939	3951	1
14.989453551912568	5723	1
14.999726775956285	8122	1
15.015081967213115	3866	1
15.018360655737705	3578	1
15.022295081967213	8574	1
15.023879781420764	801	1
15.02775956284153	9028	1
15.031857923497267	8723	1
15.070054644808744	8651	1
15.080109289617486	4758	1
15.081475409836067	3336	1
15.084153005464481	8584	1
15.088087431693989	4561	1
15.093989071038251	5746	1
15.10311475409836	4069	1
15.106174863387977	1696	1
15.121530054644808	9431	1
15.127049180327868	7952	1
15.131693989071039	4797	1
15.132404371584698	4541	1
15.159945355191256	3766	1
15.196721311475411	9171	1
15.201147540983605	2210	1
15.203606557377048	3595	1
15.21743169398907	9544	1
15.241530054644809	1091	1
15.250437158469945	6960	1
15.251803278688524	7846	1
15.267486338797813	6526	1
15.269453551912568	9679	1
15.313770491803277	573	1
15.313934426229508	5891	1
15.325573770491802	1302	1
15.339071038251367	9634	1
15.341147540983606	963	1
15.346174863387978	1372	1
15.351639344262296	5476	1
15.364316939890712	2510	1
15.373224043715846	1597	1
15.391092896174863	1114	1
15.414699453551911	6054	1
15.42967213114754	762	1
15.445901639344262	8336	1
15.490054644808742	1784	1
15.492677595628416	5399	1
15.499562841530054	7361	1
15.50344262295082	1880	1
15.550765027322404	4950	1
15.557158469945355	5030	1
15.630163934426228	1069	1
15.641475409836065	5342	1
15.666612021857924	7451	1
15.66983606557377	3879	1
15.671584699453552	2749	1
15.676612021857924	904	1
15.703497267759563	2736	1
15.716612021857923	1264	1
15.746939890710381	6634	1
15.76103825136612	7705	1
15.76535519125683	8583	1
15.845409836065574	6642	1
15.866174863387979	8926	1
15.91136612021858	5545	1
15.913169398907105	4554	1
15.943060109289618	255	1
15.944644808743169	5584	1
15.9751912568306	1030	1
15.98551912568306	4436	1
16.021639344262294	3358	1
16.028688524590166	8623	1
16.03366120218579	4597	1
16.04	8099	1
16.079453551912568	6271	1
16.099781420765026	6821	1
16.105081967213113	7395	1
16.119781420765026	9337	1
16.1275956284153	4917	1
16.14967213114754	6437	1
16.213879781420765	5727	1
16.23950819672131	9308	1
16.242185792349726	5038	1
16.27584699453552	8730	1
16.276120218579234	5955	1
16.283224043715848	2250	1
16.28327868852459	8715	0
16.284918032786884	2936	1
16.30054644808743	7918	1
16.304207650273224	5458	1
16.308087431693988	2535	1
16.3348087431694	2450	1
16.38377049180328	6063	1
16.41912568306011	4653	1
16.42448087431694	8037	1
16.44327868852459	8474	1
16.4644262295082	4649	1
16.4879781420765	7814	1
16.489562841530052	1013	1
16.527486338797814	4822	1
16.53710382513661	1215	1
16.55054644808743	6989	1
16.561311475409834	7774	1
16.573989071038252	1631	1
16.576666666666664	4517	1
16.58125683060109	4279	1
16.597213114754098	8628	1
16.603879781420765	8101	1
16.62912568306011	4559	1
16.66054644808743	8434	1
16.69945355191257	3796	1
16.730819672131148	2331	1
16.754590163934427	1572	1
16.76224043715847	8984	1
16.76327868852459	9330	1
16.76983606557377	9890	1
16.80448087431694	952	1
16.832841530054644	1303	1
16.836612021857924	1796	1
16.85016393442623	1092	1
16.874043715846994	6685	1
16.90191256830601	6380	1
16.92573770491803	4578	1
16.938852459016392	3673	1
16.955081967213115	9741	1
16.98535519125683	2027	1
16.993551912568304	9574	1
16.99415300546448	7741	1
16.994918032786885	8635	1
16.996120218579236	3942	1
17.034371584699453	5902	1
17.03737704918033	2294	1
17.042950819672132	7926	1
17.04672131147541	7860	1
17.058579234972676	9185	1
17.065300546448086	316	1
17.071530054644807	1388	1
17.09185792349727	6419	1
17.120983606557377	4738	1
17.138360655737706	5716	1
17.13863387978142	7825	1
17.141857923497266	6088	1
17.20005464480874	5120	1
17.231420765027323	6999	1
17.232131147540983	620	1
17.247158469945354	7319	1
17.24879781420765	5280	1
17.2527868852459	9674	1
17.25431693989071	8376	1
17.299453551912567	3354	1
17.30639344262295	4850	1
17.3248087431694	6287	1
17.327595628415303	3757	1
17.362295081967215	4610	1
17.406502732240437	176	1
17.40677595628415	8882	1
17.41207650273224	3160	1
17.41857923497268	9134	1
17.461639344262295	2703	1
17.465628415300547	4600	1
17.466065573770493	1221	1
17.491639344262296	388	1
17.49704918032787	8427	1
17.505300546448087	9968	1
17.507595628415302	7976	1
17.515956284153003	4687	1
17.522513661202186	6942	1
17.52469945355191	7133	1
17.525573770491803	2023	1
17.568524590163936	3396	1
17.570819672131147	8753	1
17.588907103825136	2125	1
17.610109289617483	1419	1
17.630601092896175	3156	1
17.63622950819672	4040	1
17.65311475409836	5568	1
17.66469945355191	5506	1
17.684590163934423	9275	1
17.70191256830601	4031	1
17.704262295081968	9362	1
17.713879781420765	6237	1
17.7172131147541	4856	1
17.732513661202187	93	1
17.745573770491802	6704	1
17.765464480874318	4489	1
17.766065573770494	6937	1
17.784043715846995	2542	1
17.813387978142078	1847	1
17.897704918032787	6440	1
17.89945355191257	4427	1
17.942841530054643	879	1
17.952841530054645	8894	1
17.98142076502732	9214	1
17.982896174863388	6467	1
17.989234972677597	139	1
18.01087431693989	8052	1
18.04431693989071	7973	1
18.059562841530056	8178	1
18.071256830601094	6516	1
18.08622950819672	7457	1
18.120054644808743	3420	1
18.12174863387978	5151	1
18.136120218579233	4793	1
18.137486338797814	5443	1
18.138961748633882	4484	1
18.169617486338797	854	1
18.17622950819672	9729	1
18.17830601092896	5307	1
18.22672131147541	5113	1
18.22770491803279	2893	1
18.22846994535519	7030	1
18.243551912568304	8781	1
18.24808743169399	7848	1
18.249999999999996	8245	1
18.25054644808743	7634	1
18.271311475409835	490	1
18.28672131147541	7420	1
18.33879781420765	2655	1
18.348743169398908	9897	1
18.36464480874317	7466	1
18.37207650273224	30	1
18.383224043715845	8332	1
18.401803278688522	9176	1
18.405573770491806	3659	1
18.422185792349726	4580	1
18.44174863387978	2645	1
18.466994535519127	8312	1
18.477814207650272	4629	1
18.49295081967213	7056	1
18.49661202185792	1898	1
18.503224043715846	1976	1
18.504262295081965	7633	1
18.53054644808743	2917	1
18.540655737704917	4462	0
18.54584699453552	7378	1
18.55830601092896	8360	1
18.575409836065575	8184	1
18.580437158469948	5429	1
18.584972677595626	7975	1
18.585628415300544	6523	1
18.607650273224042	6291	1
18.609016393442623	2507	1
18.613934426229505	4881	1
18.656338797814207	9108	1
18.65655737704918	5966	1
18.660054644808746	4307	1
18.709508196721313	5001	1
18.713715846994535	55	1
18.72994535519126	6853	1
18.736775956284152	9993	1
18.74863387978142	9467	1
18.754207650273226	7252	1
18.764863387978142	100	1
18.77672131147541	2743	1
18.784098360655737	4679	1
18.785409836065572	5596	1
18.819890710382516	6417	1
18.846174863387976	6185	1
18.84792349726776	2667	1
18.851857923497267	3484	1
18.8548087431694	4887	1
18.88606557377049	230	1
18.89273224043716	9040	1
18.893060109289618	9863	1
18.89464480874317	7557	1
18.907267759562842	9216	1
18.912950819672133	8516	1
18.92158469945355	4765	1
19.060491803278687	7386	1
19.08360655737705	5125	1
19.10049180327869	3557	1
19.148196721311475	4893	1
19.159234972677595	2547	1
19.16049180327869	8699	1
19.190765027322403	4249	1
19.20103825136612	995	1
19.206612021857925	6195	1
19.219726775956282	7802	1
19.238961748633876	1450	1
19.239617486338794	9110	1
19.260218579234973	4985	1
19.286284153005465	3576	1
19.289945355191257	1045	1
19.292459016393444	4351	1
19.293005464480874	649	1
19.304754098360654	6146	1
19.35743169398907	9469	1
19.360382513661204	2821	1
19.37513661202186	522	1
19.378415300546447	2295	1
19.37934426229508	5047	1
19.38	7403	1
19.45551912568306	9533	1
19.50967213114754	7196	1
19.51306010928962	2260	1
19.532131147540984	8193	1
19.541803278688526	2286	1
19.555464480874317	4475	1
19.568961748633882	8776	1
19.60393442622951	5155	1
19.611366120218577	3987	1
19.612732240437158	4678	1
19.633005464480874	6539	1
19.63366120218579	1718	1
19.656775956284154	834	1
19.662896174863388	7331	1
19.67065573770492	787	1
19.676939890710383	9818	1
19.69191256830601	3669	1
19.6983606557377	568	1
19.73398907103825	6719	1
19.738306010928962	2180	1
19.75808743169399	3324	1
19.81267759562842	3132	1
19.815846994535516	1881	1
19.82928961748634	1892	1
19.84808743169399	8944	1
19.854754098360655	3404	1
19.858688524590164	1391	1
19.908961748633878	2684	1
19.909508196721312	6475	1
19.913278688524592	2039	1
19.920163934426228	4547	1
19.93245901639344	2770	1
19.971803278688526	1161	1
19.97366120218579	1692	1
19.974207650273225	7592	1
19.976939890710383	7074	1
20.04431693989071	9193	1
20.044426229508197	3094	1
20.045300546448086	4880	1
20.052513661202187	8330	1
20.119836065573768	1732	1
20.125464480874314	6575	1
20.13546448087432	9225	1
20.14775956284153	4953	1
20.168579234972675	929	1
20.202185792349727	8183	1
20.203879781420767	1079	1
20.227814207650272	3883	1
20.25262295081967	4992	1
20.26830601092896	2665	1
20.284754098360654	5703	1
20.287704918032787	4347	1
20.319836065573767	601	1
20.334316939890712	2124	1
20.33622950819672	6114	1
20.352459016393443	7677	1
20.355409836065576	8295	1
20.357267759562838	4654	1
20.362896174863387	6492	1
20.44103825136612	2335	1
20.447158469945357	4096	1
20.48349726775956	3033	1
20.49136612021858	8852	1
20.49513661202186	8138	1
20.51775956284153	2774	1
20.531530054644808	9135	1
20.538087431693988	6219	1
20.54568306010929	8288	1
20.564863387978143	1131	1
20.576065573770492	8645	1
20.586612021857924	4458	1
20.592185792349728	4848	1
20.604535519125683	7137	1
20.60497267759563	59	1
20.617158469945355	9592	1
20.621967213114754	758	1
20.672622950819672	1168	1
20.672732240437156	6992	1
20.67688524590164	9511	1
20.724207650273225	3361	1
20.751202185792348	1451	1
20.751530054644807	9223	1
20.75808743169399	1736	1
20.773442622950817	595	1
20.77398907103825	2045	1
20.79918032786885	7676	1
20.800983606557374	9287	1
20.833551912568304	3225	1
20.840273224043713	4841	1
20.881256830601092	1548	1
20.884754098360656	1371	1
20.89218579234973	7626	1
20.89344262295082	9178	1
20.91535519125683	5123	1
20.92065573770492	3159	1
20.943005464480873	5475	1
21.001202185792348	2817	1
21.002896174863388	4952	1
21.01120218579235	3651	1
21.020109289617487	3013	1
21.027923497267757	7519	1
21.029344262295083	5657	1
21.062950819672132	5988	1
21.082185792349726	6311	1
21.11622950819672	7269	1
21.11792349726776	7388	1
21.14092896174863	4052	1
21.15677595628415	6692	1
21.161420765027323	2136	1
21.167377049180327	5680	1
21.176939890710383	950	1
21.201857923497265	4725	1
21.208360655737703	8670	1
21.214153005464482	7433	1
21.230655737704918	3489	1
21.244535519125684	3287	1
21.247267759562842	246	1
21.249344262295082	8735	1
21.25	7478	1
21.25256830601093	7706	1
21.294098360655738	7637	1
21.303060109289618	8281	1
21.310546448087432	9715	1
21.312131147540985	6596	1
21.313879781420766	7718	1
21.314153005464483	4981	1
21.319999999999997	6353	1
21.334590163934426	9919	1
21.343224043715846	3860	1
21.34830601092896	4120	1
21.361475409836064	1393	1
21.403715846994533	8069	1
21.438415300546446	6200	1
21.443661202185794	6450	1
21.50338797814208	3373	1
21.563169398907103	4325	1
21.567267759562842	9470	1
21.65327868852459	488	1
21.657431693989068	6781	1
21.669016393442625	8392	1
21.673333333333336	6428	1
21.68825136612022	2403	1
21.692295081967213	5213	1
21.777322404371585	6505	1
21.783715846994536	1102	1
21.785245901639342	5370	1
21.799016393442624	1584	1
21.823005464480875	1043	1
21.823661202185793	1801	1
21.82693989071038	923	1
21.827322404371586	9712	1
21.834426229508196	2737	1
21.836885245901637	7880	1
21.864972677595627	1156	1
21.86606557377049	5604	1
21.88016393442623	8957	1
21.88606557377049	6257	1
21.896994535519127	8287	1
21.90120218579235	261	1
21.930928961748634	5388	1
21.93338797814208	567	1
21.94174863387978	9137	1
21.958087431693986	6423	1
21.970601092896175	6968	1
21.975409836065573	237	1
21.995136612021856	9197	1
22.01103825136612	2782	1
22.04	6239	1
22.066557377049183	7542	1
22.082732240437156	9065	1
22.115901639344262	8559	1
22.122131147540983	9297	1
22.143387978142076	5915	1
22.146612021857926	9521	1
22.15191256830601	2121	1
22.18601092896175	202	1
22.20245901639344	3970	1
22.20814207650273	4190	1
22.236284153005464	9256	1
22.247650273224043	2913	1
22.286010928961748	3148	1
22.305355191256833	914	1
22.305956284153005	5103	1
22.331693989071038	2109	1
22.366775956284155	3083	1
22.369398907103825	1702	1
22.372131147540983	4873	1
22.37945355191257	4358	1
22.398469945355192	1721	1
22.403989071038254	2850	1
22.44983606557377	8387	1
22.457267759562843	6725	1
22.46163934426229	9006	1
22.46513661202186	9425	1
22.46650273224044	8786	1
22.47169398907104	6378	1
22.528852459016395	8445	1
22.559562841530056	638	1
22.58306010928962	8660	1
22.634098360655738	7547	1
22.644426229508195	9284	1
22.683442622950817	6488	1
22.685081967213115	257	1
22.68737704918033	9673	1
22.700983606557376	1234	1
22.70224043715847	3512	1
22.721038251366117	7179	1
22.72622950819672	3802	1
22.738688524590163	9771	1
22.757377049180327	9336	1
22.75781420765027	4305	1
22.8127868852459	2793	1
22.838469945355193	8937	1
22.83879781420765	4583	1
22.8751912568306	8681	1
22.87781420765027	5764	1
22.879890710382515	5762	1
22.885956284153007	1820	1
22.925300546448085	5819	1
22.93775956284153	8218	1
22.94360655737705	736	1
22.95169398907104	1496	1
22.975245901639344	7855	1
22.98120218579235	9162	1
22.994590163934426	241	1
23.009453551912568	7325	1
23.02021857923497	9649	1
23.02633879781421	8958	1
23.033879781420765	1000	1
23.041639344262297	9020	1
23.04191256830601	8867	1
23.04497267759563	4729	1
23.0475956284153	4123	1
23.06677595628415	5012	1
23.104262295081966	4555	1
23.10830601092896	6386	1
23.170928961748633	5073	1
23.173169398907103	8854	1
23.20103825136612	8689	1
23.212185792349725	5392	1
23.22622950819672	8661	1
23.231475409836065	9659	1
23.283879781420765	8858	1
23.35486338797814	334	1
23.358961748633877	4878	1
23.40153005464481	1660	1
23.411256830601094	2650	1
23.425464480874318	7689	1
23.448907103825135	3407	1
23.460983606557377	6462	1
23.46688524590164	5616	1
23.4851912568306	5248	1
23.49327868852459	4198	1
23.510765027322403	4035	1
23.513715846994536	6469	1
23.547049180327868	9871	1
23.55617486338798	7829	1
23.55672131147541	7796	1
23.582185792349726	6673	1
23.597540983606557	9858	1
23.599781420765026	616	1
23.634590163934426	3971	1
23.66256830601093	3372	1
23.66879781420765	3674	1
23.678251366120218	3550	1
23.682786885245903	3068	1
23.694590163934425	9991	1
23.703278688524588	4607	1
23.724426229508197	8536	1
23.758142076502732	7838	1
23.77983606557377	6331	1
23.79016393442623	253	1
23.794426229508197	3243	1
23.80065573770492	3441	1
23.8675956284153	4660	1
23.870983606557374	6457	1
23.9131693989071	5774	1
23.98726775956284	1639	1
24.019398907103824	8135	1
24.038633879781422	3178	1
24.05573770491803	3973	1
24.058524590163934	9443	1
24.067868852459014	2057	1
24.069398907103825	2170	1
24.07426229508197	5479	1
24.092349726775957	3977	1
24.10120218579235	7931	1
24.101967213114754	371	1
24.106775956284153	7171	1
24.133169398907103	9878	1
24.147923497267758	7198	1
24.163442622950818	2886	1
24.172622950819672	4421	1
24.183879781420764	3632	1
24.185136612021857	5258	1
24.191857923497267	9584	1
24.229945355191255	5649	1
24.288743169398906	3278	1
24.29153005464481	1140	1
24.336775956284153	932	1
24.34765027322404	6397	1
24.34803278688525	4941	1
24.349071038251367	4207	1
24.37415300546448	5260	1
24.38360655737705	2506	1
24.393497267759564	1896	1
24.396448087431693	548	1
24.435792349726775	8066	1
24.46158469945355	9965	1
24.477978142076502	9303	1
24.492021857923497	4571	1
24.50655737704918	9129	1
24.514863387978142	3103	1
24.538142076502734	2376	1
24.543497267759562	6856	1
24.54655737704918	1028	1
24.55983606557377	5721	1
24.584371584699454	1859	1
24.59207650273224	3897	1
24.60781420765027	2627	1
24.691092896174865	9930	1
24.691311475409837	7900	1
24.69158469945355	4717	1
24.700054644808745	6997	1
24.72016393442623	2661	1
24.776120218579234	8062	1
24.814153005464483	2223	1
24.876010928961747	7836	1
24.906775956284154	5341	1
24.931311475409835	7627	1
24.940983606557378	5655	1
24.967377049180328	1888	1
24.992786885245902	1178	1
25.053770491803277	8603	1
25.0603825136612	6723	1
25.073114754098363	1237	1
25.08	7264	1
25.08601092896175	2885	1
25.10087431693989	2425	1
25.13191256830601	6387	1
25.156885245901638	2430	1
25.176775956284153	826	1
25.181530054644806	3828	1
25.195628415300547	1363	1
25.197377049180325	7114	1
25.20726775956284	9446	1
25.305792349726776	1931	1
25.318579234972677	2923	1
25.331803278688525	8034	1
25.333879781420766	3813	1
25.352622950819672	4994	1
25.365519125683058	6956	1
25.38191256830601	2071	1
25.38825136612022	3867	1
25.40229508196721	9339	1
25.431967213114753	3376	1
25.44344262295082	3784	1
25.44398907103825	9865	1
25.46071038251366	5159	1
25.4796174863388	7679	1
25.482185792349725	4172	1
25.497377049180326	1590	1
25.507759562841528	3304	1
25.52775956284153	9501	1
25.53573770491803	3211	1
25.579234972677593	5156	1
25.590109289617487	1622	1
25.614043715846993	6258	1
25.622021857923496	1231	1
25.637049180327868	7447	1
25.64950819672131	4688	1
25.685956284153004	6916	1
25.688360655737704	4394	1
25.698579234972676	5670	1
25.710765027322406	1537	1
25.723715846994537	6113	1
25.733770491803277	8457	1
25.753879781420764	509	1
25.75622950819672	6092	1
25.7651912568306	2441	1
25.77327868852459	6841	1
25.792295081967215	2615	1
25.798524590163932	5470	1
25.8148087431694	944	1
25.827377049180328	663	1
25.83415300546448	7426	1
25.84956284153005	8407	1
25.888688524590165	4520	1
25.895464480874317	9617	1
25.91448087431694	3318	1
25.954262295081964	6924	1
25.958087431693986	3839	1
25.963005464480876	9735	1
25.98928961748634	5795	1
25.99967213114754	4074	1
26.02639344262295	6031	1
26.10704918032787	5701	1
26.121420765027324	8580	1
26.136666666666667	6611	1
26.145027322404374	1637	1
26.151748633879784	389	1
26.168196721311475	1288	1
26.17377049180328	8115	1
26.192404371584697	1087	1
26.204754098360656	8395	1
26.289453551912565	6606	1
26.29601092896175	5712	1
26.3051912568306	6435	1
26.316448087431695	3218	1
26.340983606557376	8780	1
26.35502732240437	8168	1
26.363442622950817	2485	1
26.380437158469945	8674	1
26.411967213114753	4178	1
26.417431693989073	7828	1
26.418524590163933	8903	1
26.490601092896174	6959	1
26.54770491803279	699	1
26.55218579234973	8936	1
26.554371584699453	8095	1
26.57633879781421	5310	1
26.57792349726776	5152	1
26.585464480874315	4830	1
26.630109289617486	4335	1
26.658688524590165	3924	1
26.661584699453552	232	1
26.663551912568305	9695	1
26.708032786885244	9522	1
26.718360655737705	7123	1
26.724754098360656	2504	1
26.743661202185795	6846	1
26.748142076502734	369	1
26.755792349726775	8608	1
26.785628415300543	7026	1
26.786448087431694	4910	1
26.787213114754095	5928	1
26.8048087431694	6525	1
26.81366120218579	5437	1
26.820601092896172	6001	1
26.820765027322405	8250	1
26.82125683060109	6286	1
26.85890710382514	5518	1
26.869398907103825	3661	1
26.88191256830601	6094	1
26.928032786885243	9207	1
26.92945355191257	5502	1
26.94409836065574	2044	1
26.985956284153005	6896	1
26.991639344262296	6182	1
26.993224043715845	2870	1
26.99415300546448	6761	1
27.005464480874316	1230	1
27.01153005464481	3654	1
27.141147540983606	7797	1
27.14879781420765	6773	1
27.15830601092896	1674	1
27.183661202185792	2056	1
27.187704918032786	5000	1
27.19125683060109	6715	1
27.192568306010926	4340	1
27.202131147540985	8637	1
27.217978142076504	2780	1
27.226994535519125	7903	1
27.24590163934426	7641	1
27.250765027322405	4000	1
27.251311475409835	8827	1
27.28344262295082	1792	1
27.2972131147541	191	1
27.351038251366116	6076	1
27.35983606557377	5951	1
27.38043715846994	9472	1
27.388743169398907	1052	1
27.401803278688522	7529	1
27.40245901639344	7193	1
27.441584699453553	9127	1
27.46934426229508	9833	1
27.51306010928962	6084	1
27.51311475409836	9169	1
27.525628415300545	6962	1
27.552021857923496	356	1
27.560437158469945	7050	1
27.59453551912568	4616	1
27.596065573770492	3413	1
27.603551912568303	3168	1
27.6127868852459	9152	1
27.613333333333333	4295	1
27.67136612021858	9644	1
27.677650273224046	7272	1
27.79169398907104	7821	1
27.826612021857922	2470	1
27.84032786885246	2698	1
27.901147540983608	9031	1
27.901311475409834	2876	1
27.96639344262295	9589	1
27.969234972677594	4085	1
28.001912568306008	290	1
28.00688524590164	2135	1
28.010655737704916	1358	1
28.027923497267757	505	1
28.05032786885246	9247	1
28.059234972677597	9917	1
28.064207650273225	8750	1
28.073770491803277	5018	1
28.090491803278688	1978	1
28.090765027322405	317	1
28.126174863387977	5800	1
28.128633879781418	1897	1
28.14327868852459	1659	1
28.173879781420762	9122	1
28.209999999999997	6058	1
28.220655737704917	1172	1
28.234262295081965	278	1
28.23863387978142	6572	1
28.256612021857922	9459	1
28.27153005464481	2178	1
28.273551912568305	3932	1
28.29398907103825	5694	1
28.303989071038252	7788	1
28.357540983606555	8292	1
28.358524590163935	2902	1
28.370710382513664	7111	1
28.379672131147544	8931	1
28.3848087431694	8196	1
28.396557377049177	8767	1
28.397595628415303	2914	1
28.431803278688523	1562	1
28.439945355191256	7772	1
28.44327868852459	5039	1
28.453551912568305	5274	1
28.46535519125683	8519	1
28.48049180327869	8389	1
28.48934426229508	7591	1
28.49655737704918	4622	1
28.531147540983607	4644	1
28.553825136612023	8298	1
28.565409836065573	3425	1
28.571092896174864	2222	1
28.574043715846994	6352	1
28.60185792349727	8080	1
28.611967213114752	8718	1
28.617049180327868	9889	1
28.628306010928963	5889	1
28.632950819672132	3250	1
28.637213114754097	4109	1
28.647978142076504	4	1
28.661475409836065	7736	1
28.661967213114753	2710	1
28.669781420765027	2268	1
28.678032786885247	5149	1
28.6796174863388	8833	1
28.681530054644806	6141	1
28.73431693989071	9675	1
28.760928961748633	6511	1
28.763005464480873	3252	1
28.77377049180328	6945	1
28.775081967213115	3334	1
28.791311475409838	8928	1
28.793114754098358	107	1
28.79469945355191	7012	1
28.80289617486339	2672	1
28.812021857923497	6862	1
28.82415300546448	4715	1
28.832185792349726	6275	1
28.83349726775956	5671	1
28.839125683060107	9699	1
28.840437158469943	9518	1
28.84174863387978	3280	1
28.851639344262292	6923	1
28.857049180327866	560	1
28.85857923497268	5244	1
28.874043715846994	3501	1
28.876393442622952	116	1
28.880601092896175	4269	1
28.884098360655738	630	1
28.886994535519126	1001	1
28.89486338797814	6061	1
28.91120218579235	7505	1
28.94327868852459	4831	1
28.961530054644808	5658	1
28.975081967213114	579	1
28.993333333333332	2587	1
29.020765027322405	5091	1
29.023005464480875	8244	1
29.039508196721314	1307	1
29.05224043715847	5025	1
29.05983606557377	8951	1
29.07765027322404	4451	1
29.09688524590164	2673	1
29.108469945355193	5890	1
29.112513661202186	2463	1
29.14158469945355	5918	1
29.14726775956284	3464	1
29.150437158469945	9586	1
29.160928961748635	4008	1
29.17382513661202	3902	1
29.18584699453552	7799	1
29.18584699453552	4222	1
29.189289617486338	839	1
29.190273224043715	8191	1
29.191912568306012	4011	1
29.20431693989071	8238	1
29.205956284153004	2527	1
29.237650273224045	3745	1
29.243770491803275	7113	1
29.24464480874317	7339	1
29.25032786885246	144	1
29.261912568306013	8954	1
29.26879781420765	7175	1
29.26907103825137	8248	1
29.272622950819674	6357	1
29.283825136612023	6030	1
29.285901639344264	7793	1
29.312786885245902	9375	1
29.354371584699454	4375	1
29.35502732240437	5163	1
29.359398907103827	6361	1
29.385409836065573	1783	1
29.387486338797814	5278	1
29.38863387978142	717	1
29.400491803278687	1200	1
29.408579234972677	8383	1
29.415136612021858	7233	1
29.421475409836066	7036	1
29.432677595628416	3624	1
29.483169398907105	3186	1
29.488524590163934	7000	1
29.491475409836067	7463	1
29.504754098360653	7703	1
29.511147540983607	5045	1
29.515464480874318	7710	1
29.58191256830601	7321	1
29.589398907103824	6672	1
29.603606557377052	4476	1
29.606284153005465	2993	1
29.610655737704917	3348	1
29.642513661202184	6669	1
29.64639344262295	5591	1
29.649071038251368	8313	1
29.660928961748635	1517	1
29.69792349726776	5974	1
29.70207650273224	3384	1
29.704480874316943	4443	1
29.723169398907103	5634	1
29.72775956284153	472	1
29.738032786885245	65	1
29.741857923497268	1626	1
29.755956284153005	4431	1
29.764863387978142	2881	1
29.78229508196721	2416	1
29.78311475409836	5165	1
29.786284153005465	5740	1
29.814590163934422	5344	1
29.82021857923497	8048	1
29.8351912568306	7167	1
29.85535519125683	8127	1
29.871147540983607	6402	1
29.872021857923496	8337	1
29.876120218579235	4780	1
29.885464480874315	4346	1
29.892131147540983	234	1
29.93502732240437	6574	1
29.947868852459017	8522	1
29.959344262295083	7283	1
29.9655737704918	4098	1
29.971967213114755	4976	1
29.98448087431694	4645	1
29.991857923497268	1586	1
30.001420765027323	9021	1
30.01551912568306	712	1
30.025737704918033	9496	1
30.028251366120216	6202	1
30.03464480874317	6482	1
30.03650273224044	359	1
30.041475409836067	3732	1
30.051256830601094	3773	1
30.06224043715847	8868	1
30.065628415300548	9820	1
30.073060109289617	7716	1
30.103387978142074	3467	1
30.104262295081966	9902	1
30.112677595628416	7066	1
30.124699453551912	8188	1
30.130327868852458	7734	1
30.134808743169398	7539	1
30.136830601092896	1541	1
30.163715846994535	1259	1
30.176830601092895	8367	1
30.185355191256832	9676	1
30.18786885245902	301	1
30.190218579234973	4016	1
30.19737704918033	2213	1
30.215846994535518	5864	1
30.218907103825135	4837	1
30.228579234972678	8537	1
30.24420765027322	2433	1
30.2696174863388	3810	1
30.28103825136612	9788	1
30.284207650273224	9593	1
30.2924043715847	2881	0
30.296338797814208	8286	1
30.301803278688524	9964	1
30.305956284153005	6197	1
30.316666666666666	4204	1
30.323442622950818	6418	1
30.330163934426228	7835	1
30.334590163934426	9126	1
30.360054644808745	7714	1
30.376885245901637	1941	1
30.390273224043717	8241	1
30.392131147540987	7681	1
30.405027322404372	2173	1
30.424262295081967	1201	1
30.433606557377047	3755	1
30.465300546448088	3896	1
30.47021857923497	1328	1
30.485573770491804	8480	1
30.502841530054646	627	1
30.510928961748636	5268	1
30.55540983606557	7650	1
30.578142076502733	9350	1
30.588032786885247	4603	1
30.595519125683058	7147	1
30.619071038251363	2091	1
30.630000000000003	4869	1
30.630983606557376	2429	1
30.634480874316942	25	1
30.681092896174864	5503	1
30.68617486338798	9035	1
30.701475409836068	4999	1
30.718251366120217	9091	1
30.718633879781418	418	1
30.7203825136612	2898	1
30.729453551912567	3756	1
30.759234972677596	5598	1
30.76551912568306	5206	1
30.825901639344263	7565	1
30.840491803278688	341	1
30.862568306010928	3364	1
30.86448087431694	1177	1
30.86584699453552	3768	1
30.890437158469947	2001	1
30.917213114754095	9719	1
30.928579234972677	3360	1
30.946666666666665	7981	1
30.953661202185792	7881	1
30.963551912568306	1871	1
30.964918032786887	5273	1
30.976338797814208	6444	1
30.980273224043714	7725	1
30.98103825136612	6731	1
31.007213114754098	2452	1
31.009781420765027	487	1
31.0279781420765	4316	1
31.031147540983604	7002	1
31.038633879781422	973	1
31.04300546448087	4088	1
31.052240437158467	3962	1
31.06415300546448	5791	1
31.067540983606555	2812	1
31.067868852459018	3837	1
31.075027322404374	3462	1
31.09409836065574	8201	1
31.097759562841528	222	1
31.101311475409833	399	1
31.110655737704917	2349	1
31.1131693989071	8647	1
31.11825136612022	544	1
31.118360655737703	6521	1
31.127704918032787	8204	1
31.143060109289618	3305	1
31.14584699453552	1996	1
31.153715846994537	7941	1
31.172896174863386	5184	1
31.180491803278688	4509	1
31.211311475409836	7690	1
31.217540983606558	8309	1
31.229999999999997	8167	1
31.234535519125682	7962	1
31.23693989071038	8697	1
31.245300546448085	5121	1
31.25431693989071	1349	1
31.26677595628415	3794	1
31.27830601092896	2626	1
31.351803278688525	5069	1
31.363442622950817	5970	1
31.37928961748634	7218	1
31.39983606557377	207	1
31.412896174863388	2402	1
31.413934426229506	8442	1
31.42497267759563	3091	1
31.44224043715847	6745	1
31.461748633879782	5538	1
31.465792349726776	9224	1
31.46628415300546	8289	1
31.472459016393444	8600	1
31.48245901639344	2329	1
31.486612021857923	2105	1
31.49535519125683	9265	1
31.502349726775957	7847	1
31.503060109289617	2246	1
31.51650273224044	4539	1
31.524590163934423	325	1
31.532021857923496	7839	1
31.532076502732238	6326	1
31.55087431693989	8134	1
31.555737704918034	9648	1
31.56229508196721	121	1
31.571912568306008	8046	1
31.58016393442623	5054	1
31.58366120218579	8721	1
31.58775956284153	3412	1
31.608579234972677	8194	1
31.621475409836066	9759	1
31.623387978142077	8260	1
31.653387978142074	8132	1
31.660819672131147	304	1
31.666448087431693	4036	1
31.66688524590164	2543	1
31.670273224043715	4373	1
31.69016393442623	42	1
31.719016393442622	6693	1
31.737103825136614	5019	1
31.745628415300548	3375	1
31.752349726775957	6408	1
31.754590163934427	2293	1
31.76125683060109	7469	1
31.789180327868852	6706	1
31.795737704918032	5813	1
31.79655737704918	4322	1
31.814863387978143	4535	1
31.82021857923497	700	1
31.83245901639344	9575	1
31.845081967213115	227	1
31.847322404371585	9206	1
31.868196721311474	8023	1
31.885573770491803	8282	1
31.88863387978142	6392	1
31.88912568306011	5932	1
31.921693989071038	925	1
31.938907103825134	9499	1
31.949562841530053	873	1
31.955409836065574	1352	1
31.95584699453552	3660	1
31.967540983606558	735	1
31.972513661202186	1350	1
32.01972677595628	3808	1
32.03	1340	1
32.0348087431694	6981	1
32.035792349726776	5402	1
32.0372131147541	6010	1
32.04109289617486	3482	1
32.04606557377049	8861	1
32.04830601092896	6609	1
32.04868852459016	8374	1
32.064808743169394	536	1
32.06573770491803	6676	1
32.066775956284154	2195	1
32.078852459016396	6424	1
32.11306010928961	8630	1
32.124098360655736	9316	1
32.150273224043715	9838	1
32.20508196721312	6255	1
32.241147540983604	9324	1
32.24956284153005	9363	1
32.253551912568305	1614	1
32.258852459016396	3789	1
32.2627868852459	1130	1
32.26448087431694	7770	1
32.266666666666666	9703	1
32.277978142076506	1810	1
32.29524590163935	7865	1
32.31464480874317	9612	0
32.32109289617486	521	1
32.34284153005464	4003	1
32.36142076502732	2965	1
32.36311475409836	5010	1
32.37579234972677	609	1
32.388688524590165	1543	1
32.397978142076504	3061	1
32.40229508196721	8829	1
32.41475409836065	6655	1
32.422786885245905	6616	1
32.42808743169399	9317	1
32.4516393442623	3726	1
32.466120218579235	4354	1
32.47049180327869	1339	1
32.48765027322404	8887	1
32.50420765027322	265	1
32.50431693989071	4731	1
32.523497267759566	6318	1
32.53688524590164	8550	1
32.59087431693989	1959	1
32.59120218579235	3499	1
32.61612021857923	3220	1
32.61683060109289	5986	1
32.61704918032787	1787	1
32.6172131147541	5927	1
32.62885245901639	5412	1
32.632295081967214	8762	1
32.65781420765027	7901	1
32.677267759562845	9078	1
32.69420765027322	9789	1
32.71415300546448	3990	1
32.727377049180326	8757	1
32.72896174863388	4574	1
32.73207650273224	2656	1
32.73994535519125	4928	1
32.752131147540986	500	1
32.75267759562841	7020	1
32.75377049180327	1289	1
32.76524590163934	1135	1
32.766557377049175	2277	1
32.774153005464484	6346	1
32.78770491803279	1772	1
32.787923497267755	2614	1
32.79267759562841	9067	1
32.798087431693986	3065	1
32.80770491803278	9248	1
32.829508196721314	455	1
32.83	6289	1
32.842677595628416	2693	1
32.859453551912566	7807	1
32.90202185792349	8125	1
32.90617486338798	8401	1
32.91131147540984	4680	1
32.923770491803275	1927	1
32.92841530054645	8963	1
32.932021857923495	63	1
32.95092896174863	9249	1
32.95109289617486	6179	1
32.96726775956284	4691	1
32.99502732240437	2853	1
32.998633879781416	2773	1
33.035683060109285	376	1
33.04065573770492	2915	1
33.0407650273224	326	1
33.08087431693989	9000	1
33.0835519125683	8836	1
33.091092896174864	7232	1
33.1124043715847	2575	1
33.11781420765028	9932	1
33.11978142076503	6327	1
33.146557377049184	8664	1
33.159125683060104	8408	1
33.15939890710382	294	1
33.16049180327869	1011	1
33.16655737704918	8612	1
33.172732240437156	1765	1
33.186612021857925	8879	1
33.189562841530055	9934	1
33.219071038251364	6217	1
33.21994535519126	3522	1
33.222404371584695	8956	1
33.2272131147541	5379	1
33.22857923497268	1335	1
33.24437158469945	9018	1
33.24863387978142	2714	1
33.26448087431694	1583	1
33.27568306010929	6481	1
33.30191256830601	8726	1
33.30191256830601	8	1
33.320218579234975	2282	1
33.32562841530055	1055	1
33.33311475409836	5968	1
33.33377049180328	8327	1
33.34289617486339	4526	1
33.34874316939891	9189	1
33.35081967213115	1066	1
33.35103825136612	8787	1
33.3524043715847	3230	1
33.35360655737705	3647	1
33.35699453551913	1946	1
33.360983606557376	1133	1
33.3683606557377	770	1
33.37644808743169	3623	1
33.379672131147544	6136	1
33.38497267759563	3073	1
33.42060109289617	9421	1
33.42885245901639	4795	1
33.469125683060106	2418	1
33.47333333333333	9109	1
33.47448087431694	1187	1
33.48491803278689	3030	1
33.499453551912566	7943	1
33.50633879781421	8362	1
33.5172131147541	947	1
33.52098360655738	8772	1
33.535737704918034	3800	1
33.55704918032787	2158	1
33.579071038251364	1208	1
33.59863387978142	5941	1
33.62497267759563	4513	1
33.626338797814206	8308	1
33.63218579234973	9635	1
33.64786885245902	1693	1
33.65792349726776	5266	1
33.67087431693989	7236	1
33.6811475409836	8126	1
33.68256830601093	6365	1
33.68524590163934	3565	1
33.686502732240434	5083	1
33.69846994535519	1712	1
33.70704918032787	7656	1
33.71491803278688	2026	1
33.7272131147541	3621	1
33.728142076502735	8050	1
33.75737704918033	5558	1
33.75743169398907	3119	1
33.75945355191257	1320	1
33.76229508196721	3904	1
33.76879781420765	285	1
33.76956284153005	1852	1
33.77628415300546	3695	1
33.78218579234972	7304	1
33.787650273224045	8483	1
33.82562841530055	446	1
33.83043715846994	7763	1
33.832841530054644	11	1
33.838524590163935	8018	1
33.86196721311475	7694	1
33.86409836065574	8774	1
33.86912568306011	392	1
33.86983606557377	9063	1
33.874098360655736	8816	1
33.92032786885246	5168	1
33.93448087431694	3101	1
33.93606557377049	307	1
33.94169398907104	9954	1
33.94377049180328	888	1
33.95136612021858	4026	1
33.951967213114756	1345	1
33.96185792349727	8657	1
33.99540983606557	7367	1
34.01453551912568	2401	1
34.019945355191254	5404	1
34.021530054644806	306	1
34.030109289617485	6859	1
34.030928961748636	8432	1
34.0355737704918	3877	1
34.04486338797814	8012	1
34.0479781420765	4401	1
34.05234972677595	5110	1
34.05284153005464	5640	1
34.053333333333335	3843	1
34.070218579234975	6496	1
34.071311475409836	7917	1
34.09896174863388	7303	1
34.10590163934426	4068	1
34.110601092896175	1416	1
34.11087431693989	6733	1
34.12606557377049	5295	1
34.166775956284155	4121	1
34.18415300546448	6373	1
34.1951912568306	8720	1
34.20087431693989	465	1
34.23322404371585	5862	1
34.251311475409835	8629	1
34.263934426229504	3470	1
34.266994535519125	2119	1
34.321639344262294	5178	1
34.32207650273224	6928	1
34.35174863387978	9961	1
34.35704918032786	6181	1
34.36366120218579	6460	1
34.374098360655736	6748	1
34.387267759562846	4785	1
34.39770491803279	5406	1
34.39846994535519	1961	1
34.41049180327869	659	1
34.44950819672131	6804	1
34.45781420765027	746	1
34.49027322404371	6398	1
34.49300546448087	7965	1
34.50546448087432	2382	1
34.516994535519125	7597	1
34.52770491803278	4110	1
34.5303825136612	188	1
34.543224043715846	9664	1
34.54775956284153	5081	1
34.552568306010926	606	1
34.55551912568306	8323	1
34.55568306010929	6107	1
34.562677595628415	296	1
34.57885245901639	2796	1
34.583606557377045	2357	1
34.58786885245902	8014	1
34.593715846994535	6024	1
34.601584699453554	2752	1
34.609836065573774	9547	1
34.615792349726775	8043	1
34.65306010928962	3601	1
34.67147540983606	7242	1
34.67163934426229	4167	1
34.694371584699454	871	1
34.69551912568306	774	1
34.704426229508194	1925	1
34.716174863387984	8439	1
34.72781420765027	5676	1
34.731803278688524	1336	1
34.75054644808743	4286	1
34.767049180327874	9535	1
34.768633879781426	6668	1
34.77224043715847	886	1
34.7796174863388	6249	1
34.7803825136612	3483	1
34.784207650273224	7380	1
34.793661202185795	7783	1
34.80103825136612	4996	1
34.809617486338794	1596	1
34.81289617486339	3838	1
34.81448087431694	8571	1
34.82792349726776	710	1
34.834808743169404	2061	1
34.846010928961746	2695	1
34.84775956284153	3536	1
34.85857923497268	2431	1
34.86939890710383	6930	1
34.88010928961749	9551	1
34.88169398907104	864	1
34.908524590163935	5880	1
34.91360655737705	5116	1
34.9179781420765	7008	1
34.92524590163934	6079	1
34.928360655737706	8945	1
34.933934426229506	2546	1
34.93857923497268	5724	1
34.95584699453552	6754	1
34.97622950819672	8814	1
34.979234972677595	8736	1
34.987486338797815	9105	1
34.98928961748634	2694	1
34.990163934426235	9476	1
35.000601092896176	4646	1
35.00519125683061	5140	1
35.02060109289617	5361	1
35.1307650273224	3934	1
35.13333333333333	2482	1
35.16661202185793	592	1
35.17087431693989	1557	1
35.1927868852459	6573	1
35.22267759562842	2636	1
35.240163934426235	4317	1
35.26573770491804	128	1
35.26639344262295	5530	1
35.267704918032784	9292	1
35.28	8864	1
35.28005464480874	8226	1
35.28497267759563	2112	1
35.28830601092896	9344	1
35.292021857923494	102	1
35.31147540983606	2186	1
35.319781420765025	6861	1
35.39628415300547	1211	1
35.399890710382515	5846	1
35.41087431693989	8979	1
35.42540983606557	9272	1
35.43409836065574	5614	1
35.435792349726775	5492	1
35.448196721311476	9221	1
35.47158469945355	6900	1
35.47540983606557	7452	1
35.49420765027322	6009	1
35.494918032786885	9866	1
35.49590163934426	822	1
35.51551912568306	8147	1
35.5307650273224	1394	1
35.53131147540984	6576	1
35.53710382513661	2042	1
35.561530054644805	9519	1
35.57863387978142	1134	1
35.59344262295082	9414	1
35.62256830601093	1472	1
35.632677595628415	1044	1
35.64398907103825	3222	1
35.65043715846995	3628	1
35.65486338797814	9745	1
35.69202185792349	3294	1
35.695573770491805	2209	1
35.69677595628415	7053	1
35.69841530054645	6695	1
35.70393442622951	1120	1
35.70612021857924	3261	1
35.734535519125686	891	1
35.73464480874317	2930	1
35.74174863387978	1129	1
35.747868852459014	7786	1
35.75601092896175	9101	1
35.7787431693989	7180	1
35.779781420765026	3643	1
35.790983606557376	935	1
35.83633879781421	875	1
35.85825136612022	5063	1
35.86754098360656	8509	1
35.86775956284153	2041	1
35.8727868852459	2997	1
35.8779781420765	4761	1
35.90568306010929	9775	1
35.90644808743169	7739	1
35.95344262295082	2364	1
35.962459016393446	4745	1
35.97792349726776	9047	1
35.99136612021858	9274	1
35.99289617486338	1904	1
36.050054644808746	2353	1
36.06251366120218	4744	1
36.063879781420766	8911	1
36.06989071038251	7996	1
36.08683060109289	4712	1
36.10071038251366	6713	1
36.11295081967213	974	1
36.11650273224044	547	1
36.11868852459016	6364	1
36.12349726775956	7349	1
36.13956284153005	7203	1
36.17196721311475	6889	1
36.190163934426224	4261	1
36.194754098360654	532	1
36.19896174863388	7580	1
36.19950819672131	5499	1
36.20923497267759	7106	1
36.21928961748634	7648	1
36.221420765027325	7853	1
36.22672131147541	6388	1
36.251038251366126	5126	1
36.270819672131154	812	1
36.27907103825137	820	1
36.29721311475409	4771	1
36.29721311475409	4803	1
36.30743169398907	9637	1
36.31737704918033	9150	1
36.33491803278688	293	1
36.33846994535519	4329	1
36.355300546448085	2176	1
36.37196721311475	7596	1
36.39071038251366	2809	0
36.390874316939886	5884	1
36.407322404371584	9590	1
36.4079781420765	5831	1
36.416775956284155	5599	1
36.41699453551912	9211	1
36.42021857923497	6235	1
36.42174863387978	6565	1
36.430491803278684	6282	1
36.431311475409835	3920	1
36.444754098360654	4937	1
36.44530054644809	2265	1
36.46136612021858	6330	1
36.50125683060109	2967	1
36.51016393442623	4203	1
36.5155737704918	2711	1
36.5327868852459	8096	1
36.542131147540985	738	1
36.56049180327869	7999	1
36.56748633879781	3926	1
36.574972677595625	8797	1
36.59475409836065	3872	1
36.639071038251366	9828	1
36.67551912568306	7146	1
36.76043715846995	5923	1
36.7635519125683	2489	1
36.763715846994536	3972	1
36.788251366120214	4836	1
36.796994535519126	4162	1
36.79792349726776	6730	1
36.80196721311475	4686	1
36.81021857923497	4748	1
36.84612021857924	5094	1
36.8472131147541	3666	1
36.85355191256831	4699	1
36.85857923497268	3548	1
36.86	3664	1
36.865081967213115	2405	1
36.87256830601093	4851	1
36.900273224043715	9555	1
36.9031693989071	1076	1
36.95344262295082	6984	1
36.95693989071038	9314	1
36.96551912568306	4086	1
36.98174863387978	4828	1
36.99469945355192	9596	1
37.0224043715847	9174	1
37.033825136612016	6354	1
37.04655737704918	3658	1
37.0479781420765	4726	1
37.060710382513655	1354	1
37.06431693989071	2969	1
37.07191256830601	8506	1
37.07562841530055	1481	1
37.110218579234974	8324	1
37.128469945355185	728	1
37.12945355191257	3421	1
37.13153005464481	9474	1
37.147650273224045	7982	1
37.1503825136612	1542	1
37.15650273224043	9252	1
37.15841530054645	2149	1
37.168688524590166	8004	1
37.19469945355191	2477	1
37.19513661202186	1903	1
37.201912568306014	7609	1
37.22644808743169	2629	1
37.252732240437155	1916	1
37.26382513661202	1253	1
37.26743169398907	7156	1
37.29928961748634	3191	1
37.30710382513661	7682	1
37.30989071038251	5299	1
37.31191256830601	4619	1
37.339562841530054	9033	1
37.35065573770492	9829	1
37.35732240437159	8496	1
37.41874316939891	6348	1
37.436939890710384	3497	1
37.442950819672134	3764	1
37.46256830601093	4503	1
37.47295081967213	2261	1
37.47382513661202	5771	1
37.480327868852456	9845	1
37.48617486338798	9794	1
37.50677595628415	6199	1
37.52333333333333	9603	1
37.527158469945356	4343	1
37.535737704918034	4147	1
37.54196721311475	561	1
37.5516393442623	7248	1
37.55344262295082	9790	1
37.55355191256831	3906	1
37.56513661202186	3435	1
37.574371584699456	3615	1
37.57442622950819	8706	1
37.58754098360656	1313	1
37.593333333333334	7207	1
37.59360655737705	9376	1
37.604590163934425	6201	1
37.622185792349725	2371	1
37.62535519125683	7300	1
37.633770491803276	2254	1
37.647213114754095	9058	1
37.65797814207651	9257	1
37.66174863387978	7934	1
37.665245901639345	9059	1
37.666393442622955	6406	1
37.66726775956284	6958	1
37.67262295081967	7613	1
37.70349726775956	4278	1
37.70699453551913	9283	1
37.70857923497268	4505	1
37.712732240437155	5512	1
37.722896174863386	2717	1
37.725027322404365	4545	1
37.726284153005466	672	1
37.73579234972678	5878	1
37.73622950819672	6898	1
37.746775956284154	7877	1
37.76907103825136	3064	1
37.77808743169399	8175	1
37.78300546448087	7623	1
37.797704918032785	1459	1
37.81229508196721	9980	1
37.817267759562846	7552	1
37.825737704918026	1271	1
37.84513661202186	6550	1
37.84693989071038	5418	1
37.90584699453552	7007	1
37.91229508196721	1266	1
37.914480874316936	8358	1
37.91950819672131	9295	1
37.92912568306011	9802	1
37.957158469945355	2266	1
37.967213114754095	7228	1
37.980765027322406	8237	1
37.982622950819675	4683	1
37.983005464480875	135	1
37.98382513661202	9378	1
37.99245901639344	6129	1
37.995300546448085	8484	1
38.0051912568306	3788	1
38.00978142076503	5166	1
38.02103825136612	6806	1
38.04437158469945	2963	1
38.068688524590165	1748	1
38.07382513661202	7149	1
38.086666666666666	2662	1
38.08939890710383	5198	1
38.098251366120216	391	1
38.10224043715847	7740	1
38.10568306010929	6890	1
38.14185792349727	8656	1
38.17322404371585	9800	1
38.177650273224046	351	1
38.17852459016394	823	1
38.18109289617486	6627	1
38.182131147540986	4211	1
38.1920218579235	2634	1
38.193934426229504	709	1
38.19431693989071	6064	1
38.20693989071038	6095	1
38.21743169398907	2490	1
38.225081967213114	4473	1
38.22786885245902	2630	1
38.22983606557377	119	1
38.236775956284156	1672	1
38.25377049180327	5242	1
38.25502732240437	4818	1
38.27306010928962	6557	1
38.276010928961746	8390	1
38.28819672131148	903	1
38.29633879781421	7260	1
38.30213114754098	5317	1
38.303005464480876	8669	1
38.30655737704918	3959	1
38.31431693989071	1414	1
38.3220218579235	8691	1
38.338907103825136	1600	1
38.34322404371584	2948	1
38.352021857923496	8900	1
38.36185792349727	9439	1
38.36267759562841	7032	1
38.37087431693989	9911	1
38.3727868852459	6903	1
38.3760655737705	4352	1
38.38650273224044	7630	1
38.38863387978142	2961	1
38.3903825136612	8980	1
38.396502732240435	4495	1
38.40103825136612	2216	1
38.40710382513661	7259	1
38.409617486338796	6567	1
38.42808743169399	3585	1
38.43967213114754	4728	1
38.44311475409836	5508	1
38.445519125683056	5828	1
38.45092896174864	5196	1
38.4524043715847	5644	1
38.463497267759564	5216	1
38.469890710382515	2872	1
38.49016393442623	4257	1
38.50497267759563	6690	1
38.51267759562842	7795	1
38.52644808743169	15	1
38.53781420765027	5046	1
38.538360655737705	3964	1
38.53972677595628	9086	1
38.55229508196721	1290	1
38.55431693989071	6978	1
38.568360655737706	3475	1
38.573497267759564	9723	1
38.57830601092896	4090	1
38.59273224043716	6456	1
38.59568306010929	2021	1
38.60590163934426	9085	1
38.625245901639346	7534	1
38.64617486338798	8339	1
38.65081967213115	7448	1
38.65087431693989	7101	1
38.650983606557375	3878	1
38.654754098360655	4005	1
38.662896174863384	1342	1
38.670710382513654	9558	1
38.680983606557376	2189	1
38.69950819672131	6564	1
38.70803278688525	6290	1
38.7151912568306	4227	1
38.71562841530054	5960	1
38.719890710382515	7170	1
38.732295081967216	5998	1
38.74841530054645	2167	1
38.753224043715846	5136	1
38.761038251366124	4467	1
38.76185792349727	7550	1
38.76256830601093	9718	1
38.77103825136612	2281	1
38.79344262295082	6907	1
38.799125683060105	7987	1
38.800054644808746	4969	1
38.80710382513661	6881	1
38.82431693989071	4388	1
38.8468306010929	1894	1
38.850054644808736	6966	1
38.85245901639344	9811	1
38.85661202185793	2560	1
38.86950819672131	8722	1
38.87196721311475	2973	1
38.89027322404372	6691	1
38.89333333333333	3851	1
38.89737704918033	9029	1
38.90530054644809	6325	1
38.910710382513656	2558	1
38.91131147540983	4566	1
38.92125683060109	1082	1
38.94092896174863	1004	1
38.95120218579235	3775	1
38.95180327868853	2151	1
38.959071038251366	7642	1
38.96049180327869	8598	1
38.9688524590164	2538	1
38.978797814207645	2284	1
38.978852459016395	2530	1
38.992349726775956	7405	1
39.008469945355195	5780	1
39.01945355191257	9370	1
39.02251366120218	3730	1
39.02874316939891	3822	1
39.075409836065575	3309	1
39.07715846994535	5832	1
39.07825136612022	2834	1
39.09382513661202	6750	1
39.10448087431694	2573	1
39.13032786885246	8165	1
39.13142076502732	247	1
39.141256830601094	1065	1
39.14994535519126	6048	1
39.1531693989071	6599	1
39.1691256830601	793	1
39.20016393442623	3017	1
39.20459016393443	7804	1
39.208306010928965	7125	1
39.21049180327869	6118	1
39.23142076502732	6038	1
39.23207650273224	6610	1
39.24131147540984	5214	1
39.24289617486339	3589	1
39.2475956284153	406	1
39.24863387978142	204	1
39.25437158469945	2529	1
39.26092896174863	7888	1
39.2635519125683	530	1
39.2675956284153	6893	1
39.27092896174863	6232	1
39.273715846994534	2970	1
39.2827868852459	9966	1
39.284972677595626	5303	1
39.302240437158474	8211	1
39.30459016393443	4083	1
39.314535519125684	1709	1
39.3211475409836	9605	1
39.32590163934426	5141	1
39.334043715846995	5789	1
39.34781420765027	2648	1
39.36573770491803	7685	1
39.380054644808745	8056	1
39.38289617486339	7717	1
39.38540983606557	7498	1
39.38551912568306	4697	1
39.393497267759564	3443	1
39.40387978142076	3616	1
39.41377049180328	7819	1
39.42229508196721	2208	1
39.433934426229506	203	1
39.43530054644808	8199	1
39.4372131147541	8846	1
39.441475409836066	2624	1
39.442131147540984	1553	1
39.4444262295082	3868	1
39.44448087431694	9924	1
39.45234972677596	3670	1
39.45245901639344	623	1
39.47912568306011	1951	1
39.48224043715847	1912	1
39.49551912568306	9613	1
39.49994535519126	1745	1
39.50622950819672	6389	1
39.50633879781421	6212	1
39.50655737704918	4039	1
39.512185792349726	4810	1
39.51803278688524	8960	1
39.54950819672131	8240	1
39.57153005464481	1918	1
39.57431693989071	7882	1
39.60349726775956	7068	1
39.60530054644809	2719	1
39.60890710382514	2150	1
39.61185792349727	175	1
39.62158469945355	2982	1
39.63049180327869	5829	1
39.63071038251366	5619	1
39.63295081967213	7071	1
39.634863387978136	4095	1
39.6351912568306	3316	1
39.642404371584696	7342	1
39.646612021857926	8108	1
39.65218579234973	379	1
39.654426229508196	5953	1
39.69054644808743	8437	1
39.726994535519125	9145	1
39.74978142076503	6759	1
39.752021857923495	460	1
39.76879781420765	3901	1
39.7731693989071	3279	1
39.784316939890715	2421	1
39.785300546448084	7164	1
39.7883606557377	998	1
39.79081967213114	2409	1
39.793114754098355	9259	1
39.79644808743169	6003	1
39.79683060109289	3486	1
39.81071038251366	3120	1
39.81672131147541	3528	1
39.82923497267759	3629	1
39.841147540983606	8795	1
39.84803278688524	4700	1
39.88322404371585	3686	1
39.888579234972674	4696	1
39.89262295081967	3487	1
39.89907103825137	8294	1
39.92207650273224	7486	1
39.932459016393445	9371	1
39.94163934426229	2718	1
39.94836065573771	432	1
39.96153005464481	407	1
39.96295081967213	1213	1
39.965792349726776	2980	1
39.982185792349725	3555	1
39.988907103825134	8853	1
39.99830601092896	558	1
40.002459016393445	1735	1
40.00808743169399	8905	1
40.01431693989071	7661	1
40.02437158469946	7528	1
40.02666666666667	2394	1
40.05322404371584	9556	1
40.05579234972677	9539	1
40.05967213114754	5319	1
40.07863387978142	6312	1
40.09284153005464	3844	1
40.09475409836066	2606	1
40.12814207650273	4457	1
40.12994535519125	7475	1
40.148032786885246	6926	1
40.16792349726776	5055	1
40.16978142076503	2245	1
40.16989071038252	1775	1
40.188797814207646	9334	1
40.18923497267759	7583	1
40.20590163934426	3200	1
40.21016393442623	1815	1
40.246830601092896	9812	1
40.248688524590165	6224	1
40.25928961748634	9946	1
40.26693989071038	4399	1
40.26710382513661	332	1
40.28934426229508	7933	1
40.32060109289617	9859	1
40.336612021857924	7502	1
40.33912568306011	1476	1
40.34879781420765	5300	1
40.35032786885246	3943	1
40.36125683060109	9867	1
40.36655737704918	9530	1
40.37005464480875	3982	1
40.3816393442623	2778	1
40.398032786885246	1014	1
40.40355191256831	2297	1
40.40502732240437	6251	1
40.415956284153005	4154	1
40.43256830601093	5722	1
40.43333333333334	8938	1
40.434699453551914	9449	1
40.44857923497268	1981	1
40.49475409836066	4417	1
40.50185792349727	7950	1
40.504316939890714	7589	1
40.523387978142075	3459	1
40.52409836065574	7584	1
40.53595628415301	2413	1
40.54114754098361	2385	1
40.55174863387978	8283	1
40.55704918032787	7155	1
40.61491803278688	1374	1
40.617322404371585	9984	1
40.63224043715847	5318	1
40.63262295081967	2190	1
40.64	1002	1
40.64147540983607	6870	1
40.64284153005464	3046	1
40.65185792349727	404	1
40.656612021857924	7265	1
40.65972677595628	4289	1
40.662185792349725	8974	1
40.664043715846994	5576	1
40.66579234972677	5673	1
40.68448087431693	6096	1
40.69622950819672	7240	1
40.734535519125686	6811	1
40.738251366120224	9717	1
40.77251366120219	8301	1
40.77677595628415	1255	1
40.78617486338798	9826	1
40.801857923497266	8950	1
40.81923497267759	1632	1
40.83622950819672	2233	1
40.84994535519126	6173	1
40.85726775956284	4521	1
40.870382513661205	8843	1
40.88273224043716	2052	1
40.88639344262295	4073	1
40.887158469945355	7217	1
40.889836065573775	6824	1
40.903114754098354	8793	1
40.932021857923495	2864	1
40.9375956284153	9868	1
40.94765027322405	5776	1
40.95131147540984	4425	1
40.95245901639344	1991	1
40.968469945355196	1083	1
40.9692349726776	8902	1
40.98803278688524	2	1
