0.03263819672131148	6875	1
0.05271683060109289	4075	1
0.11838251366120218	981	1
0.1872693989071038	433	1
0.2123967213114754	7288	1
0.22731584699453553	6942	1
0.30318852459016393	2086	1
0.458679781420765	3812	1
0.5368273224043716	8549	1
0.5659180327868852	4491	1
0.6199289617486339	3761	1
0.6309781420765028	6461	1
0.6831967213114755	3606	1
0.7208196721311475	7201	1
0.7261693989071039	5576	1
0.7763989071038251	6560	1
0.8276284153005464	6049	1
0.8372131147540983	2262	1
0.8387431693989071	2520	1
0.8610163934426229	2741	1
1.066863387978142	1970	1
1.116071038251366	6322	1
1.2469617486338798	2997	1
1.2508743169398908	4814	1
1.2653497267759564	1445	1
1.3557158469945354	6333	1
1.38727868852459	9298	1
1.6010710382513662	218	1
1.7516939890710381	7462	1
1.7984316939890712	23	1
1.8280983606557377	7083	1
1.834535519125683	703	1
1.840486338797814	8571	1
2.02144262295082	6597	1
2.081622950819672	5407	1
2.1253770491803277	9164	1
2.135726775956284	9817	1
2.1428961748633877	758	1
2.176360655737705	1980	1
2.180868852459016	5409	1
2.1871475409836068	8801	1
2.1895409836065576	2020	1
2.1908524590163934	6380	1
2.1944043715846995	1351	1
2.241912568306011	1519	1
2.333191256830601	8461	1
2.387109289617486	2076	1
2.427360655737705	339	1
2.434005464480874	722	1
2.437327868852459	9047	1
2.4430983606557377	815	1
2.499688524590164	5231	1
2.503715846994535	8273	1
2.532617486338798	7827	1
2.5375956284153007	9915	1
2.58268306010929	4547	1
2.6683551912568304	4709	1
2.681153005464481	9072	1
2.711043715846994	6970	1
2.763704918032787	3794	1
2.772573770491803	9426	1
2.774874316939891	6892	1
2.7827650273224043	475	1
2.8400819672131146	3374	1
2.8786284153005464	3454	1
3.027579234972677	2210	1
3.06	2662	1
3.098546448087432	567	1
3.1449453551912567	3604	1
3.1970928961748633	1919	1
3.209846994535519	8648	1
3.2453715846994533	5764	1
3.2595628415300544	2715	1
3.2679398907103825	5372	1
3.2749617486338796	4792	1
3.434366120218579	6894	1
3.4429672131147537	4268	1
3.447830601092896	1790	1
3.466551912568306	8249	1
3.5429781420765023	3951	1
3.604021857923497	5383	1
3.6069398907103825	7157	1
3.64644262295082	63	1
3.6779781420765025	399	1
3.6795956284153	4835	1
3.718655737704918	7799	1
3.866497267759563	6176	1
3.9659726775956288	2664	1
3.9928852459016393	893	1
4.010830601092897	1038	1
4.040207650273224	4012	1
4.066781420765027	8436	1
4.114857923497268	8531	1
4.126568306010929	8786	1
4.1922076502732235	9173	1
4.214513661202186	3538	1
4.248229508196721	7473	1
4.318054644808743	4963	1
4.337207650273225	5441	1
4.355775956284153	5704	1
4.38948087431694	9749	1
4.412306010928962	9886	1
4.427983606557377	4021	1
4.493748633879781	6310	1
4.495950819672131	5931	1
4.509885245901639	1475	1
4.528661202185792	3131	1
4.550311475409837	3496	1
4.6226666666666665	560	1
4.687245901639344	5317	1
4.736934426229508	6932	1
4.771830601092896	8899	1
4.781016393442623	7748	1
4.787398907103825	2091	1
4.820131147540984	269	1
4.869256830601093	4061	1
4.9571256830601085	8206	1
5.065377049180328	7837	1
5.066693989071038	5192	1
5.086868852459016	8816	1
5.172218579234973	8727	1
5.238497267759563	2519	1
5.272677595628415	7093	1
5.3089344262295075	6721	1
5.354338797814208	8368	1
5.400666666666666	2828	1
5.4609617486338795	8102	1
5.470109289617486	565	1
5.513333333333334	9682	1
5.517759562841531	3192	1
5.5200000000000005	1110	1
5.560382513661202	5014	1
5.560491803278688	771	1
5.603661202185792	1421	1
5.626338797814207	3739	1
5.635191256830601	1981	1
5.655464480874317	9419	1
5.661366120218579	9250	1
5.756010928961748	4539	1
5.76448087431694	5819	1
5.812677595628415	5901	1
5.825464480874317	5302	1
5.866830601092897	5086	1
5.922896174863388	1018	1
5.970054644808743	4397	1
5.998469945355191	4511	1
6.004918032786885	1492	1
6.0393442622950815	2873	1
6.050163934426229	345	1
6.14	3068	1
6.153333333333333	4717	1
6.1728961748633875	8701	1
6.17568306010929	6156	1
6.209508196721311	300	1
6.214918032786885	4762	1
6.2214207650273226	7832	1
6.236775956284153	1260	1
6.288415300546448	4442	1
6.349890710382514	917	1
6.407049180327869	5619	1
6.415792349726776	5156	1
6.43311475409836	7494	1
6.436065573770492	7377	1
6.456065573770491	8858	1
6.464043715846994	4576	1
6.503060109289618	4177	1
6.557431693989071	8838	1
6.565573770491803	6557	1
6.570054644808743	5051	1
6.601639344262295	1785	1
6.6803278688524586	9340	1
6.684371584699453	7643	1
6.737540983606558	4529	1
6.761912568306011	4852	1
6.849726775956284	1668	1
6.904043715846995	7511	1
6.90896174863388	2577	1
7.059016393442623	6826	1
7.128907103825136	5318	1
7.239289617486339	7421	1
7.35448087431694	7193	1
7.403661202185792	3842	1
7.420273224043716	1001	1
7.479398907103825	7384	1
7.571475409836065	4374	1
7.669508196721311	2383	1
7.67224043715847	3947	1
7.676994535519126	5896	1
7.683278688524591	2545	1
7.689781420765027	1824	1
7.724699453551913	5593	1
7.746994535519126	7071	1
7.888469945355191	5506	1
7.928032786885246	3247	1
7.948087431693989	7452	1
7.980054644808743	2378	1
8.011803278688525	4083	1
8.018306010928962	3844	1
8.130218579234972	3280	1
8.153825136612022	2667	1
8.185136612021857	1334	1
8.248907103825136	4292	1
8.332513661202185	7417	1
8.340327868852459	2273	1
8.3751912568306	9175	1
8.397650273224043	3628	1
8.466338797814208	5815	1
8.499945355191256	7584	1
8.546065573770491	8047	1
8.557650273224043	6077	1
8.57431693989071	4641	1
8.580765027322403	8963	1
8.61863387978142	9096	1
8.652459016393443	5267	1
8.742786885245902	4114	1
8.816939890710382	2249	1
8.855846994535518	5122	1
8.877540983606558	5627	1
8.88224043715847	2773	1
8.910109289617486	9160	1
8.935027322404371	3535	1
8.93912568306011	3859	1
9.003387978142076	6265	1
9.023005464480873	8338	1
9.025737704918033	6668	1
9.036502732240438	2327	1
9.043551912568306	9862	1
9.100273224043717	423	1
9.11912568306011	8233	1
9.12398907103825	4141	1
9.19256830601093	9657	1
9.22808743169399	9484	1
9.231803278688526	9596	1
9.287377049180328	155	1
9.376775956284153	736	1
9.390928961748633	2743	1
9.394863387978141	2174	1
9.453169398907104	616	1
9.480437158469945	9207	1
9.54256830601093	5743	1
9.631803278688526	7505	1
9.649726775956285	6807	1
9.704043715846995	6262	1
9.708469945355192	9563	1
9.735901639344263	603	1
9.76415300546448	80	1
9.776229508196721	7448	1
9.779180327868852	7737	1
9.783114754098362	3723	1
9.789071038251366	1778	1
9.806338797814208	3784	1
9.808251366120217	4599	1
9.808852459016393	3906	1
9.814426229508197	5227	1
9.819234972677597	1764	1
9.82071038251366	8526	1
9.874535519125683	4014	1
9.911803278688526	9230	1
9.931748633879781	9777	1
9.967540983606558	860	1
9.997595628415299	9771	1
10.016065573770492	8403	1
10.05087431693989	4573	1
10.08535519125683	7673	1
10.144972677595629	551	1
10.152404371584698	8320	1
10.192568306010928	2166	1
10.242459016393441	3673	1
10.258306010928962	6769	1
10.279617486338799	5742	1
10.295628415300547	4024	1
10.33551912568306	8038	1
10.357868852459017	5745	1
10.412896174863388	5990	1
10.423879781420766	6911	1
10.44808743169399	980	1
10.451202185792349	6428	1
10.480491803278689	9508	1
10.493825136612022	7955	1
10.501693989071038	3821	1
10.530218579234973	1500	1
10.563497267759562	7469	1
10.585737704918033	6574	1
10.589180327868853	4583	1
10.595027322404372	1937	1
10.605737704918031	6252	1
10.64792349726776	83	1
10.663333333333334	669	1
10.695519125683061	7323	1
10.697103825136614	2995	1
10.702295081967213	330	1
10.716830601092894	3154	1
10.761147540983606	7933	1
10.769562841530055	4081	1
10.770163934426229	5427	1
10.789234972677596	5115	1
10.790983606557377	5404	1
10.792131147540983	6072	1
10.814808743169397	6229	1
10.832732240437158	3490	1
10.865901639344262	558	1
10.886994535519126	5976	1
10.905136612021858	1932	1
10.907377049180328	5938	1
10.918251366120218	4809	1
10.919672131147541	2612	1
10.932786885245902	2567	1
11.015245901639343	991	1
11.05792349726776	8451	1
11.06688524590164	8393	1
11.072185792349728	4213	1
11.105737704918033	2996	1
11.123770491803278	2578	1
11.149890710382513	3945	1
11.155409836065573	754	1
11.191912568306012	249	1
11.225956284153005	8514	1
11.285245901639344	5875	1
11.291147540983605	4949	1
11.292786885245903	1169	1
11.294699453551914	7611	1
11.296830601092896	3052	1
11.309016393442622	5788	1
11.363005464480874	5818	1
11.437267759562841	7569	1
11.465300546448088	6512	1
11.501639344262296	2136	1
11.505136612021857	9458	1
11.509672131147541	6648	1
11.53846994535519	288	1
11.54377049180328	3631	1
11.597267759562842	2932	1
11.600491803278688	3532	1
11.607650273224044	2217	1
11.610546448087431	7938	1
11.628360655737705	1469	1
11.636448087431694	7747	1
11.683333333333334	7119	1
11.814863387978143	2105	1
11.836830601092897	3895	1
11.850109289617485	2778	1
11.925409836065572	122	1
12.033114754098362	8789	1
12.03879781420765	847	1
12.051202185792349	3106	1
12.059289617486339	2101	1
12.083497267759562	9255	1
12.10983606557377	3095	1
12.113442622950819	5795	1
12.120601092896175	6149	1
12.123934426229507	8464	1
12.17704918032787	1640	1
12.18825136612022	6929	1
12.200928961748634	4429	1
12.25486338797814	952	1
12.284863387978142	9662	1
12.321420765027323	5272	1
12.323715846994535	457	1
12.365409836065574	1650	1
12.366010928961748	1679	1
12.371092896174863	5206	1
12.37622950819672	6617	1
12.443825136612022	9007	1
12.46704918032787	8007	1
12.498797814207649	3115	1
12.56606557377049	5661	1
12.58224043715847	8438	1
12.602131147540984	5367	1
12.617158469945355	8880	1
12.623606557377048	5077	1
12.725573770491804	8452	1
12.770928961748634	7866	1
12.797213114754097	6491	1
12.830054644808742	6533	1
12.834918032786884	9006	1
12.849016393442621	9084	1
12.921748633879782	880	1
12.96967213114754	861	1
12.981530054644809	1849	1
13.01551912568306	6568	1
13.02327868852459	6640	1
13.025409836065574	4486	1
13.039945355191257	5683	1
13.123661202185792	8129	1
13.14912568306011	3883	1
13.17311475409836	9856	1
13.181147540983607	2434	1
13.196939890710382	8008	1
13.213879781420765	1544	1
13.24191256830601	3053	1
13.243114754098361	3156	1
13.253879781420766	9117	1
13.267978142076503	4819	1
13.288852459016393	1616	1
13.305737704918032	1173	1
13.335737704918033	1007	1
13.387868852459015	5634	1
13.389180327868852	853	1
13.399016393442622	6670	1
13.401147540983606	9026	1
13.436775956284153	2446	1
13.464754098360656	2359	1
13.467978142076502	8507	1
13.470163934426228	3381	1
13.491639344262294	6674	1
13.493989071038252	6281	1
13.499071038251367	5221	1
13.501092896174862	3139	1
13.51	950	1
13.539071038251366	712	1
13.578633879781421	119	1
13.588907103825136	2565	1
13.601475409836066	1134	1
13.621857923497267	8547	1
13.636284153005466	5907	1
13.692786885245903	8886	1
13.699125683060108	4200	1
13.720765027322404	8235	1
13.725956284153005	828	1
13.73158469945355	7296	1
13.73879781420765	2267	1
13.751530054644808	4558	1
13.797158469945353	9416	1
13.79863387978142	6075	1
13.856174863387977	2149	1
13.861803278688525	4248	1
13.879781420765026	8018	1
13.8848087431694	5448	1
13.89726775956284	9913	1
13.927868852459016	1678	1
13.929180327868853	7082	1
13.93775956284153	8366	1
13.951639344262293	4108	1
13.98655737704918	4078	1
14.000273224043717	9911	1
14.01535519125683	9158	1
14.043333333333333	7477	1
14.044699453551912	9287	1
14.070874316939891	8030	1
14.084754098360655	6184	1
14.114207650273224	9510	1
14.148852459016393	8443	1
14.208360655737705	8601	1
14.212021857923498	5141	1
14.212786885245901	4435	1
14.242131147540983	2123	1
14.25207650273224	4920	1
14.27245901639344	1166	1
14.371584699453551	663	1
14.379562841530054	6521	1
14.414043715846995	5011	1
14.41896174863388	306	1
14.438087431693988	9328	1
14.454153005464482	3500	1
14.483060109289617	4472	1
14.493497267759563	7983	1
14.497267759562842	9769	1
14.510546448087432	2244	1
14.523224043715848	6823	1
14.546666666666665	3330	1
14.588743169398906	2678	1
14.594754098360655	2219	1
14.634098360655738	7550	1
14.653278688524589	3119	1
14.755846994535519	2451	1
14.77295081967213	2233	1
14.77295081967213	1004	1
14.810109289617486	1233	1
14.812295081967212	1470	1
14.814918032786887	3365	1
14.824972677595628	5930	1
14.834098360655737	3202	1
14.875027322404371	6506	1
14.877650273224043	9724	1
14.890874316939891	933	1
14.894972677595627	5063	1
14.899071038251366	2709	1
14.922622950819672	4556	1
14.926885245901639	9655	1
14.928579234972679	1801	1
14.967540983606558	5461	1
14.971311475409836	2178	1
15.011420765027323	3382	1
15.036830601092896	5002	1
15.082459016393443	1256	1
15.082786885245902	4802	1
15.096065573770492	5748	1
15.111475409836066	6890	1
15.117978142076502	4536	1
15.12726775956284	6737	1
15.129562841530054	8146	1
15.133333333333333	5762	1
15.14448087431694	5413	1
15.162841530054644	8573	1
15.166612021857922	5526	1
15.18448087431694	3992	1
15.209234972677596	5109	1
15.22448087431694	3616	1
15.281967213114754	8729	1
15.286666666666665	6907	1
15.288524590163934	3991	1
15.29207650273224	2748	1
15.346994535519125	9605	1
15.379617486338798	5136	1
15.385409836065573	6525	1
15.403934426229508	1738	1
15.425409836065574	7128	1
15.450382513661202	2113	1
15.456448087431694	2701	1
15.524098360655737	6498	1
15.574207650273223	9002	1
15.578032786885245	3029	1
15.588907103825136	6247	1
15.617158469945355	1298	1
15.620109289617487	8456	1
15.620601092896173	6761	1
15.637814207650273	8582	1
15.650601092896174	8486	1
15.660218579234973	9108	1
15.661420765027321	851	1
15.676666666666666	103	1
15.70311475409836	4899	1
15.704371584699453	1782	1
15.716010928961747	8201	1
15.742732240437158	8856	1
15.75464480874317	7371	1
15.791366120218578	2236	1
15.792896174863387	2636	1
15.821857923497268	5304	1
15.835027322404372	3994	1
15.843114754098359	6172	1
15.866065573770491	2088	1
15.867704918032786	5970	1
15.87775956284153	5845	1
15.87808743169399	8579	1
15.879016393442623	5805	1
15.893333333333334	8950	1
15.945136612021857	5244	1
15.957759562841531	4095	1
15.97	547	1
15.97071038251366	6153	1
15.984972677595628	7250	1
16.006174863387976	4245	1
16.009836065573772	3566	1
16.022185792349728	9550	1
16.07622950819672	2498	1
16.089234972677595	3829	1
16.148579234972676	1935	1
16.328688524590163	7649	1
16.328852459016392	5202	1
16.331311475409837	4029	1
16.360819672131147	8692	1
16.382841530054645	3971	1
16.417540983606557	5753	1
16.42311475409836	4668	1
16.427486338797813	6093	1
16.454918032786885	2717	1
16.516775956284153	1381	1
16.516830601092895	9967	1
16.519071038251365	9210	1
16.52584699453552	6572	1
16.571639344262294	2351	1
16.57846994535519	276	1
16.645956284153005	6449	1
16.65639344262295	1921	1
16.665081967213116	1892	1
16.689071038251367	1034	1
16.695464480874318	3492	1
16.706994535519126	6032	1
16.747486338797813	4969	1
16.795300546448086	6544	1
16.8051912568306	8123	1
16.80912568306011	3806	1
16.837814207650272	7010	1
16.842021857923495	4660	1
16.84448087431694	9732	1
16.84726775956284	1299	1
16.856994535519124	3443	1
16.87071038251366	7217	1
16.888907103825137	5127	1
16.905573770491802	6073	1
16.932513661202186	1670	1
16.938087431693987	4198	1
16.9648087431694	7647	1
17.013333333333332	2427	1
17.029180327868854	1409	1
17.060765027322404	8306	1
17.095846994535517	7042	1
17.107868852459017	7947	1
17.114043715846993	4235	1
17.15535519125683	2790	1
17.16535519125683	3426	1
17.19306010928962	228	1
17.195300546448088	1075	1
17.233060109289617	3572	1
17.258415300546446	1620	1
17.268907103825136	8389	1
17.277322404371585	2248	1
17.28857923497268	3933	1
17.321748633879782	1082	1
17.35775956284153	2100	1
17.360491803278688	2395	1
17.37568306010929	8948	1
17.401584699453554	5112	1
17.420546448087432	2286	1
17.46573770491803	6022	1
17.472021857923494	8509	1
17.493333333333332	9921	1
17.509071038251367	2506	1
17.51158469945355	1357	1
17.513060109289615	5160	1
17.518196721311472	1705	1
17.52601092896175	4901	1
17.53224043715847	8997	1
17.56486338797814	1672	1
17.56928961748634	7578	1
17.593661202185793	2422	1
17.59896174863388	9697	1
17.604863387978142	5194	1
17.639289617486337	6204	1
17.65792349726776	3124	1
17.687377049180327	1621	1
17.69431693989071	8211	1
17.706284153005466	6752	1
17.706502732240438	7728	1
17.734207650273223	5774	1
17.735683060109288	7500	1
17.756830601092897	14	1
17.7668306010929	7572	1
17.76885245901639	7785	1
17.77344262295082	4797	1
17.774262295081964	808	1
17.7751912568306	1532	1
17.78049180327869	2093	1
17.792021857923498	1675	1
17.808415300546447	896	1
17.809562841530056	2947	1
17.81770491803279	9056	1
17.83327868852459	1453	1
17.840983606557376	2131	1
17.845792349726775	6212	1
17.895464480874317	5740	1
17.90153005464481	7918	1
17.90327868852459	4858	1
17.91349726775956	4186	1
17.917158469945356	8221	1
17.930710382513663	7241	1
17.939071038251363	1045	1
17.953606557377046	6118	1
17.954043715846993	9009	1
17.9803825136612	9751	1
18.001147540983606	5398	1
18.005956284153005	3177	1
18.007213114754098	2465	1
18.014535519125683	6634	1
18.02672131147541	8675	1
18.028196721311478	9713	1
18.029234972677596	8710	1
18.034972677595626	5171	1
18.035409836065575	9362	1
18.048907103825137	8109	1
18.06377049180328	4067	1
18.064590163934426	7571	1
18.071857923497266	7429	1
18.087103825136612	622	1
18.087322404371584	2901	1
18.09207650273224	541	1
18.096065573770492	2130	1
18.10081967213115	2331	1
18.109234972677594	6454	1
18.115573770491803	9467	1
18.127486338797816	8782	1
18.1627868852459	746	1
18.16431693989071	1366	1
18.194426229508196	3561	1
18.195300546448085	9703	1
18.1979781420765	9463	1
18.200109289617487	4866	1
18.211530054644808	1144	1
18.22360655737705	871	1
18.231475409836065	6902	1
18.235683060109288	6567	1
18.251092896174864	5284	1
18.252295081967212	8108	1
18.266885245901637	7454	1
18.269234972677598	9082	1
18.270273224043716	5730	1
18.275464480874316	1322	1
18.280983606557378	1514	1
18.290437158469945	8092	1
18.290546448087433	1068	1
18.307540983606557	3676	1
18.315464480874315	7889	1
18.31551912568306	5315	1
18.32191256830601	6016	1
18.327377049180328	3724	1
18.329726775956285	2974	1
18.331803278688525	8441	1
18.331967213114755	1757	1
18.332732240437156	2315	1
18.3448087431694	6394	1
18.353169398907102	1052	1
18.38661202185792	2147	1
18.402021857923497	3477	1
18.408196721311477	8587	1
18.42087431693989	1308	1
18.420928961748633	6374	1
18.455956284153007	2654	1
18.47967213114754	3081	1
18.49098360655738	7849	1
18.49344262295082	9892	1
18.49704918032787	6958	1
18.514863387978142	4025	1
18.51879781420765	4376	1
18.525191256830603	5642	1
18.553715846994535	3162	1
18.558360655737705	4101	1
18.567103825136613	2698	1
18.569398907103825	4242	1
18.57049180327869	6937	1
18.570928961748635	9473	1
18.57398907103825	4400	1
18.57639344262295	3555	1
18.60912568306011	6377	1
18.631475409836064	8980	1
18.640109289617484	6239	1
18.645081967213113	923	1
18.64693989071038	5316	1
18.64775956284153	9259	1
18.657322404371584	6702	1
18.667540983606557	8220	1
18.668688524590163	1751	1
18.68639344262295	1130	1
18.68726775956284	2264	1
18.689071038251367	5076	1
18.709125683060112	5095	1
18.730437158469947	8193	1
18.73606557377049	3571	1
18.752896174863388	2201	1
18.78065573770492	8411	1
18.804535519125682	3593	1
18.80568306010929	2779	1
18.817650273224046	5502	1
18.84120218579235	3206	1
18.893825136612023	6070	1
18.896284153005464	6101	1
18.8975956284153	819	1
18.92256830601093	5474	1
18.937322404371585	6378	1
18.93863387978142	3316	1
18.964590163934425	3754	1
18.98950819672131	7040	1
18.994754098360655	8035	1
18.995464480874315	9768	1
19.00655737704918	7309	1
19.035245901639342	4054	1
19.05120218579235	355	1
19.05846994535519	7332	1
19.067814207650272	3092	1
19.081311475409837	8074	1
19.082677595628418	431	1
19.082677595628418	1010	1
19.103224043715848	3938	1
19.10398907103825	4312	1
19.11103825136612	1879	1
19.12431693989071	3566	0
19.144590163934424	6058	1
19.152786885245902	2294	1
19.167595628415302	665	1
19.172622950819672	1103	1
19.17639344262295	2544	1
19.184262295081965	6947	1
19.1851912568306	6624	1
19.188688524590166	9167	1
19.193715846994536	9281	1
19.20224043715847	919	1
19.21120218579235	7453	1
19.218579234972676	4360	1
19.226284153005466	1193	1
19.26754098360656	3037	1
19.269398907103827	5355	1
19.277267759562843	6365	1
19.317158469945355	8719	1
19.32049180327869	6561	1
19.327267759562844	9479	1
19.335355191256827	9790	1
19.337650273224043	9546	1
19.340710382513663	7395	1
19.35054644808743	5758	1
19.35792349726776	6916	1
19.378743169398906	7853	1
19.37967213114754	8026	1
19.405245901639343	3102	1
19.406775956284154	8538	1
19.40743169398907	4880	1
19.4124043715847	6746	1
19.42360655737705	7001	1
19.42928961748634	1828	1
19.458633879781424	5018	1
19.475081967213114	4155	1
19.476174863387975	4352	1
19.483606557377048	5597	1
19.485519125683062	364	1
19.508743169398905	7209	1
19.51502732240437	6822	1
19.515409836065572	2289	1
19.520437158469946	8304	1
19.529781420765026	6028	1
19.532021857923496	3503	1
19.58530054644809	6941	1
19.621420765027324	1259	1
19.697049180327866	4052	1
19.716939890710385	802	1
19.748852459016394	620	1
19.763387978142074	4703	1
19.791202185792347	6748	1
19.80398907103825	4427	1
19.81775956284153	4314	1
19.82049180327869	8370	1
19.823715846994535	9019	1
19.832349726775956	5649	1
19.849945355191256	8440	1
19.85535519125683	5485	1
19.890054644808743	9939	1
19.890819672131148	1439	1
19.902459016393443	4326	1
19.905409836065573	8407	1
19.917814207650274	6546	1
19.921202185792346	6840	1
19.92273224043716	3460	1
19.945245901639343	6110	1
19.95021857923497	1795	1
19.96049180327869	9439	1
19.992732240437157	7422	1
19.995027322404372	5933	1
20.00655737704918	8495	1
20.029781420765026	5195	1
20.037158469945354	6565	1
20.037486338797816	8926	1
20.0375956284153	9077	1
20.043442622950817	7076	1
20.049344262295083	4338	1
20.066284153005462	9489	1
20.077158469945356	9385	1
20.08174863387978	1799	1
20.10010928961749	8071	1
20.13344262295082	9500	1
20.156174863387978	3205	1
20.158907103825136	6407	1
20.19502732240437	9468	1
20.219562841530056	2711	1
20.22830601092896	8737	1
20.231311475409836	1960	1
20.23448087431694	6690	1
20.275409836065574	6076	1
20.278360655737703	5189	1
20.296448087431695	7609	1
20.313989071038254	5651	1
20.317267759562842	1472	1
20.324918032786886	4907	1
20.32584699453552	7632	1
20.326666666666668	8406	1
20.38158469945355	4072	1
20.383278688524587	8992	1
20.393606557377048	6992	1
20.398907103825138	2369	1
20.451803278688526	5964	1
20.474043715846996	1249	1
20.493934426229508	5866	1
20.49775956284153	6957	1
20.502513661202187	5035	1
20.506284153005463	4815	1
20.507431693989073	6220	1
20.509453551912568	4188	1
20.536612021857923	419	1
20.53928961748634	9916	1
20.55049180327869	5173	1
20.554590163934424	2276	1
20.55655737704918	2805	1
20.562677595628415	3660	1
20.56868852459016	6215	1
20.573169398907105	4794	1
20.605081967213113	8877	1
20.617049180327868	7291	1
20.6279781420765	1646	1
20.654043715846996	8293	1
20.659726775956283	5292	1
20.66415300546448	7905	1
20.690601092896177	840	1
20.72213114754098	6038	1
20.73879781420765	835	1
20.73945355191257	996	1
20.740491803278687	5966	1
20.74743169398907	2067	1
20.765792349726773	9175	0
20.791366120218576	4564	1
20.79918032786885	1411	1
20.80672131147541	2631	1
20.84830601092896	3415	1
20.85120218579235	2059	1
20.8579781420765	3996	1
20.89765027322404	637	1
20.911584699453552	7784	1
20.931967213114753	3562	1
20.959562841530055	7156	1
20.970765027322404	5604	1
20.978743169398907	3425	1
20.990601092896174	7497	1
21.005792349726775	389	1
21.009617486338797	9858	1
21.014754098360655	9983	1
21.026721311475413	4454	1
21.034426229508195	140	1
21.039508196721314	9791	1
21.044098360655738	5954	1
21.051475409836065	1457	1
21.061639344262296	9760	1
21.06377049180328	3729	1
21.093497267759563	6312	1
21.114972677595627	6464	1
21.11584699453552	8020	1
21.12153005464481	4393	1
21.126939890710382	4675	1
21.14928961748634	1163	1
21.164535519125682	8627	1
21.16677595628415	2469	1
21.19273224043716	8364	1
21.196174863387977	8278	1
21.20049180327869	1140	1
21.20448087431694	3416	1
21.23054644808743	1414	1
21.23103825136612	5698	1
21.2372131147541	9487	1
21.23792349726776	2643	1
21.24546448087432	1969	1
21.248961748633878	3978	1
21.25704918032787	3163	1
21.26808743169399	4441	1
21.272349726775957	6177	1
21.29912568306011	9889	1
21.322459016393445	1810	1
21.32726775956284	2765	1
21.338797814207652	179	1
21.373497267759564	790	1
21.37704918032787	4837	1
21.382568306010928	3299	1
21.389617486338796	7167	1
21.393005464480876	7954	1
21.40377049180328	6654	1
21.42967213114754	2049	1
21.431803278688523	829	1
21.43486338797814	7593	1
21.43688524590164	7155	1
21.454863387978143	5505	1
21.465081967213113	9194	1
21.472513661202186	4555	1
21.5003825136612	5830	1
21.507814207650274	4778	1
21.513934426229508	3174	1
21.515245901639346	2045	1
21.51781420765027	9201	1
21.522349726775957	7372	1
21.52918032786885	3998	1
21.54	4710	1
21.553005464480872	329	1
21.563934426229505	6266	1
21.56672131147541	8826	1
21.60065573770492	8039	1
21.616666666666667	720	1
21.621092896174865	6213	1
21.630327868852458	5973	1
21.65191256830601	4952	1
21.656174863387978	9645	1
21.666174863387976	1051	1
21.66912568306011	8641	1
21.681639344262294	8803	1
21.692896174863385	1697	1
21.705737704918032	878	1
21.70677595628415	5373	1
21.716775956284152	7842	1
21.721803278688522	9835	1
21.73191256830601	9591	1
21.735792349726776	9679	1
21.7527868852459	5563	1
21.761420765027324	8841	1
21.766557377049182	3629	1
21.793387978142075	8655	1
21.797377049180326	1908	1
21.798032786885244	7106	1
21.798579234972678	6125	1
21.805355191256833	4619	1
21.80568306010929	7414	1
21.83065573770492	8678	1
21.850601092896174	8645	1
21.857704918032788	4821	1
21.863333333333333	8905	1
21.878852459016393	6009	1
21.88453551912568	9310	1
21.88983606557377	9241	1
21.89109289617486	4905	1
21.891530054644807	6473	1
21.910273224043717	7520	1
21.924207650273225	4957	1
21.924535519125683	1526	1
21.955409836065574	9349	1
21.977704918032785	8029	1
21.99590163934426	4822	1
21.998961748633878	4743	1
22.007213114754098	9977	1
22.052459016393446	2969	1
22.080437158469945	2619	1
22.081147540983608	3663	1
22.09573770491803	9937	1
22.096502732240438	4697	1
22.11448087431694	9387	1
22.12568306010929	7154	1
22.13136612021858	7433	1
22.141311475409836	4884	1
22.14535519125683	5377	1
22.150601092896174	1342	1
22.181693989071036	7189	1
22.187978142076503	5425	1
22.194535519125683	7959	1
22.19672131147541	2073	1
22.198633879781422	2110	1
22.205628415300545	5151	1
22.22912568306011	1123	1
22.230109289617484	6605	1
22.265409836065576	786	1
22.268415300546447	3640	1
22.292295081967215	8830	1
22.294207650273222	9827	1
22.32431693989071	2676	1
22.33573770491803	7513	1
22.355081967213117	5557	1
22.35551912568306	7478	1
22.357213114754096	3522	1
22.359234972677594	9178	1
22.392896174863388	2293	1
22.409344262295082	9071	1
22.43158469945355	4090	1
22.479016393442624	9788	1
22.479234972677595	4767	1
22.525628415300545	1826	1
22.534699453551912	2919	1
22.590546448087434	2199	1
22.591092896174864	6103	1
22.595792349726775	8970	1
22.606775956284153	1967	1
22.617704918032786	3566	1
22.64693989071038	5012	1
22.649234972677597	7176	1
22.654098360655738	9060	1
22.664426229508198	4497	1
22.689234972677593	7570	1
22.726284153005462	7614	1
22.728633879781423	3839	1
22.735846994535517	1242	1
22.762185792349726	4143	1
22.76513661202186	4517	1
22.773661202185792	6778	1
22.775628415300545	9874	1
22.78896174863388	8930	1
22.79584699453552	6241	1
22.799999999999997	1947	1
22.861967213114752	5005	1
22.884043715846992	1126	1
22.90814207650273	7743	1
22.912950819672133	9106	1
22.914098360655736	9725	1
22.92169398907104	7057	1
22.923005464480877	1037	1
22.937923497267757	8558	1
22.988196721311475	4515	1
23.02568306010929	4546	1
23.048142076502735	9486	1
23.050382513661205	7024	1
23.051475409836065	9893	1
23.08136612021858	6966	1
23.091693989071036	7982	1
23.161202185792348	7051	1
23.164426229508198	9313	1
23.167704918032786	3390	1
23.17382513661202	4344	1
23.189726775956284	4262	1
23.214699453551912	9448	1
23.2148087431694	2171	1
23.241475409836063	5994	1
23.291803278688526	4001	1
23.296775956284154	4045	1
23.301803278688524	8100	1
23.32743169398907	4737	1
23.32846994535519	8623	1
23.353005464480876	1555	1
23.354918032786884	215	1
23.381475409836067	5765	1
23.382513661202186	5951	1
23.384207650273225	2234	1
23.390983606557377	1861	1
23.393770491803277	2982	1
23.41775956284153	5359	1
23.427540983606555	2426	1
23.427540983606555	7607	1
23.469562841530056	9577	1
23.47098360655738	4746	1
23.475573770491803	5074	1
23.49087431693989	8795	1
23.49087431693989	7022	1
23.51103825136612	9017	1
23.522677595628416	6650	1
23.539617486338795	8492	1
23.55054644808743	8695	1
23.570273224043717	2868	1
23.574754098360657	8650	1
23.576284153005464	3514	1
23.592076502732237	4044	1
23.59415300546448	2118	1
23.596939890710384	7301	1
23.603278688524593	1362	1
23.61661202185792	8333	1
23.62535519125683	7390	1
23.663387978142076	320	1
23.688743169398904	5956	1
23.70262295081967	6005	1
23.707759562841527	143	1
23.713005464480872	6306	1
23.713387978142073	1225	1
23.720109289617486	3344	1
23.74136612021858	2376	1
23.747540983606555	2658	1
23.760109289617485	4309	1
23.761092896174866	3241	1
23.776502732240438	3689	1
23.78688524590164	4679	1
23.80333333333333	173	1
23.80775956284153	4008	1
23.82688524590164	9322	1
23.838415300546448	7415	1
23.840601092896176	6514	1
23.84928961748634	4135	1
23.84950819672131	4093	1
23.85551912568306	9369	1
23.87071038251366	2726	1
23.901803278688526	1124	1
23.926448087431694	1333	1
23.936010928961746	9602	1
23.947486338797813	3144	1
23.9603825136612	9949	1
23.96054644808743	6693	1
24.003715846994535	506	1
24.013333333333335	9411	1
24.03743169398907	3987	1
24.048579234972674	6012	1
24.05655737704918	5060	1
24.06382513661202	6917	1
24.06775956284153	9854	1
24.084043715846995	6340	1
24.088524590163935	697	1
24.11393442622951	4483	1
24.11693989071038	5422	1
24.122076502732238	8457	1
24.13136612021858	2795	1
24.13704918032787	4906	1
24.15825136612022	9612	1
24.163278688524592	1311	1
24.187486338797815	8929	1
24.198196721311476	8656	1
24.200655737704917	7884	1
24.202185792349727	5888	1
24.20983606557377	4391	1
24.21655737704918	1930	1
24.224699453551914	6353	1
24.244426229508196	4661	1
24.256284153005463	5187	1
24.280928961748632	4210	1
24.287486338797816	1994	1
24.296448087431695	5675	1
24.317377049180326	250	1
24.320710382513663	8995	1
24.335409836065573	3600	1
24.338032786885243	2005	1
24.35737704918033	2240	1
24.365792349726775	4170	1
24.390765027322402	5208	1
24.395573770491804	8622	1
24.413551912568305	9520	1
24.42174863387978	9100	1
24.422786885245902	3455	1
24.444098360655737	2823	1
24.475409836065577	3099	1
24.491147540983604	9808	1
24.494043715846992	4205	1
24.51967213114754	9200	1
24.532459016393442	5328	1
24.54448087431694	9049	1
24.564754098360655	7037	1
24.572076502732237	8069	1
24.59431693989071	2367	1
24.598579234972675	1105	1
24.605081967213113	5391	1
24.65191256830601	7191	1
24.670218579234973	4624	1
24.67087431693989	7966	1
24.6803825136612	3781	1
24.681639344262297	756	1
24.705136612021857	3250	1
24.722459016393444	7387	1
24.722732240437157	8060	1
24.72398907103825	2509	1
24.771475409836064	8898	1
24.801530054644807	8913	1
24.80672131147541	7629	1
24.812786885245902	2815	1
24.84109289617486	7823	1
24.841803278688523	9335	1
24.870928961748632	8668	1
24.87426229508197	8672	1
24.87814207650273	6912	1
24.8875956284153	6288	1
24.88808743169399	9451	1
24.931530054644806	8474	1
24.93792349726776	5092	1
24.95896174863388	1792	1
24.97431693989071	5477	1
24.991311475409834	9235	1
25.00726775956284	2082	1
25.043169398907104	7100	1
25.046120218579233	7941	1
25.063169398907103	9033	1
25.063715846994537	5947	1
25.076120218579234	4686	1
25.10415300546448	4308	1
25.108852459016394	5596	1
25.111311475409835	4716	1
25.11846994535519	2623	1
25.123934426229507	6143	1
25.13136612021858	6803	1
25.187650273224044	7812	1
25.18770491803279	2356	1
25.19136612021858	4791	1
25.199726775956282	961	1
25.20049180327869	5431	1
25.208743169398907	9054	1
25.260819672131145	9950	1
25.268360655737705	4160	1
25.27103825136612	6757	1
25.27393442622951	4909	1
25.28349726775956	8766	1
25.284754098360658	8397	1
25.297814207650273	7307	1
25.326502732240435	3777	1
25.347377049180327	2187	1
25.365191256830602	7940	1
25.38087431693989	8528	1
25.404644808743168	3040	1
25.41934426229508	8365	1
25.422240437158468	837	1
25.43622950819672	5717	1
25.448524590163935	8002	1
25.483005464480872	7219	1
25.49825136612022	4947	1
25.513879781420766	573	1
25.529344262295083	5539	1
25.533934426229507	7795	1
25.544863387978143	1444	1
25.573989071038252	8385	1
25.57743169398907	6319	1
25.59983606557377	6226	1
25.619672131147542	5453	1
25.620928961748632	4485	1
25.640218579234972	2216	1
25.653169398907103	3609	1
25.675573770491805	4524	1
25.689562841530055	9809	1
25.694426229508196	8142	1
25.74153005464481	1096	1
25.74967213114754	6152	1
25.79808743169399	4744	1
25.82393442622951	7798	1
25.828360655737704	4106	1
25.851639344262296	7321	1
25.861967213114752	3367	1
25.86245901639344	6712	1
25.865027322404373	8935	1
25.90573770491803	2516	1
25.914426229508194	2864	1
25.923989071038253	3361	1
25.931475409836064	2386	1
25.96431693989071	6221	1
25.978524590163932	5102	1
25.982841530054646	7847	1
26.000983606557377	8749	1
26.02021857923497	6570	1
26.02207650273224	2609	1
26.022786885245903	8780	1
26.034972677595626	2396	1
26.035464480874314	2221	1
26.045355191256828	8147	1
26.076120218579234	5196	1
26.08153005464481	9170	1
26.09431693989071	3524	1
26.096010928961746	3342	1
26.10349726775956	4404	1
26.104262295081966	8058	1
26.10502732240437	4477	1
26.12841530054645	8661	1
26.140983606557377	3306	1
26.147486338797815	4316	1
26.151147540983605	3153	1
26.158579234972677	7921	1
26.18377049180328	4423	1
26.19622950819672	2321	1
26.211748633879782	428	1
26.220437158469945	4009	1
26.261475409836063	9762	1
26.271147540983605	6923	1
26.281584699453553	9253	1
26.289726775956282	6458	1
26.3127868852459	1136	1
26.321420765027323	9948	1
26.339562841530054	3494	1
26.356120218579235	5533	1
26.358961748633877	735	1
26.362677595628416	6108	1
26.36672131147541	9079	1
26.37234972677596	2482	1
26.388907103825137	9833	1
26.430983606557376	8506	1
26.437978142076503	8885	1
26.477486338797814	8744	1
26.500109289617487	7850	1
26.524371584699455	5808	1
26.556229508196722	9052	1
26.574918032786883	0	1
26.579617486338798	9246	1
26.584590163934426	982	1
26.585409836065573	1491	1
26.586994535519125	1112	1
26.58978142076503	8705	1
26.590109289617484	1350	1
26.593005464480875	4377	1
26.612513661202186	6477	1
26.61639344262295	6116	1
26.630491803278687	5158	1
26.63120218579235	7839	1
26.644754098360657	4017	1
26.647158469945353	4801	1
26.648032786885246	7881	1
26.653114754098358	3132	1
26.657049180327867	448	1
26.665300546448087	8288	1
26.665737704918033	8401	1
26.673879781420766	4738	1
26.681092896174864	7376	1
26.694863387978142	7698	1
26.696174863387977	8392	1
26.699071038251365	7973	1
26.715081967213113	9091	1
26.727978142076505	7752	1
26.727978142076505	3038	1
26.740437158469945	7528	1
26.753606557377047	638	1
26.774371584699455	1585	1
26.789562841530056	9129	1
26.790273224043716	4204	1
26.793934426229505	1278	1
26.803387978142077	3059	1
26.81087431693989	9214	1
26.81699453551913	2034	1
26.82	9844	1
26.82087431693989	9959	1
26.82371584699454	176	1
26.828087431693987	782	1
26.83672131147541	3117	1
26.843661202185793	2929	1
26.846065573770492	351	1
26.8548087431694	8682	1
26.857486338797813	7475	1
26.862131147540982	1966	1
26.871584699453553	1306	1
26.87846994535519	6725	1
26.879945355191257	5703	1
26.88289617486339	9978	1
26.8924043715847	4270	1
26.910601092896176	4055	1
26.92360655737705	7630	1
26.940765027322403	5791	1
26.9479781420765	4597	1
26.967868852459016	8583	1
26.96863387978142	1364	1
26.969781420765027	7045	1
26.974754098360656	4047	1
27.004043715846993	9022	1
27.00453551912568	9747	1
27.010491803278686	4031	1
27.010983606557375	7369	1
27.010983606557375	121	1
27.01207650273224	3684	1
27.013770491803278	9304	1
27.01573770491803	2381	1
27.024371584699455	6417	1
27.036229508196723	1649	1
27.039453551912565	7196	1
27.054426229508195	2624	1
27.078852459016396	844	1
27.08464480874317	3160	1
27.088251366120218	4970	1
27.09300546448087	7797	1
27.095464480874316	4848	1
27.102841530054647	6434	1
27.110765027322405	8756	1
27.116448087431696	7943	1
27.117322404371585	7003	1
27.123224043715847	255	1
27.159344262295082	2401	1
27.159508196721312	7996	1
27.161748633879782	9667	1
27.167704918032786	2989	1
27.173224043715848	3150	1
27.181366120218577	9604	1
27.183497267759563	154	1
27.183879781420764	1895	1
27.199180327868852	7950	1
27.217540983606558	8076	1
27.22431693989071	3486	1
27.239945355191256	8004	1
27.244863387978143	8511	1
27.25918032786885	5452	1
27.264098360655737	777	1
27.266666666666666	9218	1
27.270327868852462	5984	1
27.27486338797814	8864	1
27.27770491803279	6083	1
27.28989071038251	2745	1
27.29486338797814	5056	1
27.298907103825137	9446	1
27.30289617486339	7736	1
27.305956284153005	491	1
27.309071038251368	9681	1
27.310000000000002	4713	1
27.318743169398907	7150	1
27.320546448087434	7147	1
27.339836065573767	9308	1
27.34256830601093	513	1
27.348524590163937	1190	1
27.350655737704916	3786	1
27.35459016393443	4086	1
27.36005464480874	5612	1
27.368306010928958	3383	1
27.383715846994537	2576	1
27.39464480874317	6611	1
27.400655737704916	6759	1
27.40469945355191	1660	1
27.410874316939893	6290	1
27.416448087431693	3082	1
27.424207650273225	9574	1
27.426775956284153	5223	1
27.427650273224042	5643	1
27.433825136612022	9965	1
27.452349726775957	9155	1
27.453114754098358	6781	1
27.45508196721311	3000	1
27.461748633879782	876	1
27.467595628415303	6003	1
27.49398907103825	2405	1
27.503715846994538	3114	1
27.505956284153008	1552	1
27.50655737704918	3783	1
27.534043715846995	9211	1
27.53502732240437	9018	1
27.543005464480874	4333	1
27.54786885245902	2921	1
27.55256830601093	5449	1
27.553278688524593	2205	1
27.56464480874317	7761	1
27.588469945355193	4765	1
27.592896174863387	1690	1
27.62	5652	1
27.62879781420765	3328	1
27.63415300546448	9111	1
27.63808743169399	8724	1
27.64814207650273	1000	1
27.649016393442622	3959	1
27.66092896174863	8683	1
27.661748633879782	3977	1
27.66256830601093	8051	1
27.6651912568306	2767	1
27.670928961748633	3420	1
27.674316939890712	9999	1
27.689289617486338	6411	1
27.70846994535519	5273	1
27.7144262295082	1069	1
27.722513661202186	752	1
27.74005464480874	257	1
27.784153005464482	9580	1
27.786174863387977	3948	1
27.7872131147541	3803	1
27.78830601092896	7129	1
27.798961748633882	9871	1
27.79901639344262	9642	1
27.800765027322406	9171	1
27.806994535519127	8434	1
27.80781420765027	509	1
27.811857923497268	7530	1
27.830109289617486	3722	1
27.841803278688527	2869	1
27.846994535519123	3011	1
27.856775956284153	495	1
27.860273224043716	4921	1
27.861420765027322	7930	1
27.863114754098362	8637	1
27.877540983606558	105	1
27.890054644808743	9648	1
27.89502732240437	3343	1
27.896284153005464	8066	1
27.91469945355191	598	1
27.920382513661202	7733	1
27.935737704918033	7072	1
27.94983606557377	999	1
27.957486338797814	1888	1
27.97174863387978	79	1
27.983224043715847	2518	1
27.990382513661203	7980	1
27.992349726775956	2685	1
27.996338797814207	5556	1
27.997704918032785	7802	1
28.00344262295082	7681	1
28.00912568306011	9337	1
28.025956284153004	2126	1
28.050054644808743	1235	1
28.05333333333333	6999	1
28.056612021857926	4927	1
28.061311475409838	4850	1
28.065628415300544	787	1
28.089562841530057	1338	1
28.099453551912568	9360	1
28.104207650273224	9584	1
28.11409836065574	3204	1
28.11939890710382	4980	1
28.123169398907105	8014	1
28.12464480874317	3251	1
28.1848087431694	8658	1
28.211803278688524	7633	1
28.233060109289614	6453	1
28.245956284153007	8250	1
28.277650273224044	2608	1
28.279180327868854	8580	1
28.29726775956284	6054	1
28.304371584699453	8454	1
28.31366120218579	7994	1
28.33601092896175	4161	1
28.347923497267757	7838	1
28.390819672131148	5463	1
28.39256830601093	1939	1
28.394207650273223	427	1
28.397158469945357	3601	1
28.406666666666666	5264	1
28.41016393442623	8770	1
28.41617486338798	9420	1
28.43207650273224	7418	1
28.458415300546445	2328	1
28.467540983606558	9866	1
28.469726775956286	5772	1
28.47114754098361	3375	1
28.479562841530054	3650	1
28.483551912568306	5548	1
28.483825136612023	2583	1
28.488087431693987	7803	1
28.49344262295082	7379	1
28.498415300546448	1158	1
28.49950819672131	8300	1
28.50486338797814	5376	1
28.51688524590164	6978	1
28.52661202185792	947	1
28.550273224043718	6017	1
28.559234972677597	9393	1
28.56928961748634	5992	1
28.579180327868855	1337	1
28.58032786885246	7521	1
28.580819672131145	3269	1
28.59355191256831	1243	1
28.655956284153003	3480	1
28.678251366120218	1725	1
28.6924043715847	9920	1
28.699234972677594	2024	1
28.719945355191257	9460	1
28.725081967213114	9028	1
28.7355737704918	9499	1
28.736448087431693	8740	1
28.74120218579235	8959	1
28.74530054644809	9371	1
28.751693989071036	2865	1
28.759234972677596	7110	1
28.766120218579236	8346	1
28.76743169398907	6897	1
28.773060109289617	3932	1
28.77989071038251	5582	1
28.783825136612023	1369	1
28.796338797814208	8941	1
28.803825136612023	3308	1
28.817814207650272	2946	1
28.844426229508198	9474	1
28.847650273224044	2062	1
28.84928961748634	699	1
28.85513661202186	1898	1
28.88360655737705	2749	1
28.886448087431692	4639	1
28.9072131147541	4541	1
28.909234972677595	5863	1
28.93431693989071	3957	1
28.93846994535519	9354	1
28.941639344262295	4050	1
28.94306010928962	6034	1
28.952349726775953	7246	1
28.977650273224043	6111	1
28.988852459016393	3227	1
28.992295081967214	6033	1
28.99573770491803	6261	1
28.998469945355193	1499	1
29.019945355191258	9076	1
29.025846994535517	2257	1
29.025956284153004	5656	1
29.02825136612022	2952	1
29.03327868852459	4869	1
29.03398907103825	1197	1
29.05103825136612	2507	1
29.05896174863388	3743	1
29.07765027322404	6436	1
29.084316939890712	7603	1
29.087868852459017	7456	1
29.09377049180328	4994	1
29.095846994535517	6343	1
29.097103825136614	9695	1
29.100928961748636	6405	1
29.104207650273224	6772	1
29.1103825136612	3389	1
29.118743169398908	1732	1
29.119398907103825	6155	1
29.12950819672131	3070	1
29.136939890710384	1710	1
29.13726775956284	6934	1
29.158907103825136	9087	1
29.160054644808742	113	1
29.181311475409835	5215	1
29.190655737704915	3430	1
29.20726775956284	6307	1
29.209781420765026	1022	1
29.21169398907104	927	1
29.217322404371583	9727	1
29.218360655737705	4989	1
29.225573770491803	7541	1
29.231584699453553	729	1
29.234371584699453	9818	1
29.238852459016393	5098	1
29.251092896174864	7993	1
29.27737704918033	2635	1
29.283661202185794	100	1
29.287923497267762	9653	1
29.30142076502732	3748	1
29.308032786885246	6423	1
29.312459016393444	6488	1
29.33	9344	1
29.33885245901639	6139	1
29.346612021857926	8657	1
29.348032786885245	4559	1
29.384918032786885	4328	1
29.38868852459016	2684	1
29.38885245901639	7005	1
29.39382513661202	9654	1
29.403879781420763	1087	1
29.40846994535519	7043	1
29.411420765027323	3875	1
29.411584699453552	3180	1
29.413661202185793	7621	1
29.41863387978142	2647	1
29.44666666666667	1745	1
29.453551912568308	1443	1
29.454043715846996	6452	1
29.46945355191257	8669	1
29.501693989071036	4723	1
29.50256830601093	5123	1
29.507540983606557	8488	1
29.512677595628414	3861	1
29.513005464480877	5201	1
29.5227868852459	7787	1
29.525573770491803	2050	1
29.53295081967213	2057	1
29.538087431693988	2959	1
29.548251366120216	881	1
29.55726775956284	2485	1
29.56262295081967	7710	1
29.57382513661202	3797	1
29.577377049180324	9744	1
29.584207650273225	8134	1
29.59306010928962	7872	1
29.59633879781421	9974	1
29.600437158469948	6218	1
29.603333333333335	8804	1
29.606065573770493	4431	1
29.607486338797813	412	1
29.612295081967215	4124	1
29.61398907103825	3135	1
29.620109289617485	2450	1
29.625846994535518	6584	1
29.645464480874317	4803	1
29.6475956284153	9541	1
29.669781420765027	5797	1
29.670765027322403	5538	1
29.679398907103824	5277	1
29.680983606557376	8585	1
29.68448087431694	8664	1
29.69158469945355	4824	1
29.6951912568306	2580	1
29.702021857923498	3411	1
29.707923497267757	8429	1
29.72158469945355	4519	1
29.729672131147538	2463	1
29.731311475409836	2163	1
29.73448087431694	8483	1
29.749562841530057	3325	1
29.759562841530055	2138	1
29.768032786885247	4269	1
29.802131147540983	9470	1
29.846010928961746	2284	1
29.847486338797815	6201	1
29.84912568306011	4742	1
29.851475409836066	8863	1
29.87109289617486	1024	1
29.873497267759564	2225	1
29.89710382513661	9917	1
29.91327868852459	3054	1
29.915628415300546	6135	1
29.929398907103824	3815	1
29.93896174863388	8958	1
29.9427868852459	4608	1
29.95289617486339	7585	1
29.959180327868854	7489	1
29.9627868852459	4318	1
29.966393442622948	3336	1
29.98639344262295	5613	1
30.017322404371583	1983	1
30.02005464480874	2392	1
30.022841530054645	3125	1
30.03726775956284	1244	1
30.03874316939891	5922	1
30.048360655737707	7751	1
30.054371584699453	358	1
30.078142076502733	1977	1
30.089945355191254	5900	1
30.09	7714	1
30.14185792349727	142	1
30.149562841530052	3896	1
30.163879781420768	8337	1
30.182513661202183	4834	1
30.194480874316938	3348	1
30.222131147540985	9785	1
30.228251366120215	8722	1
30.237814207650274	3021	1
30.243169398907103	1371	1
30.25693989071038	4249	1
30.26153005464481	9895	1
30.262568306010927	1250	1
30.282841530054643	3368	1
30.28415300546448	6095	1
30.288306010928963	2317	1
30.31885245901639	7556	1
30.320273224043714	7122	1
30.364808743169398	5843	1
30.387868852459018	3847	1
30.389562841530054	4731	1
30.395081967213113	7337	1
30.396284153005464	7911	1
30.399508196721314	4655	1
30.400983606557375	9587	1
30.41224043715847	3740	1
30.41469945355191	3537	1
30.42431693989071	3433	1
30.43639344262295	9413	1
30.457377049180327	6671	1
30.460109289617485	296	1
30.46983606557377	4506	1
30.47896174863388	369	1
30.5531693989071	6244	1
30.553497267759564	2239	1
30.563879781420763	6418	1
30.579125683060106	298	1
30.580000000000002	9795	1
30.58103825136612	2430	1
30.586448087431695	3878	1
30.590765027322405	9712	1
30.618360655737703	5408	1
30.618797814207653	615	1
30.619672131147542	5790	1
30.630327868852458	59	1
30.64065573770492	5544	1
30.64672131147541	9958	1
30.662131147540983	9284	1
30.66300546448087	9638	1
30.663934426229506	6195	1
30.667923497267758	4334	1
30.668688524590163	2863	1
30.670273224043715	7262	1
30.675519125683056	4706	1
30.68967213114754	7457	1
30.69431693989071	8095	1
30.70224043715847	2639	1
30.717158469945357	3936	1
30.722513661202186	6317	1
30.723387978142075	7008	1
30.74584699453552	5436	1
30.747322404371584	7212	1
30.759890710382514	1486	1
30.763934426229508	1170	1
30.768797814207648	9099	1
30.77617486338798	3701	1
30.785573770491805	6903	1
30.78590163934426	6119	1
30.80256830601093	747	1
30.80273224043716	5470	1
30.814043715846996	6435	1
30.82344262295082	7361	1
30.83065573770492	7809	1
30.857868852459017	8721	1
30.877868852459017	4862	1
30.887814207650273	7576	1
30.92377049180328	5105	1
30.924480874316938	6623	1
30.925519125683056	1131	1
30.925792349726773	4079	1
30.930819672131147	9097	1
30.94743169398907	9431	1
30.96311475409836	5692	1
30.964043715846994	9023	1
30.981256830601094	3594	1
30.983442622950818	9617	1
30.983497267759564	7404	1
30.992622950819673	9956	1
30.9972131147541	7314	1
31.01639344262295	9251	1
31.018852459016394	6710	1
31.0275956284153	5125	1
31.034098360655737	2759	1
31.06087431693989	4358	1
31.08551912568306	9162	1
31.09748633879781	8965	1
31.10136612021858	2013	1
31.10568306010929	2458	1
31.124426229508195	5598	1
31.133715846994537	3533	1
31.13655737704918	9040	1
31.14426229508197	2026	1
31.15103825136612	6787	1
31.15327868852459	3843	1
31.18415300546448	1598	1
31.188579234972675	6539	1
31.19125683060109	7977	1
31.1983606557377	321	1
31.2024043715847	9726	1
31.21071038251366	9240	1
31.211967213114754	9600	1
31.2151912568306	8021	1
31.21726775956284	3733	1
31.220273224043716	3159	1
31.223169398907103	4823	1
31.224590163934423	4645	1
31.243825136612024	2653	1
31.246448087431695	4372	1
31.267049180327867	2862	1
31.277759562841528	9130	1
31.29262295081967	4271	1
31.298797814207653	9802	1
31.305846994535518	8163	1
31.311584699453554	6749	1
31.311857923497268	193	1
31.315245901639344	6697	1
31.315464480874315	3914	1
31.356666666666666	2202	1
31.368743169398908	362	1
31.37431693989071	1060	1
31.386502732240434	3527	1
31.404043715846992	3428	1
31.414972677595628	9165	1
31.416666666666668	1155	1
31.431202185792348	3033	1
31.45617486338798	688	1
31.466448087431694	4424	1
31.481748633879782	1032	1
31.482841530054646	7428	1
31.49983606557377	7499	1
31.500601092896172	2414	1
31.5048087431694	6444	1
31.505846994535517	8630	1
31.519781420765028	4611	1
31.531857923497267	555	1
31.53464480874317	9540	1
31.54054644808743	7348	1
31.541475409836064	6828	1
31.54551912568306	5503	1
31.549672131147542	8313	1
31.59464480874317	4585	1
31.598797814207646	7962	1
31.604754098360655	4818	1
31.625245901639342	223	1
31.637158469945355	1267	1
31.637814207650273	3278	1
31.649453551912565	7678	1
31.66825136612022	4616	1
31.678415300546447	4702	1
31.687213114754098	1376	1
31.69229508196721	7194	1
31.715573770491805	7524	1
31.717540983606558	1086	1
31.73743169398907	5487	1
31.73830601092896	5442	1
31.759890710382514	5782	1
31.76153005464481	5500	1
31.765792349726777	5858	1
31.766174863387977	7644	1
31.76775956284153	3358	1
31.788579234972676	1125	1
31.81191256830601	6841	1
31.816284153005462	9672	1
31.81688524590164	7503	1
31.841092896174864	6053	1
31.85398907103825	3966	1
31.8627868852459	4215	1
31.868524590163933	4941	1
31.87409836065574	9767	1
31.883169398907103	2911	1
31.890491803278685	1330	1
31.90098360655738	8132	1
31.913606557377047	6335	1
31.922677595628414	5088	1
31.930273224043717	4281	1
31.94120218579235	8817	1
31.96071038251366	1918	1
31.962459016393442	2404	1
31.97448087431694	800	1
31.975683060109287	3659	1
31.996612021857924	5957	1
31.996830601092896	8101	1
32.00267759562842	951	1
32.013715846994536	5299	1
32.016284153005465	7225	1
32.0212568306011	9590	1
32.021475409836064	6980	1
32.02404371584699	6236	1
32.03453551912568	1157	1
32.03775956284153	6771	1
32.04928961748634	7865	1
32.05267759562842	4543	1
32.06579234972678	5434	1
32.068360655737706	7461	1
32.08535519125683	6178	1
32.08928961748634	5188	1
32.100819672131145	7610	1
32.1063387978142	5054	1
32.13885245901639	9669	1
32.14191256830601	8628	1
32.14781420765027	3596	1
32.15202185792349	9137	1
32.1524043715847	2632	1
32.16650273224044	2188	1
32.17054644808743	7523	1
32.18737704918033	9443	1
32.19060109289617	6385	1
32.19207650273224	8455	1
32.193934426229504	5735	1
32.2044262295082	2665	1
32.207486338797814	7432	1
32.21065573770492	4694	1
32.221420765027325	5164	1
32.221420765027325	8569	1
32.22633879781421	7734	1
32.234480874316944	518	1
32.23508196721311	7218	1
32.244535519125684	8480	1
32.29338797814208	7877	1
32.29890710382514	465	1
32.30573770491803	1379	1
32.307814207650274	9159	1
32.326120218579234	4149	1
32.33103825136612	3147	1
32.33639344262295	9839	1
32.3403825136612	5236	1
32.39890710382514	3652	1
32.42	6863	1
32.43524590163934	2096	1
32.45622950819672	7956	1
32.463442622950815	8707	1
32.46491803278688	7472	1
32.46617486338798	1044	1
32.46781420765027	9384	1
32.4727868852459	8274	1
32.47978142076503	7552	1
32.49792349726776	7739	1
32.498633879781416	5342	1
32.50071038251366	5521	1
32.51016393442623	4828	1
32.522240437158466	816	1
32.52344262295082	2517	1
32.61289617486339	3973	1
32.626775956284156	1271	1
32.63245901639344	4489	1
32.63934426229508	1789	1
32.70655737704918	6616	1
32.70945355191257	4623	1
32.71322404371585	1291	1
32.72043715846994	845	1
32.74103825136612	5711	1
32.76005464480874	4165	1
32.7607650273224	5248	1
32.779726775956284	6876	1
32.782349726775955	1309	1
32.794371584699455	3876	1
32.81666666666666	3769	1
32.81737704918033	1674	1
32.847158469945356	7158	1
32.86426229508197	8148	1
32.908142076502735	7566	1
32.91726775956284	9559	1
32.922786885245905	7692	1
32.92333333333333	5286	1
32.9279781420765	4758	1
32.93535519125683	9729	1
32.948196721311476	7588	1
32.97535519125683	6392	1
32.97639344262295	5159	1
33.013224043715844	7852	1
33.01409836065574	9825	1
33.018907103825136	4390	1
33.029016393442625	5980	1
33.030491803278686	741	1
33.03699453551913	2492	1
33.044754098360656	8155	1
33.058907103825135	5210	1
33.06021857923497	9170	0
33.06103825136612	7909	1
33.071256830601094	4633	1
33.07573770491803	3451	1
33.0792349726776	5488	1
33.118797814207646	7642	1
33.14710382513661	3995	1
33.14852459016394	4094	1
33.15453551912568	4069	1
33.179398907103824	5134	1
33.18027322404372	5242	1
33.18896174863388	5953	1
33.18912568306011	3668	1
33.20087431693989	7274	1
33.20344262295082	2271	1
33.21322404371585	9325	1
33.22666666666667	467	1
33.23808743169399	1630	1
33.25530054644809	4461	1
33.323934426229506	5397	1
33.34994535519125	1588	1
33.379617486338795	6210	1
33.385300546448086	732	1
33.38584699453552	7333	1
33.387868852459015	5245	1
33.397650273224045	5814	1
33.40486338797814	7826	1
33.40918032786885	9144	1
33.413333333333334	3963	1
33.42284153005464	1763	1
33.423387978142074	2706	1
33.42508196721311	4139	1
33.42770491803279	163	1
33.438743169398904	4531	1
33.45989071038251	9848	1
33.46327868852459	673	1
33.48584699453552	7400	1
33.509234972677596	7549	1
33.5103825136612	5637	1
33.528251366120216	2129	1
33.54426229508197	1151	1
33.54726775956284	3307	1
33.56027322404371	2666	1
33.58382513661202	7492	1
33.59306010928962	4111	1
33.60333333333333	6913	1
33.6444262295082	7981	1
33.64551912568306	6194	1
33.65715846994535	2087	1
33.68229508196721	1547	1
33.69387978142076	5999	1
33.69540983606557	1403	1
33.709016393442624	9757	1
33.71568306010929	2162	1
33.71901639344262	866	1
33.732896174863384	8911	1
33.741857923497264	3897	1
33.75267759562841	4195	1
33.76021857923497	6328	1
33.76355191256831	7080	1
33.78251366120219	1550	1
33.78289617486339	4610	1
33.79005464480874	5416	1
33.81819672131147	3195	1
33.824590163934424	91	1
33.83229508196721	45	1
33.84896174863388	8184	1
33.850546448087435	6175	1
33.85699453551913	7671	1
33.85830601092896	760	1
33.87010928961748	1798	1
33.88142076502732	3905	1
33.89830601092896	7819	1
33.91174863387978	261	1
33.926502732240436	9963	1
33.92901639344262	8256	1
33.93551912568306	9346	1
33.93737704918033	2514	1
33.93792349726776	6186	1
33.95065573770492	4000	1
33.951530054644806	3472	1
33.95661202185792	6987	1
33.956830601092896	8156	1
33.958196721311474	685	1
33.95912568306011	6023	1
33.98245901639344	9542	1
33.9848087431694	4638	1
33.98918032786885	3391	1
33.9951912568306	5465	1
34.02743169398907	6965	1
34.056994535519124	9678	1
34.08262295081967	4159	1
34.086994535519125	2016	1
34.09010928961749	8466	1
34.10382513661202	292	1
34.10469945355191	2792	1
34.10573770491803	1656	1
34.11360655737705	6594	1
34.15016393442623	6105	1
34.151420765027325	7111	1
34.159234972677595	3766	1
34.16612021857923	8445	1
34.19551912568306	1696	1
34.19579234972678	9031	1
34.19857923497268	6569	1
34.2020218579235	6133	1
34.2048087431694	404	1
34.21366120218579	8135	1
34.21464480874317	6631	1
34.22573770491803	561	1
34.25912568306011	1339	1
34.2624043715847	6106	1
34.28027322404371	8380	1
34.30366120218579	7705	1
34.31508196721311	7096	1
34.328360655737704	7723	1
34.34136612021858	9673	1
34.34322404371585	7269	1
34.36901639344262	538	1
34.370983606557374	2287	1
34.37792349726776	1638	1
34.38469945355191	4669	1
34.38469945355191	9316	1
34.395792349726776	9156	1
34.40267759562841	7056	1
34.40327868852459	6910	1
34.41349726775956	1467	1
34.43005464480874	708	1
34.479234972677595	1395	1
34.4924043715847	986	1
34.4983606557377	2048	1
34.50464480874317	8442	1
34.50704918032787	9683	1
34.515901639344264	2622	1
34.520382513661204	7856	1
34.52655737704918	1040	1
34.54043715846995	4885	1
34.541693989071035	6234	1
34.55551912568306	5881	1
34.565027322404376	1702	1
34.56879781420765	586	1
34.577650273224044	3956	1
34.580655737704916	9184	1
34.59475409836065	6531	1
34.605300546448085	1504	1
34.62524590163934	7612	1
34.625573770491805	7638	1
34.63032786885246	8079	1
34.63256830601093	9480	1
34.63426229508197	1054	1
34.65830601092896	1749	1
34.65901639344262	948	1
34.66366120218579	7948	1
34.6655737704918	1560	1
34.69765027322404	4704	1
34.7043169398907	6685	1
34.71114754098361	3814	1
34.719453551912565	7754	1
34.73459016393443	8909	1
34.747267759562845	5890	1
34.78016393442623	2842	1
34.79382513661202	3165	1
34.795355191256824	4846	1
34.800000000000004	3493	1
34.80081967213115	4456	1
34.80114754098361	3810	1
34.819398907103825	3256	1
34.82229508196721	6714	1
34.83147540983606	5713	1
34.83158469945355	1985	1
34.83196721311475	30	1
34.84180327868852	7639	1
34.8448087431694	7151	1
34.86415300546448	6689	1
34.86814207650273	7059	1
34.881857923497265	8343	1
34.88349726775956	9572	1
34.89644808743169	3665	1
34.91021857923497	2806	1
34.929016393442616	2962	1
34.93251366120219	7717	1
34.9424043715847	1641	1
34.947049180327866	9891	1
34.9475956284153	4593	1
34.965792349726776	8603	1
34.982185792349725	4458	1
34.98229508196721	7626	1
34.99142076502732	8067	1
35.02775956284153	2886	1
35.02852459016393	5421	1
35.02885245901639	7313	1
35.030109289617485	5205	1
35.031967213114754	6629	1
35.03234972677596	704	1
35.03617486338798	9147	1
35.05863387978142	5279	1
35.05907103825136	151	1
35.07185792349727	5120	1
35.07928961748634	8437	1
35.07972677595628	1941	1
35.0831693989071	3252	1
35.107978142076504	4975	1
35.109836065573774	3363	1
35.124153005464485	4113	1
35.12808743169399	4252	1
35.12972677595628	6893	1
35.14934426229508	8957	1
35.149890710382515	384	1
35.15311475409836	762	1
35.16967213114754	702	1
35.17366120218579	8625	1
35.185355191256825	8471	1
35.19245901639344	9260	1
35.195464480874314	6775	1
35.197431693989074	3801	1
35.211311475409836	6233	1
35.21393442622951	1084	1
35.22754098360655	7282	1
35.23945355191257	2150	1
35.257322404371585	8171	1
35.27546448087432	5323	1
35.2768306010929	2098	1
35.28027322404372	7186	1
35.311584699453554	2951	1
35.3351912568306	9841	1
35.352459016393446	4692	1
35.356775956284146	8769	1
35.3583606557377	9613	1
35.359071038251365	7691	1
35.3764480874317	2595	1
35.39568306010929	316	1
35.39775956284153	4389	1
35.39896174863387	4036	1
35.41256830601093	9885	1
35.4175956284153	4332	1
35.42060109289617	3961	1
35.439890710382514	5524	1
35.47617486338798	7105	1
35.47972677595628	442	1
35.4827868852459	2372	1
35.48295081967213	625	1
35.5079781420765	1303	1
35.51377049180328	649	1
35.526065573770495	6275	1
35.527868852459015	6250	1
35.54387978142076	2780	1
35.56360655737705	4158	1
35.57469945355191	5955	1
35.59404371584699	3608	1
35.59879781420765	6979	1
35.614043715847	1957	1
35.61918032786885	8643	1
35.62464480874317	7615	1
35.625901639344264	24	1
35.627486338797816	4867	1
35.635737704918036	1213	1
35.645519125683066	1735	1
35.64890710382514	2468	1
35.650273224043715	5710	1
35.65387978142076	4237	1
35.65765027322405	7104	1
35.675628415300544	107	1
35.689125683060105	9763	1
35.70180327868852	6318	1
35.716939890710385	2009	1
35.73196721311476	8686	1
35.73262295081967	1288	1
35.740819672131146	1964	1
35.75213114754098	3134	1
35.7555737704918	9116	1
35.76677595628416	65	1
35.771147540983605	9383	1
35.798032786885244	8271	1
35.81010928961748	3831	1
35.811530054644805	4960	1
35.822459016393445	2047	1
35.824043715847	2504	1
35.83229508196721	3984	1
35.837267759562835	6271	1
35.841092896174864	1222	1
35.84207650273224	6559	1
35.85147540983607	6817	1
35.86530054644808	4219	1
35.88584699453552	5691	1
35.89693989071038	1407	1
35.897540983606554	2135	1
35.917049180327865	4412	1
35.92098360655738	3718	1
35.92109289617486	7722	1
35.933989071038255	2735	1
35.943005464480876	9373	1
35.95579234972678	7483	1
35.96169398907104	8360	1
35.983661202185786	2611	1
35.993442622950816	4475	1
36.006120218579234	9901	1
36.008142076502736	3414	1
36.00868852459016	9826	1
36.05229508196721	284	1
36.05382513661202	2200	1
36.05644808743169	2964	1
36.06213114754098	7687	1
36.06765027322405	9208	1
36.072349726775954	3462	1
36.080273224043715	1521	1
36.086284153005465	5212	1
36.09174863387978	8985	1
36.09273224043716	5545	1
36.09918032786885	9564	1
36.1024043715847	892	1
36.10666666666667	5020	1
36.13666666666666	2556	1
36.14398907103825	1426	1
36.14841530054645	9953	1
36.1492349726776	4105	1
36.15327868852459	4184	1
36.159617486338796	1502	1
36.17366120218579	2177	1
36.188415300546446	3049	1
36.189125683060105	2083	1
36.199344262295085	4605	1
36.20994535519125	3218	1
36.229672131147545	9847	1
36.26191256830601	8409	1
36.26311475409836	8458	1
36.267704918032784	4288	1
36.27185792349727	9593	1
36.30021857923497	9900	1
36.321256830601094	5510	1
36.33021857923497	328	1
36.33601092896175	5920	1
36.33967213114754	738	1
36.34579234972677	4707	1
36.35327868852459	3548	1
36.363442622950814	2736	1
36.36748633879781	3210	1
36.38617486338798	8536	1
36.39251366120219	8589	1
36.394699453551915	4622	1
36.39699453551913	7211	1
36.40256830601093	2847	1
36.4143169398907	3245	1
36.43207650273224	9597	1
36.43617486338798	3762	1
36.439945355191256	6920	1
36.45344262295082	2597	1
36.468797814207655	395	1
36.50415300546448	7759	1
36.513333333333335	5600	1
36.520819672131154	9942	1
36.524098360655735	7848	1
36.53131147540984	6576	1
36.53863387978142	6361	1
36.54010928961748	7713	1
36.54311475409836	7412	1
36.578360655737704	2855	1
36.57863387978142	553	1
36.58349726775956	3289	1
36.60103825136612	4779	1
36.60103825136612	6625	1
36.610983606557376	3498	1
36.61644808743169	8987	1
36.64262295081967	5484	1
36.65857923497268	7534	1
36.67857923497267	6056	1
36.685956284153	2893	1
36.68879781420765	7860	1
36.69639344262295	8759	1
36.69868852459016	1946	1
36.719890710382515	7116	1
36.74224043715847	9930	1
36.744535519125684	5681	1
36.74808743169399	8505	1
36.77978142076503	7696	1
36.796994535519126	8732	1
36.79934426229508	5357	1
36.80060109289618	2001	1
36.814043715847	2768	1
36.82180327868852	4944	1
36.824371584699456	3407	1
36.82863387978142	7480	1
36.84836065573771	2081	1
36.8644262295082	5071	1
36.869180327868854	8813	1
36.888579234972674	7260	1
36.911420765027316	3780	1
36.92890710382513	4662	1
36.931639344262294	4327	1
36.94202185792349	9530	1
36.95207650273224	2712	1
36.972568306010935	199	1
36.98322404371584	5584	1
36.995300546448085	3349	1
37.00174863387978	3441	1
37.00234972677596	5945	1
37.00300546448087	6581	1
37.009562841530055	4366	1
37.01464480874317	7773	1
37.01830601092896	9906	1
37.05032786885246	6171	1
37.06245901639345	1506	1
37.06808743169399	2027	1
37.07710382513661	7123	1
37.08513661202186	5602	1
37.08622950819672	2838	1
37.086612021857924	6450	1
37.10590163934426	5560	1
37.11027322404371	2461	1
37.11300546448087	7876	1
37.115027322404366	955	1
37.12956284153005	7551	1
37.13426229508196	8971	1
37.13715846994535	9976	1
37.16830601092896	8467	1
37.1844262295082	5155	1
37.22879781420765	1121	1
37.23469945355191	3595	1
37.255519125683065	6439	1
37.30355191256831	5471	1
37.30846994535519	8122	1
37.32043715846994	3449	1
37.34710382513661	9934	1
37.35830601092896	5010	1
37.378524590163934	1353	1
37.38934426229508	2930	1
37.39098360655738	323	1
37.39590163934426	8916	1
37.42830601092896	7335	1
37.45513661202186	7136	1
37.471748633879784	6945	1
37.47868852459016	9872	1
37.48207650273224	3557	1
37.48431693989071	6408	1
37.48453551912568	6245	1
37.491912568306006	859	1
37.493442622950816	879	1
37.49890710382514	6989	1
37.50224043715847	6466	1
37.51043715846995	8790	1
37.52912568306011	1720	1
37.54103825136612	5744	1
37.54185792349727	9341	1
37.54311475409836	4291	1
37.56874316939891	1493	1
37.5755737704918	5021	1
37.635027322404376	2967	1
37.64109289617487	1216	1
37.67972677595628	8726	1
37.69021857923497	2478	1
37.69366120218579	5274	1
37.69846994535519	5677	1
37.69896174863388	9134	1
37.700437158469946	1548	1
37.717267759562844	9969	1
37.71863387978142	9199	1
37.72032786885246	26	1
37.72387978142077	6096	1
37.739289617486335	8462	1
37.7451912568306	8500	1
37.756612021857926	6610	1
37.75928961748634	4484	1
37.77098360655737	8292	1
37.772568306010925	5689	1
37.77737704918033	9907	1
37.786120218579235	3986	1
37.80409836065574	3553	1
37.805628415300546	7044	1
37.80584699453552	3804	1
37.80907103825137	3767	1
37.8091256830601	3696	1
37.817868852459014	1955	1
37.81945355191257	5103	1
37.828633879781414	4027	1
37.83114754098361	2682	1
37.834043715846995	8245	1
37.83989071038251	7701	1
37.88049180327869	6468	1
37.88180327868852	2563	1
37.9003825136612	8936	1
37.93398907103825	2848	1
37.941092896174865	6014	1
37.95251366120219	3732	1
37.953825136612025	4260	1
37.955956284153004	9545	1
37.96109289617486	1394	1
37.96666666666667	4140	1
37.96967213114754	8608	1
37.97081967213114	6258	1
37.9831693989071	6706	1
37.98693989071038	3305	1
38.046557377049176	2928	1
38.04857923497267	9527	1
38.06131147540983	7976	1
38.08300546448088	2659	1
38.10693989071038	8651	1
38.11081967213114	9348	1
38.11633879781421	4505	1
38.13513661202185	9472	1
38.15224043715847	3249	1
38.16846994535519	3270	1
38.170437158469944	9107	1
38.17748633879781	181	1
38.19426229508197	2531	1
38.21852459016393	3233	1
38.23306010928962	3620	1
38.24426229508196	5053	1
38.24431693989071	453	1
38.24770491803278	3484	1
38.25333333333333	7923	1
38.27213114754098	3282	1
38.30054644808743	9295	1
38.30234972677595	3022	1
38.31109289617486	9722	1
38.32021857923497	8747	1
38.32715846994535	3118	1
38.33043715846995	1943	1
38.3387431693989	1671	1
38.34907103825137	2710	1
38.34983606557377	9138	1
38.397978142076504	962	1
38.42475409836065	53	1
38.43054644808743	6933	1
38.43846994535519	9176	1
38.50109289617487	6189	1
38.57453551912568	6719	1
38.57491803278689	3255	1
38.57606557377049	1920	1
38.57934426229508	9840	1
38.595573770491804	5725	1
38.59830601092896	2459	1
38.60497267759563	8993	1
38.620655737704915	1791	1
38.64098360655738	7046	1
38.64808743169399	1297	1
38.664480874316936	8750	1
38.69377049180328	6895	1
38.70016393442623	5897	1
38.70612021857923	7399	1
38.72016393442623	7620	1
38.72644808743169	6136	1
38.726994535519125	8520	1
38.73464480874317	6526	1
38.737103825136614	5479	1
38.73841530054645	5255	1
38.74808743169399	664	1
38.7855737704918	8709	1
38.79448087431694	6342	1
38.80087431693989	4595	1
38.814590163934426	341	1
38.821748633879785	4465	1
38.82666666666667	8774	1
38.8472131147541	516	1
38.85256830601093	6549	1
38.85464480874317	8763	1
38.85732240437159	9549	1
38.858251366120214	3491	1
38.860218579234974	4299	1
38.86513661202186	74	1
38.86841530054645	6735	1
38.87825136612022	640	1
38.88174863387978	5648	1
38.8848087431694	5979	1
38.88693989071039	4836	1
38.88874316939891	8475	1
38.918907103825134	6157	1
38.921639344262296	8259	1
38.92748633879781	6441	1
38.95874316939891	6356	1
38.96142076502732	8348	1
38.97032786885246	2397	1
38.97120218579235	4258	1
38.99912568306011	7965	1
39.00907103825136	3322	1
39.018524590163935	2255	1
39.03131147540984	3499	1
39.052568306010926	2679	1
39.06218579234972	6396	1
39.072349726775954	6323	1
39.07704918032787	1048	1
39.091530054644814	4683	1
39.118797814207646	2350	1
39.122568306010926	286	1
39.13016393442623	2406	1
39.137978142076506	4201	1
39.144972677595625	4419	1
39.14748633879782	2798	1
39.17688524590164	8753	1
39.177868852459014	7302	1
39.18289617486339	4831	1
39.192896174863385	6381	1
39.199234972677594	1451	1
39.21349726775956	3708	1
39.23934426229508	6337	1
39.261693989071034	7883	1
39.275300546448086	5492	1
39.2768306010929	4034	1
39.27934426229508	3321	1
39.29595628415301	2191	1
39.298743169398904	9423	1
39.302295081967216	7934	1
39.30426229508197	4785	1
39.32289617486338	2937	1
39.33808743169399	6209	1
39.35404371584699	5940	1
39.3544262295082	976	1
39.36338797814208	4780	1
39.36639344262294	7439	1
39.36737704918033	6688	1
39.37540983606557	3890	1
39.38513661202185	3569	1
39.402841530054644	570	1
39.40513661202186	8106	1
39.43606557377049	779	1
39.444808743169396	2789	1
39.44710382513661	2692	1
39.4524043715847	2111	1
39.46174863387978	290	1
39.467322404371586	2295	1
39.47267759562841	4587	1
39.48054644808743	5834	1
39.49016393442623	3501	1
39.50306010928961	2590	1
39.50983606557377	8689	1
39.51945355191257	8330	1
39.53251366120219	2880	1
39.54344262295082	1510	1
39.55087431693989	8638	1
39.55464480874317	912	1
39.55983606557377	9741	1
39.56683060109289	2555	1
39.56890710382514	3560	1
39.585136612021856	3614	1
39.59	7682	1
39.600437158469944	545	1
39.62579234972678	6609	1
39.635245901639344	7281	1
39.64606557377049	6601	1
39.660054644808746	6372	1
39.66628415300546	8867	1
39.66732240437158	7656	1
39.68333333333334	5886	1
39.688415300546446	9830	1
39.69120218579235	9436	1
39.69234972677595	6150	1
39.69426229508196	2346	1
39.69568306010929	8107	1
39.698524590163935	7386	1
39.716885245901636	3613	1
39.7196174863388	182	1
39.720273224043716	2853	1
39.72393442622951	1114	1
39.73655737704918	9089	1
39.74442622950819	8334	1
39.76672131147541	8555	1
39.77234972677596	5466	1
39.77934426229508	4771	1
39.79879781420765	4378	1
39.81420765027322	8945	1
39.82595628415301	4649	1
39.83453551912568	9816	1
39.851256830601095	7828	1
39.86043715846994	3277	1
39.88612021857924	4267	1
39.9175956284153	8892	1
39.940655737704915	9557	1
39.94207650273224	2173	1
39.94464480874317	8476	1
39.94644808743169	6974	1
39.97267759562842	1537	1
39.97464480874317	6851	1
39.97912568306011	9623	1
39.992240437158465	204	1
40.00103825136612	7368	1
40.032786885245905	713	1
40.036939890710386	118	1
40.040273224043716	9503	1
40.053333333333335	7879	1
40.05759562841531	1968	1
40.06874316939891	9453	1
40.07032786885246	6663	1
40.0775956284153	6465	1
40.08786885245902	4527	1
40.09633879781421	1408	1
40.105683060109286	1600	1
40.117267759562836	3745	1
40.117322404371585	2300	1
40.13207650273224	2303	1
40.13590163934426	7050	1
40.14983606557377	9351	1
40.15311475409836	5621	1
40.1531693989071	3312	1
40.15967213114754	4617	1
40.16262295081967	7811	1
40.16617486338798	3320	1
40.175409836065576	7600	1
40.198469945355185	1658	1
40.205956284153004	975	1
40.20934426229508	2625	1
40.24185792349727	788	1
40.243879781420766	8567	1
40.25229508196721	525	1
40.27693989071038	2481	1
40.28103825136612	232	1
40.29114754098361	398	1
40.302076502732234	4700	1
40.30431693989071	8534	1
40.31218579234972	5175	1
40.339234972677595	3618	1
40.33934426229508	5603	1
40.345245901639345	9646	1
40.35546448087432	4453	1
40.35661202185793	7359	1
40.36207650273224	1525	1
40.36781420765027	4345	1
40.38065573770492	3626	1
40.41360655737705	9743	1
40.4263387978142	9711	1
40.4296174863388	6811	1
40.45437158469945	863	1
40.46775956284153	5429	1
40.48131147540984	6267	1
40.488251366120224	9618	1
40.496120218579236	7750	1
40.49775956284152	5004	1
40.50420765027322	9248	1
40.50825136612022	8310	1
40.51469945355191	3586	1
40.522185792349724	4872	1
40.54005464480874	5565	1
40.5703825136612	5622	1
40.57622950819672	4589	1
40.588142076502734	5942	1
40.59300546448087	733	1
40.59912568306011	9122	1
40.6044262295082	2424	1
40.618469945355194	6160	1
40.623005464480876	6855	1
40.63207650273224	3303	1
40.64377049180328	990	1
40.66	2030	1
40.661857923497266	6793	1
40.68737704918033	8203	1
40.70846994535518	1590	1
40.7087431693989	4040	1
40.71945355191257	6552	1
40.72841530054645	5399	1
40.741584699453554	9766	1
40.746775956284154	6146	1
40.76120218579235	9148	1
40.77595628415301	6079	1
40.77655737704918	5200	1
40.77879781420765	6859	1
40.80540983606557	1074	1
40.809999999999995	4769	1
40.823879781420764	6486	1
40.82819672131147	8395	1
40.83721311475409	7228	1
40.84207650273224	7901	1
40.852240437158464	812	1
40.8548087431694	7319	1
40.90092896174863	4203	1
40.92852459016393	4147	1
40.93289617486338	5944	1
40.938743169398904	2998	1
40.97224043715847	8080	1
41.00814207650273	7426	1
41.037267759562845	7233	1
41.03737704918032	2	1
