0.08793387978142077	2518	1
0.10740054644808743	6905	1
0.21058196721311473	8915	1
0.2705306010928962	1920	1
0.2737983606557377	9004	1
0.3013289617486339	6555	1
0.3615573770491803	6933	1
0.4807300546448087	4462	1
0.5631475409836065	5882	1
0.5986994535519126	4613	1
0.6062677595628415	9791	1
0.6197540983606558	8423	1
0.6457377049180327	4732	1
0.8477103825136612	9184	1
0.8572622950819672	4097	1
0.8636775956284153	5730	1
0.8676174863387978	9826	1
0.9007978142076503	119	1
0.9332513661202185	7415	1
1.0114590163934425	4346	1
1.0335409836065574	9550	1
1.075551912568306	9985	1
1.0769890710382513	4746	1
1.0975136612021859	6780	1
1.1050983606557379	3536	1
1.1283060109289618	6557	1
1.1313551912568307	5933	1
1.146087431693989	9259	1
1.1853005464480875	2155	1
1.2106065573770493	6558	1
1.2161693989071038	3514	1
1.3073879781420765	6524	1
1.3199289617486338	4969	1
1.3228251366120218	8905	1
1.3447540983606556	7051	1
1.3515409836065575	1941	1
1.389207650273224	9025	1
1.38924043715847	6493	1
1.4123661202185793	5845	1
1.4141693989071038	471	1
1.447535519125683	7872	1
1.4918907103825136	5077	1
1.5064754098360655	9840	1
1.5066502732240439	9605	1
1.5631530054644809	8220	1
1.6140601092896174	3798	1
1.64348087431694	7347	1
1.6562841530054644	561	1
1.656502732240437	4590	1
1.6875628415300545	7097	1
1.6907759562841531	6028	1
1.717174863387978	142	1
1.7175956284153007	7550	1
1.7705300546448086	2023	1
1.7903879781420764	5953	1
1.799344262295082	2431	1
1.8147540983606558	6903	1
1.85975956284153	3966	1
1.8789453551912567	2565	1
1.8896994535519125	4957	1
1.9455136612021857	5020	1
1.9523224043715846	8703	1
1.9748415300546447	6671	1
1.979120218579235	1887	1
1.9886120218579233	9094	1
2.014081967213115	4032	1
2.1028688524590162	3708	1
2.122606557377049	3468	1
2.1334535519125684	670	1
2.140377049180328	3443	1
2.152983606557377	5936	1
2.189327868852459	3984	1
2.236349726775956	9401	1
2.273344262295082	2469	1
2.3064371584699455	3382	1
2.323491803278688	7978	1
2.3616284153005465	9439	1
2.366770491803279	5127	1
2.3747868852459018	5096	1
2.3904426229508196	2409	1
2.420672131147541	5986	1
2.4425519125683057	7299	1
2.4428688524590165	3992	1
2.4671147540983607	3844	1
2.4992513661202187	3	1
2.5051092896174865	7576	1
2.505650273224044	8211	1
2.5132950819672133	5792	1
2.5194590163934425	1388	1
2.5282295081967217	4154	1
2.5324207650273225	1911	1
2.5395245901639343	6756	1
2.543852459016393	8923	1
2.5570491803278688	6544	1
2.5759781420765027	6952	1
2.5989125683060106	3124	1
2.6102841530054643	1319	1
2.6158196721311473	2422	1
2.617568306010929	9432	1
2.621174863387978	8582	1
2.625743169398907	2728	1
2.630622950819672	5149	1
2.6462841530054644	2351	1
2.647120218579235	4894	1
2.648071038251366	419	1
2.6748087431693985	8795	1
2.680693989071038	1322	1
2.6888579234972676	5448	1
2.690830601092896	9048	1
2.701163934426229	9603	1
2.73868306010929	7870	1
2.7553060109289618	7785	1
2.7943879781420766	9131	1
2.8083879781420764	293	1
2.813896174863388	220	1
2.8752349726775956	2697	1
2.901530054644809	4386	1
2.907967213114754	3475	1
2.909459016393442	8824	1
2.913901639344262	2242	1
2.924901639344262	1488	1
2.9279398907103826	3637	1
2.93027868852459	9854	1
2.9375956284153006	6083	1
2.9605737704918034	6154	1
2.983551912568306	1400	1
3.0110273224043715	6304	1
3.023846994535519	5208	1
3.074	7167	1
3.0743005464480873	5602	1
3.0908360655737703	549	1
3.0918579234972676	1951	1
3.1111857923497266	7494	1
3.1171584699453554	6862	1
3.1231256830601093	5559	1
3.136497267759563	6212	1
3.1399398907103824	6820	1
3.1414207650273225	682	1
3.1430054644808743	9533	1
3.1519125683060105	6750	1
3.152295081967213	9640	1
3.200901639344262	2451	1
3.210224043715847	6325	1
3.220032786885246	3782	1
3.2307868852459016	1892	1
3.2398579234972678	7972	1
3.2621366120218576	3733	1
3.271469945355191	1973	1
3.2809890710382517	7620	1
3.2983005464480875	4229	1
3.304830601092896	8024	1
3.310672131147541	8702	1
3.3320928961748635	3927	1
3.3382131147540983	7844	1
3.3430928961748636	5507	1
3.3646830601092894	2058	1
3.389885245901639	8691	1
3.40379781420765	4752	1
3.4335683060109288	5387	1
3.436677595628415	4605	1
3.4403879781420765	9141	1
3.446005464480874	7443	1
3.4494207650273223	9494	1
3.4707814207650274	4597	1
3.473688524590164	4784	1
3.4829726775956287	3977	1
3.484579234972678	4773	1
3.5117650273224044	1067	1
3.526912568306011	7659	1
3.5325081967213112	3703	1
3.5335245901639345	7562	1
3.536945355191257	4178	1
3.567120218579235	2189	1
3.5809234972677597	5136	1
3.5995191256830603	5352	1
3.620497267759563	5145	1
3.6248032786885247	207	1
3.647945355191257	166	1
3.6499398907103826	8775	1
3.668568306010929	6936	1
3.6750710382513665	9694	1
3.7034316939890712	8751	1
3.729355191256831	4324	1
3.7327978142076503	4824	1
3.7714590163934423	9191	1
3.7733715846994533	8879	1
3.773415300546448	7463	1
3.783879781420765	3503	1
3.7933825136612023	9470	1
3.7973661202185793	3884	1
3.8103497267759563	9249	1
3.8197540983606553	9343	1
3.821005464480874	9468	1
3.834437158469945	8293	1
3.8826338797814204	7003	1
3.8991803278688524	5029	1
3.9204043715846995	1237	1
3.9221311475409832	3697	1
3.928224043715847	1580	1
3.9299890710382517	4730	1
3.9364699453551912	1929	1
3.9483005464480874	6446	1
3.957469945355191	3077	1
3.959540983606557	9744	1
3.9758688524590164	995	1
3.9801693989071034	9105	1
3.9828797814207646	5140	1
4.001131147540984	5822	1
4.027021857923497	6036	1
4.072524590163934	1159	1
4.09015300546448	8950	1
4.091377049180328	4345	1
4.114846994535519	4665	1
4.1176885245901635	1670	1
4.132950819672131	5947	1
4.155907103825136	8366	1
4.164983606557377	6047	1
4.167322404371585	3593	1
4.177338797814207	7589	1
4.183398907103825	2367	1
4.185136612021858	7237	1
4.189311475409836	9474	1
4.207021857923498	6788	1
4.242437158469945	4743	1
4.261912568306011	4769	1
4.263338797814208	4387	1
4.277049180327869	9282	1
4.28003825136612	3929	1
4.381087431693989	4276	1
4.41724043715847	4316	1
4.450420765027323	3533	1
4.4573770491803275	7682	1
4.461420765027323	1004	1
4.463885245901639	385	1
4.4703551912568305	9318	1
4.497196721311475	4453	1
4.513125683060109	5424	1
4.535027322404372	8870	1
4.547174863387978	4456	1
4.563153005464481	4510	1
4.570857923497267	5719	1
4.582513661202185	8486	1
4.598382513661202	2442	1
4.612579234972678	4742	1
4.628103825136612	6032	1
4.648234972677596	8799	1
4.651732240437158	2917	1
4.658032786885245	8494	1
4.66092349726776	5467	1
4.6999071038251365	447	1
4.728366120218579	4973	1
4.762617486338798	1338	1
4.76772131147541	4974	1
4.769956284153006	896	1
4.778196721311475	4044	1
4.796612021857924	1742	1
4.82863387978142	1427	1
4.861426229508197	5694	1
4.870256830601093	7410	1
4.889027322404372	4932	1
4.89016393442623	2263	1
4.91520218579235	5581	1
4.933978142076502	4700	1
4.997819672131147	480	1
5.006344262295082	812	1
5.024049180327869	3853	1
5.026568306010929	5625	1
5.056710382513661	8065	1
5.063453551912568	2570	1
5.092398907103825	5105	1
5.1190765027322405	2644	1
5.132896174863388	7055	1
5.140939890710382	9467	1
5.17375956284153	611	1
5.176131147540983	6491	1
5.229426229508197	7801	1
5.235726775956285	1453	1
5.237420765027322	6986	1
5.237666666666667	9430	1
5.24007650273224	1678	1
5.240377049180328	4376	1
5.247978142076502	9011	1
5.271852459016393	3589	1
5.280726775956285	2517	1
5.300808743169398	1045	1
5.32479781420765	6724	1
5.328693989071038	9621	1
5.329562841530055	3873	1
5.351021857923497	6156	1
5.361316939890711	1468	1
5.363453551912568	7691	1
5.380994535519125	2729	1
5.395448087431694	1842	1
5.4187595628415295	7155	1
5.419879781420764	2971	1
5.424344262295081	2587	1
5.451704918032787	5710	1
5.478032786885246	9755	1
5.493879781420765	5068	1
5.506775956284153	591	1
5.5757377049180326	4341	1
5.618032786885246	599	1
5.633934426229509	9884	1
5.6497267759562835	9829	1
5.6499999999999995	5687	1
5.661475409836066	5104	1
5.661803278688525	5596	1
5.6618579234972675	7652	1
5.663825136612022	5441	1
5.670601092896175	8492	1
5.6908196721311475	6852	1
5.695245901639344	3096	1
5.697923497267759	7370	1
5.699398907103825	1256	1
5.721639344262295	2982	1
5.7222404371584705	2395	1
5.726120218579235	6697	1
5.731256830601093	4372	1
5.743224043715847	3069	1
5.751256830601093	7411	1
5.752295081967213	2691	1
5.77775956284153	3057	1
5.820218579234973	3308	1
5.82327868852459	2522	1
5.9297814207650275	1864	1
5.963879781420765	7795	1
6.003497267759563	6432	1
6.009617486338797	8864	1
6.0128415300546445	8294	1
6.092950819672131	5644	1
6.093333333333334	1834	1
6.162295081967214	9448	1
6.179890710382514	7876	1
6.201912568306011	9069	1
6.222021857923497	6353	1
6.239508196721311	9351	1
6.243661202185792	8477	1
6.252896174863388	9479	1
6.264808743169399	3179	1
6.281256830601093	3151	1
6.289398907103825	9944	1
6.319016393442623	701	1
6.3530601092896175	5950	1
6.35327868852459	6101	1
6.3701639344262295	5964	1
6.424972677595628	399	1
6.45327868852459	8399	1
6.48879781420765	4135	1
6.515191256830601	6706	1
6.52551912568306	162	1
6.565464480874318	449	1
6.587267759562842	5287	1
6.593387978142076	557	1
6.678469945355191	2176	1
6.712459016393442	9376	1
6.712786885245901	2093	1
6.714426229508197	7069	1
6.771584699453552	9843	1
6.775409836065574	6918	1
6.7851912568306005	9426	1
6.785573770491804	1124	1
6.835628415300547	6049	1
6.836830601092896	5478	1
6.838633879781421	8134	1
6.8635519125683055	8502	1
6.907431693989071	7688	1
6.916284153005464	9417	1
6.925136612021858	8645	1
6.936065573770492	3554	1
6.951366120218579	972	1
6.951803278688525	4569	1
6.963114754098361	9926	1
6.993497267759563	3560	1
6.995573770491803	6772	1
7.006338797814208	3898	1
7.007650273224044	8318	1
7.012131147540984	6751	1
7.013005464480874	6951	1
7.046666666666666	4412	1
7.054207650273224	7731	1
7.056612021857924	8119	1
7.063005464480875	3950	1
7.109672131147541	7200	1
7.129453551912568	5080	1
7.135245901639344	982	1
7.136666666666667	8398	1
7.139344262295082	7804	1
7.1819672131147545	802	1
7.184535519125683	8538	1
7.185792349726776	5960	1
7.226010928961749	8942	1
7.235027322404371	7776	1
7.25672131147541	3244	1
7.261748633879781	7425	1
7.262677595628416	3819	1
7.286448087431693	7715	1
7.311311475409836	5699	1
7.316612021857923	978	1
7.326393442622951	2889	1
7.360163934426229	3387	1
7.365628415300547	8536	1
7.383879781420765	8669	1
7.390819672131147	7597	1
7.410655737704919	7936	1
7.413060109289618	8723	1
7.432950819672131	8932	1
7.442786885245901	1582	1
7.463497267759563	5320	1
7.471530054644808	6865	1
7.486885245901639	4095	1
7.505683060109289	6422	1
7.507486338797814	2704	1
7.546939890710382	2684	1
7.574098360655738	2864	1
7.599726775956284	7402	1
7.606502732240437	7230	1
7.634754098360656	5227	1
7.645300546448087	6642	1
7.653224043715847	1010	1
7.658306010928961	4989	1
7.660765027322404	1253	1
7.690710382513661	690	1
7.697267759562841	6184	1
7.733715846994536	6898	1
7.750710382513661	360	1
7.793551912568305	404	1
7.8025683060109285	5913	1
7.824207650273224	6073	1
7.847103825136612	4579	1
7.857103825136612	409	1
7.857213114754098	8549	1
7.867103825136612	8420	1
7.875136612021858	2290	1
7.888743169398907	8820	1
7.8963934426229505	2843	1
7.903224043715848	9939	1
7.918306010928961	3341	1
7.935464480874317	2963	1
7.937267759562841	3587	1
7.953060109289617	9093	1
7.95535519125683	5486	1
7.96655737704918	5707	1
7.96775956284153	5783	1
7.97535519125683	4646	1
7.986775956284153	4547	1
8.050874316939892	2371	1
8.068633879781421	7606	1
8.08775956284153	4598	1
8.114918032786886	6419	1
8.121202185792349	7918	1
8.154153005464481	2992	1
8.155191256830602	8926	1
8.185573770491803	6158	1
8.191530054644808	9712	1
8.226502732240437	1620	1
8.244535519125684	5185	1
8.245081967213114	5040	1
8.254590163934425	9006	1
8.287595628415302	6290	1
8.31136612021858	857	1
8.383442622950819	6978	1
8.404918032786885	4404	1
8.414043715846995	9767	1
8.42311475409836	9846	1
8.429180327868853	9613	1
8.439398907103826	5241	1
8.444590163934427	4755	1
8.461967213114754	5835	1
8.465792349726776	3512	1
8.475027322404372	5586	1
8.488251366120219	7732	1
8.48983606557377	9938	1
8.49535519125683	2876	1
8.50311475409836	7264	1
8.508032786885247	3934	1
8.529890710382514	8853	1
8.600928961748632	5447	1
8.603060109289617	1284	1
8.612131147540982	1429	1
8.628852459016393	1955	1
8.648415300546448	9205	1
8.660928961748633	9678	1
8.68142076502732	9107	1
8.715573770491803	3369	1
8.743114754098361	4448	1
8.752732240437158	7611	1
8.766830601092895	9757	1
8.779726775956282	8676	1
8.79655737704918	4540	1
8.813934426229508	5549	1
8.834808743169399	5205	1
8.835573770491802	9609	1
8.89224043715847	4870	1
8.898142076502731	6601	1
8.901366120218578	4728	1
8.901420765027323	5011	1
8.908469945355192	5619	1
8.942677595628416	6331	1
8.946448087431694	3446	1
8.963005464480876	9916	1
8.973005464480874	951	1
8.980054644808742	4774	1
8.986994535519127	2658	1
9.029726775956284	494	1
9.082786885245902	9797	1
9.096229508196721	8195	1
9.100382513661202	8624	1
9.140874316939891	6858	1
9.167213114754098	4434	1
9.183005464480875	9814	1
9.184590163934427	3566	1
9.217978142076502	9458	1
9.237704918032787	9890	1
9.238907103825136	3283	1
9.245136612021858	6127	1
9.25704918032787	2669	1
9.28743169398907	5690	1
9.289398907103825	7763	1
9.332459016393443	9882	1
9.345792349726777	2374	1
9.349071038251367	9024	1
9.358743169398906	275	1
9.386612021857923	7646	1
9.402677595628415	3052	1
9.413879781420764	9382	1
9.419945355191256	4907	1
9.457978142076502	8980	1
9.481256830601092	9645	1
9.531803278688525	6041	1
9.546666666666667	6097	1
9.549890710382513	9057	1
9.553715846994535	2588	1
9.564262295081967	3311	1
9.56622950819672	7284	1
9.567377049180328	2094	1
9.575081967213114	3622	1
9.575628415300548	5588	1
9.576284153005465	4532	1
9.594043715846993	4889	1
9.611311475409835	1440	1
9.620765027322404	6583	1
9.629781420765028	9022	1
9.673060109289617	4013	1
9.675409836065572	9932	1
9.699234972677596	3207	1
9.70535519125683	5361	1
9.734371584699455	8673	1
9.743934426229508	8627	1
9.753387978142076	261	1
9.779781420765026	6538	1
9.783715846994534	8470	1
9.797595628415301	6360	1
9.805300546448088	593	1
9.817486338797814	45	1
9.834480874316938	6413	1
9.842677595628414	1560	1
9.868961748633879	9547	1
9.870382513661202	2233	1
9.872131147540983	969	1
9.908306010928962	1852	1
9.93535519125683	9319	1
9.93639344262295	5382	1
9.979836065573771	4587	1
9.985081967213114	9993	1
10.031256830601093	6653	1
10.037486338797814	8988	1
10.045519125683061	4274	1
10.050819672131148	4791	1
10.061147540983605	4472	1
10.074972677595628	8272	1
10.114699453551912	4947	1
10.124262295081968	2989	1
10.140437158469945	5471	1
10.151857923497268	6266	1
10.159617486338798	1298	1
10.162568306010929	4609	1
10.185355191256832	9449	1
10.194754098360656	6890	1
10.19551912568306	8556	1
10.195737704918033	2534	1
10.217650273224043	1684	1
10.23016393442623	1116	1
10.237595628415301	7130	1
10.24431693989071	9229	1
10.24792349726776	2183	1
10.259071038251365	7098	1
10.263060109289617	931	1
10.264699453551913	6196	1
10.280546448087431	3352	1
10.286120218579235	7509	1
10.344918032786884	1691	1
10.357759562841531	5260	1
10.4075956284153	5367	1
10.422732240437158	3411	1
10.443661202185792	9359	1
10.452021857923498	1853	1
10.455683060109289	1796	1
10.490601092896176	4169	1
10.498087431693989	2452	1
10.518142076502732	4231	1
10.520710382513661	7565	1
10.531857923497268	8352	1
10.537158469945355	2490	1
10.559836065573771	1776	1
10.588415300546448	7386	1
10.612459016393442	2423	1
10.6148087431694	4751	1
10.618743169398906	8597	1
10.64032786885246	5473	1
10.642622950819671	9799	1
10.663715846994535	9007	1
10.710655737704919	915	1
10.718087431693988	8635	1
10.723770491803279	4719	1
10.731092896174863	8116	1
10.75775956284153	9688	1
10.792732240437157	6679	1
10.857704918032788	2888	1
10.869508196721313	7575	1
11.001857923497267	2783	1
11.052240437158469	9009	1
11.054043715846994	6040	1
11.065136612021856	5517	1
11.081803278688525	1414	1
11.085628415300548	9496	1
11.115956284153006	6364	1
11.120054644808743	1250	1
11.135245901639344	3500	1
11.153879781420764	4396	1
11.155409836065573	5193	1
11.156284153005464	3365	1
11.156666666666666	7642	1
11.173387978142078	7950	1
11.230601092896174	4200	1
11.238196721311477	7282	1
11.259180327868851	4911	1
11.26590163934426	9035	1
11.2848087431694	5177	1
11.289344262295081	8107	1
11.301420765027324	3588	1
11.304918032786887	2227	1
11.3127868852459	5592	1
11.35792349726776	6340	1
11.401639344262296	6119	1
11.4024043715847	1396	1
11.45344262295082	6078	1
11.467158469945355	1617	1
11.47087431693989	600	1
11.47136612021858	469	1
11.479234972677597	4182	1
11.481366120218578	4165	1
11.488196721311477	6939	1
11.511256830601093	683	1
11.51415300546448	1994	1
11.526010928961748	6803	1
11.529672131147542	836	1
11.606502732240436	9900	1
11.73710382513661	2541	1
11.757431693989071	3426	1
11.761967213114753	4458	1
11.803551912568306	2283	1
11.81360655737705	8375	1
11.814535519125682	4750	1
11.8275956284153	3256	1
11.829234972677595	933	1
11.830491803278688	551	1
11.880054644808743	6224	1
11.905464480874317	9562	1
11.911857923497267	1074	1
11.91792349726776	2960	1
11.924754098360655	4452	1
11.931857923497267	5362	1
11.93191256830601	1870	1
11.935300546448087	2754	1
11.957103825136613	8966	1
11.987540983606557	1164	1
12.007650273224044	1723	1
12.008524590163935	3202	1
12.01415300546448	1167	1
12.021530054644808	9291	1
12.037595628415302	5701	1
12.039234972677596	1924	1
12.05398907103825	299	1
12.05775956284153	1995	1
12.077049180327869	3858	1
12.082841530054644	9537	1
12.086393442622951	8349	1
12.096994535519126	6509	1
12.101857923497267	9960	1
12.10551912568306	3756	1
12.112459016393442	8745	1
12.126885245901638	6982	1
12.145136612021858	4958	1
12.14606557377049	545	1
12.234098360655738	1875	1
12.249180327868851	5239	1
12.261639344262294	2884	1
12.26617486338798	8037	1
12.285081967213115	1745	1
12.293005464480874	3720	1
12.312513661202185	6955	1
12.318633879781421	4950	1
12.327431693989071	7962	1
12.339398907103824	5141	1
12.340437158469944	8854	1
12.355464480874316	4330	1
12.360382513661202	9934	1
12.36327868852459	1093	1
12.388743169398907	6251	1
12.439289617486338	694	1
12.441475409836066	2633	1
12.456830601092896	2596	1
12.463715846994534	8692	1
12.489289617486339	1509	1
12.494972677595628	866	1
12.49912568306011	4010	1
12.499508196721312	960	1
12.504371584699454	3241	1
12.516775956284153	6142	1
12.524699453551912	786	1
12.529289617486338	9277	1
12.536229508196723	1032	1
12.545573770491803	6323	1
12.54928961748634	440	1
12.55295081967213	7750	1
12.584043715846994	4318	1
12.595027322404372	7006	1
12.633879781420767	8208	1
12.661256830601092	1097	1
12.669071038251367	9464	1
12.68	5512	1
12.700928961748634	8690	1
12.70535519125683	8563	1
12.722021857923497	7968	1
12.723661202185793	7332	1
12.724316939890711	6716	1
12.76016393442623	9585	1
12.792622950819672	4558	1
12.813278688524589	4350	1
12.824207650273225	1699	1
12.834207650273223	7038	1
12.837704918032786	1728	1
12.854918032786886	2949	1
12.8551912568306	2740	1
12.86431693989071	4538	1
12.880601092896175	6875	1
12.883060109289618	5977	1
12.886393442622952	7481	1
12.933989071038251	7247	1
12.93983606557377	2330	1
12.943715846994536	9513	1
12.962459016393442	4455	1
12.969999999999999	3624	1
12.982622950819673	8268	1
12.997158469945354	6233	1
13.00672131147541	1174	1
13.011256830601093	7187	1
13.018907103825137	4896	1
13.020273224043716	5999	1
13.034207650273224	7617	1
13.034699453551912	9071	1
13.059781420765027	67	1
13.069180327868851	3985	1
13.097978142076501	1316	1
13.143224043715847	3101	1
13.199071038251367	5872	1
13.200382513661202	5534	1
13.226284153005464	5301	1
13.23256830601093	1230	1
13.24830601092896	6227	1
13.263551912568305	302	1
13.267158469945354	6385	1
13.269180327868852	3264	1
13.283387978142077	6863	1
13.290601092896175	9847	1
13.295573770491803	7379	1
13.299125683060108	900	1
13.306338797814208	4953	1
13.306721311475409	2162	1
13.322076502732239	7632	1
13.348415300546447	4300	1
13.348633879781419	3204	1
13.353224043715848	5081	1
13.397759562841529	2072	1
13.488196721311477	4344	1
13.493934426229508	7969	1
13.500765027322403	3449	1
13.525245901639344	4504	1
13.535737704918033	8123	1
13.550327868852458	1872	1
13.560983606557377	4555	1
13.60377049180328	4251	1
13.633497267759562	3488	1
13.643497267759562	5252	1
13.67207650273224	1479	1
13.682841530054644	7360	1
13.695409836065574	8274	1
13.709180327868852	5956	1
13.72224043715847	3067	1
13.775573770491803	6757	1
13.823005464480874	7811	1
13.861639344262294	3348	1
13.863169398907104	6170	1
13.8775956284153	5305	1
13.878306010928963	6883	1
13.885628415300546	3467	1
13.929016393442623	5858	1
13.951639344262293	929	1
13.976393442622951	810	1
13.986448087431693	6486	1
14.010218579234973	9233	1
14.02032786885246	4546	1
14.040928961748634	5539	1
14.042185792349727	8209	1
14.05846994535519	8271	1
14.06672131147541	6105	1
14.074808743169399	782	1
14.081311475409837	1466	1
14.104535519125681	5190	1
14.123497267759562	9466	1
14.143770491803277	9428	1
14.144426229508197	3931	1
14.20311475409836	4465	1
14.206885245901638	8579	1
14.240382513661203	7564	1
14.280163934426229	7328	1
14.339289617486338	9753	1
14.345136612021857	3774	1
14.351530054644808	7290	1
14.407322404371584	8495	1
14.435628415300545	5338	1
14.450601092896173	7084	1
14.49622950819672	9410	1
14.505628415300547	4061	1
14.516010928961748	150	1
14.539617486338797	6735	1
14.56295081967213	5859	1
14.57568306010929	269	1
14.60535519125683	9546	1
14.689071038251365	2646	1
14.689945355191256	4308	1
14.69808743169399	8727	1
14.709016393442623	3521	1
14.711092896174863	3313	1
14.715355191256831	1100	1
14.753005464480875	1373	1
14.754098360655737	1969	1
14.765956284153004	3955	1
14.77535519125683	5394	1
14.776448087431694	6171	1
14.785409836065574	2554	1
14.794918032786885	8456	1
14.81568306010929	6789	1
14.828142076502733	2702	1
14.868524590163934	3660	1
14.869945355191257	6603	1
14.871202185792349	6038	1
14.875792349726774	8253	1
14.883060109289618	5869	1
14.914535519125684	2940	1
14.942459016393443	8156	1
14.956448087431694	8440	1
14.961420765027324	8557	1
15.048306010928963	6729	1
15.05792349726776	5430	1
15.072459016393442	6257	1
15.092513661202185	6417	1
15.09672131147541	1631	1
15.150491803278689	9555	1
15.184699453551913	4242	1
15.188743169398908	1568	1
15.20431693989071	6552	1
15.218579234972678	5314	1
15.253934426229508	9077	1
15.256338797814207	251	1
15.271530054644808	5520	1
15.304535519125682	5958	1
15.315573770491802	4001	1
15.316830601092896	5807	1
15.331475409836067	2931	1
15.332841530054644	3753	1
15.347158469945356	8235	1
15.362076502732242	8256	1
15.374918032786885	628	1
15.384863387978141	754	1
15.391584699453551	7859	1
15.393497267759562	4445	1
15.399398907103825	3943	1
15.406010928961749	3549	1
15.411475409836065	5264	1
15.413606557377049	5789	1
15.426448087431693	6565	1
15.43655737704918	4814	1
15.440163934426229	7135	1
15.443060109289616	3912	1
15.446448087431694	9775	1
15.459016393442623	1121	1
15.472732240437157	5030	1
15.473442622950818	9619	1
15.476448087431693	6967	1
15.486994535519125	1040	1
15.492459016393443	6550	1
15.518743169398906	338	1
15.527486338797814	6675	1
15.54	6506	1
15.554262295081967	8379	1
15.583497267759562	1575	1
15.590928961748633	6135	1
15.609180327868852	2981	1
15.618907103825137	1828	1
15.634098360655738	2847	1
15.754808743169399	2519	1
15.781967213114754	8593	1
15.79743169398907	9844	1
15.798032786885246	7526	1
15.81054644808743	762	1
15.810601092896176	9096	1
15.844699453551911	336	1
15.84918032786885	7933	1
15.852950819672131	4970	1
15.854371584699454	890	1
15.890765027322404	3215	1
15.899398907103825	4004	1
15.899726775956283	200	1
15.90360655737705	9905	1
15.910273224043715	6080	1
15.912021857923497	4348	1
15.912404371584698	9050	1
15.94415300546448	3359	1
15.971857923497268	3888	1
15.9924043715847	6517	1
15.998196721311475	1672	1
16.031147540983607	8320	1
16.04453551912568	4600	1
16.05262295081967	3450	1
16.057814207650274	7366	1
16.069125683060108	5112	1
16.088415300546448	3935	1
16.12071038251366	8793	1
16.144426229508195	5294	1
16.149781420765027	6252	1
16.151639344262296	3978	1
16.18448087431694	5991	1
16.201639344262293	7805	1
16.202568306010928	7368	1
16.205081967213115	7059	1
16.210928961748635	2530	1
16.244754098360655	2408	1
16.258032786885245	4919	1
16.282622950819672	598	1
16.31568306010929	9899	1
16.350218579234973	3767	1
16.35808743169399	5740	1
16.369781420765026	1487	1
16.396174863387976	3422	1
16.403060109289616	8172	1
16.419726775956285	9087	1
16.441311475409837	3529	1
16.444098360655737	5378	1
16.463879781420765	1239	1
16.501639344262294	6398	1
16.517158469945354	9081	1
16.533770491803278	5293	1
16.533989071038253	2131	1
16.551475409836065	5445	1
16.557868852459016	562	1
16.567814207650272	1536	1
16.586666666666666	7741	1
16.61502732240437	8425	1
16.61775956284153	4651	1
16.631803278688523	3493	1
16.72114754098361	3909	1
16.73415300546448	7892	1
16.82256830601093	1558	1
16.87	6345	1
16.88590163934426	4017	1
16.888360655737706	8143	1
16.897540983606557	9120	1
16.89857923497268	8840	1
16.90551912568306	4567	1
16.91584699453552	1579	1
16.920601092896174	2365	1
16.92573770491803	3421	1
16.930546448087433	1646	1
16.93633879781421	1469	1
16.94081967213115	1349	1
16.962131147540983	9197	1
16.996338797814207	2552	1
17.035464480874317	3395	1
17.043005464480874	8837	1
17.049726775956284	4277	1
17.052513661202187	4890	1
17.05486338797814	412	1
17.06448087431694	8680	1
17.080218579234973	4482	1
17.080437158469945	3335	1
17.082568306010927	5200	1
17.093825136612022	9028	1
17.14295081967213	5008	1
17.174972677595626	4913	1
17.189071038251363	7873	1
17.234754098360657	8096	1
17.243551912568304	8958	1
17.25262295081967	9213	1
17.29021857923497	6567	1
17.323278688524592	1681	1
17.33360655737705	2558	1
17.35672131147541	9418	1
17.357704918032784	8125	1
17.39	5415	1
17.411366120218577	1489	1
17.42513661202186	6344	1
17.431147540983606	5613	1
17.435191256830603	2229	1
17.45879781420765	9392	1
17.459781420765026	8297	1
17.466120218579235	7643	1
17.46781420765027	8515	1
17.472568306010928	7045	1
17.520928961748634	2324	1
17.52775956284153	7500	1
17.52841530054645	6314	1
17.566939890710383	7185	1
17.58273224043716	2854	1
17.59754098360656	1878	1
17.606557377049178	6021	1
17.639180327868853	6585	1
17.64	4148	1
17.683224043715846	6382	1
17.704207650273226	5333	1
17.758743169398908	1482	1
17.763551912568307	1026	1
17.77131147540984	2717	1
17.774262295081964	4739	1
17.774863387978144	391	1
17.803224043715847	9075	1
17.80502732240437	7261	1
17.81967213114754	9873	1
17.84409836065574	2535	1
17.85808743169399	2113	1
17.86054644808743	826	1
17.863333333333333	6746	1
17.865191256830602	139	1
17.887650273224043	792	1
17.899562841530052	6403	1
17.899945355191257	3899	1
17.901803278688522	9650	1
17.906338797814207	6609	1
17.951311475409838	2799	1
17.95661202185792	7861	1
17.95967213114754	4589	1
17.965683060109292	4536	1
17.97306010928962	9651	1
17.982349726775954	1647	1
17.996721311475408	4624	1
18.015081967213114	1801	1
18.019781420765025	8106	1
18.038797814207648	443	1
18.04792349726776	244	1
18.050765027322402	5709	1
18.05486338797814	554	1
18.071639344262294	8038	1
18.085628415300548	5309	1
18.101693989071038	4939	1
18.103989071038253	868	1
18.127704918032787	8644	1
18.128961748633877	8405	1
18.136448087431695	4562	1
18.142459016393442	2305	1
18.178032786885243	7546	1
18.204590163934427	6291	1
18.227158469945355	880	1
18.24360655737705	2938	1
18.244153005464483	7586	1
18.2548087431694	2827	1
18.266994535519128	7468	1
18.320765027322405	6720	1
18.333934426229508	7513	1
18.38808743169399	4606	1
18.391475409836065	9137	1
18.394371584699456	1844	1
18.41185792349727	7408	1
18.414972677595628	7862	1
18.4251912568306	6108	1
18.42928961748634	5591	1
18.452677595628412	8755	1
18.45333333333333	1360	1
18.454590163934427	9760	1
18.53502732240437	463	1
18.57021857923497	4311	1
18.577704918032786	8129	1
18.583387978142074	2369	1
18.590765027322405	9245	1
18.5975956284153	4210	1
18.614699453551914	2071	1
18.621256830601094	6118	1
18.622513661202184	7505	1
18.63087431693989	4905	1
18.637213114754097	3710	1
18.63792349726776	2622	1
18.645901639344263	8542	1
18.655956284153007	7512	1
18.658579234972677	8732	1
18.685573770491803	3748	1
18.709344262295083	7434	1
18.71792349726776	8524	1
18.724426229508197	9588	1
18.73103825136612	7917	1
18.73191256830601	2839	1
18.7848087431694	3336	1
18.799125683060108	1891	1
18.80158469945355	1868	1
18.81437158469945	6297	1
18.816448087431695	1228	1
18.83065573770492	6987	1
18.880327868852458	1158	1
18.893989071038252	4564	1
18.894808743169396	4931	1
18.89633879781421	8311	1
18.907267759562842	4428	1
18.91016393442623	6434	1
18.916830601092894	1826	1
18.93377049180328	3329	1
18.945792349726776	2261	1
18.951256830601093	4745	1
18.952513661202186	1023	1
18.952568306010928	9447	1
18.957322404371585	9911	1
18.961584699453553	2438	1
18.972459016393444	2248	1
18.979508196721312	8437	1
18.986502732240435	7041	1
18.99295081967213	8306	1
19.007267759562843	8163	1
19.030273224043714	2468	1
19.035409836065572	3380	1
19.03710382513661	2898	1
19.088032786885247	1716	1
19.097595628415302	2352	1
19.118196721311474	7382	1
19.118907103825137	4365	1
19.12032786885246	6527	1
19.128306010928963	9198	1
19.17502732240437	6645	1
19.20174863387978	9015	1
19.22273224043716	7483	1
19.24289617486339	7888	1
19.24945355191257	3252	1
19.252896174863388	9042	1
19.257486338797815	6012	1
19.27808743169399	2626	1
19.285409836065572	1083	1
19.33158469945355	6981	1
19.3348087431694	9425	1
19.354480874316938	3749	1
19.362513661202183	3498	1
19.40032786885246	9780	1
19.418852459016392	3687	1
19.420163934426228	9287	1
19.45956284153005	1087	1
19.461256830601094	4269	1
19.475628415300548	5907	1
19.475737704918032	9708	1
19.50398907103825	8843	1
19.51136612021858	9593	1
19.527049180327868	5192	1
19.54114754098361	8214	1
19.554535519125682	5921	1
19.583169398907103	3766	1
19.596284153005467	8973	1
19.60032786885246	5705	1
19.617213114754097	4634	1
19.6255737704918	3232	1
19.644426229508195	2543	1
19.660054644808742	5590	1
19.666502732240435	732	1
19.666830601092897	8002	1
19.686229508196718	4063	1
19.696338797814207	5310	1
19.702131147540985	9913	1
19.70245901639344	3153	1
19.744644808743168	7778	1
19.75327868852459	10	1
19.76054644808743	1447	1
19.77464480874317	8105	1
19.780819672131148	655	1
19.790491803278687	921	1
19.8124043715847	6778	1
19.817322404371584	796	1
19.818688524590165	490	1
19.81918032786885	7392	1
19.8196174863388	5276	1
19.822349726775954	1219	1
19.82366120218579	9207	1
19.829453551912568	3371	1
19.829562841530052	2523	1
19.838415300546448	8578	1
19.84622950819672	5646	1
19.85737704918033	9723	1
19.863879781420763	9796	1
19.876502732240436	8036	1
19.883551912568304	3635	1
19.897595628415303	8464	1
19.90770491803279	681	1
19.933497267759563	9190	1
19.950765027322404	2797	1
19.95360655737705	344	1
19.962677595628413	8408	1
19.972459016393444	4802	1
20.012021857923497	3919	1
20.027377049180327	1909	1
20.03928961748634	2573	1
20.064207650273225	8826	1
20.08174863387978	5398	1
20.083551912568304	5306	1
20.088524590163935	3809	1
20.089016393442623	6844	1
20.09551912568306	3734	1
20.096502732240438	3149	1
20.1	4982	1
20.107486338797816	4257	1
20.121530054644808	4099	1
20.124808743169396	6591	1
20.14464480874317	3059	1
20.165519125683062	2837	1
20.1820218579235	8335	1
20.192349726775955	4459	1
20.21606557377049	3998	1
20.222677595628415	2617	1
20.23704918032787	4039	1
20.249890710382513	8572	1
20.254153005464477	3860	1
20.287322404371583	856	1
20.308360655737705	389	1
20.3227868852459	8938	1
20.324371584699453	2966	1
20.327595628415303	961	1
20.356065573770493	8279	1
20.36005464480874	5225	1
20.37584699453552	7039	1
20.416010928961747	7403	1
20.421857923497267	8710	1
20.423387978142078	4943	1
20.438524590163933	2082	1
20.44551912568306	6488	1
20.44606557377049	1416	1
20.44852459016393	7324	1
20.45912568306011	6776	1
20.462240437158467	3728	1
20.47497267759563	1341	1
20.485409836065575	632	1
20.486010928961747	7035	1
20.489071038251367	7851	1
20.51382513661202	2207	1
20.55743169398907	6592	1
20.57650273224044	888	1
20.5868306010929	5618	1
20.59765027322404	9252	1
20.61327868852459	6515	1
20.61967213114754	4790	1
20.620437158469947	3981	1
20.621803278688525	6953	1
20.624371584699453	1402	1
20.630546448087433	9124	1
20.677431693989067	8428	1
20.686775956284155	9544	1
20.69737704918033	5328	1
20.71606557377049	2227	0
20.718251366120217	3757	1
20.72016393442623	216	1
20.730819672131148	5791	1
20.741147540983604	6163	1
20.761256830601095	4247	1
20.766994535519125	5831	1
20.78224043715847	6244	1
20.812185792349723	3465	1
20.813551912568304	7685	1
20.81448087431694	1624	1
20.817158469945355	2467	1
20.82295081967213	8815	1
20.847103825136614	9164	1
20.84967213114754	9143	1
20.85185792349727	4177	1
20.876775956284153	4607	1
20.88256830601093	7077	1
20.91633879781421	2202	1
20.948469945355193	1277	1
20.9672131147541	967	1
20.97016393442623	5529	1
20.97792349726776	3384	1
20.99912568306011	6490	1
21.00502732240437	6920	1
21.023879781420764	4797	1
21.058306010928963	947	1
21.10792349726776	6669	1
21.111311475409835	4273	1
21.123224043715847	8159	1
21.133551912568304	9461	1
21.14469945355191	7007	1
21.14655737704918	6213	1
21.14945355191257	7587	1
21.153934426229508	7153	1
21.17404371584699	6164	1
21.183661202185792	4005	1
21.186448087431692	1758	1
21.2296174863388	1537	1
21.23502732240437	4549	1
21.26196721311475	9026	1
21.28710382513661	8851	1
21.299508196721312	4782	1
21.341748633879778	4420	1
21.341748633879778	8602	1
21.342185792349728	3107	1
21.379016393442623	6843	1
21.404262295081967	4214	1
21.410546448087434	7542	1
21.414754098360657	7173	1
21.420601092896174	9582	1
21.43502732240437	9174	1
21.444754098360654	8548	1
21.454043715846996	3478	1
21.475464480874315	239	1
21.477704918032785	4185	1
21.477814207650276	9615	1
21.480054644808746	4022	1
21.481530054644807	7108	1
21.48535519125683	3835	1
21.505737704918033	8014	1
21.512622950819672	313	1
21.518743169398906	9158	1
21.542568306010928	6696	1
21.55224043715847	8618	1
21.566120218579236	7259	1
21.574754098360653	9263	1
21.577213114754098	3736	1
21.589289617486337	3578	1
21.590273224043717	5286	1
21.608907103825135	9733	1
21.632622950819673	1208	1
21.633224043715845	1153	1
21.651803278688526	7724	1
21.667377049180327	6268	1
21.670928961748633	4057	1
21.67344262295082	1808	1
21.69393442622951	2231	1
21.721857923497268	6016	1
21.73972677595628	3507	1
21.746721311475408	3777	1
21.752131147540982	5022	1
21.76071038251366	3855	1
21.7679781420765	7928	1
21.7851912568306	2778	1
21.79098360655738	8147	1
21.801639344262295	4305	1
21.805573770491804	2112	1
21.826830601092897	9868	1
21.850437158469948	3823	1
21.851693989071038	9947	1
21.860491803278688	7655	1
21.870655737704915	3337	1
21.88513661202186	5679	1
21.893442622950822	5203	1
21.900983606557375	2718	1
21.90639344262295	2272	1
21.962131147540983	7421	1
21.971256830601092	3199	1
21.981693989071037	3119	1
21.997377049180326	9813	1
21.9975956284153	5212	1
22.004918032786886	4663	1
22.033715846994536	3524	1
22.05289617486339	8000	1
22.084644808743167	3473	1
22.097704918032786	2339	1
22.09901639344262	1441	1
22.10535519125683	6508	1
22.110655737704917	1273	1
22.122021857923496	1142	1
22.122131147540983	8062	1
22.144644808743166	3546	1
22.145027322404374	8204	1
22.146065573770493	4699	1
22.19049180327869	7700	1
22.194863387978142	9506	1
22.23	6406	1
22.240601092896174	4808	1
22.242131147540984	8609	1
22.24382513661202	9783	1
22.25737704918033	7622	1
22.26502732240437	9731	1
22.273497267759563	8595	1
22.284590163934425	8802	1
22.28650273224044	6518	1
22.313333333333333	9074	1
22.324754098360657	4143	1
22.342896174863387	4914	1
22.35792349726776	327	1
22.361038251366118	298	1
22.36497267759563	576	1
22.379125683060106	6366	1
22.39551912568306	3299	1
22.39704918032787	9098	1
22.403224043715845	7520	1
22.404098360655738	7001	1
22.41185792349727	3378	1
22.424098360655737	7177	1
22.434098360655735	6409	1
22.43765027322404	3668	1
22.43841530054645	4501	1
22.44568306010929	1036	1
22.446994535519128	4766	1
22.481967213114753	6395	1
22.484316939890707	2680	1
22.494644808743168	5213	1
22.536448087431694	2306	1
22.538360655737705	8434	1
22.57393442622951	4183	1
22.592950819672133	8825	1
22.600273224043715	1387	1
22.60311475409836	1368	1
22.61153005464481	3270	1
22.61945355191257	4964	1
22.622513661202184	4988	1
22.632732240437157	4659	1
22.646775956284152	2476	1
22.653551912568304	5093	1
22.663715846994535	4500	1
22.68415300546448	1970	1
22.72601092896175	5408	1
22.7348087431694	2337	1
22.756065573770492	6913	1
22.765956284153006	1679	1
22.76945355191257	6447	1
22.804535519125682	7049	1
22.82743169398907	8571	1
22.82912568306011	6298	1
22.851803278688525	5216	1
22.852021857923496	6643	1
22.86415300546448	1393	1
22.876885245901637	3604	1
22.905027322404372	6996	1
22.906612021857924	1485	1
22.91639344262295	2686	1
22.92158469945355	5978	1
22.943661202185794	7102	1
22.94622950819672	7163	1
22.95005464480874	8148	1
23.002732240437158	4166	1
23.00535519125683	9910	1
23.011803278688525	4098	1
23.017103825136612	6886	1
23.037595628415303	9491	1
23.053661202185793	9371	1
23.06120218579235	1707	1
23.062185792349727	7849	1
23.069071038251366	1021	1
23.07273224043716	945	1
23.08322404371585	5720	1
23.089945355191258	5113	1
23.095956284153004	9558	1
23.09704918032787	2598	1
23.125464480874317	510	1
23.137868852459015	6949	1
23.14103825136612	964	1
23.148688524590163	1797	1
23.170382513661202	6802	1
23.181092896174864	9208	1
23.190109289617485	7485	1
23.202185792349724	5224	1
23.233060109289617	3600	1
23.27688524590164	4152	1
23.287704918032787	4822	1
23.30256830601093	8901	1
23.30863387978142	644	1
23.314644808743168	9514	1
23.317103825136613	3182	1
23.34448087431694	6113	1
23.381803278688523	6132	1
23.388469945355194	2599	1
23.40754098360656	8447	1
23.419071038251367	1969	0
23.419781420765027	8552	1
23.424316939890712	3576	1
23.437049180327868	6842	1
23.438743169398904	8411	1
23.482513661202184	2383	1
23.49655737704918	7793	1
23.50431693989071	6397	1
23.517704918032788	5753	1
23.53142076502732	8346	1
23.53606557377049	4685	1
23.539071038251365	2925	1
23.551639344262295	5860	1
23.58136612021858	1062	1
23.582786885245902	5548	1
23.5848087431694	8797	1
23.591857923497265	5572	1
23.593825136612022	6313	1
23.595355191256832	4787	1
23.602677595628414	3611	1
23.638469945355194	9647	1
23.646065573770493	1686	1
23.65153005464481	6439	1
23.66540983606557	3525	1
23.676994535519125	7680	1
23.68535519125683	7294	1
23.698524590163935	3663	1
23.71382513661202	924	1
23.719836065573773	2307	1
23.76311475409836	6598	1
23.7648087431694	1604	1
23.765409836065572	8429	1
23.809562841530052	5067	1
23.838032786885243	6499	1
23.86229508196721	7960	1
23.87142076502732	5296	1
23.88994535519126	9199	1
23.89639344262295	2394	1
23.898852459016393	8585	1
23.914043715846994	7634	1
23.930382513661204	7194	1
23.937377049180327	2009	1
23.957595628415298	21	1
23.97382513661202	1300	1
23.987322404371586	5772	1
23.99896174863388	4092	1
23.99901639344262	472	1
24.02338797814208	3976	1
24.03950819672131	4432	1
24.05087431693989	520	1
24.07426229508197	9312	1
24.07710382513661	1330	1
24.080928961748633	4419	1
24.10573770491803	4737	1
24.124808743169396	524	1
24.143551912568306	7477	1
24.147158469945357	4470	1
24.164918032786883	3390	1
24.185027322404373	9331	1
24.19256830601093	3301	1
24.225683060109287	1587	1
24.231420765027323	9303	1
24.243169398907103	1931	1
24.250109289617484	7772	1
24.256120218579238	5354	1
24.28568306010929	8005	1
24.291256830601093	2709	1
24.324535519125686	1500	1
24.326065573770492	7519	1
24.350109289617485	8088	1
24.351147540983607	6363	1
24.35934426229508	7182	1
24.364918032786882	2268	1
24.374316939890708	5827	1
24.385956284153007	9885	1
24.39016393442623	4435	1
24.39486338797814	2671	1
24.40273224043716	1910	1
24.42535519125683	2150	1
24.438524590163933	8361	1
24.44584699453552	8025	1
24.446010928961748	4263	1
24.466830601092898	6183	1
24.47191256830601	1639	1
24.475191256830602	1309	1
24.481967213114753	2937	1
24.49327868852459	7061	1
24.495191256830598	2413	1
24.502896174863388	3689	1
24.506174863387976	9894	1
24.50726775956284	1771	1
24.51071038251366	2513	1
24.516120218579236	9274	1
24.532131147540984	2701	1
24.53841530054645	3599	1
24.542349726775956	4461	1
24.5527868852459	3240	1
24.556994535519127	6451	1
24.565628415300544	356	1
24.57972677595628	7471	1
24.580109289617486	2079	1
24.58967213114754	9076	1
24.59431693989071	730	1
24.602459016393443	8689	1
24.615956284153008	4343	1
24.637978142076502	4352	1
24.65775956284153	2868	1
24.683934426229506	2910	1
24.68879781420765	4833	1
24.712240437158467	3304	1
24.749289617486337	2470	1
24.750710382513663	8026	1
24.75191256830601	1168	1
24.76295081967213	2801	1
24.77295081967213	5085	1
24.77327868852459	2624	1
24.773715846994534	1775	1
24.776939890710384	956	1
24.790601092896175	6959	1
24.797267759562843	7779	1
24.82300546448087	1171	1
24.827158469945356	6123	1
24.87710382513661	2201	1
24.886830601092893	1606	1
24.888743169398907	8955	1
24.8927868852459	3257	1
24.910601092896172	5904	1
24.921147540983604	5636	1
24.921693989071038	5232	1
24.932513661202186	937	1
24.93584699453552	5143	1
24.94366120218579	9472	1
24.95360655737705	1146	1
24.966448087431694	976	1
24.979125683060108	8331	1
24.982841530054642	8422	1
24.986830601092894	7559	1
24.99655737704918	776	1
24.997814207650276	1246	1
25.013551912568303	4925	1
25.030054644808743	8421	1
25.040273224043716	5522	1
25.047978142076502	773	1
25.05344262295082	5262	1
25.054207650273224	7571	1
25.060163934426228	7213	1
25.06382513661202	819	1
25.078688524590163	9055	1
25.086448087431695	5013	1
25.096666666666668	1982	1
25.13300546448087	9238	1
25.14415300546448	9569	1
25.199071038251365	905	1
25.202185792349727	7017	1
25.20562841530055	7743	1
25.206939890710384	3738	1
25.234590163934424	7964	1
25.24207650273224	6081	1
25.266612021857924	6806	1
25.270601092896175	5879	1
25.309617486338798	3925	1
25.315573770491802	9169	1
25.32622950819672	6468	1
25.351147540983607	4416	1
25.384426229508197	6546	1
25.398032786885246	1128	1
25.39945355191257	4929	1
25.400710382513658	1189	1
25.405027322404372	62	1
25.41125683060109	6743	1
25.41448087431694	3764	1
25.42863387978142	7263	1
25.443497267759565	9023	1
25.457486338797814	5311	1
25.463770491803277	6867	1
25.47601092896175	3494	1
25.476120218579233	2507	1
25.477213114754097	6088	1
25.485409836065575	9833	1
25.486612021857923	989	1
25.506612021857922	2890	1
25.50808743169399	7166	1
25.52606557377049	6070	1
25.533825136612023	245	1
25.549234972677596	1845	1
25.569234972677595	4854	1
25.578852459016392	5095	1
25.613005464480874	1258	1
25.6324043715847	7543	1
25.63983606557377	1877	1
25.64841530054645	4484	1
25.65142076502732	1212	1
25.67180327868852	6152	1
25.682131147540982	8484	1
25.68562841530055	2216	1
25.693879781420765	7997	1
25.694371584699454	2054	1
25.697650273224042	6084	1
25.712568306010926	3425	1
25.72327868852459	246	1
25.744918032786885	7316	1
25.757868852459016	7836	1
25.77087431693989	6260	1
25.78229508196721	734	1
25.78677595628415	4213	1
25.805355191256833	8135	1
25.80989071038251	6348	1
25.832841530054644	9908	1
25.90568306010929	2674	1
25.912349726775954	26	1
25.918142076502733	9566	1
25.94606557377049	2403	1
25.951147540983605	6543	1
25.98103825136612	1636	1
25.98448087431694	7390	1
25.998743169398907	5332	1
25.999125683060107	7441	1
26.0027868852459	3709	1
26.023005464480875	7781	1
26.045300546448086	5530	1
26.060601092896174	4551	1
26.06169398907104	5527	1
26.0627868852459	1247	1
26.06672131147541	8665	1
26.07311475409836	2046	1
26.08814207650273	1527	1
26.097267759562843	305	1
26.109726775956283	9272	1
26.116448087431692	1422	1
26.137814207650273	4843	1
26.144754098360657	9584	1
26.2075956284153	5389	1
26.236284153005464	5780	1
26.237540983606557	8177	1
26.24568306010929	2813	1
26.255573770491804	9518	1
26.259398907103822	8387	1
26.269234972677598	1918	1
26.272021857923495	9046	1
26.282131147540984	7476	1
26.286229508196723	5693	1
26.291256830601093	4241	1
26.29174863387978	2356	1
26.29546448087432	6832	1
26.30540983606557	3490	1
26.310983606557375	5341	1
26.389726775956284	6997	1
26.410928961748635	7979	1
26.413497267759563	8052	1
26.42655737704918	5996	1
26.433224043715846	7250	1
26.441475409836062	8267	1
26.446994535519124	2790	1
26.451256830601093	5667	1
26.466994535519127	7847	1
26.47081967213115	4414	1
26.471311475409834	2065	1
26.51027322404372	177	1
26.513825136612024	2770	1
26.521530054644806	3213	1
26.541038251366118	1985	1
26.544754098360656	8865	1
26.54672131147541	5322	1
26.59016393442623	1144	1
26.640765027322406	2904	1
26.645245901639345	4637	1
26.661748633879782	5506	1
26.661857923497266	425	1
26.67382513661202	3370	1
26.676502732240436	6384	1
26.685901639344262	6584	1
26.691693989071037	3316	1
26.699289617486336	3914	1
26.72420765027322	6894	1
26.73382513661202	9177	1
26.738360655737704	9702	1
26.78065573770492	4826	1
26.815683060109286	5900	1
26.848142076502732	1126	1
26.869562841530055	4017	0
26.903169398907103	9589	1
26.915136612021858	6375	1
26.948142076502734	6627	1
26.974371584699455	8305	1
26.993715846994533	4525	1
27.005956284153005	2382	1
27.01573770491803	665	1
27.024207650273222	4187	1
27.034535519125683	5153	1
27.058743169398905	5649	1
27.061584699453554	4070	1
27.069562841530054	6519	1
27.077267759562844	6402	1
27.093060109289617	568	1
27.09633879781421	7164	1
27.12207650273224	3910	1
27.125245901639346	1202	1
27.13863387978142	2480	1
27.147868852459016	5172	1
27.15366120218579	5803	1
27.15469945355191	6966	1
27.174316939890712	5684	1
27.18846994535519	9765	1
27.194590163934425	3315	1
27.19551912568306	7079	1
27.198743169398906	8866	1
27.220109289617483	7391	1
27.261967213114755	3812	1
27.268852459016394	3396	1
27.271639344262297	6109	1
27.274262295081968	5897	1
27.30120218579235	180	1
27.307486338797816	9153	1
27.319398907103825	2819	1
27.320437158469947	4008	1
27.326120218579234	7245	1
27.32928961748634	3942	1
27.33814207650273	8781	1
27.3424043715847	4556	1
27.343114754098362	9481	1
27.37262295081967	8073	1
27.37535519125683	5369	1
27.40153005464481	3854	1
27.422404371584697	1257	1
27.4251912568306	9433	1
27.427814207650272	522	1
27.43983606557377	8594	1
27.44081967213115	6825	1
27.44103825136612	6404	1
27.46071038251366	7275	1
27.462131147540983	2945	1
27.534699453551912	3479	1
27.54005464480874	9610	1
27.54606557377049	5801	1
27.55120218579235	5406	1
27.562131147540985	616	1
27.572841530054642	6426	1
27.58469945355191	8285	1
27.588360655737706	6695	1
27.588415300546448	5025	1
27.590874316939892	1841	1
27.595737704918033	8239	1
27.602404371584697	6998	1
27.6175956284153	8047	1
27.628306010928963	1066	1
27.644972677595625	8310	1
27.694043715846995	5660	1
27.710819672131148	3701	1
27.71814207650273	1915	1
27.718524590163934	9412	1
27.71989071038251	2595	1
27.7272131147541	9083	1
27.734918032786883	514	1
27.744262295081967	4980	1
27.760273224043715	2985	1
27.78945355191257	7071	1
27.8179781420765	3471	1
27.84224043715847	5647	1
27.843551912568305	6964	1
27.850273224043715	9896	1
27.873989071038253	1372	1
27.87655737704918	8913	1
27.879016393442623	6520	1
27.8944262295082	4264	1
27.8951912568306	7297	1
27.89874316939891	4946	1
27.907267759562842	1131	1
27.90928961748634	3586	1
27.96606557377049	3405	1
27.979289617486337	8767	1
28.017322404371587	3114	1
28.02655737704918	7966	1
28.029289617486338	3980	1
28.044480874316942	811	1
28.057377049180328	423	1
28.085245901639343	6943	1
28.090054644808742	3188	1
28.094426229508198	8939	1
28.09622950819672	4640	1
28.11792349726776	9875	1
28.137486338797814	2494	1
28.149781420765027	9738	1
28.15546448087432	7401	1
28.159125683060108	8654	1
28.170437158469944	6610	1
28.19081967213115	5195	1
28.19415300546448	3883	1
28.194316939890708	1542	1
28.198415300546447	4179	1
28.205245901639344	8011	1
28.213879781420765	6766	1
28.224699453551914	5435	1
28.23704918032787	9549	1
28.254808743169395	9201	1
28.254918032786886	2861	1
28.26366120218579	5685	1
28.26431693989071	9329	1
28.26928961748634	7169	1
28.278907103825137	9889	1
28.31	8500	1
28.319836065573767	9954	1
28.34825136612022	2075	1
28.375573770491805	1438	1
28.409398907103824	6133	1
28.412513661202183	2465	1
28.436120218579234	4331	1
28.44502732240437	3466	1
28.446830601092895	9888	1
28.475081967213114	4819	1
28.481967213114753	584	1
28.491311475409837	436	1
28.5	6569	1
28.515409836065572	2555	1
28.551530054644807	4112	1
28.583060109289615	314	1
28.605245901639343	3988	1
28.607049180327866	6000	1
28.61743169398907	5585	1
28.622677595628417	1555	1
28.643005464480872	6059	1
28.648142076502733	281	1
28.65136612021858	3004	1
28.669071038251367	7879	1
28.669726775956285	6618	1
28.701693989071035	9066	1
28.70415300546448	7708	1
28.732295081967212	2156	1
28.741639344262293	5001	1
28.741857923497268	2208	1
28.76273224043716	9711	1
28.789726775956286	8217	1
28.810765027322404	9798	1
28.81606557377049	1897	1
28.840983606557376	4118	1
28.84415300546448	9440	1
28.86879781420765	8436	1
28.88437158469945	8949	1
28.927814207650275	7552	1
28.939999999999998	3661	1
28.947540983606558	4408	1
28.95114754098361	4977	1
28.962021857923496	6879	1
28.970491803278687	3495	1
28.97213114754098	2739	1
28.9796174863388	5935	1
28.998196721311476	8707	1
29.008579234972675	2664	1
29.01311475409836	566	1
29.023114754098362	6239	1
29.033442622950822	3614	1
29.03775956284153	918	1
29.047267759562843	8856	1
29.08213114754098	4069	1
29.082459016393443	9996	1
29.08311475409836	5258	1
29.102622950819672	2708	1
29.10349726775956	909	1
29.134644808743168	6351	1
29.14311475409836	7994	1
29.15737704918033	2811	1
29.160655737704918	8712	1
29.16693989071038	1053	1
29.168852459016396	9972	1
29.182841530054645	5396	1
29.18448087431694	1593	1
29.19016393442623	3211	1
29.191857923497267	383	1
29.193005464480873	7915	1
29.20655737704918	8836	1
29.243005464480873	3964	1
29.24322404371585	5656	1
29.273497267759563	2604	1
29.28857923497268	6510	1
29.29174863387978	7596	1
29.31808743169399	6115	1
29.333224043715845	6812	1
29.34704918032787	8685	1
29.35366120218579	3989	1
29.36688524590164	1435	1
29.37601092896175	7583	1
29.382896174863387	4683	1
29.384590163934423	6342	1
29.39622950819672	4473	1
29.413661202185793	6391	1
29.415901639344263	5543	1
29.4179781420765	2713	1
29.439016393442625	4364	1
29.4472131147541	7109	1
29.449562841530057	656	1
29.45830601092896	1108	1
29.45901639344262	8630	1
29.4648087431694	7843	1
29.481803278688524	7704	1
29.486775956284156	8642	1
29.492131147540984	3136	1
29.501092896174864	4065	1
29.504207650273223	5373	1
29.504590163934424	5270	1
29.537650273224045	5034	1
29.55054644808743	6182	1
29.561147540983608	9242	1
29.565245901639344	9366	1
29.56896174863388	5129	1
29.581202185792346	3135	1
29.615027322404373	4313	1
29.643224043715847	5842	1
29.656065573770494	2416	1
29.662896174863388	3775	1
29.669890710382514	9125	1
29.674480874316938	1340	1
29.67912568306011	4471	1
29.68950819672131	2906	1
29.69136612021858	1559	1
29.72153005464481	9005	1
29.724098360655738	7354	1
29.729508196721312	1744	1
29.750601092896176	9773	1
29.82622950819672	7908	1
29.86601092896175	4440	1
29.87606557377049	5450	1
29.88825136612022	8613	1
29.89409836065574	2240	1
29.895628415300546	4410	1
29.913060109289617	6738	1
29.9348087431694	2845	1
29.946393442622952	4451	1
29.960218579234972	5564	1
29.982295081967212	3217	1
29.998579234972677	3572	1
30.0048087431694	902	1
30.03863387978142	1423	1
30.05344262295082	6071	1
30.06950819672131	638	1
30.08229508196721	3288	1
30.127158469945353	7524	1
30.160109289617484	1120	1
30.184754098360653	2886	1
30.18540983606557	358	1
30.19808743169399	8564	1
30.204207650273226	9978	1
30.2103825136612	6230	1
30.211639344262295	8016	1
30.228743169398907	2629	1
30.2475956284153	1137	1
30.25912568306011	1125	1
30.284316939890708	2532	1
30.287650273224045	5147	1
30.296284153005463	9564	1
30.309726775956282	2609	1
30.315300546448086	9280	1
30.341693989071036	5432	1
30.34409836065574	1949	1
30.369289617486338	8576	1
30.403551912568307	8918	1
30.436120218579234	609	1
30.439781420765026	4080	1
30.440928961748632	1932	1
30.45344262295082	4336	1
30.455081967213115	266	1
30.471857923497268	9414	1
30.49087431693989	4256	1
30.50131147540984	738	1
30.503497267759563	4126	1
30.551366120218578	2121	1
30.561202185792347	5677	1
30.566885245901638	8591	1
30.596994535519126	2484	1
30.60502732240437	5359	1
30.612131147540982	386	1
30.619999999999997	1199	1
30.650273224043715	1936	1
30.65120218579235	2170	1
30.68191256830601	8881	1
30.70207650273224	1626	1
30.71688524590164	1058	1
30.750054644808742	1882	1
30.766666666666666	1398	1
30.777213114754097	2276	1
30.78568306010929	8770	1
30.799617486338796	1506	1
30.814098360655734	8289	1
30.814918032786885	2119	1
30.815628415300548	703	1
30.81601092896175	2152	1
30.81622950819672	3090	1
30.845519125683058	8899	1
30.84710382513661	965	1
30.849071038251363	8921	1
30.889890710382513	2399	1
30.89486338797814	9001	1
30.90245901639344	9784	1
30.93103825136612	8280	1
30.931420765027323	369	1
30.93398907103825	4585	1
30.935300546448087	5843	1
30.950327868852458	4198	1
30.953333333333333	2538	1
30.970710382513662	8509	1
30.982349726775954	2454	1
30.989398907103826	4575	1
31.006284153005463	8273	1
31.00841530054645	7093	1
31.012677595628414	2003	1
31.012677595628414	3499	1
31.016939890710383	8846	1
31.034480874316937	881	1
31.034480874316937	2794	1
31.045792349726774	3371	0
31.084918032786888	6632	1
31.090054644808745	9957	1
31.093825136612022	9337	1
31.097322404371585	4724	1
31.122841530054643	6149	1
31.12289617486339	3267	1
31.12661202185792	7549	1
31.13879781420765	5458	1
31.14945355191257	4299	1
31.152349726775956	6433	1
31.157158469945355	6574	1
31.16398907103825	2022	1
31.173934426229508	2458	1
31.18131147540984	5608	1
31.182349726775957	6247	1
31.191311475409837	5917	1
31.216229508196722	2396	1
31.22191256830601	3407	1
31.225300546448086	9265	1
31.22590163934426	9317	1
31.22885245901639	8674	1
31.229562841530054	3847	1
31.23169398907104	4997	1
31.278360655737707	2672	1
31.30174863387978	6207	1
31.309781420765027	6131	1
31.312459016393444	7792	1
31.329071038251367	7616	1
31.33158469945355	3633	1
31.35655737704918	9443	1
31.371311475409836	830	1
31.427322404371584	9586	1
31.48726775956284	9490	1
31.487377049180324	75	1
31.48765027322404	2753	1
31.499781420765025	658	1
31.500655737704918	347	1
31.502732240437158	7490	1
31.505409836065574	3787	1
31.505628415300546	9148	1
31.509071038251367	4899	1
31.511092896174866	2967	1
31.566284153005462	9484	1
31.57426229508197	8138	1
31.579726775956285	3027	1
31.591803278688527	9480	1
31.598032786885245	8360	1
31.616666666666667	713	1
31.631475409836067	6328	1
31.667158469945356	8540	1
31.70087431693989	3597	1
31.70415300546448	643	1
31.704535519125685	6209	1
31.709453551912567	8626	1
31.713606557377048	288	1
31.71404371584699	3511	1
31.723060109289616	6640	1
31.753005464480875	7085	1
31.76295081967213	9357	1
31.771967213114753	8292	1
31.81021857923497	3590	1
31.828907103825134	2692	1
31.833934426229508	5580	1
31.892841530054646	5955	1
31.89972677595628	2830	1
31.918579234972675	3862	1
31.926939890710383	1169	1
31.94071038251366	7683	1
31.944590163934425	5076	1
31.948087431693992	996	1
31.960054644808743	3905	1
31.96502732240437	3092	1
31.971311475409834	8889	1
31.971967213114752	2551	1
31.984644808743166	5307	1
31.9851912568306	6914	1
31.9855737704918	4268	1
31.991857923497268	1956	1
31.99901639344262	3857	1
32.000218579234975	1460	1
32.00912568306011	7301	1
32.05568306010929	8371	1
32.05715846994536	8475	1
32.06945355191257	5989	1
32.077322404371586	4206	1
32.085191256830605	4975	1
32.08945355191256	3644	1
32.09628415300546	7758	1
32.10147540983606	1145	1
32.11295081967213	6564	1
32.13366120218579	5041	1
32.13781420765027	7254	1
32.14169398907104	2148	1
32.15912568306011	870	1
32.17546448087432	6199	1
32.17912568306011	5371	1
32.18683060109289	7400	1
32.211311475409836	876	1
32.2124043715847	3480	1
32.216557377049185	331	1
32.22786885245902	6616	1
32.230382513661205	6793	1
32.23677595628415	838	1
32.24442622950819	4073	1
32.28207650273224	9305	1
32.28743169398907	6622	1
32.28863387978142	4399	1
32.294043715846996	2388	1
32.29448087431694	7799	1
32.31732240437158	3828	1
32.325081967213116	5480	1
32.32606557377049	4342	1
32.330273224043715	1719	1
32.34169398907104	5098	1
32.34918032786885	1702	1
32.355628415300544	8372	1
32.36010928961748	8383	1
32.38032786885246	5889	1
32.399890710382515	9971	1
32.42442622950819	6829	1
32.44934426229508	5911	1
32.48508196721311	9111	1
32.492349726775956	2737	1
32.5	5	1
32.502786885245904	746	1
32.50606557377049	1348	1
32.50786885245901	5395	1
32.513333333333335	4091	1
32.52502732240437	30	1
32.52874316939891	508	1
32.538688524590164	6533	1
32.5396174863388	8547	1
32.55349726775956	1792	1
32.56546448087432	6872	1
32.58191256830601	9974	1
32.61726775956284	5876	1
32.61945355191257	1601	1
32.635300546448086	7974	1
32.63994535519126	2874	1
32.695191256830604	737	1
32.69650273224044	1356	1
32.71748633879781	1766	1
32.72032786885246	1921	1
32.723278688524594	7439	1
32.737814207650274	2577	1
32.742349726775956	6822	1
32.746448087431695	8244	1
32.763278688524586	9691	1
32.76426229508197	2376	1
32.77606557377049	2215	1
32.781639344262295	6436	1
32.796612021857925	1511	1
32.80338797814208	1553	1
32.81147540983606	506	1
32.83267759562842	3610	1
32.879617486338795	8461	1
32.89049180327869	300	1
32.90409836065574	7937	1
32.90677595628415	5525	1
32.9124043715847	8458	1
32.91573770491803	4999	1
32.91879781420765	3156	1
32.93978142076503	2196	1
32.957540983606556	4020	1
32.966448087431694	8287	1
32.97841530054645	8356	1
32.989344262295084	6202	1
33.00142076502732	3459	1
33.004371584699456	5519	1
33.008360655737704	6495	1
33.01049180327869	9251	1
33.0127868852459	4151	1
33.01765027322404	4110	1
33.01786885245902	2773	1
33.03021857923497	1462	1
33.033442622950815	6017	1
33.050710382513664	4349	1
33.11677595628415	3103	1
33.143551912568306	3962	1
33.143879781420765	8252	1
33.150655737704916	5815	1
33.15196721311475	4726	1
33.153224043715845	4930	1
33.158907103825136	8587	1
33.17770491803279	3190	1
33.179453551912566	9344	1
33.189945355191256	5928	1
33.193224043715844	5198	1
33.20196721311475	6378	1
33.22065573770492	6103	1
33.22792349726776	9788	1
33.23431693989071	9045	1
33.26612021857923	8433	1
33.27415300546448	5659	1
33.3020218579235	1085	1
33.32846994535519	8771	1
33.33524590163935	7065	1
33.355409836065576	8176	1
33.358360655737705	4502	1
33.40125683060109	1934	1
33.41060109289617	4449	1
33.41590163934426	3290	1
33.43672131147541	6732	1
33.45486338797814	6680	1
33.45606557377049	8412	1
33.458688524590166	3009	1
33.463879781420765	3678	1
33.46398907103825	3174	1
33.48836065573771	1778	1
33.48956284153005	2284	1
33.506830601092894	8520	1
33.53732240437159	2092	1
33.590327868852455	1054	1
33.59639344262295	7910	1
33.6055737704918	852	1
33.61147540983607	2540	1
33.61688524590164	9244	1
33.636721311475405	9427	1
33.639726775956284	5919	1
33.664043715846994	6775	1
33.692185792349726	5297	1
33.695901639344264	292	1
33.71333333333333	3627	1
33.728524590163936	7427	1
33.72879781420765	4041	1
33.73989071038251	5344	1
33.75448087431694	8229	1
33.76967213114754	9254	1
33.7848087431694	7339	1
33.78978142076503	7281	1
33.790218579234974	8592	1
33.79229508196721	2456	1
33.82945355191257	3442	1
33.8524043715847	2788	1
33.86983606557377	9296	1
33.92136612021858	2204	1
33.92956284153006	2653	1
33.93453551912568	9128	1
33.96595628415301	519	1
33.9675956284153	7119	1
33.97693989071038	7473	1
33.993114754098364	9456	1
34.007650273224044	883	1
34.02437158469945	9778	1
34.051475409836065	9033	1
34.073442622950814	7578	1
34.10677595628415	7344	1
34.110273224043716	3363	1
34.12939890710383	5173	1
34.12945355191257	4491	1
34.13071038251366	1847	1
34.13770491803279	1528	1
34.14825136612022	1935	1
34.163715846994535	1759	1
34.19021857923497	2998	1
34.195464480874314	7990	1
34.202295081967215	7083	1
34.210109289617485	8660	1
34.210491803278686	743	1
34.23262295081967	667	1
34.24174863387978	5954	1
34.27655737704919	3690	1
34.296229508196724	3226	1
34.303989071038245	4855	1
34.309289617486336	4835	1
34.318360655737706	4971	1
34.32825136612021	5779	1
34.34677595628415	6937	1
34.35639344262295	8022	1
34.3955737704918	6897	1
34.39628415300547	9140	1
34.39781420765028	3239	1
34.430928961748634	8071	1
34.43584699453552	7752	1
34.45404371584699	4296	1
34.46896174863388	458	1
34.4775956284153	1902	1
34.48032786885246	1418	1
34.48153005464481	8044	1
34.49202185792349	1669	1
34.518196721311476	7902	1
34.53289617486339	8068	1
34.53289617486339	8190	1
34.53415300546448	9406	1
34.5444262295082	4413	1
34.55027322404372	1988	1
34.55475409836066	6619	1
34.56120218579235	1611	1
34.564098360655734	6418	1
34.617759562841535	7183	1
34.64601092896175	7004	1
34.676448087431694	8517	1
34.67994535519126	9636	1
34.70245901639345	6214	1
34.7107650273224	146	1
34.714972677595625	9469	1
34.71885245901639	2592	1
34.79262295081968	7749	1
34.80672131147541	8511	1
34.819398907103825	121	1
34.8244262295082	2146	1
34.84169398907104	4	1
34.84224043715847	8951	1
34.8503825136612	7930	1
34.862459016393444	6168	1
34.86857923497268	1006	1
34.86939890710383	3582	1
34.87120218579235	1772	1
34.876994535519124	4887	1
34.87978142076503	7251	1
34.88060109289617	2977	1
34.89120218579235	4430	1
34.89546448087432	8178	1
34.89704918032787	7488	1
34.90901639344262	17	1
34.9155737704918	2812	1
34.926448087431694	3731	1
34.93327868852459	5242	1
34.933551912568305	7020	1
34.95551912568306	513	1
34.97185792349727	8167	1
34.97989071038251	1867	1
34.98158469945355	3768	1
34.99224043715847	1134	1
34.99617486338798	8003	1
35.003114754098355	222	1
35.003169398907104	3157	1
35.00901639344262	6292	1
35.01120218579235	7880	1
35.01453551912568	6448	1
35.01989071038251	4581	1
35.02163934426229	3093	1
35.07344262295082	4128	1
35.08469945355191	8829	1
35.08601092896175	7012	1
35.0879781420765	7452	1
35.10502732240437	8430	1
35.10590163934426	6676	1
35.106120218579235	431	1
35.10928961748634	5884	1
35.12256830601093	2418	1
35.13169398907104	1565	1
35.13628415300547	5131	1
35.146885245901636	6140	1
35.15360655737705	7570	1
35.15469945355191	6030	1
35.15748633879781	6079	1
35.167431693989066	6737	1
35.18338797814208	851	1
35.19464480874317	613	1
35.19502732240437	4304	1
35.2448087431694	8240	1
35.271967213114756	3803	1
35.30021857923497	8416	1
35.30530054644809	8328	1
35.312295081967214	8928	1
35.32027322404372	5828	1
35.333934426229504	2097	1
35.34475409836065	8313	1
35.34693989071038	7240	1
35.347103825136614	8368	1
35.35825136612022	9493	1
35.363114754098355	6166	1
35.38398907103825	5609	1
35.407322404371584	1876	1
35.408032786885244	367	1
35.411475409836065	998	1
35.44415300546448	3695	1
35.44830601092896	3617	1
35.45994535519125	3868	1
35.46213114754099	5278	1
35.464316939890715	294	1
35.502786885245904	4460	1
35.50333333333334	9485	1
35.50661202185792	5899	1
35.52830601092896	5423	1
35.55754098360656	7965	1
35.56071038251366	1893	1
35.56273224043716	1612	1
35.57890710382514	2726	1
35.57983606557377	5178	1
35.58366120218579	5002	1
35.58710382513661	3403	1
35.59551912568306	1385	1
35.597486338797815	5374	1
35.59928961748634	7710	1
35.600109289617485	3243	1
35.60939890710383	6438	1
35.61453551912568	8789	1
35.61464480874317	8693	1
35.6155737704918	9482	1
35.628524590163934	1377	1
35.66699453551912	3801	1
35.68907103825136	7265	1
35.700437158469946	4687	1
35.751584699453545	7060	1
35.75934426229508	1806	1
35.7596174863388	6945	1
35.76573770491803	9165	1
35.77852459016393	6312	1
35.78715846994535	3958	1
35.810819672131146	4747	1
35.81469945355191	1347	1
35.824972677595625	4011	1
35.82863387978142	5777	1
35.837267759562835	4740	1
35.84043715846994	8681	1
35.845573770491804	1198	1
35.88142076502732	4028	1
35.88726775956284	6216	1
35.88765027322404	9409	1
35.88912568306011	6694	1
35.89229508196721	5255	1
35.908469945355186	1961	1
35.90857923497268	8998	1
35.92262295081967	2105	1
35.96486338797814	2288	1
35.96661202185792	8760	1
35.96841530054645	9830	1
35.97163934426229	445	1
35.973278688524594	3065	1
35.97639344262295	5298	1
35.98584699453552	9473	1
35.98967213114754	5459	1
36.007923497267754	8257	1
36.01306010928962	9119	1
36.0272131147541	9887	1
36.03049180327869	1096	1
36.033060109289615	9692	1
36.04666666666666	4874	1
36.048032786885244	3127	1
36.05174863387978	8043	1
36.060874316939895	3361	1
36.07333333333333	3832	1
36.075027322404374	3872	1
36.080601092896174	7236	1
36.082185792349726	2437	1
36.1179781420765	2429	1
36.11912568306011	7745	1
36.12508196721311	7178	1
36.125245901639346	7459	1
36.130327868852454	7835	1
36.13841530054645	6604	1
36.17770491803279	9149	1
36.236721311475414	6255	1
36.255519125683065	6155	1
36.290327868852465	1603	1
36.290983606557376	6165	1
36.2951912568306	2285	1
36.305901639344256	8948	1
36.32360655737705	999	1
36.326502732240435	845	1
36.329945355191256	9421	1
36.34065573770492	875	1
36.34535519125683	6856	1
36.34743169398907	2972	1
36.36256830601093	6733	1
36.36683060109289	5454	1
36.37234972677596	3851	1
36.3727868852459	2882	1
36.37327868852459	5083	1
36.37803278688524	2277	1
36.40131147540984	2834	1
36.4292349726776	3482	1
36.43677595628415	7739	1
36.44639344262295	1354	1
36.45612021857924	5003	1
36.4603825136612	2077	1
36.466885245901636	2167	1
36.48688524590164	6349	1
36.49901639344262	1780	1
36.50497267759563	7293	1
36.50573770491803	4686	1
36.52808743169399	2695	1
36.53655737704918	1297	1
36.54333333333333	5385	1
36.58049180327868	1619	1
36.58273224043716	9363	1
36.5931693989071	3497	1
36.61153005464481	4250	1
36.616939890710384	2493	1
36.624153005464485	4511	1
36.64781420765027	8537	1
36.65765027322404	7341	1
36.665136612021854	6206	1
36.66655737704918	5489	1
36.67464480874317	4167	1
36.679508196721315	4249	1
36.6824043715847	1328	1
36.68491803278688	3346	1
36.69710382513661	1671	1
36.70202185792349	829	1
36.711748633879786	7941	1
36.72087431693989	869	1
36.746448087431695	1069	1
36.7735519125683	1094	1
36.77579234972678	3993	1
36.777759562841524	1455	1
36.79010928961748	669	1
36.8407650273224	7814	1
36.85174863387979	2281	1
36.881256830601096	4333	1
36.89874316939891	2756	1
36.907377049180326	2808	1
36.91169398907103	1357	1
36.91459016393442	9173	1
36.916065573770496	9101	1
36.924043715847	271	1
36.92907103825137	8222	1
36.930601092896175	2415	1
36.93606557377049	182	1
36.93786885245901	4772	1
36.95945355191257	5680	1
36.96617486338798	8131	1
36.966939890710385	5021	1
36.97103825136612	6161	1
36.97420765027322	9403	1
36.97551912568306	9327	1
36.981530054644814	1266	1
37.005355191256825	4203	1
37.008142076502736	7361	1
37.018797814207645	2080	1
37.03431693989071	5934	1
37.04174863387978	5038	1
37.069398907103825	8362	1
37.078360655737704	4627	1
37.08125683060109	2962	1
37.084699453551906	2173	1
37.098196721311474	4865	1
37.10174863387978	7184	1
37.10218579234972	4711	1
37.11032786885246	2841	1
37.133442622950824	393	1
37.15950819672131	8017	1
37.17060109289618	6507	1
37.18125683060109	18	1
37.196721311475414	7414	1
37.20087431693989	3460	1
37.20322404371585	2793	1
37.214262295081966	4354	1
37.22562841530055	9217	1
37.24338797814208	5670	1
37.26420765027323	3953	1
37.31371584699453	4068	1
37.31672131147541	4133	1
37.31874316939891	8098	1
37.335081967213114	4266	1
37.337322404371584	4067	1
37.34978142076503	3643	1
37.35147540983607	9086	1
37.377923497267766	4055	1
37.38333333333333	7672	1
37.39743169398908	9267	1
37.401092896174866	3212	1
37.410437158469946	3508	1
37.42207650273224	9662	1
37.44054644808743	6692	1
37.472513661202186	1269	1
37.475792349726774	1404	1
37.481366120218574	5043	1
37.49273224043716	975	1
37.49469945355192	2164	1
37.49967213114754	5805	1
37.51054644808743	1430	1
37.53142076502732	7603	1
37.533060109289615	2433	1
37.53530054644809	925	1
37.53770491803279	2667	1
37.54868852459016	2730	1
37.562786885245906	8324	1
37.57333333333334	9044	1
37.573934426229506	3186	1
37.57546448087431	485	1
37.58540983606557	4466	1
37.585956284153006	2407	1
37.587322404371584	7568	1
37.59016393442623	3688	1
37.61207650273224	6148	1
37.613551912568305	6144	1
37.615081967213115	7788	1
37.62393442622951	3173	1
37.62530054644808	6700	1
37.6303825136612	7046	1
37.634098360655734	4534	1
37.6375956284153	3285	1
37.645956284153	6690	1
37.661092896174864	3727	1
37.69879781420765	7769	1
37.70092896174864	3322	1
37.72415300546448	864	1
37.72551912568306	3825	1
37.73994535519126	686	1
37.75251366120219	1763	1
37.75524590163935	1788	1
37.766666666666666	7280	1
37.76874316939891	1632	1
37.771147540983605	798	1
37.786939890710386	7502	1
37.78743169398907	1986	1
37.81202185792349	7419	1
37.83994535519126	9768	1
37.847431693989066	3747	1
37.85103825136612	3781	1
37.85136612021858	4398	1
37.854699453551916	7262	1
37.86568306010929	4409	1
37.878196721311475	167	1
37.885737704918036	2230	1
37.892349726775954	1551	1
37.895737704918034	4806	1
37.89704918032787	6623	1
37.91699453551912	4278	1
37.92453551912568	6717	1
37.93371584699454	8698	1
37.93530054644809	4716	1
37.950382513661204	4578	1
37.97704918032787	532	1
37.979672131147545	6208	1
37.994098360655734	9682	1
37.99437158469945	7508	1
38.00196721311475	3649	1
38.00704918032787	2315	1
38.0103825136612	4084	1
38.01398907103825	8818	1
38.0224043715847	2139	1
38.02404371584699	9850	1
38.0251912568306	6453	1
38.03666666666667	7113	1
38.06934426229508	6334	1
38.072349726775954	2712	1
38.08612021857923	4168	1
38.092295081967215	601	1
38.09234972677595	9476	1
38.105409836065576	757	1
38.10781420765027	7987	1
38.11306010928962	5589	1
38.150601092896174	2254	1
38.159562841530054	4800	1
38.1624043715847	1522	1
38.166393442622955	6723	1
38.17131147540984	2	1
38.171967213114755	8057	1
38.17245901639345	4016	1
38.18453551912568	940	1
38.19579234972677	6075	1
38.19846994535519	7717	1
38.200327868852455	8688	1
38.20092896174864	9709	1
38.20497267759563	1871	1
38.20808743169399	7292	1
38.21185792349726	198	1
38.224316939890706	3771	1
38.24087431693989	7911	1
38.24349726775956	3654	1
38.24535519125683	2471	1
38.246448087431695	8325	1
38.249016393442616	4762	1
38.24978142076503	2703	1
38.250218579234975	7841	1
38.25513661202186	9253	1
38.2575956284153	6416	1
38.26551912568306	503	1
38.26967213114754	3083	1
38.269945355191254	460	1
38.27300546448087	6190	1
38.27699453551912	6848	1
38.28213114754099	2257	1
38.292076502732236	2411	1
38.29688524590164	6288	1
38.300382513661205	747	1
38.30065573770492	8733	1
38.30606557377049	11	1
38.3096174863388	3021	1
38.314590163934426	4074	1
38.31579234972677	280	1
38.323169398907105	1517	1
38.334153005464486	3805	1
38.33726775956284	9728	1
38.34071038251366	8697	1
38.34344262295082	2420	1
38.34459016393443	3531	1
38.35087431693989	9554	1
38.352732240437156	1709	1
38.35322404371584	7397	1
38.35606557377049	6048	1
38.35677595628415	9806	1
38.3627868852459	7729	1
38.37284153005464	573	1
38.375136612021855	2258	1
38.39393442622951	4186	1
38.39644808743169	3139	1
38.40677595628415	4094	1
38.408087431693986	4240	1
38.412240437158474	7159	1
38.41699453551912	2755	1
38.423825136612024	1874	1
38.42688524590164	2214	1
38.43043715846995	5440	1
38.43879781420765	175	1
38.44005464480874	2980	1
38.4407650273224	3319	1
38.442513661202184	5847	1
38.442568306010934	8704	1
38.44907103825137	2313	1
38.45584699453552	1314	1
38.46770491803279	4368	1
38.468360655737705	3659	1
38.47109289617486	9567	1
38.47142076502732	8561	1
38.48879781420765	8823	1
38.49049180327869	8675	1
38.49415300546448	8874	1
38.496885245901645	2585	1
38.49748633879781	7919	1
38.4987431693989	1569	1
38.51530054644809	8612	1
38.52426229508197	5959	1
38.52743169398907	2795	1
38.52803278688524	5037	1
38.534918032786884	6106	1
38.53814207650273	8649	1
38.53994535519126	5558	1
38.545081967213115	9500	1
38.54868852459016	2359	1
38.55459016393443	5603	1
38.58387978142077	9364	1
38.59950819672131	1346	1
38.6155737704918	5966	1
38.62043715846995	8711	1
38.62136612021858	8551	1
38.63622950819672	5422	1
38.638251366120215	86	1
38.63890710382513	2762	1
38.64065573770491	6969	1
38.64868852459016	5452	1
38.65049180327869	1220	1
38.65071038251366	4014	1
38.654043715846996	5427	1
38.66874316939891	9441	1
38.67448087431694	6392	1
38.67453551912568	9732	1
38.6827868852459	7312	1
38.68650273224044	3751	1
38.694426229508196	653	1
38.70770491803278	9743	1
38.71448087431693	7278	1
38.71814207650274	5533	1
38.720218579234974	7678	1
38.72295081967213	6327	1
38.727322404371584	9134	1
38.72890710382514	8598	1
38.73377049180328	250	1
38.73672131147541	6357	1
38.74398907103826	7802	1
38.75344262295082	8512	1
38.75508196721311	4388	1
38.76311475409836	8934	1
38.76907103825136	1180	1
38.77945355191257	8450	1
38.78344262295082	5657	1
38.79163934426229	4779	1
38.80338797814208	7561	1
38.806721311475414	3509	1
38.81207650273224	1769	1
38.81819672131147	9324	1
38.822732240437155	755	1
38.82737704918033	1832	1
38.83087431693989	4588	1
38.83459016393443	5237	1
38.8503825136612	4998	1
38.865355191256825	1573	1
38.87081967213115	7537	1
38.881530054644806	6595	1
38.88890710382513	9315	1
38.90874316939891	9849	1
38.91060109289618	2184	1
38.91234972677596	153	1
38.9175956284153	5634	1
38.92256830601092	215	1
38.92896174863388	5856	1
38.929781420765025	2524	1
38.951038251366114	5386	1
38.95366120218579	5416	1
38.95366120218579	7078	1
38.9555737704918	8884	1
38.95628415300547	8596	1
38.95890710382514	7545	1
38.964262295081966	6393	1
38.96901639344262	7942	1
38.97775956284153	4778	1
38.979234972677595	103	1
38.98010928961748	6881	1
38.99098360655738	6185	1
38.99584699453552	7760	1
38.999508196721315	7137	1
39.000546448087434	3230	1
39.004699453551915	9853	1
39.0103825136612	2179	1
39.04448087431694	2123	1
39.056666666666665	8852	1
39.05726775956284	2792	1
39.057868852459016	4297	1
39.077267759562844	2676	1
39.082404371584694	4786	1
39.08622950819672	2253	1
39.08841530054645	6197	1
39.095628415300546	9980	1
39.100054644808736	6512	1
39.10546448087432	6442	1
39.106448087431694	4679	1
39.10808743169399	9299	1
39.110218579234974	3834	1
39.1124043715847	5114	1
39.120273224043714	2603	1
39.122513661202184	3956	1
39.127049180327866	9808	1
39.12748633879781	7809	1
39.134098360655734	3464	1
39.140546448087434	7581	1
39.14158469945355	285	1
39.15038251366121	4309	1
39.15125683060109	873	1
39.154754098360655	5718	1
39.16016393442622	6394	1
39.161857923497266	672	1
39.19109289617486	8126	1
39.19224043715847	8023	1
39.21349726775956	3632	1
39.22010928961748	46	1
39.22863387978142	649	1
39.22863387978142	2733	1
39.23081967213115	8488	1
39.24092896174863	9941	1
39.24617486338798	2915	1
39.24967213114754	2085	1
39.250491803278685	1248	1
39.25475409836066	328	1
39.2624043715847	3516	1
39.26601092896175	7629	1
39.26901639344263	8347	1
39.277158469945356	671	1
39.27732240437158	9730	1
39.27874316939891	4804	1
39.28295081967213	317	1
39.312295081967214	942	1
39.32218579234973	6876	1
39.324699453551915	8491	1
39.327322404371586	4690	1
39.33819672131147	3229	1
39.34153005464481	1355	1
39.35393442622951	3430	1
39.35972677595628	1701	1
39.39114754098361	2044	1
39.39366120218579	2349	1
39.39622950819672	7687	1
39.39666666666667	5204	1
39.40366120218579	741	1
39.40781420765027	8319	1
39.4183606557377	729	1
39.42224043715847	2295	1
39.42333333333334	1184	1
39.4320218579235	542	1
39.43786885245901	3164	1
39.43939890710383	8339	1
39.44562841530055	9943	1
39.445846994535515	108	1
39.45153005464481	828	1
39.45617486338798	8225	1
39.45901639344262	8332	1
39.46	5438	1
39.46502732240437	9810	1
39.467267759562844	5975	1
39.46901639344262	3630	1
39.47125683060109	3003	1
39.482295081967216	4542	1
39.48535519125683	6930	1
39.500163934426226	4371	1
39.51540983606557	5501	1
39.52049180327869	4815	1
39.53448087431694	1241	1
39.53513661202186	6188	1
39.53568306010929	55	1
39.56109289617486	2358	1
39.56153005464481	8936	1
39.566393442622946	7196	1
39.570928961748635	556	1
39.57147540983607	9335	1
39.5744262295082	8610	1
39.58109289617486	1379	1
39.58726775956284	2748	1
39.588852459016394	3116	1
39.58978142076502	6990	1
39.589945355191254	9247	1
39.5979781420765	1810	1
39.59841530054645	3137	1
39.6251912568306	4968	1
39.639726775956284	6530	1
39.641530054644804	430	1
39.64737704918033	7989	1
39.67103825136612	7279	1
39.69469945355191	297	1
39.704207650273226	1545	1
39.70617486338798	194	1
39.71382513661202	5160	1
39.71568306010929	4513	1
39.72612021857923	5488	1
39.7324043715847	928	1
39.746120218579236	2625	1
39.79431693989071	3073	1
39.80021857923497	646	1
39.80131147540983	5638	1
39.81158469945355	6069	1
39.82371584699453	2473	1
39.8335519125683	4003	1
39.85693989071038	6138	1
39.86289617486339	451	1
39.87016393442623	2768	1
39.87300546448087	2859	1
39.87617486338797	6203	1
39.87945355191257	3623	1
39.882240437158465	1736	1
39.88726775956284	5218	1
39.8903825136612	9704	1
39.891693989071044	8499	1
39.89300546448088	1848	1
39.9079781420765	5282	1
39.910437158469946	22	1
39.917486338797815	7641	1
39.92174863387979	6300	1
39.926448087431694	7064	1
39.927267759562845	1520	1
39.92743169398907	1634	1
39.93158469945355	2994	1
39.94491803278689	5358	1
39.9520218579235	581	1
39.9555737704918	9150	1
39.95628415300547	2095	1
39.95814207650273	6181	1
39.9587431693989	7842	1
39.960437158469944	6688	1
39.96879781420765	2483	1
39.97234972677596	5211	1
39.98994535519125	3791	1
39.990765027322404	263	1
39.99344262295082	6350	1
40.00153005464481	5868	1
40.00207650273224	5412	1
40.0079781420765	5941	1
40.012896174863386	2221	1
40.01502732240437	9372	1
40.015464480874314	1655	1
40.020765027322405	3356	1
40.02879781420765	2681	1
40.030491803278686	3355	1
40.032021857923496	89	1
40.04196721311475	8588	1
40.044371584699455	6377	1
40.04551912568306	4530	1
40.053661202185786	7706	1
40.05540983606557	7418	1
40.05972677595628	5547	1
40.0679781420765	6919	1
40.06934426229508	7034	1
40.07464480874317	7170	1
40.08983606557377	6489	1
40.09907103825137	4366	1
40.10972677595628	5818	1
40.118087431693986	132	1
40.12158469945355	2328	1
40.12928961748634	7868	1
40.14207650273224	9781	1
40.14218579234973	6885	1
40.14863387978142	2976	1
40.16136612021858	7409	1
40.16207650273224	6963	1
40.18295081967213	8724	1
40.19240437158469	8188	1
40.20174863387978	5336	1
40.23928961748634	5106	1
40.26639344262295	2769	1
40.26874316939891	3598	1
40.271967213114756	5736	1
40.27202185792349	1411	1
40.28300546448087	715	1
40.28469945355191	2083	1
40.289453551912565	4610	1
40.291420765027326	1082	1
40.31060109289617	1290	1
40.3127868852459	5969	1
40.31770491803278	970	1
40.34765027322405	6938	1
40.35218579234972	5878	1
40.36289617486339	3713	1
40.37087431693989	4601	1
40.38699453551912	8326	1
40.39469945355191	6940	1
40.39606557377049	2869	1
40.41092896174864	1663	1
40.416338797814205	3904	1
40.418907103825134	61	1
40.43191256830601	6576	1
40.44459016393442	492	1
40.4468306010929	5582	1
40.458579234972674	1595	1
40.46169398907104	7081	1
40.468251366120214	3994	1
40.46939890710382	6107	1
40.47590163934426	4695	1
40.48043715846995	971	1
40.51540983606558	6762	1
40.516612021857924	1576	1
40.531530054644804	3200	1
40.53950819672131	5174	1
40.55868852459016	8999	1
40.56065573770492	9872	1
40.568306010928964	2867	1
40.57054644808743	9413	1
40.57295081967213	4602	1
40.57409836065574	4868	1
40.58672131147541	8342	1
40.59021857923497	4718	1
40.597868852459015	6628	1
40.6044262295082	9218	1
40.606885245901644	3869	1
40.60792349726776	8238	1
40.617322404371585	1651	1
40.618087431693986	9741	1
40.618469945355194	7211	1
40.621748633879776	8968	1
40.63770491803279	2327	1
40.65224043715847	1913	1
40.658907103825136	4942	1
40.659617486338796	8401	1
40.662896174863384	2872	1
40.670054644808744	5545	1
40.68409836065574	1454	1
40.68491803278689	1436	1
40.69163934426229	5664	1
40.69267759562841	8109	1
40.69601092896175	8424	1
40.69612021857923	3696	1
40.69715846994535	7726	1
40.69808743169399	706	1
40.69907103825136	5463	1
40.70710382513661	3841	1
40.71218579234972	4591	1
40.71737704918033	9289	1
40.72	8154	1
40.722021857923494	4438	1
40.74103825136612	5594	1
40.74180327868852	6847	1
40.749453551912566	1602	1
40.75617486338798	3125	1
40.77584699453552	4246	1
40.77754098360656	8647	1
40.78360655737705	2244	1
40.7944262295082	4838	1
40.807486338797816	8849	1
40.80983606557377	952	1
40.81502732240437	5300	1
40.81852459016393	7976	1
40.821639344262294	5846	1
40.825519125683066	1800	1
40.83311475409836	7628	1
40.84306010928962	2249	1
40.845245901639345	7128	1
40.846721311475406	6988	1
40.84830601092896	6761	1
40.85092896174863	6655	1
40.86327868852459	4811	1
40.87918032786885	6698	1
40.883387978142075	7433	1
40.89185792349727	5865	1
40.91	125	1
40.91420765027322	101	1
40.91530054644809	1166	1
40.94377049180328	9092	1
40.95836065573771	349	1
40.95885245901639	7226	1
40.96540983606557	4114	1
40.98311475409836	9970	1
40.98765027322404	4660	1
41.00087431693989	6798	1
41.00748633879782	5247	1
41.01540983606558	6826	1
41.02513661202186	6456	1
41.04524590163934	9085	1
41.05163934426229	225	1
41.05814207650273	893	1
41.07060109289617	9992	1
41.07256830601093	9200	1
41.0851912568306	7563	1
41.10699453551912	5019	1
41.10863387978142	7783	1
41.13344262295082	3947	1
41.13655737704918	6346	1
41.151366120218576	1313	1
41.15546448087432	6431	1
41.16256830601093	7181	1
41.17852459016393	8816	1
41.18672131147541	3224	1
41.18710382513662	51	1
41.188142076502736	3117	1
41.1896174863388	2668	1
41.19311475409836	668	1
41.20234972677596	801	1
41.211256830601094	5871	1
41.22087431693989	179	1
41.222513661202186	740	1
41.22338797814208	1431	1
41.228415300546445	8101	1
41.23655737704918	5327	1
41.253224043715846	4486	1
41.258743169398905	3303	1
41.26163934426229	4611	1
41.27262295081967	1150	1
41.30267759562841	8084	1
41.314808743169394	6467	1
41.3203825136612	4272	1
41.32338797814208	7748	1
41.329125683060106	813	1
41.33945355191257	350	1
41.34387978142076	4355	1
41.344918032786886	6660	1
41.35377049180328	6376	1
41.35786885245901	4424	1
41.36065573770492	3870	1
41.36437158469945	4147	1
41.366612021857925	9068	1
41.368469945355194	262	1
41.368524590163936	7243	1
41.37191256830601	9915	1
41.37715846994536	9032	1
41.378852459016386	4402	1
41.38775956284153	1863	1
41.39262295081967	9283	1
41.407759562841534	6354	1
41.409562841530054	8137	1
41.409617486338796	3169	1
41.41655737704918	6370	1
41.423442622950816	5974	1
41.4348087431694	2342	1
41.43606557377049	3746	1
41.43841530054645	3108	1
41.451256830601096	9133	1
41.45453551912568	4818	1
41.460437158469944	161	1
41.46191256830601	4489	1
41.47786885245902	3922	1
41.48344262295082	841	1
41.48426229508197	2675	1
41.48907103825137	9429	1
41.5055737704918	1858	1
41.507595628415295	2614	1
41.52426229508197	6711	1
41.539890710382515	6497	1
41.54612021857923	73	1
41.54972677595629	2049	1
41.558469945355185	1615	1
41.55978142076502	7103	1
41.5692349726776	7321	1
41.573551912568306	4810	1
41.57426229508197	4427	1
41.581092896174866	3865	1
41.58754098360656	5331	1
41.5935519125683	2195	1
41.597103825136614	5075	1
41.621038251366116	2070	1
41.636010928961745	3162	1
41.63710382513661	8493	1
41.64666666666667	9397	1
41.656557377049175	6983	1
41.671967213114755	7558	1
41.672076502732246	9539	1
41.68448087431694	8465	1
41.684699453551914	7762	1
41.686885245901635	5248	1
41.69573770491803	3274	1
41.696994535519124	2090	1
41.71491803278688	1782	1
41.71601092896175	3133	1
41.731857923497266	8994	1
41.73311475409836	2457	1
41.74426229508197	991	1
41.74918032786885	582	1
41.75289617486339	9454	1
41.75333333333333	4688	1
41.75939890710382	8986	1
41.76956284153005	2948	1
41.77131147540983	4394	1
41.77437158469945	8925	1
41.784699453551916	3420	1
41.78584699453552	946	1
41.78639344262295	4799	1
41.78737704918032	2887	1
41.799617486338796	7971	1
41.804043715846994	9176	1
41.815027322404376	9457	1
41.816393442622946	8575	1
41.81885245901639	2149	1
41.829508196721314	8953	1
41.86153005464481	5199	1
41.864972677595624	962	1
41.87081967213115	9492	1
41.87131147540983	5916	1
41.87661202185792	9772	1
41.88087431693989	7437	1
41.88628415300546	5561	1
41.88890710382513	97	1
41.89377049180328	2546	1
41.91142076502732	4676	1
41.912185792349725	907	1
41.92213114754098	8929	1
41.92622950819672	9306	1
41.93808743169399	6440	1
41.943333333333335	7010	1
41.94338797814208	1708	1
41.950765027322404	9511	1
41.96666666666667	9998	1
41.96994535519126	2746	1
41.9744262295082	6573	1
41.98398907103825	7791	1
41.98693989071038	9210	1
41.98994535519125	1315	1
41.99054644808743	8720	1
41.99103825136612	3401	1
42.0096174863388	157	1
42.01672131147541	2508	1
42.03065573770492	6141	1
42.044316939890706	1113	1
42.0451912568306	7527	1
42.048142076502735	2393	1
42.051475409836065	652	1
42.061256830601096	8191	1
42.063060109289616	2331	1
42.08382513661202	6347	1
42.0851912568306	708	1
42.09896174863388	9157	1
42.099398907103826	6608	1
42.1164480874317	2111	1
42.118524590163936	8179	1
42.128306010928966	8162	1
42.12945355191257	8893	1
42.14213114754098	7407	1
42.1672131147541	7756	1
42.177213114754096	6715	1
42.17814207650273	5776	1
42.188032786885245	4236	1
42.201912568306014	9029	1
42.212240437158464	7075	1
42.229562841530054	6545	1
42.230382513661205	8523	1
42.23202185792349	5251	1
42.23202185792349	9175	1
42.239672131147536	6256	1
42.24147540983607	979	1
42.24693989071039	8717	1
42.24732240437158	1098	1
42.24770491803279	5707	0
42.25295081967213	2194	1
42.260273224043715	2968	1
42.2607650273224	2936	1
42.261366120218575	4292	1
42.26338797814207	2974	1
42.26464480874317	8041	1
42.269289617486336	4197	1
42.2720218579235	536	1
42.272896174863384	5047	1
42.27295081967213	1783	1
42.27683060109289	710	1
42.27704918032787	654	1
42.27846994535519	1764	1
42.291748633879784	1518	1
42.30196721311475	5518	1
42.302622950819675	8885	1
42.30437158469945	4577	1
42.310109289617486	8095	1
42.32901639344263	641	1
42.33202185792349	8367	1
42.3327868852459	9495	1
42.337759562841526	5568	1
42.34049180327869	9489	1
42.34131147540984	2860	1
42.34814207650273	3100	1
42.355300546448085	9665	1
42.35551912568306	1471	1
42.359836065573774	5867	1
42.359836065573774	2750	1
42.36169398907104	3681	1
42.36196721311476	1075	1
42.36967213114754	8599	1
42.37420765027322	4781	1
42.377049180327866	5714	1
42.378579234972676	364	1
42.383387978142075	1698	1
42.4168306010929	5976	1
42.435464480874316	195	1
42.44344262295082	1589	1
42.44398907103825	5729	1
42.453278688524584	9683	1
42.45612021857924	1965	1
42.45737704918033	2666	1
42.46196721311475	1190	1
42.48016393442622	6896	1
42.48366120218579	7223	1
42.48535519125683	9203	1
42.48989071038252	1243	1
42.50229508196722	2894	1
42.50382513661202	8514	1
42.51377049180328	1825	1
42.54568306010929	2661	1
42.5475956284153	8336	1
42.555901639344256	9477	1
42.56180327868852	1563	1
42.56333333333333	6621	1
42.566393442622946	3391	1
42.57081967213115	5340	1
42.57174863387978	5678	1
42.57693989071038	9661	1
42.590054644808745	859	1
42.604316939890715	750	1
42.61502732240437	9320	1
42.61737704918033	5347	1
42.61978142076503	6	1
42.61978142076503	2651	1
42.62262295081967	7205	1
42.62387978142076	4518	1
42.63169398907104	7819	1
42.636338797814204	7711	1
42.64360655737705	2320	1
42.65147540983607	6019	1
42.65819672131147	4207	1
42.66163934426229	4673	1
42.664098360655736	3797	1
42.66907103825137	4303	1
42.679398907103824	5841	1
42.68901639344262	3030	1
42.70513661202185	394	1
42.71584699453552	2649	1
42.71726775956284	3371	1
42.725081967213114	7288	1
42.753114754098355	8696	1
42.75338797814207	9958	1
42.755027322404366	2673	1
42.7563387978142	7956	1
42.76016393442623	4963	1
42.76754098360656	9653	1
42.77349726775956	8967	1
42.80497267759563	7996	1
42.80568306010929	3889	1
42.81972677595628	1837	1
42.820546448087434	1688	1
42.82606557377049	6424	1
42.828360655737704	2865	1
42.83535519125683	379	1
42.847103825136614	9393	1
42.87431693989071	8954	1
42.87808743169399	7573	1
42.87836065573771	4872	1
42.8816393442623	3646	1
42.88765027322404	9386	1
42.8879781420765	6476	1
42.915628415300546	8990	1
42.9168306010929	2299	1
42.91825136612022	7014	1
42.91896174863388	4026	1
42.92180327868853	2455	1
42.922732240437156	5601	1
42.93300546448087	188	1
42.961256830601094	5078	1
42.97043715846994	3961	1
42.97639344262295	5017	1
42.97683060109289	40	1
42.98016393442622	1814	1
42.98546448087431	9718	1
42.99693989071038	9981	1
43.00661202185792	2145	1
43.02098360655738	8796	1
43.02546448087432	691	1
43.031639344262295	3175	1
43.035792349726776	4880	1
43.041038251366125	1510	1
43.04890710382514	234	1
43.05726775956284	3742	1
43.08896174863388	6470	1
43.10573770491803	455	1
43.10896174863388	953	1
43.10901639344262	8353	1
43.11398907103825	5161	1
43.1148087431694	6057	1
43.12311475409836	2606	1
43.13284153005465	2028	1
43.137486338797814	5692	1
43.14147540983607	6150	1
43.142404371584696	5179	1
43.14710382513661	3636	1
43.156885245901634	8264	1
43.15748633879781	9748	1
43.15923497267759	1938	1
43.16245901639344	6824	1
43.19409836065574	6880	1
43.1983606557377	6051	1
43.20852459016394	230	1
43.21989071038251	8377	1
43.22601092896175	4146	1
43.23540983606558	2927	1
43.235956284153005	5968	1
43.24049180327869	497	1
43.26830601092896	5535	1
43.27699453551912	2373	1
43.30316939890711	1694	1
43.30530054644809	9750	1
43.31956284153006	4734	1
43.33071038251366	2631	1
43.33196721311476	128	1
43.33415300546448	540	1
43.334863387978146	8757	1
43.339344262295086	3859	1
43.34202185792349	256	1
43.34841530054645	2089	1
43.35366120218579	8555	1
43.3620218579235	7768	1
43.37939890710383	2656	1
43.383060109289616	4904	1
43.3968306010929	2165	1
43.40185792349726	3806	1
43.40426229508196	6276	1
43.406174863387974	8457	1
43.41546448087432	4834	1
43.41617486338797	2224	1
43.41808743169399	9865	1
43.4192349726776	2273	1
43.42464480874317	9963	1
43.430163934426226	4282	1
43.45617486338798	4469	1
43.45852459016394	570	1
43.47628415300546	2766	1
43.51808743169399	1173	1
43.52005464480874	8522	1
43.53792349726776	7702	1
43.548469945355194	1085	0
43.54857923497268	783	1
43.55726775956284	3952	1
43.573060109289614	2209	1
43.579508196721314	4873	1
43.586612021857924	2102	1
43.62360655737705	5439	1
43.625136612021855	5259	1
43.6355737704918	5552	1
43.64136612021858	8716	1
43.654043715846996	7624	1
43.66530054644809	2251	1
43.676830601092895	2014	1
43.679453551912566	3645	1
43.682131147540986	590	1
43.68622950819672	719	1
43.70109289617486	2115	1
43.712021857923496	8844	1
43.725792349726774	7712	1
43.767814207650275	2786	1
43.77098360655738	6701	1
43.773387978142075	6650	1
43.77852459016393	7126	1
43.7807650273224	5566	1
43.786502732240436	0	1
