0.022668360655737706	8243	1
0.1375087431693989	52	1
0.1425885245901639	9232	1
0.3700092896174863	5846	1
0.3889814207650273	2553	1
0.40899234972677595	475	1
0.44054262295081964	5673	1
0.5007644808743169	2212	1
0.5294469945355191	5973	1
0.5364863387978143	2752	1
0.5937377049180328	9228	1
0.6004644808743169	1398	1
0.6036775956284153	7152	1
0.6146448087431694	2338	1
0.8741256830601093	2488	1
0.8779726775956285	3196	1
0.9239234972677596	9308	1
1.0292896174863388	3235	1
1.1206065573770492	9869	1
1.1525136612021858	3752	1
1.171896174863388	2434	1
1.299262295081967	9776	1
1.3116120218579235	5656	1
1.3282841530054645	8916	1
1.35775956284153	281	1
1.3580273224043715	5697	1
1.390655737704918	7500	1
1.3946775956284154	2537	1
1.453071038251366	3697	1
1.5172513661202185	5488	1
1.562928961748634	7639	1
1.70051912568306	6943	1
1.7366666666666668	481	1
1.7600601092896175	5175	1
1.8035081967213116	1631	1
1.831912568306011	3384	1
1.8376284153005464	6267	1
1.955415300546448	1167	1
2.0469890710382512	9173	1
2.0728196721311476	7644	1
2.138830601092896	3613	1
2.1541748633879783	6819	1
2.173874316939891	4831	1
2.2751584699453553	9137	1
2.3075901639344263	9276	1
2.450054644808743	1950	1
2.5225081967213114	9013	1
2.5781038251366124	1259	1
2.589120218579235	9151	1
2.6287158469945355	8850	1
2.6439071038251365	8942	1
2.6722076502732244	277	1
2.709584699453552	6735	1
2.7166174863387975	3226	1
2.7350218579234973	812	1
2.742092896174863	3717	1
2.7468907103825133	5526	1
2.763896174863388	9058	1
2.774	2723	1
2.783672131147541	4081	1
2.8013715846994534	6426	1
2.8449726775956283	1190	1
2.8700710382513663	551	1
2.907568306010929	3455	1
2.9745519125683058	9305	1
2.9897431693989067	4769	1
3.002617486338798	9889	1
3.0611967213114757	159	1
3.0976120218579233	8824	1
3.1547322404371587	8732	1
3.1804153005464477	2758	1
3.1804207650273226	9653	1
3.2081147540983608	7680	1
3.240355191256831	6290	1
3.260928961748634	3421	1
3.29975956284153	5368	1
3.3013715846994534	1288	1
3.349743169398907	7583	1
3.3705956284153005	1234	1
3.3865519125683057	3014	1
3.413191256830601	9077	1
3.4475792349726775	8340	1
3.4491693989071037	4205	1
3.49955737704918	5028	1
3.536306010928962	2825	1
3.5796666666666668	2280	1
3.5807868852459017	9423	1
3.606530054644809	1830	1
3.637120218579235	5855	1
3.7167868852459014	1078	1
3.7732349726775958	261	1
3.776715846994535	7322	1
3.80948087431694	8795	1
3.850655737704918	2785	1
3.9188032786885243	7605	1
3.9874918032786884	4053	1
4.009644808743169	9132	1
4.072617486338798	5359	1
4.089169398907104	3721	1
4.147508196721311	5612	1
4.150540983606557	1099	1
4.157	8400	1
4.18311475409836	4446	1
4.184213114754098	4268	1
4.208174863387978	5892	1
4.223513661202185	4563	1
4.275601092896175	1667	1
4.304377049180328	8519	1
4.360693989071039	4732	1
4.478765027322404	5263	1
4.488513661202186	2663	1
4.490054644808743	1301	1
4.493065573770492	612	1
4.495748633879781	8987	1
4.50168306010929	6489	1
4.589808743169399	8576	1
4.634584699453552	2114	1
4.653726775956285	9976	1
4.709404371584699	4905	1
4.764114754098361	4172	1
4.7763442622950825	1844	1
4.7895683060109295	7089	1
4.818366120218579	4880	1
4.848344262295082	5294	1
4.8710054644808745	2773	1
4.919710382513661	7013	1
4.929366120218579	8745	1
5.049912568306011	6691	1
5.07116393442623	8558	1
5.098327868852459	8430	1
5.099234972677596	4310	1
5.1055519125683055	9512	1
5.129185792349727	9672	1
5.167989071038251	8027	1
5.208409836065574	4931	1
5.238650273224043	4832	1
5.3119672131147535	4912	1
5.401475409836065	9763	1
5.604262295081967	9087	1
5.663879781420765	7531	1
5.68136612021858	4385	1
5.692841530054645	1822	1
5.698032786885245	4203	1
5.707595628415301	7530	1
5.877595628415301	156	1
5.919453551912568	4735	1
5.94551912568306	6487	1
6.0191803278688525	2689	1
6.063497267759563	1559	1
6.087814207650273	4660	1
6.190437158469945	1302	1
6.1966120218579235	9078	1
6.206612021857923	6118	1
6.2355191256830595	5551	1
6.244808743169399	7742	1
6.291147540983607	6480	1
6.308415300546448	6153	1
6.310163934426229	6330	1
6.329781420765027	661	1
6.3384699453551905	8730	1
6.347759562841531	5408	1
6.365081967213115	2781	1
6.38655737704918	9281	1
6.3944808743169395	1659	1
6.483825136612022	4610	1
6.494262295081967	8729	1
6.497213114754098	7136	1
6.56792349726776	8288	1
6.612513661202185	3356	1
6.76879781420765	3208	1
6.799726775956284	4755	1
6.809016393442622	9219	1
6.809398907103826	9332	1
6.812295081967213	2998	1
6.81464480874317	2664	1
6.851475409836065	57	1
6.877486338797814	3556	1
6.951256830601094	992	1
6.9684153005464475	2934	1
6.977377049180328	1475	1
7.006284153005464	5169	1
7.015683060109289	3026	1
7.0401639344262295	4219	1
7.040983606557377	5867	1
7.0600000000000005	6659	1
7.090163934426229	4720	1
7.123060109289617	9187	1
7.188688524590164	2448	1
7.195191256830602	4414	1
7.234262295081968	2702	1
7.248688524590164	8285	1
7.315573770491803	1430	1
7.323005464480874	3207	1
7.349617486338797	1261	1
7.353005464480874	4572	1
7.365409836065574	8277	1
7.366994535519125	8134	1
7.3710382513661195	9107	1
7.388032786885246	4232	1
7.420874316939891	3903	1
7.453551912568305	3144	1
7.493825136612022	5370	1
7.500109289617487	5208	1
7.558032786885246	2422	1
7.5594535519125685	3456	1
7.565355191256831	9528	1
7.593060109289617	7504	1
7.611748633879781	3181	1
7.624207650273225	50	1
7.64327868852459	1353	1
7.651584699453552	3110	1
7.659234972677596	2048	1
7.671475409836066	7461	1
7.704371584699453	7954	1
7.770765027322405	5671	1
7.793333333333333	6067	1
7.807322404371585	1425	1
7.9419125683060106	9882	1
7.9805464480874315	4744	1
7.981202185792349	6063	1
7.984262295081967	5354	1
8.020819672131147	7603	1
8.063333333333334	3838	1
8.072622950819673	4897	1
8.076994535519125	360	1
8.098032786885245	4736	1
8.130218579234972	3557	1
8.195792349726776	1617	1
8.260546448087432	8252	1
8.303497267759562	3138	1
8.306065573770491	3036	1
8.31054644808743	1694	1
8.49792349726776	9414	1
8.60775956284153	449	1
8.610218579234973	4400	1
8.612240437158471	9366	1
8.64054644808743	5419	1
8.666994535519125	5409	1
8.726775956284154	6515	1
8.738142076502731	299	1
8.743825136612022	964	1
8.767158469945356	9504	1
8.78224043715847	4001	1
8.794590163934426	4479	1
8.801092896174863	8883	1
8.817103825136613	7197	1
8.86120218579235	6803	1
8.864426229508197	1814	1
8.873606557377048	5510	1
8.904918032786886	3165	1
8.920109289617486	4213	1
8.949890710382512	2986	1
9.005956284153005	4664	1
9.010382513661202	4827	1
9.011147540983606	5304	1
9.068524590163934	3505	1
9.09327868852459	685	1
9.102786885245902	5851	1
9.107814207650273	3320	1
9.127377049180327	4785	1
9.166284153005464	6065	1
9.183551912568305	9554	1
9.213060109289618	8882	1
9.240327868852459	9500	1
9.240765027322405	7717	1
9.24934426229508	1948	1
9.250819672131147	5470	1
9.26415300546448	9628	1
9.28967213114754	2102	1
9.296612021857925	1179	1
9.332568306010929	5760	1
9.342513661202185	3989	1
9.348360655737705	443	1
9.352568306010928	2779	1
9.444426229508197	874	1
9.446721311475411	4707	1
9.464316939890711	5114	1
9.47224043715847	3160	1
9.484153005464481	4626	1
9.53207650273224	4890	1
9.573497267759564	1436	1
9.591967213114755	8425	1
9.599781420765026	8874	1
9.599945355191258	7317	1
9.644426229508197	7806	1
9.70415300546448	7292	1
9.737486338797815	9337	1
9.743989071038252	8779	1
9.754262295081967	2033	1
9.796065573770491	7356	1
9.880983606557377	8789	1
9.915628415300548	5004	1
9.926502732240438	7138	1
9.96983606557377	9867	1
9.973606557377048	1296	1
9.982349726775956	7975	1
9.994808743169399	6789	1
9.994972677595628	1395	1
9.99502732240437	6110	1
10.03398907103825	981	1
10.055081967213114	5497	1
10.066502732240437	3412	1
10.071803278688524	2563	1
10.132568306010928	438	1
10.161803278688526	2792	1
10.166939890710383	8265	1
10.18469945355191	4726	1
10.232349726775956	2904	1
10.245846994535519	3202	1
10.262622950819672	525	1
10.356229508196721	6729	1
10.358469945355191	1864	1
10.38830601092896	9795	1
10.3927868852459	2406	1
10.42087431693989	832	1
10.463387978142075	3924	1
10.463661202185792	923	1
10.490819672131147	3742	1
10.546120218579235	1937	1
10.629617486338796	5523	1
10.687868852459017	6362	1
10.712240437158469	7807	1
10.787377049180327	7709	1
10.85087431693989	6523	1
10.867814207650273	3079	1
10.88191256830601	866	1
10.887431693989072	1476	1
10.899945355191257	3618	1
10.939508196721311	9290	1
10.962568306010928	7059	1
10.965409836065573	2039	1
10.980819672131148	6458	1
11.000819672131147	174	1
11.022568306010928	1267	1
11.027103825136612	2501	1
11.035573770491803	1743	1
11.073770491803277	5887	1
11.086065573770492	6944	1
11.149945355191257	9963	1
11.17896174863388	3231	1
11.187158469945356	7417	1
11.253005464480875	4015	1
11.280054644808743	3736	1
11.291092896174863	8070	1
11.353606557377049	3285	1
11.380765027322404	1531	1
11.399508196721312	9294	1
11.451147540983607	4154	1
11.509125683060109	2117	1
11.511584699453552	8648	1
11.521420765027322	5330	1
11.531256830601093	214	1
11.53846994535519	9261	1
11.538852459016393	5033	1
11.605737704918033	9029	1
11.629890710382515	1077	1
11.658688524590165	62	1
11.678032786885245	9239	1
11.741420765027323	8355	1
11.762295081967212	4425	1
11.76415300546448	7120	1
11.780983606557378	9443	1
11.786174863387977	7111	1
11.845901639344262	9052	1
11.853224043715846	1243	1
11.859071038251365	1619	1
11.863770491803278	3007	1
11.89415300546448	2788	1
11.91071038251366	4825	1
11.922459016393443	4874	1
11.951584699453552	4302	1
11.965956284153005	5071	1
11.992021857923497	6886	1
12.024535519125683	9952	1
12.025245901639344	7714	1
12.061147540983605	1206	1
12.093825136612022	2143	1
12.103497267759563	1610	1
12.155245901639343	6632	1
12.167049180327869	7618	1
12.196830601092895	1854	1
12.208306010928961	4224	1
12.217978142076504	2234	1
12.224098360655738	2305	1
12.25448087431694	571	1
12.360054644808743	3256	1
12.361256830601093	3078	1
12.389398907103825	734	1
12.393661202185791	3820	1
12.394207650273223	4014	1
12.423333333333334	3709	1
12.426939890710381	9652	1
12.43535519125683	7380	1
12.47415300546448	4091	1
12.492295081967212	4908	1
12.495191256830601	8992	1
12.50087431693989	6747	1
12.610601092896175	5078	1
12.640983606557377	1552	1
12.656120218579234	9650	1
12.657158469945355	36	1
12.680928961748634	5804	1
12.68967213114754	3318	1
12.716830601092894	3198	1
12.718415300546447	5058	1
12.776994535519126	4434	1
12.7772131147541	4782	1
12.78016393442623	3965	1
12.789398907103825	2682	1
12.793442622950819	4405	1
12.823387978142076	9106	1
12.85431693989071	2249	1
12.857377049180329	1271	1
12.862295081967213	7036	1
12.927213114754098	6998	1
12.92967213114754	4226	1
12.937650273224044	8847	1
12.95775956284153	388	1
12.966721311475409	7119	1
12.972950819672132	258	1
12.987267759562842	3417	1
12.993989071038252	7440	1
13.024590163934425	2745	1
13.038907103825135	880	1
13.078743169398907	3538	1
13.093333333333334	8129	1
13.110437158469944	8436	1
13.15688524590164	6107	1
13.171311475409835	7007	1
13.187540983606558	2147	1
13.214262295081967	565	1
13.231311475409836	6064	1
13.231857923497268	2052	1
13.25568306010929	9959	1
13.27688524590164	5552	1
13.307868852459016	6540	1
13.31136612021858	5977	1
13.31672131147541	4236	1
13.331967213114753	7419	1
13.400928961748633	6345	1
13.403879781420766	8500	1
13.409672131147541	9559	1
13.439890710382512	8363	1
13.451420765027322	8376	1
13.460983606557376	8123	1
13.479617486338798	1262	1
13.488469945355192	7922	1
13.503497267759563	9828	1
13.50551912568306	8246	1
13.506612021857922	2692	1
13.510601092896176	4943	1
13.516010928961748	9805	1
13.536010928961748	8478	1
13.609617486338797	343	1
13.620382513661202	3458	1
13.671475409836066	9417	1
13.674043715846995	9422	1
13.681256830601091	2963	1
13.699398907103824	2678	1
13.706284153005464	9514	1
13.772568306010928	9655	1
13.776885245901639	4704	1
13.787868852459015	6939	1
13.792732240437159	3727	1
13.797158469945353	8161	1
13.80983606557377	623	1
13.836338797814207	3011	1
13.848196721311474	8261	1
13.85	6550	1
13.850765027322403	8256	1
13.872185792349727	2106	1
13.882622950819671	6841	1
13.92344262295082	1431	1
13.939453551912568	473	1
13.948306010928961	1949	1
13.960983606557377	362	1
13.975300546448088	5006	1
14.039344262295081	7690	1
14.056612021857923	6478	1
14.064153005464481	5362	1
14.069125683060108	3701	1
14.084699453551911	2283	1
14.102021857923496	4130	1
14.12256830601093	5686	1
14.148360655737706	8722	1
14.157267759562842	7915	1
14.166338797814207	3990	1
14.223278688524589	3814	1
14.259016393442622	2359	1
14.309617486338798	3509	1
14.312622950819671	7261	1
14.375956284153006	6829	1
14.390928961748633	6115	1
14.400218579234974	9553	1
14.52207650273224	1614	1
14.526229508196721	8347	1
14.528196721311474	6938	1
14.537978142076502	445	1
14.540382513661203	4092	1
14.54398907103825	9186	1
14.55	2681	1
14.559344262295081	3170	1
14.624262295081966	4633	1
14.625027322404371	6479	1
14.66158469945355	4703	1
14.685792349726775	6623	1
14.703934426229509	8368	1
14.772513661202186	4834	1
14.785464480874316	2651	1
14.826612021857922	1878	1
14.834316939890709	6903	1
14.845245901639345	6081	1
14.847377049180327	8789	0
14.868415300546447	8119	1
14.913551912568307	8718	1
14.937049180327868	3037	1
14.958852459016393	3761	1
14.987486338797813	8338	1
15.007049180327868	6021	1
15.014699453551911	6957	1
15.01502732240437	5869	1
15.066284153005464	4556	1
15.088251366120218	5693	1
15.09103825136612	1742	1
15.091475409836065	4261	1
15.093387978142076	3594	1
15.096830601092897	2551	1
15.097650273224042	7735	1
15.09983606557377	8457	1
15.124480874316939	7418	1
15.157978142076502	5815	1
15.162841530054644	394	1
15.179344262295082	3496	1
15.179508196721311	6260	1
15.180983606557376	521	1
15.245027322404372	7420	1
15.284644808743169	9381	1
15.28655737704918	634	1
15.28672131147541	2738	1
15.328907103825136	5917	1
15.337978142076503	5255	1
15.376120218579235	6980	1
15.42049180327869	286	1
15.442295081967213	9198	1
15.460273224043716	9608	1
15.479945355191257	2710	1
15.484972677595628	1665	1
15.5172131147541	6614	1
15.559945355191255	5608	1
15.576557377049179	3098	1
15.63830601092896	3714	1
15.649344262295081	8341	1
15.694863387978142	4026	1
15.70743169398907	8924	1
15.710655737704917	7905	1
15.760601092896176	4072	1
15.824918032786885	2440	1
15.83431693989071	3773	1
15.839672131147541	6520	1
15.848142076502732	1918	1
15.85464480874317	7523	1
15.96879781420765	3463	1
15.974043715846996	8679	1
16.04606557377049	8835	1
16.072131147540983	7513	1
16.072295081967212	6568	1
16.115573770491803	937	1
16.192841530054643	5281	1
16.20191256830601	5450	1
16.208360655737707	1803	1
16.21896174863388	2892	1
16.22087431693989	8692	1
16.266284153005465	1428	1
16.268142076502734	76	1
16.277486338797814	4516	1
16.283551912568306	5594	1
16.300601092896173	8690	1
16.301584699453553	5718	1
16.306229508196722	441	1
16.316502732240437	9637	1
16.323333333333334	1931	1
16.338743169398906	5161	1
16.345136612021857	5525	1
16.351639344262296	7999	1
16.37289617486339	4884	1
16.394426229508195	5177	1
16.40224043715847	809	1
16.414972677595628	2252	1
16.48169398907104	5645	1
16.48382513661202	4993	1
16.518743169398906	1418	1
16.524918032786886	8075	1
16.548524590163932	9582	1
16.552295081967213	51	1
16.558469945355192	1573	1
16.57650273224044	8665	1
16.579234972677593	7147	1
16.619344262295083	4765	1
16.68071038251366	8598	1
16.686939890710384	3047	1
16.757540983606557	1465	1
16.77830601092896	6176	1
16.79879781420765	7017	1
16.80743169398907	8076	1
16.84633879781421	9301	1
16.848524590163933	225	1
16.969781420765027	9352	1
16.994808743169397	7275	1
16.99551912568306	5109	1
17.014535519125683	9272	1
17.083934426229508	9160	1
17.11918032786885	6144	1
17.12502732240437	5725	1
17.12765027322404	477	1
17.16245901639344	8006	1
17.164590163934427	5515	1
17.16677595628415	1159	1
17.249234972677595	852	1
17.250710382513663	9955	1
17.34109289617486	6268	1
17.367486338797814	3826	1
17.380819672131146	7066	1
17.380928961748634	8909	1
17.412677595628416	3527	1
17.425464480874318	7439	1
17.42928961748634	7339	1
17.468907103825135	5412	1
17.486393442622948	2082	1
17.50950819672131	3537	1
17.51213114754098	6973	1
17.525081967213115	2936	1
17.545027322404373	2015	1
17.553005464480872	6587	1
17.56174863387978	7181	1
17.57049180327869	8926	1
17.579781420765027	4336	1
17.60071038251366	9373	1
17.607103825136612	3793	1
17.607158469945357	7482	1
17.612732240437158	3169	1
17.618743169398908	8973	1
17.62879781420765	9056	1
17.668142076502733	2240	1
17.674972677595626	5667	1
17.68153005464481	3399	1
17.763387978142077	9946	1
17.76459016393443	5392	1
17.76551912568306	3874	1
17.82469945355191	6528	1
17.832568306010927	7970	1
17.844754098360657	6864	1
17.84896174863388	1312	1
17.867650273224044	166	1
17.869617486338797	6100	1
17.882349726775956	7675	1
17.892841530054643	7871	1
17.904699453551913	1890	1
17.91349726775956	7174	1
17.922349726775956	5097	1
17.964262295081966	8362	1
17.98950819672131	4378	1
18.022021857923495	9861	1
18.025956284153008	6911	1
18.028688524590166	8881	1
18.050874316939893	8638	1
18.080218579234973	8254	1
18.112841530054645	5568	1
18.11786885245902	1964	1
18.15229508196721	2293	1
18.19311475409836	7953	1
18.220491803278687	6897	1
18.224153005464483	4208	1
18.230218579234975	3459	1
18.249398907103824	4364	1
18.25825136612022	4710	1
18.261967213114755	7074	1
18.26879781420765	1643	1
18.344207650273223	7190	1
18.352513661202185	4036	1
18.370765027322406	9539	1
18.37704918032787	7877	1
18.37879781420765	6967	1
18.38453551912568	1793	1
18.393989071038252	378	1
18.404918032786885	7341	1
18.427158469945354	826	1
18.4324043715847	8615	1
18.441639344262295	4730	1
18.45672131147541	9356	1
18.45983606557377	4079	1
18.475628415300545	2688	1
18.48120218579235	345	1
18.490928961748633	5188	1
18.53071038251366	7218	1
18.546174863387975	8158	1
18.587868852459014	8314	1
18.6048087431694	2204	1
18.623224043715847	4150	1
18.644153005464478	9411	1
18.645136612021858	3205	1
18.673879781420766	8194	1
18.680601092896175	4174	1
18.74573770491803	1759	1
18.7475956284153	4804	1
18.760928961748636	770	1
18.803606557377048	71	1
18.805136612021855	7547	1
18.81879781420765	4904	1
18.865956284153004	1971	1
18.869234972677592	7156	1
18.892513661202187	873	1
18.906830601092896	5337	1
18.90688524590164	6152	1
18.923333333333332	9471	1
18.928797814207652	1134	1
18.971967213114752	7103	1
19.00071038251366	4292	1
19.00655737704918	6701	1
19.008142076502732	9387	1
19.01535519125683	6443	1
19.0424043715847	7546	1
19.05497267759563	8229	1
19.068688524590165	2977	1
19.094043715846993	9203	1
19.11071038251366	9534	1
19.11153005464481	2687	1
19.140327868852456	9765	1
19.14469945355191	9047	1
19.15770491803279	1841	1
19.209726775956284	9743	1
19.23153005464481	5518	1
19.23207650273224	6405	1
19.23639344262295	1523	1
19.25672131147541	7767	1
19.259726775956285	4575	1
19.26530054644809	386	1
19.31978142076503	9365	1
19.347595628415302	716	1
19.350054644808743	1563	1
19.387103825136613	7554	1
19.406338797814207	9831	1
19.410437158469946	3567	1
19.440928961748636	1825	1
19.441967213114754	4387	1
19.456830601092896	5207	1
19.45808743169399	8766	1
19.459508196721313	1355	1
19.48535519125683	9745	1
19.53071038251366	3963	1
19.538852459016393	8310	1
19.53928961748634	9321	1
19.551311475409836	4625	1
19.55945355191257	1883	1
19.580546448087432	7362	1
19.58918032786885	1496	1
19.609234972677594	8173	1
19.623715846994536	1692	1
19.646284153005464	3349	1
19.705956284153007	6910	1
19.752185792349724	8580	1
19.79398907103825	1724	1
19.79535519125683	9531	1
19.874262295081966	8837	1
19.88306010928962	5904	1
19.88863387978142	6226	1
19.900163934426228	915	1
19.940054644808743	3796	1
19.965573770491805	7565	1
19.981038251366122	9248	1
19.993387978142074	8484	1
20.010109289617485	6644	1
20.019836065573767	7286	1
20.038032786885243	4470	1
20.117978142076502	549	1
20.120983606557374	7958	1
20.17863387978142	8025	1
20.183169398907104	7932	1
20.19606557377049	3411	1
20.20830601092896	4166	1
20.23071038251366	7668	1
20.258524590163933	1110	1
20.260491803278686	5484	1
20.28781420765027	7129	1
20.29617486338798	8833	1
20.331803278688525	2327	1
20.337759562841526	8107	1
20.35633879781421	7170	1
20.357322404371583	460	1
20.372459016393442	4230	1
20.380437158469945	6188	1
20.39191256830601	2493	1
20.423333333333332	7323	1
20.47639344262295	7900	1
20.48775956284153	3188	1
20.53775956284153	1292	1
20.54967213114754	2875	1
20.55950819672131	9615	1
20.58710382513661	1149	1
20.590109289617487	9409	1
20.61393442622951	4588	1
20.628524590163934	3790	1
20.630109289617486	1563	0
20.633005464480874	7155	1
20.635081967213114	9440	1
20.64497267759563	1070	1
20.670437158469944	4379	1
20.67431693989071	1098	1
20.678524590163935	5557	1
20.682185792349724	9214	1
20.719562841530056	334	1
20.7227868852459	9101	1
20.733387978142076	2685	1
20.768196721311476	1894	1
20.78256830601093	109	1
20.79491803278688	1582	1
20.82103825136612	1342	1
20.832185792349726	7869	1
20.84803278688525	4152	1
20.851475409836066	2024	1
20.85185792349727	3379	1
20.85639344262295	8050	1
20.871967213114754	6810	1
20.90846994535519	5778	1
20.912896174863388	9878	1
20.959234972677596	4403	1
20.964207650273224	7598	1
20.990655737704916	2316	1
21.001584699453552	3178	1
21.057158469945357	7217	1
21.08322404371585	1131	1
21.123497267759564	9110	1
21.135300546448086	5253	1
21.153879781420763	1014	1
21.172131147540984	1979	1
21.1848087431694	6319	1
21.18546448087432	3723	1
21.18655737704918	6909	1
21.19726775956284	9645	1
21.20502732240437	9829	1
21.23185792349727	1870	1
21.257377049180327	5467	1
21.271584699453552	3854	1
21.278961748633883	1639	1
21.332021857923497	9957	1
21.348469945355188	1600	1
21.3524043715847	9431	1
21.41311475409836	1593	1
21.41901639344262	9899	1
21.420491803278686	4963	1
21.445081967213117	8567	1
21.449781420765028	7909	1
21.45169398907104	4856	1
21.457213114754097	5443	1
21.463770491803277	2134	1
21.516338797814207	6119	1
21.535628415300547	5871	1
21.571639344262294	2070	1
21.584863387978142	5167	1
21.606174863387977	9287	1
21.61448087431694	1151	1
21.61546448087432	4687	1
21.61994535519126	5499	1
21.71896174863388	3759	1
21.749453551912566	912	1
21.75934426229508	3912	1
21.763169398907102	3032	1
21.77256830601093	5249	1
21.779836065573768	4069	1
21.807814207650274	4997	1
21.811311475409834	6140	1
21.875792349726773	2336	1
21.899617486338798	5257	1
21.907704918032785	774	1
21.987650273224045	1450	1
22.003715846994535	6571	1
22.014043715846995	102	1
22.030601092896173	6686	1
22.05120218579235	4209	1
22.06792349726776	6253	1
22.07174863387978	3685	1
22.111693989071036	8030	1
22.11360655737705	5395	1
22.133005464480874	4701	1
22.155409836065573	1797	1
22.168415300546446	946	1
22.18256830601093	9720	1
22.20513661202186	3665	1
22.21295081967213	4132	1
22.224043715846992	1195	1
22.23863387978142	6953	1
22.2527868852459	7569	1
22.25295081967213	861	1
22.27005464480874	1352	1
22.274371584699455	8035	1
22.29322404371585	7297	1
22.332841530054644	4242	1
22.34245901639344	7779	1
22.345081967213112	4106	1
22.365683060109287	2042	1
22.375136612021855	2954	1
22.382185792349727	9970	1
22.402786885245902	7580	1
22.405081967213114	4855	1
22.409453551912566	2064	1
22.421147540983608	5927	1
22.42622950819672	2474	1
22.436666666666667	4970	1
22.483333333333334	6928	1
22.551366120218578	377	1
22.591147540983606	7555	1
22.61486338797814	5845	1
22.655136612021856	4889	1
22.659016393442624	3302	1
22.71426229508197	8370	1
22.728852459016395	4306	1
22.741311475409834	7771	1
22.75295081967213	3984	1
22.76125683060109	1763	1
22.766612021857924	3735	1
22.783770491803278	2325	1
22.796174863387975	8241	1
22.81677595628415	2717	1
22.83295081967213	6364	1
22.860273224043713	8879	1
22.867049180327868	9454	1
22.876338797814206	4402	1
22.892841530054643	3852	1
22.909071038251366	3050	1
22.939890710382514	6281	1
22.955136612021857	7836	1
22.95743169398907	2092	1
22.961803278688524	8848	1
22.96792349726776	1513	1
22.98158469945355	2470	1
22.989180327868855	9208	1
22.995300546448085	2901	1
22.997486338797813	3310	1
23.05896174863388	5801	1
23.066338797814208	8614	1
23.14775956284153	3960	1
23.15644808743169	2608	1
23.173387978142078	335	1
23.190218579234973	1309	1
23.20344262295082	5983	1
23.222404371584698	6190	1
23.253551912568305	3955	1
23.2555737704918	5919	1
23.255737704918033	7713	1
23.259945355191256	1054	1
23.288688524590164	2648	1
23.35049180327869	8358	1
23.360601092896175	7938	1
23.399071038251364	3070	1
23.41743169398907	4883	1
23.455245901639344	5519	1
23.467814207650274	3603	1
23.477049180327867	4413	1
23.505956284153008	9265	1
23.51792349726776	123	1
23.563551912568308	1298	1
23.572841530054642	3392	1
23.602295081967213	8111	1
23.636830601092896	6775	1
23.64704918032787	2939	1
23.655245901639343	4741	1
23.67125683060109	6613	1
23.724644808743168	2107	1
23.766721311475408	7012	1
23.77207650273224	8674	1
23.80289617486339	2677	1
23.813879781420763	9359	1
23.81672131147541	9048	1
23.840983606557376	1512	1
23.86502732240437	7626	1
23.876010928961747	7659	1
23.876229508196722	4778	1
23.91622950819672	9436	1
23.917377049180324	7151	1
23.93185792349727	6056	1
23.946174863387977	8854	1
23.963114754098363	3363	1
24.019234972677594	3387	1
24.032240437158467	6219	1
24.060928961748633	2363	1
24.06142076502732	1920	1
24.087377049180326	7279	1
24.10224043715847	38	1
24.109016393442623	9023	1
24.15158469945355	930	1
24.154426229508196	758	1
24.159781420765025	8669	1
24.169398907103822	9543	1
24.18551912568306	5991	1
24.197322404371583	8214	1
24.214535519125683	1867	1
24.227158469945355	9278	1
24.23185792349727	9821	1
24.239234972677597	3621	1
24.261912568306013	5348	1
24.274316939890713	7648	1
24.276120218579234	4940	1
24.28568306010929	1478	1
24.340983606557376	8153	1
24.34743169398907	4946	1
24.356666666666666	5053	1
24.360601092896175	5559	1
24.392349726775954	7228	1
24.409125683060108	6854	1
24.435901639344262	2215	1
24.442622950819672	4233	1
24.469945355191257	2209	1
24.515081967213117	6402	1
24.543497267759562	3366	1
24.551803278688524	2486	1
24.562950819672132	4328	1
24.60497267759563	3222	1
24.605081967213113	9597	1
24.624316939890708	908	1
24.624918032786887	8069	1
24.631256830601092	2315	1
24.663825136612022	5590	1
24.674426229508196	5258	1
24.694480874316938	4564	1
24.760109289617485	268	1
24.76530054644809	8191	1
24.799945355191255	1611	1
24.800928961748635	9034	1
24.830218579234973	3033	1
24.832786885245902	3161	1
24.85896174863388	9664	1
24.869945355191255	9428	1
24.88191256830601	1260	1
24.907486338797813	580	1
24.91879781420765	1508	1
24.938415300546446	6159	1
24.944316939890708	7636	1
24.960273224043714	9378	1
24.9751912568306	3431	1
25.00639344262295	2235	1
25.0451912568306	3590	1
25.053551912568306	7195	1
25.07497267759563	3628	1
25.102459016393443	5180	1
25.126448087431694	8461	1
25.151967213114755	2550	1
25.15885245901639	3688	1
25.197158469945354	6340	1
25.20360655737705	8974	1
25.226939890710383	5974	1
25.232513661202187	4157	1
25.238524590163934	1340	1
25.2572131147541	1315	1
25.257431693989073	3190	1
25.26907103825137	5848	1
25.276448087431696	410	1
25.30032786885246	6991	1
25.344590163934427	7022	1
25.344754098360657	4002	1
25.345956284153004	4004	1
25.347103825136614	7650	1
25.356830601092895	6276	1
25.36672131147541	8197	1
25.36688524590164	4196	1
25.37344262295082	9086	1
25.43360655737705	7674	1
25.437868852459015	6360	1
25.44781420765027	6994	1
25.46174863387978	175	1
25.46967213114754	5008	1
25.478087431693986	4925	1
25.528688524590166	5446	1
25.560437158469945	4666	1
25.582568306010927	4719	1
25.59792349726776	9209	1
25.623387978142077	5148	1
25.646284153005464	3333	1
25.653879781420763	5834	1
25.659726775956283	8089	1
25.737431693989073	8007	1
25.75431693989071	7075	1
25.76103825136612	9870	1
25.797431693989072	9475	1
25.797650273224043	5781	1
25.79918032786885	5195	1
25.813934426229505	7957	1
25.817759562841527	6375	1
25.826284153005464	1492	1
25.84306010928962	1104	1
25.849890710382514	4466	1
25.85896174863388	2184	1
25.861475409836064	6096	1
25.889344262295083	1499	1
25.91	573	1
25.91688524590164	9245	1
25.951967213114756	8448	1
26.00825136612022	1711	1
26.012786885245898	8963	1
26.01846994535519	322	1
26.044426229508193	9118	1
26.0527868852459	6979	1
26.112568306010928	9322	1
26.129016393442623	5430	1
26.13393442622951	9445	1
26.154371584699454	2610	1
26.18655737704918	850	1
26.233005464480872	7566	1
26.237431693989073	1297	1
26.23896174863388	5994	1
26.2448087431694	4468	1
26.26945355191257	1237	1
26.277814207650273	7377	1
26.279398907103822	6861	1
26.283606557377052	7306	1
26.285245901639342	7616	1
26.311475409836063	134	1
26.31885245901639	5324	1
26.328032786885245	9242	1
26.374262295081966	3346	1
26.40601092896175	4478	1
26.4107650273224	5062	1
26.45393442622951	8460	1
26.473879781420766	1662	1
26.50863387978142	4876	1
26.514426229508196	8642	1
26.52327868852459	3639	1
26.531857923497267	3993	1
26.543661202185792	8227	1
26.544918032786885	4536	1
26.54983606557377	7562	1
26.5775956284153	8541	1
26.579453551912568	3262	1
26.582185792349726	2851	1
26.61032786885246	4352	1
26.61398907103825	6609	1
26.64693989071038	6031	1
26.65360655737705	7979	1
26.659453551912566	7030	1
26.666557377049177	6642	1
26.676885245901637	1154	1
26.711748633879782	5060	1
26.719890710382515	8634	1
26.790655737704917	5481	1
26.79486338797814	9796	1
26.80191256830601	8202	1
26.80704918032787	1770	1
26.83087431693989	3249	1
26.853879781420765	6699	1
26.87513661202186	3289	1
26.878251366120217	4881	1
26.88005464480874	3799	1
26.8924043715847	4351	1
26.92196721311475	1866	1
26.9348087431694	5866	1
26.935956284153004	7449	1
26.946502732240436	7131	1
26.96688524590164	7501	1
26.988196721311475	6499	1
27.019781420765028	6809	1
27.022185792349724	8592	1
27.044808743169398	9246	1
27.046994535519126	7848	1
27.05344262295082	8683	1
27.067158469945355	7994	1
27.067431693989068	2999	1
27.09601092896175	7332	1
27.117103825136613	289	1
27.132185792349727	7226	1
27.136284153005462	3212	1
27.13715846994535	5068	1
27.174699453551913	5516	1
27.218852459016393	7912	1
27.250655737704918	9483	1
27.256120218579234	4683	1
27.277978142076503	415	1
27.287650273224042	3850	1
27.3196174863388	3299	1
27.338688524590165	3386	1
27.340491803278688	8249	1
27.361366120218577	2699	1
27.382677595628415	7122	1
27.410655737704918	2580	1
27.415792349726775	1317	1
27.4251912568306	196	1
27.436666666666667	1434	1
27.44191256830601	3376	1
27.453879781420767	5829	1
27.54655737704918	6921	1
27.587650273224043	6799	1
27.623606557377048	7977	1
27.63005464480874	1985	1
27.63606557377049	3779	1
27.63775956284153	3309	1
27.63863387978142	2011	1
27.649016393442622	2951	1
27.663387978142076	6679	1
27.66950819672131	8311	1
27.69901639344262	8276	1
27.716612021857923	3452	1
27.725245901639344	2150	1
27.73639344262295	6266	1
27.78688524590164	194	1
27.81715846994536	5531	1
27.83754098360656	3416	1
27.86398907103825	2567	1
27.865846994535517	6503	1
27.88021857923497	1535	1
27.880273224043716	8667	1
27.888743169398907	2542	1
27.89071038251366	2577	1
27.892896174863388	3020	1
27.9048087431694	6105	1
27.970983606557375	4395	1
27.991475409836067	3871	1
28.02562841530055	2880	1
28.028524590163936	2787	1
28.06245901639344	2214	1
28.067377049180326	1370	1
28.095792349726775	5439	1
28.114918032786882	1266	1
28.118032786885248	7914	1
28.13469945355191	2720	1
28.142513661202184	6893	1
28.146448087431693	2581	1
28.166448087431696	6005	1
28.170382513661202	6385	1
28.174644808743167	1730	1
28.203715846994534	2784	1
28.205300546448086	2458	1
28.212677595628413	9616	1
28.213060109289618	9611	1
28.22360655737705	4670	1
28.233224043715847	6976	1
28.26967213114754	7792	1
28.277158469945356	4326	1
28.346120218579234	3825	1
28.365464480874316	3408	1
28.395245901639342	3608	1
28.409180327868853	6876	1
28.43409836065574	715	1
28.4375956284153	8470	1
28.44568306010929	2936	0
28.465136612021855	1722	1
28.526284153005466	3778	1
28.552677595628417	9233	1
28.554371584699453	9981	1
28.573114754098363	7033	1
28.586338797814207	3162	1
28.591967213114756	1799	1
28.598907103825137	5955	1
28.603442622950823	315	1
28.64639344262295	7594	1
28.647486338797815	4510	1
28.651639344262296	7438	1
28.658524590163935	1085	1
28.659289617486337	1273	1
28.748852459016394	2800	1
28.749398907103828	4800	1
28.781857923497267	2669	1
28.782841530054643	2620	1
28.79688524590164	1118	1
28.81568306010929	3263	1
28.828196721311475	4636	1
28.86071038251366	7083	1
28.861366120218577	9420	1
28.881967213114752	7252	1
28.88568306010929	3206	1
28.908579234972674	8792	1
28.909234972677595	9183	1
28.953060109289616	8933	1
28.994207650273225	7538	1
29.009945355191256	847	1
29.013224043715848	7808	1
29.025737704918033	3722	1
29.02950819672131	7993	1
29.03934426229508	2953	1
29.055956284153005	1022	1
29.060819672131146	6090	1
29.07622950819672	6424	1
29.07748633879781	1278	1
29.07846994535519	9464	1
29.09229508196721	3439	1
29.128852459016393	5578	1
29.14666666666667	7828	1
29.175956284153006	3341	1
29.1827868852459	6222	1
29.190273224043715	3121	1
29.20846994535519	824	1
29.20912568306011	6779	1
29.213715846994532	1826	1
29.250928961748635	9386	1
29.269398907103824	6818	1
29.271256830601093	2349	1
29.27191256830601	3359	1
29.278087431693987	8121	1
29.283934426229507	7093	1
29.287868852459017	718	1
29.295027322404373	9978	1
29.31622950819672	892	1
29.365245901639344	6795	1
29.399071038251368	3571	1
29.415464480874316	7510	1
29.435737704918033	8178	1
29.446830601092895	5733	1
29.464754098360658	2683	1
29.471147540983605	466	1
29.472786885245903	6972	1
29.472786885245903	8713	1
29.488196721311475	6532	1
29.488360655737708	2122	1
29.49890710382514	8733	1
29.50054644808743	5588	1
29.525683060109287	8225	1
29.528196721311474	7157	1
29.547595628415298	5910	1
29.563497267759562	1605	1
29.599125683060112	9648	1
29.61191256830601	4534	1
29.63437158469945	9638	1
29.642677595628413	4918	1
29.644043715846994	3104	1
29.677103825136612	876	1
29.691803278688525	9830	1
29.736557377049177	9273	1
29.754426229508198	5156	1
29.78551912568306	7803	1
29.807704918032787	3241	1
29.809945355191257	8851	1
29.824480874316937	7502	1
29.853715846994536	4715	1
29.877158469945353	6714	1
29.880437158469945	9612	1
29.902677595628415	1972	1
29.93049180327869	3662	1
29.935136612021857	2733	1
29.973551912568304	2446	1
29.990109289617486	1116	1
30.001147540983606	7401	1
30.09256830601093	4724	1
30.124918032786884	4531	1
30.13229508196721	9735	1
30.144426229508195	2054	1
30.15551912568306	7366	1
30.16918032786885	776	1
30.175792349726773	2814	1
30.186120218579234	7310	1
30.201311475409838	8097	1
30.213224043715844	6812	1
30.215464480874314	9726	1
30.257704918032786	2922	1
30.28103825136612	1429	1
30.281366120218582	2162	1
30.284098360655737	4011	1
30.291038251366118	1624	1
30.296284153005463	4281	1
30.326666666666664	6156	1
30.41688524590164	9260	1
30.43786885245902	1942	1
30.465245901639342	3211	1
30.487158469945356	7716	1
30.490273224043715	8357	1
30.507486338797815	8788	1
30.50803278688525	5233	1
30.545245901639344	6636	1
30.573387978142076	771	1
30.60120218579235	5786	1
30.612459016393444	324	1
30.65464480874317	8834	1
30.665792349726775	7704	1
30.693879781420765	5940	1
30.708032786885244	604	1
30.71983606557377	8011	1
30.72174863387978	985	1
30.728032786885244	8609	1
30.76398907103825	4005	1
30.86174863387978	7867	1
30.8727868852459	3387	0
30.876612021857923	5934	1
30.8951912568306	8474	1
30.902896174863386	138	1
30.90573770491803	1676	1
30.922349726775956	744	1
30.93513661202186	4293	1
30.94349726775956	3084	1
30.94879781420765	8914	1
30.962295081967213	7712	1
30.96704918032787	153	1
30.97469945355191	7898	1
30.98256830601093	1229	1
31.00896174863388	4714	1
31.014590163934425	6367	1
31.018251366120218	6707	1
31.024535519125685	7699	1
31.043442622950817	2127	1
31.07327868852459	4654	1
31.08693989071038	8688	1
31.095573770491804	9591	1
31.10890710382514	6582	1
31.12983606557377	1071	1
31.139071038251366	4086	1
31.142185792349725	6314	1
31.14693989071038	3626	1
31.14972677595628	8888	1
31.18169398907104	775	1
31.196502732240436	9498	1
31.216229508196722	7795	1
31.217814207650274	6477	1
31.223715846994534	9324	1
31.248797814207652	5796	1
31.25393442622951	5235	1
31.26502732240437	6794	1
31.282622950819672	8505	1
31.28814207650273	4994	1
31.303770491803277	3972	1
31.34896174863388	8109	1
31.349617486338797	7726	1
31.356939890710382	6334	1
31.35781420765027	5312	1
31.36677595628415	3034	1
31.372568306010926	4639	1
31.411311475409835	2641	1
31.465956284153005	8986	1
31.505956284153008	164	1
31.537322404371587	6228	1
31.554699453551912	9541	1
31.596612021857922	9338	1
31.616284153005463	1935	1
31.623224043715844	6907	1
31.624426229508195	1751	1
31.644043715846994	8120	1
31.654043715846996	6588	1
31.675901639344264	5027	1
31.69568306010929	8516	1
31.702131147540985	8611	1
31.72437158469945	8063	1
31.747322404371584	6835	1
31.76404371584699	4128	1
31.771639344262297	7628	1
31.774535519125685	7441	1
31.78710382513661	2348	1
31.80551912568306	2499	1
31.83366120218579	6377	1
31.833934426229508	5168	1
31.89743169398907	9045	1
31.91245901639344	9450	1
31.915245901639345	5262	1
31.927704918032784	3425	1
31.931475409836068	7369	1
31.937213114754098	1034	1
31.93743169398907	1556	1
31.951311475409835	3548	1
31.952513661202186	2579	1
31.953387978142075	5218	1
31.969016393442622	8045	1
31.998032786885247	6608	1
32.001311475409835	7607	1
32.002841530054646	4312	1
32.01415300546448	903	1
32.05103825136612	1305	1
32.069398907103825	7212	1
32.07245901639344	4592	1
32.08497267759562	5045	1
32.10688524590164	7393	1
32.25349726775956	8659	1
32.27393442622951	3154	1
32.27792349726776	3749	1
32.30437158469945	5536	1
32.355737704918035	5569	1
32.35672131147541	5719	1
32.36530054644809	2193	1
32.37229508196721	9953	1
32.374808743169396	7028	1
32.380819672131146	9595	1
32.392459016393445	3321	1
32.394262295081965	179	1
32.401311475409834	5922	1
32.407322404371584	6059	1
32.41639344262295	7330	1
32.45803278688525	3884	1
32.46098360655738	124	1
32.473551912568304	269	1
32.49480874316939	5019	1
32.50896174863388	5523	0
32.52792349726776	8652	1
32.53	6453	1
32.54896174863388	4408	1
32.55229508196721	2308	1
32.56224043715847	1219	1
32.56245901639344	8563	1
32.564098360655734	6485	1
32.585573770491806	9016	1
32.61939890710382	4966	1
32.62005464480875	6576	1
32.62535519125683	5	1
32.634098360655734	5093	1
32.65497267759563	7143	1
32.67409836065574	2994	1
32.70584699453552	5636	1
32.72158469945355	6676	1
32.73081967213115	2859	1
32.73612021857923	5223	1
32.749781420765025	9251	1
32.757650273224044	7398	1
32.77737704918032	4484	1
32.7803825136612	1807	1
32.78453551912568	5084	1
32.81666666666666	8584	1
32.820819672131144	8239	1
32.82224043715847	9902	1
32.83043715846995	5761	1
32.83245901639344	1217	1
32.87010928961749	9710	1
32.87120218579235	3728	1
32.8720218579235	9073	1
32.87978142076503	5396	1
32.896885245901636	7276	1
32.90109289617486	6645	1
32.90639344262295	2230	1
32.97448087431694	4240	1
32.985956284153005	4659	1
33.02622950819672	7543	1
33.05551912568306	2146	1
33.057486338797816	1241	1
33.06016393442623	5012	1
33.07633879781421	619	1
33.09579234972678	7324	1
33.10584699453552	2617	1
33.10633879781421	6093	1
33.11234972677595	8143	1
33.12770491803279	6054	1
33.155792349726774	7794	1
33.16010928961749	737	1
33.183169398907104	5296	1
33.2027868852459	9190	1
33.21661202185792	4151	1
33.21879781420765	4231	1
33.26934426229508	5989	1
33.273715846994534	3479	1
33.32830601092896	9542	1
33.332131147540984	5459	1
33.332841530054644	4910	1
33.33704918032787	6763	1
33.33907103825137	9083	1
33.34551912568306	4304	1
33.351256830601095	9577	1
33.37344262295082	9014	1
33.37683060109289	3651	1
33.387486338797814	2370	1
33.39475409836066	1533	1
33.426120218579236	9204	1
33.45803278688525	2344	1
33.45836065573771	5382	1
33.485245901639345	9111	1
33.51846994535519	9617	1
33.539071038251365	3451	1
33.5631693989071	469	1
33.56622950819672	7344	1
33.592568306010925	3792	1
33.623333333333335	2362	1
33.631147540983605	7528	1
33.659562841530054	8982	1
33.684371584699456	2164	1
33.70344262295082	4668	1
33.71655737704918	2765	1
33.72704918032787	5883	1
33.747868852459014	913	1
33.752349726775954	5113	1
33.760382513661206	5420	1
33.805519125683055	5942	1
33.80584699453552	8084	1
33.86677595628415	6848	1
33.93229508196721	7815	1
33.95251366120218	5456	1
33.954535519125685	665	1
33.963169398907105	2910	1
33.97382513661202	7642	1
33.97726775956284	3125	1
33.99071038251366	2708	1
33.99153005464481	158	1
34.02907103825137	8388	1
34.05054644808743	9551	1
34.05349726775956	8359	1
34.087322404371584	4528	1
34.088852459016394	1719	1
34.09098360655737	287	1
34.099398907103826	8739	1
34.158852459016394	5432	1
34.17852459016393	2334	1
34.19032786885246	9415	1
34.19661202185792	731	1
34.22710382513661	6313	1
34.24387978142076	6088	1
34.26950819672131	1325	1
34.3296174863388	9032	1
34.36786885245901	3762	1
34.44732240437158	227	1
34.45169398907103	1282	1
34.47748633879782	6224	1
34.503114754098355	6183	1
34.54601092896175	2219	1
34.564808743169394	7198	1
34.581748633879776	7023	1
34.64327868852459	1976	1
34.643497267759564	9956	1
34.67612021857923	7290	1
34.72743169398907	2741	1
34.73693989071038	4028	1
34.74131147540984	3437	1
34.76650273224044	143	1
34.771475409836064	2218	1
34.77153005464481	183	1
34.800983606557374	7810	1
34.810109289617486	2540	1
34.81142076502732	9211	1
34.85360655737705	3244	1
34.855409836065576	2988	1
34.86666666666667	1356	1
34.870327868852456	773	1
34.88497267759563	4852	1
34.897322404371586	8818	1
34.904371584699454	3323	1
34.90972677595629	1601	1
34.92819672131148	7399	1
34.97453551912568	8377	1
34.98273224043716	7240	1
34.98437158469946	5232	1
34.985956284153005	5295	1
34.99890710382513	1094	1
35.032732240437156	2320	1
35.048852459016395	9280	1
35.07218579234973	8575	1
35.0927868852459	3655	1
35.158852459016394	7686	1
35.2016393442623	212	1
35.23754098360656	6481	1
35.30945355191257	5279	1
35.31	9108	1
35.343005464480875	294	1
35.34530054644809	5271	1
35.347049180327865	1404	1
35.35142076502732	5082	1
35.36715846994535	5905	1
35.374863387978145	5800	1
35.39775956284153	322	0
35.41568306010929	9992	1
35.43786885245902	1901	1
35.43857923497268	5805	1
35.453497267759566	2123	1
35.460546448087435	5702	1
35.47071038251366	6626	1
35.4727868852459	8756	1
35.47983606557377	2795	1
35.50715846994535	4314	1
35.521967213114756	5427	1
35.54300546448087	602	1
35.579508196721314	8219	1
35.597814207650266	9816	1
35.60754098360656	721	1
35.63349726775956	9594	1
35.643879781420765	8894	1
35.68557377049181	9749	1
35.73284153005464	450	1
35.75333333333334	26	1
35.75896174863388	9080	1
35.772240437158466	2819	1
35.78185792349727	6472	1
35.795519125683064	4924	1
35.82109289617486	8001	1
35.851967213114754	4481	1
35.879234972677594	633	1
35.89	4287	1
35.904754098360655	5570	1
35.9251912568306	3370	1
35.93185792349727	9725	1
35.94464480874316	5336	1
35.95213114754098	8386	1
35.95508196721312	6470	1
35.95890710382513	2419	1
35.961311475409836	9570	1
35.979672131147545	8154	1
36.00065573770492	7770	1
36.02765027322405	6556	1
36.03852459016393	5303	1
36.05584699453552	6296	1
36.084754098360655	5633	1
36.11551912568306	2192	1
36.23092896174864	4182	1
36.2451912568306	678	1
36.246120218579236	4768	1
36.24683060109289	5173	1
36.27306010928962	9610	1
36.29584699453552	308	1
36.300273224043714	3180	1
36.30896174863388	9490	1
36.3603825136612	9192	1
36.38989071038251	5227	1
36.39808743169399	9702	1
36.439562841530055	2777	1
36.44382513661202	4928	1
36.45016393442623	8365	1
36.47879781420765	5503	1
36.488306010928966	1664	1
36.518469945355186	6530	1
36.534918032786884	6678	1
36.5575956284153	5239	1
36.564590163934426	7727	1
36.572349726775954	8793	1
36.57382513661202	1086	1
36.604207650273224	6951	1
36.60431693989071	6172	1
36.64819672131148	5254	1
36.65939890710382	291	1
36.66131147540984	4784	1
36.69049180327869	406	1
36.72114754098361	4148	1
36.72338797814207	8028	1
36.728415300546445	5996	1
36.753551912568305	7133	1
36.768196721311476	5184	1
36.784972677595626	84	1
36.811857923497264	5205	1
36.817049180327864	7037	1
36.8631693989071	9491	1
36.86715846994535	8831	1
36.89508196721311	3487	1
36.89606557377049	3549	1
36.926065573770494	916	1
36.93437158469945	5709	1
36.94655737704918	2724	1
36.95355191256831	4107	1
36.9688524590164	9202	1
36.98841530054644	9090	1
36.99469945355192	5669	1
36.99814207650274	2269	1
37.01256830601093	2047	1
37.018961748633885	3351	1
37.03792349726776	5022	1
37.04010928961748	6139	1
37.04633879781421	743	1
37.04825136612022	3401	1
37.09311475409836	658	1
37.099344262295084	9766	1
37.10890710382514	8952	1
37.123224043715844	328	1
37.13912568306011	3677	1
37.14524590163934	1766	1
37.233387978142076	6229	1
37.25939890710382	3164	1
37.26508196721311	5493	1
37.27098360655738	1589	1
37.29	8417	1
37.29879781420765	8352	1
37.31513661202186	1689	1
37.32633879781421	6292	1
37.33978142076503	4241	1
37.34524590163934	5798	1
37.360218579234974	5457	1
37.36475409836065	5495	1
37.37535519125683	7186	1
37.43289617486339	5231	1
37.43677595628415	8991	1
37.44726775956284	8040	1
37.47710382513661	4090	1
37.52251366120218	9816	0
37.52300546448087	6249	1
37.52748633879781	5178	1
37.54005464480874	416	1
37.554098360655736	63	1
37.57448087431694	6231	1
37.58125683060109	8412	1
37.60464480874317	2864	1
37.60666666666666	9448	1
37.61005464480874	5660	1
37.621693989071034	1632	1
37.64224043715847	5103	1
37.654644808743164	393	1
37.67169398907104	9600	1
37.67284153005464	8473	1
37.71972677595628	3297	1
37.72491803278689	8737	1
37.76415300546448	9256	1
37.8039344262295	9643	1
37.80945355191257	9145	1
37.81546448087431	6538	1
37.820601092896176	6455	1
37.8372131147541	1856	1
37.84573770491804	1227	1
37.85218579234972	2302	1
37.8668306010929	3260	1
37.86819672131147	1768	1
37.87491803278689	1141	1
37.88726775956284	4173	1
37.893497267759564	9641	1
37.910765027322405	2005	1
37.93032786885246	878	1
37.982295081967216	8124	1
37.98420765027323	5139	1
38.05125683060109	218	1
38.052896174863385	3149	1
38.05579234972677	9567	1
38.0675956284153	486	1
38.085901639344264	1311	1
38.1003825136612	9998	1
38.124480874316944	6975	1
38.134808743169394	408	1
38.14928961748634	8949	1
38.21185792349726	9688	1
38.228524590163936	9064	1
38.24978142076503	4144	1
38.25377049180327	3269	1
38.2575956284153	9172	1
38.27748633879781	9309	1
38.32087431693989	7442	1
38.327267759562844	4274	1
38.37464480874317	6234	1
38.385956284153	7316	1
38.386830601092896	2015	0
38.40573770491803	6498	1
38.41601092896175	9787	1
38.43595628415301	6995	1
38.44415300546448	5265	1
38.483387978142076	9312	1
38.484043715846994	8356	1
38.52846994535519	9157	1
38.5348087431694	8291	1
38.53551912568306	8701	1
38.54355191256831	9004	1
38.56054644808743	5764	1
38.57677595628415	5821	1
38.580601092896174	8976	1
38.588142076502734	5256	1
38.635245901639344	2632	1
38.65819672131148	9368	1
38.67896174863388	4459	1
38.7020218579235	5155	1
38.722841530054644	4258	1
38.74431693989071	5759	1
38.748579234972674	5275	1
38.75557377049181	2808	1
38.82027322404371	383	1
38.84459016393443	9462	1
38.857650273224046	4671	1
38.85879781420765	8233	1
38.88639344262295	7357	1
38.89338797814207	3409	1
38.893825136612016	3374	1
38.9051912568306	7863	1
38.911803278688524	3130	1
38.921857923497264	4871	1
38.92213114754098	4920	1
38.92737704918033	2645	1
38.92956284153006	2705	1
39.01901639344263	5251	1
39.02907103825137	5032	1
39.05016393442623	8725	1
39.090382513661204	172	1
39.09781420765027	3067	1
39.11907103825136	2186	1
39.138688524590165	1407	1
39.144262295081965	8244	1
39.172786885245905	8179	1
39.17524590163934	7299	1
39.179890710382516	9631	1
39.20289617486338	9231	1
39.205245901639344	2908	1
39.21901639344262	3290	1
39.22612021857923	7386	1
39.2448087431694	6667	1
39.27081967213115	4426	1
39.29054644808743	6560	1
39.29967213114754	8929	1
39.3124043715847	8047	1
39.34688524590163	9424	1
39.35327868852459	103	1
39.3775956284153	4748	1
39.39224043715846	8804	1
39.39267759562841	8799	1
39.3992349726776	541	1
39.40311475409836	5550	1
39.407704918032785	4392	1
39.40879781420765	4938	1
39.41437158469946	4567	1
39.415628415300546	9793	1
39.49371584699454	3294	1
39.49978142076503	3492	1
39.55262295081967	5954	1
39.60431693989071	7858	1
39.608360655737705	6935	1
39.61262295081967	8607	1
39.61786885245902	8671	1
39.62568306010929	59	1
39.67622950819673	9736	1
39.685409836065574	6992	1
39.69803278688524	1276	1
39.70590163934426	2928	1
39.72420765027323	2245	1
39.73622950819672	6449	1
39.749398907103824	2366	1
39.768907103825136	8441	1
39.795737704918025	1795	1
39.83928961748634	3969	1
39.86076502732241	5951	1
39.86076502732241	3510	1
39.86218579234972	4781	1
39.88180327868852	1684	1
39.91213114754098	9950	1
39.973989071038254	7293	1
40.00262295081967	4860	1
40.006612021857926	6079	1
40.026229508196714	3065	1
40.04448087431694	1033	1
40.082841530054644	5828	1
40.08677595628415	5787	1
40.09770491803278	4071	1
40.113169398907104	7311	1
40.11945355191257	5411	1
40.14398907103825	1780	1
40.19808743169399	8841	1
40.226994535519125	5131	1
40.23546448087431	97	1
40.26901639344263	2379	1
40.27508196721312	9258	1
40.28437158469946	2137	1
40.29016393442623	2836	1
40.29912568306011	2990	1
40.31180327868853	4030	1
40.327923497267754	960	1
40.37224043715847	562	1
40.39344262295082	1136	1
40.39748633879782	6332	1
40.40491803278689	8264	1
40.40497267759562	9878	0
40.42180327868852	5292	1
40.48174863387978	8548	1
40.53704918032786	6014	1
40.545901639344265	2975	1
40.5544262295082	7193	1
40.561967213114755	1859	1
40.63092896174864	8686	1
40.63579234972678	4513	1
40.63950819672131	1962	1
40.641967213114754	7046	1
40.644972677595625	9732	1
40.65049180327868	2237	1
40.659617486338796	9753	1
40.66612021857923	9479	1
40.69185792349727	5024	1
40.71551912568306	6397	1
40.71743169398908	6042	1
40.754644808743166	3772	1
40.782677595628414	6024	1
40.78442622950819	5837	1
40.813770491803275	4433	1
40.8875956284153	5340	1
40.91704918032787	67	1
40.93934426229508	213	1
40.94032786885246	3926	1
40.95704918032787	6246	1
40.99513661202185	309	1
41.003879781420764	8678	1
41.02081967213115	2405	1
41.02327868852459	9426	1
41.02879781420765	7553	1
41.04147540983607	2420	1
41.04377049180328	8224	1
41.04939890710383	3922	1
41.05956284153005	7831	1
41.06071038251366	6529	1
41.101147540983604	8210	1
41.13841530054645	7249	1
41.144371584699456	853	1
41.18934426229508	6494	1
41.196338797814214	3361	1
41.23644808743169	8442	1
41.255464480874316	1933	1
41.25978142076503	4718	1
41.27475409836065	6239	1
41.30803278688524	1153	1
41.31360655737705	2869	1
41.347049180327865	2633	1
41.368087431693986	2421	1
41.37207650273224	8466	1
41.416338797814205	2028	1
41.41841530054644	3423	1
41.42136612021858	7558	1
41.44060109289617	7623	1
41.483606557377044	231	1
41.49300546448087	4382	1
41.51120218579235	1885	1
41.51180327868852	6406	1
41.52661202185792	8141	1
41.545792349726774	4951	1
41.54841530054645	4986	1
41.54846994535519	5731	1
41.59010928961748	5123	1
41.595136612021854	1233	1
41.620273224043714	9755	1
41.63928961748634	9818	1
41.69469945355191	1761	1
41.72934426229508	4620	1
41.7316393442623	9706	1
41.73950819672131	8559	1
41.74497267759563	1564	1
41.74639344262295	2286	1
41.775956284153004	5775	1
41.78765027322404	2498	1
41.81327868852459	7706	1
41.81448087431694	8905	1
41.820218579234975	2593	1
41.83404371584699	144	1
41.83983606557376	3862	1
41.88442622950819	6595	1
41.93448087431694	8655	1
41.934644808743165	1503	1
41.95469945355191	1986	1
41.97262295081967	8375	1
41.99289617486339	1068	1
42.01562841530055	2397	1
42.0520218579235	5250	1
42.06890710382514	7109	1
42.10180327868852	6736	1
42.106502732240436	7348	1
42.11	4674	1
42.11180327868852	7850	1
42.13579234972677	7278	1
42.173114754098364	8595	1
42.191803278688525	3679	1
42.19229508196721	4894	1
42.20781420765027	6463	1
42.21677595628415	2431	1
42.22901639344263	4112	1
42.229234972677595	8529	1
42.25377049180328	4648	1
42.26535519125683	4454	1
42.27431693989071	4080	1
42.27655737704917	2838	1
42.295027322404366	7881	1
42.29934426229508	2198	1
42.31273224043716	1161	1
42.34896174863388	3090	1
42.353169398907106	7840	1
42.36743169398907	4406	1
42.38688524590164	7691	1
42.390491803278685	8568	1
42.39819672131147	7947	1
42.403224043715845	5357	1
42.4127868852459	7430	1
42.42732240437159	7305	1
42.438469945355195	3689	1
42.439890710382514	7901	1
42.45120218579235	5472	1
42.45169398907103	5574	1
42.472021857923494	6286	1
42.47234972677595	3968	1
42.48409836065574	9816	1
42.498688524590165	4750	1
42.53846994535519	1622	1
42.54109289617486	8702	1
42.55109289617486	9482	1
42.57540983606557	5701	1
42.59961748633879	5573	1
42.61158469945355	5104	1
42.62469945355191	2094	1
42.62972677595628	5747	1
42.6520218579235	4223	1
42.693606557377045	5749	1
42.696666666666665	8301	1
42.704863387978136	499	1
42.712021857923496	8666	1
42.722021857923494	645	1
42.73355191256831	1729	1
42.7388524590164	3859	1
42.743442622950816	7185	1
42.7620218579235	3707	1
42.823879781420764	8446	1
42.86551912568306	7675	0
42.86710382513661	5835	1
42.87355191256831	4445	1
42.899562841530056	7710	1
42.915846994535514	4244	1
42.92147540983606	5179	1
42.95907103825136	7989	1
42.96868852459016	6071	1
42.985628415300546	6082	1
42.98928961748634	3678	1
42.98989071038252	6106	1
42.99213114754098	423	1
43.009672131147546	2163	1
43.01420765027322	9583	1
43.03568306010929	5065	1
43.04131147540984	8621	1
43.069508196721316	6664	1
43.08486338797814	4325	1
43.08502732240437	6641	1
43.09355191256831	7544	1
43.10896174863388	2200	1
43.17032786885245	3576	1
43.199945355191254	2511	1
43.221366120218576	6196	1
43.222131147540985	2711	1
43.2231693989071	3271	1
43.269289617486336	779	1
43.2836612021858	2820	1
43.30770491803279	5465	1
43.32437158469945	5500	1
43.33672131147541	7071	1
43.35950819672131	3879	1
43.37956284153005	85	1
43.38661202185792	4082	1
43.43907103825136	1204	1
43.44573770491803	566	1
43.45131147540984	9419	1
43.459071038251366	9884	1
43.47540983606557	1007	1
43.50934426229508	7540	1
43.51153005464481	4745	1
43.5175956284153	5314	1
43.538688524590164	5963	1
43.56907103825136	4975	1
43.59169398907104	1426	1
43.6003825136612	5743	1
43.60775956284153	9361	1
43.609890710382516	4549	1
43.63158469945355	6351	1
43.637486338797814	7068	1
43.65928961748634	9191	1
43.70136612021858	6009	1
43.733005464480875	934	1
43.73874316939891	6446	1
43.746775956284154	128	1
43.7575956284153	239	1
43.76300546448088	2461	1
43.79076502732241	9331	1
43.7924043715847	8594	1
43.7927868852459	3182	1
43.815956284153	2179	1
43.82322404371585	3746	1
43.83202185792349	1654	1
43.848251366120216	6514	1
43.854972677595626	9459	1
43.85579234972678	3258	1
43.87606557377049	3233	1
43.88251366120219	2985	1
43.89863387978142	8906	1
43.91808743169399	3107	1
43.92617486338798	5319	1
43.93983606557377	9675	1
43.9475956284153	9718	1
43.95622950819672	1032	1
43.97453551912568	5538	1
43.97677595628415	5595	1
43.97688524590164	684	1
43.97704918032787	2030	1
43.992786885245906	5876	1
43.99295081967213	6996	1
44.03284153005465	2034	1
44.0527868852459	9330	1
44.054480874316944	8410	1
44.06748633879782	8860	1
44.06928961748634	8218	1
44.08606557377049	6425	1
44.09262295081967	9354	1
44.10251366120219	8396	1
44.12284153005465	4361	1
44.1255737704918	2026	1
44.1327868852459	9569	1
44.153224043715845	8065	1
44.15453551912568	2394	1
44.16650273224044	9254	1
44.20245901639345	2088	1
44.25087431693989	3846	1
44.290218579234974	3835	1
44.31819672131147	848	1
44.34846994535519	8796	1
44.35639344262295	7371	1
44.36978142076502	5616	1
44.37131147540983	5957	1
44.37540983606557	9207	1
44.38704918032787	7283	1
44.404371584699454	4450	1
44.40934426229508	4665	1
44.42344262295082	3481	1
44.435901639344266	4820	1
44.439453551912564	890	1
44.43983606557377	1220	1
44.478852459016395	9438	1
44.52169398907104	9346	1
44.53508196721311	7169	1
44.542950819672136	2	1
44.54792349726776	5860	1
44.553606557377044	2821	1
44.561584699453554	5868	1
44.56551912568306	7762	1
44.56584699453552	5657	1
44.56775956284153	9781	1
44.57136612021858	3248	1
44.580382513661206	7919	1
44.581311475409834	4679	1
44.58748633879782	1663	1
44.59065573770492	9536	1
44.59229508196721	3137	1
44.60180327868852	6120	1
44.61147540983607	5650	1
44.6196174863388	8382	1
44.62120218579235	0	1
