0.022514426229508198	1047	1
0.1316896174863388	67	1
0.21094426229508198	9095	1
0.25512349726775957	258	1
0.2725158469945355	3838	1
0.33962295081967214	2946	1
0.4710601092896175	9794	1
0.5262699453551912	8701	1
0.6483879781420765	2907	1
0.6897322404371584	1613	1
0.7395683060109289	8942	1
0.7820819672131147	7306	1
0.8059289617486338	6913	1
0.8310437158469945	3125	1
0.8868907103825137	1431	1
0.8998688524590164	911	1
0.9229726775956284	1227	1
1.043120218579235	5144	1
1.0723989071038251	9061	1
1.1738907103825138	7778	1
1.2003770491803278	2311	1
1.2191475409836066	4639	1
1.2334918032786883	4008	1
1.2665573770491803	1269	1
1.3455081967213114	3598	1
1.356415300546448	7057	1
1.4263005464480873	3792	1
1.460950819672131	9309	1
1.478950819672131	1148	1
1.6197486338797815	7973	1
1.6212349726775956	9955	1
1.681967213114754	6834	1
1.6836994535519125	3157	1
1.7309726775956285	426	1
1.7704262295081967	2258	1
1.7759726775956284	3408	1
1.849622950819672	7217	1
1.8547322404371582	5484	1
1.8737322404371586	2345	1
1.8766393442622948	6062	1
1.9369398907103825	9042	1
2.0491967213114752	8949	1
2.052846994535519	7962	1
2.09572131147541	3930	1
2.201016393442623	1398	1
2.2718743169398907	120	1
2.2762513661202184	9262	1
2.36575956284153	6539	1
2.476825136612022	6655	1
2.532448087431694	9726	1
2.6348360655737704	416	1
2.6489016393442624	7190	1
2.6517377049180326	8616	1
2.7324098360655737	5617	1
2.77083606557377	4528	1
2.8518688524590163	6164	1
2.9270546448087433	8195	1
2.9503715846994534	5382	1
2.9631311475409836	9548	1
2.9721420765027324	9892	1
3.0878196721311473	1310	1
3.124590163934426	2499	1
3.2331092896174862	5906	1
3.234049180327869	7278	1
3.238267759562841	1882	1
3.281005464480874	5113	1
3.3393387978142077	2364	1
3.3628251366120216	4293	1
3.430360655737705	9727	1
3.440016393442623	5335	1
3.5272131147540984	5514	1
3.529054644808743	4557	1
3.5975628415300545	3388	1
3.600081967213115	9179	1
3.6725081967213113	1967	1
3.7033333333333336	135	1
3.7401256830601093	1487	1
3.746568306010929	9023	1
3.7529234972677594	7857	1
3.761021857923497	2742	1
3.8491475409836067	4101	1
4.068153005464481	468	1
4.111027322404372	8995	1
4.15139344262295	5493	1
4.167579234972678	9678	1
4.185109289617486	9054	1
4.195273224043716	6644	1
4.251672131147541	209	1
4.417486338797814	9102	1
4.444448087431693	5517	1
4.472103825136612	6801	1
4.498590163934426	7946	1
4.516387978142077	3976	1
4.574	1007	1
4.584950819672131	4298	1
4.617765027322404	367	1
4.632754098360656	6366	1
4.794355191256831	476	1
4.83524043715847	9060	1
4.8994207650273225	6105	1
4.997737704918033	5524	1
5.078469945355192	5266	1
5.214907103825136	4861	1
5.294218579234973	2430	1
5.442770491803278	1371	1
5.480163934426229	1603	1
5.509289617486339	2903	1
5.620109289617487	2532	1
5.64016393442623	1878	1
5.674371584699454	4964	1
5.725901639344262	6172	1
5.770601092896175	2374	1
5.782349726775956	299	1
5.8119125683060116	1830	1
5.870601092896175	2831	1
5.871256830601093	5942	1
5.926502732240436	6986	1
5.9316939890710385	3296	1
5.982513661202185	7270	1
6.0517486338797815	3162	1
6.054426229508197	9620	1
6.11896174863388	3898	1
6.122513661202185	6688	1
6.124644808743169	1107	1
6.125573770491804	2629	1
6.155136612021858	6279	1
6.163005464480874	2473	1
6.1750819672131145	3631	1
6.3762295081967215	33	1
6.391639344262296	3712	1
6.493005464480874	7478	1
6.591530054644809	4165	1
6.593224043715846	3416	1
6.604808743169399	7053	1
6.61792349726776	9111	1
6.649398907103825	4750	1
6.696830601092897	8255	1
6.7694535519125685	7084	1
6.772950819672131	2325	1
6.813497267759562	5408	1
6.822459016393443	636	1
6.857158469945355	6199	1
6.904590163934426	694	1
6.958306010928962	8007	1
6.976120218579235	241	1
7.001311475409836	9639	1
7.036448087431694	2669	1
7.051584699453552	4118	1
7.068688524590164	7777	1
7.078415300546448	5178	1
7.214972677595629	9571	1
7.221256830601093	1439	1
7.232349726775957	536	1
7.306393442622951	8659	1
7.334590163934426	2799	1
7.348579234972678	4936	1
7.493442622950819	377	1
7.5451366120218575	3608	1
7.54983606557377	5780	1
7.564535519125683	5146	1
7.585081967213115	940	1
7.58655737704918	4282	1
7.640109289617486	6119	1
7.71103825136612	8223	1
7.73863387978142	8586	1
7.750983606557377	292	1
7.753661202185793	339	1
7.841530054644808	5531	1
7.849398907103825	1050	1
7.918087431693989	9598	1
7.933551912568307	5931	1
7.956120218579235	2491	1
7.956393442622951	6469	1
7.998469945355191	7668	1
8.016775956284153	8982	1
8.03103825136612	6128	1
8.081256830601093	3359	1
8.15120218579235	2613	1
8.15431693989071	45	1
8.179289617486338	9947	1
8.212841530054645	7105	1
8.244754098360655	2096	1
8.27327868852459	5055	1
8.300218579234972	8953	1
8.308579234972678	9527	1
8.321256830601094	7787	1
8.333497267759563	8763	1
8.362732240437158	9738	1
8.368907103825137	8638	1
8.415409836065573	7678	1
8.427213114754098	5712	1
8.4451912568306	3062	1
8.50016393442623	8510	1
8.506065573770492	7940	1
8.525683060109289	7310	1
8.527868852459017	4131	1
8.54431693989071	6034	1
8.604262295081968	1504	1
8.62775956284153	2876	1
8.672459016393441	2824	1
8.680765027322403	9056	1
8.707486338797814	9749	1
8.718415300546447	3649	1
8.719999999999999	8374	1
8.75120218579235	5293	1
8.77655737704918	9065	1
8.84568306010929	1067	1
8.866284153005465	897	1
8.901639344262295	1217	1
8.91016393442623	4734	1
8.9175956284153	8175	1
8.964480874316939	7242	1
9.02327868852459	365	1
9.076612021857922	9249	1
9.140928961748633	4892	1
9.192786885245901	6714	1
9.253387978142076	7281	1
9.288142076502732	5643	1
9.295464480874317	4841	1
9.306502732240437	74	1
9.380109289617486	3163	1
9.451366120218578	7915	1
9.470819672131148	5423	1
9.487704918032787	5919	1
9.511147540983607	9343	1
9.561420765027322	2602	1
9.625901639344262	335	1
9.680601092896174	3252	1
9.694371584699454	3952	1
9.704590163934427	8574	1
9.706284153005464	6603	1
9.750546448087432	3855	1
9.755027322404372	1301	1
9.765300546448088	3399	1
9.829999999999998	2024	1
9.847377049180327	7251	1
9.929617486338797	2695	1
9.93065573770492	3381	1
9.950327868852458	4263	1
9.962021857923498	5869	1
9.964043715846994	287	1
9.999398907103824	431	1
10.030163934426229	3819	1
10.04016393442623	8240	1
10.107486338797814	1544	1
10.19743169398907	2070	1
10.208306010928961	7748	1
10.208579234972676	6830	1
10.241584699453552	4564	1
10.25049180327869	6055	1
10.259016393442622	1941	1
10.316448087431693	3997	1
10.32016393442623	2086	1
10.432677595628414	8637	1
10.489617486338798	9996	1
10.595464480874316	96	1
10.645191256830602	4230	1
10.651530054644809	9578	1
10.684207650273224	1471	1
10.697431693989072	987	1
10.710109289617485	8347	1
10.723934426229508	9942	1
10.740983606557377	3758	1
10.790765027322404	251	1
10.830273224043717	486	1
10.840437158469946	9554	1
10.866885245901639	387	1
10.88928961748634	6726	1
10.913497267759562	3540	1
10.9624043715847	5269	1
10.96377049180328	3585	1
10.96601092896175	8217	1
11.059289617486339	3125	0
11.079836065573769	5899	1
11.108961748633881	2632	1
11.14	1455	1
11.162732240437158	8391	1
11.201311475409836	5434	1
11.204699453551912	6016	1
11.248469945355192	7030	1
11.263005464480873	9401	1
11.279398907103825	2718	1
11.298142076502732	5133	1
11.299344262295081	9680	1
11.331967213114753	8476	1
11.343989071038251	922	1
11.344972677595628	3679	1
11.393989071038252	3273	1
11.395737704918032	470	1
11.414207650273225	5747	1
11.466830601092896	6727	1
11.49912568306011	7415	1
11.602622950819672	8981	1
11.60601092896175	7627	1
11.631912568306012	3426	1
11.643497267759562	3041	1
11.647103825136611	82	1
11.664754098360657	2514	1
11.672185792349726	3643	1
11.699453551912567	8526	1
11.708852459016393	3842	1
11.734535519125682	9077	1
11.735792349726776	819	1
11.737213114754098	9377	1
11.746338797814207	2073	1
11.765136612021857	2477	1
11.810601092896176	1816	1
11.850437158469944	9734	1
11.855300546448088	2093	1
11.859234972677596	2030	1
11.882185792349727	3436	1
12.003879781420764	1753	1
12.007978142076503	4262	1
12.025683060109289	6887	1
12.033879781420765	2272	1
12.048251366120219	8407	1
12.065792349726776	4704	1
12.073060109289617	9551	1
12.129453551912567	3067	1
12.195683060109289	8941	1
12.202568306010928	3995	1
12.214644808743168	2072	1
12.269726775956284	5380	1
12.274207650273224	4677	1
12.32344262295082	1716	1
12.3424043715847	4433	1
12.346010928961748	1358	1
12.427650273224044	7538	1
12.494644808743168	8071	1
12.49792349726776	828	1
12.61863387978142	7202	1
12.634262295081967	3834	1
12.638961748633879	7346	1
12.653825136612022	3670	1
12.660819672131147	3179	1
12.670765027322403	6617	1
12.684371584699454	5324	1
12.68672131147541	195	1
12.70808743169399	5111	1
12.730819672131148	9332	1
12.737158469945355	9449	1
12.745737704918033	8694	1
12.75617486338798	1912	1
12.760983606557378	3109	1
12.770655737704917	3652	1
12.782349726775957	8081	1
12.785136612021857	1666	1
12.791693989071039	5316	1
12.80792349726776	5787	1
12.847267759562842	1097	1
12.869617486338798	7511	1
12.886393442622952	737	1
12.908907103825136	4472	1
12.910765027322405	3360	1
12.94295081967213	8722	1
12.947540983606556	8557	1
12.9775956284153	4477	1
13.013934426229508	761	1
13.069016393442624	4049	1
13.134043715846994	4794	1
13.200655737704919	5902	1
13.205355191256832	3089	1
13.239125683060108	3450	1
13.24710382513661	5404	1
13.292404371584698	8199	1
13.383661202185792	5467	1
13.408688524590165	7232	1
13.458579234972678	3180	1
13.504972677595628	8970	1
13.58382513661202	9675	1
13.617540983606558	1790	1
13.76207650273224	7405	1
13.818032786885245	9936	1
13.82584699453552	3081	1
13.856557377049182	3015	1
13.872896174863389	8512	1
13.9172131147541	2649	1
13.935846994535519	1476	1
14.022021857923498	512	1
14.028142076502732	1460	1
14.0527868852459	4383	1
14.05672131147541	3971	1
14.057158469945355	1559	1
14.05808743169399	4099	1
14.06551912568306	8191	1
14.084590163934426	8505	1
14.118579234972676	1001	1
14.149672131147542	5824	1
14.159890710382514	6717	1
14.17016393442623	5975	1
14.17311475409836	3711	1
14.187595628415302	6735	1
14.219836065573771	344	1
14.280655737704917	2672	1
14.29863387978142	7345	1
14.299890710382513	7972	1
14.303879781420765	4623	1
14.307540983606557	4407	1
14.309781420765027	196	1
14.328251366120218	6043	1
14.328852459016392	2835	1
14.344590163934425	6921	1
14.34590163934426	8310	1
14.39551912568306	9657	1
14.406939890710383	9626	1
14.422786885245902	5529	1
14.432896174863387	5868	1
14.46207650273224	3904	1
14.488743169398907	8508	1
14.520382513661202	9485	1
14.522677595628414	7219	1
14.54	6747	1
14.626338797814208	7520	1
14.654371584699454	5175	1
14.669453551912568	630	1
14.711639344262295	9692	1
14.722950819672132	5964	1
14.73311475409836	3028	1
14.757486338797815	477	1
14.765846994535519	5255	1
14.78136612021858	3093	1
14.81191256830601	4463	1
14.843715846994536	2747	1
14.846994535519125	8220	1
14.861311475409837	1312	1
14.922185792349728	5377	1
14.93311475409836	9866	1
14.954371584699452	4975	1
14.991912568306011	0	1
14.997704918032786	9337	1
15.008524590163933	2406	1
15.02344262295082	3132	1
15.025846994535518	4723	1
15.038907103825135	6173	1
15.055081967213114	3766	1
15.059999999999999	8666	1
15.07448087431694	9802	1
15.079453551912568	7984	1
15.082076502732239	5492	1
15.08983606557377	3701	1
15.102349726775955	7447	1
15.111803278688525	5970	1
15.12016393442623	8393	1
15.121256830601093	1702	1
15.129617486338796	9940	1
15.155409836065573	6763	1
15.167213114754098	9857	1
15.171475409836066	1119	1
15.18617486338798	8401	1
15.197377049180329	9673	1
15.215956284153005	5471	1
15.254098360655737	5461	1
15.267978142076503	6291	1
15.274699453551912	6335	1
15.277049180327868	3759	1
15.305136612021858	9178	1
15.308743169398907	5392	1
15.313770491803277	7512	1
15.323770491803279	8552	1
15.32912568306011	1388	1
15.35153005464481	4458	1
15.363879781420763	3899	1
15.375737704918032	8085	1
15.38655737704918	2068	1
15.391147540983606	9858	1
15.3924043715847	1768	1
15.430983606557376	4017	1
15.44103825136612	4641	1
15.447978142076503	3632	1
15.448579234972678	4949	1
15.451857923497268	7630	1
15.453551912568306	7193	1
15.45792349726776	4960	1
15.459836065573771	7558	1
15.461420765027322	4219	1
15.464972677595629	3984	1
15.470928961748635	2685	1
15.478907103825136	6467	1
15.481803278688526	3595	1
15.494426229508196	9634	1
15.503715846994535	1690	1
15.511311475409835	3326	1
15.511530054644808	8901	1
15.513551912568305	1332	1
15.515464480874316	6792	1
15.518196721311476	5273	1
15.523005464480875	4773	1
15.525956284153006	8168	1
15.529945355191256	9833	1
15.533715846994534	5963	1
15.554863387978141	5749	1
15.61207650273224	3451	1
15.618579234972676	9475	1
15.626338797814206	2124	1
15.637650273224043	9412	1
15.681147540983606	8630	1
15.686612021857924	5502	1
15.70049180327869	4279	1
15.704098360655738	1774	1
15.704972677595629	7950	1
15.712240437158469	4155	1
15.722732240437157	9199	1
15.73071038251366	9897	1
15.734863387978141	5366	1
15.736939890710383	9418	1
15.737704918032787	24	1
15.748961748633878	5001	1
15.752513661202187	7483	1
15.76775956284153	9572	1
15.784371584699452	7797	1
15.796666666666667	4040	1
15.801311475409834	2941	1
15.832568306010929	9499	1
15.873879781420765	8558	1
15.883060109289618	7150	1
15.916666666666666	4114	1
15.928469945355191	9984	1
15.940983606557376	1288	1
15.951420765027322	1441	1
15.951639344262293	7528	1
15.952076502732242	3082	1
15.953497267759563	2983	1
15.957868852459017	5744	1
15.957923497267759	2100	1
15.963224043715847	4509	1
15.97207650273224	9075	1
15.972185792349727	8926	1
15.995901639344263	5367	1
15.996994535519125	4814	1
15.997103825136612	265	1
16.004207650273223	1747	1
16.033387978142077	6049	1
16.037322404371587	9739	1
16.045628415300545	3372	1
16.051092896174865	8937	1
16.05568306010929	1507	1
16.05765027322404	5487	1
16.074371584699453	719	1
16.098196721311474	3358	1
16.110491803278688	9085	1
16.119672131147542	9235	1
16.121803278688525	6924	1
16.131420765027322	100	1
16.143770491803277	8965	1
16.15327868852459	1633	1
16.158743169398907	5342	1
16.16327868852459	4045	1
16.187486338797815	1748	1
16.202841530054645	4725	1
16.24546448087432	8483	1
16.248852459016394	4024	1
16.251475409836065	4894	1
16.25672131147541	1960	1
16.28398907103825	7361	1
16.295792349726774	8592	1
16.309071038251364	7235	1
16.30928961748634	2792	1
16.310273224043716	4850	1
16.326120218579234	2404	1
16.34409836065574	448	1
16.36224043715847	7238	1
16.363879781420767	3005	1
16.406120218579236	614	1
16.423387978142078	7948	1
16.428907103825136	4475	1
16.43841530054645	2728	1
16.44459016393443	4281	1
16.465846994535518	6271	1
16.473333333333333	1692	1
16.483879781420764	9809	1
16.484590163934428	7426	1
16.49863387978142	4347	1
16.507213114754098	3915	1
16.509781420765027	404	1
16.556120218579235	1124	1
16.561857923497268	4758	1
16.56196721311475	4589	1
16.588907103825136	867	1
16.602240437158468	7855	1
16.60327868852459	6584	1
16.623387978142077	4179	1
16.651639344262296	8275	1
16.685355191256832	5008	1
16.687213114754098	1306	1
16.689945355191256	4917	1
16.692021857923496	7619	1
16.695081967213113	9142	1
16.700382513661204	3249	1
16.700765027322404	1392	1
16.714262295081966	4629	1
16.726612021857925	9415	1
16.73415300546448	5838	1
16.73497267759563	4559	1
16.73879781420765	2713	1
16.739016393442622	6697	1
16.753770491803277	3038	1
16.75825136612022	3011	1
16.760983606557378	8830	1
16.765792349726777	8758	1
16.769234972677594	2408	1
16.780765027322406	9329	1
16.783333333333335	3077	1
16.797103825136613	6095	1
16.800819672131148	2064	1
16.825300546448087	2809	1
16.841092896174864	4493	1
16.87726775956284	2568	1
16.87737704918033	2361	1
16.885956284153004	6475	1
16.899398907103823	6498	1
16.91464480874317	5796	1
16.91704918032787	9470	1
16.921912568306013	1892	1
16.959781420765026	2796	1
16.973387978142075	3191	1
16.979071038251366	6053	1
16.979726775956284	4881	1
16.99191256830601	2056	1
17.002732240437158	1745	1
17.008907103825138	9246	1
17.024918032786886	2147	1
17.033224043715848	8621	1
17.035792349726776	2239	1
17.03879781420765	3784	1
17.040437158469945	6103	1
17.04224043715847	9638	1
17.05568306010929	317	1
17.08568306010929	5466	1
17.085956284153003	4137	1
17.09032786885246	1193	1
17.102021857923496	945	1
17.10327868852459	4288	1
17.115409836065574	6580	1
17.115901639344262	7228	1
17.124972677595625	2527	1
17.147978142076504	3277	1
17.164043715846994	8465	1
17.18098360655738	6561	1
17.18245901639344	4984	1
17.188852459016392	4526	1
17.19601092896175	8112	1
17.201475409836064	2545	1
17.20551912568306	1420	1
17.20655737704918	8404	1
17.213825136612023	9995	1
17.21781420765027	5829	1
17.21950819672131	8066	1
17.236174863387976	6104	1
17.2372131147541	5231	1
17.252841530054646	8957	1
17.267650273224042	7513	1
17.271366120218577	6405	1
17.301967213114754	3160	1
17.30426229508197	6098	1
17.306775956284152	4266	1
17.32743169398907	4321	1
17.346284153005463	5526	1
17.35065573770492	7556	1
17.353606557377052	9051	1
17.35535519125683	4350	1
17.359289617486336	4455	1
17.364207650273222	3936	1
17.371092896174865	2231	1
17.399617486338798	7965	1
17.40573770491803	6697	0
17.4148087431694	5102	1
17.426721311475408	8330	1
17.428961748633878	8718	1
17.43415300546448	4246	1
17.445956284153006	2628	1
17.454262295081968	3477	1
17.456994535519122	3625	1
17.508360655737704	6951	1
17.51459016393443	9818	1
17.514644808743167	4597	1
17.524754098360656	6781	1
17.554972677595625	8518	1
17.557213114754095	4583	1
17.55912568306011	7428	1
17.565573770491802	255	1
17.570983606557377	6858	1
17.58584699453552	4343	1
17.608251366120218	1028	1
17.616612021857925	3023	1
17.619562841530055	7188	1
17.62049180327869	9247	1
17.628579234972676	3156	1
17.668633879781417	5711	1
17.704207650273226	4229	1
17.712568306010926	9446	1
17.71431693989071	2774	1
17.715300546448088	1000	1
17.75054644808743	4943	1
17.7548087431694	7331	1
17.772349726775957	4204	1
17.78087431693989	2382	1
17.78120218579235	660	1
17.792950819672132	1711	1
17.795245901639344	6611	1
17.810819672131146	1983	1
17.81415300546448	5226	1
17.8231693989071	4161	1
17.828306010928962	1628	1
17.836174863387978	7895	1
17.848743169398908	6685	1
17.854426229508196	8541	1
17.85573770491803	4487	1
17.866775956284155	6759	1
17.867158469945355	535	1
17.869617486338797	7810	1
17.87502732240437	8135	1
17.882459016393444	5218	1
17.90311475409836	4900	1
17.90377049180328	6841	1
17.92120218579235	752	1
17.946338797814207	2317	1
17.947322404371583	6353	1
17.952732240437157	1131	1
17.96710382513661	8831	1
17.97415300546448	7274	1
17.976775956284154	9792	1
17.98426229508197	4952	1
17.984972677595625	7869	1
17.985956284153005	8345	1
17.98846994535519	4962	1
18.008961748633876	5010	1
18.01087431693989	4649	1
18.03639344262295	4201	1
18.045027322404373	4928	1
18.045792349726774	7698	1
18.07071038251366	9260	1
18.0724043715847	9251	1
18.13846994535519	9776	1
18.151256830601092	1054	1
18.171147540983604	1732	1
18.1979781420765	202	1
18.207213114754097	9308	1
18.21103825136612	3044	1
18.218251366120217	5940	1
18.233114754098363	4249	1
18.239562841530056	5860	1
18.239562841530056	5124	1
18.24382513661202	9584	1
18.256284153005463	5030	1
18.268743169398906	9390	1
18.283879781420765	7060	1
18.299016393442624	4497	1
18.308469945355192	2037	1
18.3175956284153	2350	1
18.319562841530054	9341	1
18.33530054644809	5062	1
18.357704918032788	3486	1
18.3624043715847	9006	1
18.373879781420765	1594	1
18.376284153005464	9736	1
18.397486338797815	8492	1
18.41710382513661	3822	1
18.44054644808743	7712	1
18.441475409836062	107	1
18.478633879781423	8339	1
18.507540983606557	7758	1
18.521147540983605	4377	1
18.531693989071037	5402	1
18.531912568306012	7319	1
18.53464480874317	6113	1
18.546284153005466	3407	1
18.54846994535519	6356	1
18.550765027322406	8030	1
18.568743169398907	8661	1
18.574590163934428	3484	1
18.584207650273225	5184	1
18.591584699453552	2846	1
18.612295081967215	8956	1
18.63617486338798	3501	1
18.6451912568306	8149	1
18.64710382513661	8122	1
18.67704918032787	1327	1
18.705245901639344	7445	1
18.709836065573768	1048	1
18.72098360655738	7710	1
18.7524043715847	3878	1
18.754754098360657	7738	1
18.756666666666668	1584	1
18.76792349726776	2759	1
18.768415300546447	7980	1
18.78360655737705	6387	1
18.78513661202186	7344	1
18.79546448087432	9958	1
18.79786885245902	9841	1
18.79896174863388	7626	1
18.79983606557377	7481	1
18.860819672131147	962	1
18.86273224043716	4554	1
18.86360655737705	4461	1
18.86377049180328	7413	1
18.86437158469945	6026	1
18.87311475409836	7027	1
18.87431693989071	8277	1
18.884207650273225	9367	1
18.891530054644807	1221	1
18.89950819672131	986	1
18.901092896174863	2698	1
18.92868852459016	611	1
18.937978142076503	6879	1
18.939562841530055	2065	1
18.960054644808743	9787	1
18.9975956284153	1191	1
18.99967213114754	871	1
19.050382513661205	3860	1
19.06087431693989	6900	1
19.090601092896176	7552	1
19.09622950819672	5556	1
19.124918032786884	4111	1
19.126284153005464	2653	1
19.136284153005462	127	1
19.141584699453553	1070	1
19.14426229508197	8129	1
19.145628415300546	4831	1
19.153934426229508	3125	1
19.157650273224043	9867	1
19.16486338797814	2167	1
19.17983606557377	5260	1
19.180601092896175	5248	1
19.18743169398907	9031	1
19.19295081967213	9987	1
19.21502732240437	9865	1
19.243825136612024	1605	1
19.273934426229506	1877	1
19.287322404371587	4847	1
19.29016393442623	2047	1
19.30622950819672	7206	1
19.316120218579233	8786	1
19.320327868852456	2712	1
19.348852459016392	3994	1
19.358852459016394	2466	1
19.360874316939892	4499	1
19.363387978142075	1765	1
19.375409836065575	8906	1
19.39415300546448	352	1
19.424918032786884	5197	1
19.42945355191257	4885	1
19.430109289617487	8222	1
19.441967213114754	3973	1
19.445573770491805	9091	1
19.477868852459018	7223	1
19.506120218579234	2998	1
19.53153005464481	2580	1
19.537322404371587	7621	1
19.539617486338795	1700	1
19.542841530054645	3371	1
19.579234972677597	501	1
19.60010928961749	5584	1
19.61327868852459	5164	1
19.63415300546448	3628	1
19.635792349726774	6848	1
19.640928961748635	2371	1
19.641967213114754	2618	1
19.645191256830604	6907	1
19.648579234972676	8048	1
19.65142076502732	407	1
19.659398907103824	9513	1
19.68191256830601	6514	1
19.687267759562843	9278	1
19.692131147540984	5313	1
19.70830601092896	3431	1
19.70918032786885	3634	1
19.739398907103823	9236	1
19.740382513661203	2243	1
19.755573770491804	9117	1
19.81071038251366	2722	1
19.81655737704918	5586	1
19.81775956284153	4872	1
19.839071038251365	1278	1
19.85344262295082	6863	1
19.857650273224042	7764	1
19.87349726775956	5809	1
19.87896174863388	6505	1
19.882732240437157	7951	1
19.88896174863388	7071	1
19.906885245901638	271	1
19.908961748633878	4109	1
19.912021857923495	3593	1
19.92551912568306	9017	1
19.94688524590164	252	1
19.97382513661202	8324	1
19.983879781420764	5607	1
19.992568306010927	6930	1
19.996502732240437	5144	0
20.022950819672133	5908	1
20.023497267759563	5703	1
20.049125683060108	1291	1
20.063224043715845	2196	1
20.07142076502732	5399	1
20.073825136612022	5416	1
20.074535519125686	6774	1
20.076174863387976	8261	1
20.091202185792348	214	1
20.097978142076503	6423	1
20.13551912568306	3684	1
20.146448087431693	6361	1
20.18185792349727	5475	1
20.213497267759564	4134	1
20.215464480874317	5061	1
20.22136612021858	5545	1
20.23295081967213	8095	1
20.245846994535516	6005	1
20.27	6920	1
20.28311475409836	8014	1
20.294699453551914	5872	1
20.315355191256828	5540	1
20.320491803278685	6497	1
20.33535519125683	1112	1
20.354426229508196	9888	1
20.398852459016393	6777	1
20.40098360655738	8567	1
20.404644808743168	2180	1
20.427704918032784	1379	1
20.458360655737707	5697	1
20.48672131147541	9871	1
20.49327868852459	3599	1
20.49743169398907	9684	1
20.500819672131147	99	1
20.5027868852459	5257	1
20.510054644808744	8536	1
20.517213114754096	8480	1
20.526830601092897	1088	1
20.534535519125683	530	1
20.561639344262296	2202	1
20.566666666666663	9302	1
20.57584699453552	4804	1
20.584262295081967	8504	1
20.584754098360655	4121	1
20.598743169398904	6702	1
20.654808743169397	4427	1
20.657486338797813	1385	1
20.668469945355188	8288	1
20.682896174863387	4484	1
20.68688524590164	4737	1
20.6924043715847	6870	1
20.713551912568306	3206	1
20.724426229508197	7714	1
20.75535519125683	4258	1
20.801092896174865	8054	1
20.80633879781421	4852	1
20.80945355191257	9812	1
20.81081967213115	3596	1
20.822131147540983	267	1
20.84191256830601	6625	1
20.845683060109288	1664	1
20.853825136612024	6444	1
20.858415300546447	1649	1
20.88207650273224	342	1
20.903879781420763	4406	1
20.904699453551913	8256	1
20.908743169398907	8426	1
20.914918032786883	3783	1
20.934207650273223	879	1
20.935136612021857	276	1
20.945245901639343	2603	1
20.956994535519126	2189	1
20.960054644808743	3019	1
20.972240437158472	6488	1
20.975737704918032	4851	1
20.98792349726776	6225	1
20.996775956284154	1699	1
20.9979781420765	2541	1
21.001967213114753	4730	1
21.01295081967213	2811	1
21.02229508196721	5154	1
21.031147540983607	4849	1
21.038142076502734	5132	1
21.048743169398907	5945	1
21.068633879781423	4541	1
21.07743169398907	2865	1
21.09120218579235	8447	1
21.091967213114756	9213	1
21.09464480874317	3091	1
21.096120218579234	7123	1
21.112349726775957	8962	1
21.11344262295082	2263	1
21.118142076502732	7134	1
21.140054644808743	729	1
21.151311475409837	7100	1
21.163551912568305	5071	1
21.180928961748634	8733	1
21.200109289617487	7839	1
21.226666666666667	1532	1
21.232896174863388	6086	1
21.233387978142076	1911	1
21.235901639344263	1925	1
21.255300546448087	563	1
21.25551912568306	8996	1
21.269016393442623	5401	1
21.269726775956286	9129	1
21.270983606557376	2976	1
21.277049180327868	4738	1
21.280382513661202	4635	1
21.30054644808743	4184	1
21.30502732240437	5777	1
21.30535519125683	8250	1
21.311693989071035	5453	1
21.319999999999997	8117	1
21.356666666666666	888	1
21.367431693989072	9138	1
21.370382513661202	7719	1
21.3751912568306	8183	1
21.389890710382513	8258	1
21.402513661202185	3698	1
21.4348087431694	9487	1
21.448633879781422	4026	1
21.461584699453553	3149	1
21.495081967213117	102	1
21.50071038251366	6258	1
21.520382513661204	3962	1
21.541530054644806	8284	1
21.57393442622951	5862	1
21.575628415300546	3644	1
21.588524590163935	6430	1
21.59453551912568	7848	1
21.603825136612024	8611	1
21.620601092896177	118	1
21.6251912568306	8474	1
21.62688524590164	6218	1
21.64863387978142	6972	1
21.649890710382515	3650	1
21.654426229508196	3298	1
21.656338797814207	2782	1
21.67245901639344	4922	1
21.67606557377049	7456	1
21.688579234972675	5790	1
21.720874316939888	657	1
21.736120218579234	6439	1
21.756448087431693	3658	1
21.780437158469947	9895	1
21.785956284153006	7960	1
21.78934426229508	6532	1
21.79032786885246	4027	1
21.812295081967214	7414	1
21.812841530054644	8620	1
21.825846994535517	955	1
21.83551912568306	7126	1
21.83737704918033	8861	1
21.8403825136612	7438	1
21.84256830601093	1808	1
21.85513661202186	4276	1
21.856120218579235	7860	1
21.85934426229508	5949	1
21.87601092896175	7019	1
21.886284153005466	8876	1
21.907704918032785	3398	1
21.94967213114754	9414	1
21.967322404371583	4883	1
21.97743169398907	9451	1
21.9820218579235	4302	1
21.995136612021856	7888	1
22.009562841530055	1696	1
22.01945355191257	176	1
22.061092896174863	9632	1
22.07726775956284	9225	1
22.091420765027323	3663	1
22.106174863387977	3699	1
22.15366120218579	982	1
22.158688524590165	7783	1
22.16863387978142	1895	1
22.17978142076503	2964	1
22.1948087431694	3493	1
22.230601092896176	7877	1
22.23650273224044	6739	1
22.249125683060107	2818	1
22.263005464480873	4399	1
22.267540983606555	4842	1
22.287158469945357	7750	1
22.30256830601093	4792	1
22.303060109289618	8367	1
22.30551912568306	8148	1
22.323169398907105	3981	1
22.32792349726776	8647	1
22.33344262295082	2721	1
22.358688524590164	1474	1
22.35918032786885	9409	1
22.381256830601092	9135	1
22.38431693989071	7067	1
22.411256830601094	1641	1
22.414371584699452	7629	1
22.42710382513661	7050	1
22.439180327868854	6419	1
22.4475956284153	1972	1
22.45229508196721	991	1
22.53295081967213	8799	1
22.54087431693989	9555	1
22.546666666666667	4713	1
22.554918032786883	6989	1
22.583606557377045	7152	1
22.589890710382512	4166	1
22.593551912568305	1198	1
22.617978142076502	5843	1
22.61983606557377	7158	1
22.629071038251368	8247	1
22.64775956284153	4460	1
22.655355191256827	6866	1
22.684863387978144	3336	1
22.701311475409835	4310	1
22.706284153005463	8608	1
22.714699453551912	1704	1
22.720109289617486	8806	1
22.72710382513661	3600	1
22.755846994535517	6437	1
22.75841530054645	568	1
22.76530054644809	2205	1
22.793497267759562	2572	1
22.823060109289617	84	1
22.83071038251366	6183	1
22.844371584699452	844	1
22.8475956284153	6956	1
22.867650273224044	8490	1
22.872295081967213	6934	1
22.91639344262295	6778	1
22.917377049180327	9656	1
22.957213114754097	7358	1
22.998797814207652	4590	1
23.016502732240436	8194	1
23.02469945355191	4610	1
23.030601092896177	4104	1
23.031912568306012	9331	1
23.05792349726776	524	1
23.07464480874317	9422	1
23.08415300546448	6576	1
23.084590163934426	7068	1
23.084863387978142	9800	1
23.092349726775954	6689	1
23.107978142076504	3990	1
23.128743169398906	6730	1
23.131475409836067	193	1
23.145191256830604	9243	1
23.166284153005467	6992	1
23.231366120218578	3707	1
23.235846994535517	293	1
23.24049180327869	7633	1
23.2575956284153	8353	1
23.25978142076503	7359	1
23.263879781420762	9774	1
23.277978142076503	773	1
23.29808743169399	3638	1
23.301857923497266	9731	1
23.313333333333333	5993	1
23.313387978142075	9590	1
23.322295081967212	3460	1
23.332131147540984	9385	1
23.333715846994536	4295	1
23.33590163934426	5621	1
23.336174863387978	5999	1
23.336830601092895	5723	1
23.344918032786886	4188	1
23.345081967213115	469	1
23.367158469945355	3420	1
23.38677595628415	8450	1
23.414426229508198	2538	1
23.419453551912568	2184	1
23.4472131147541	9453	1
23.45398907103825	7360	1
23.454590163934427	8997	1
23.473551912568304	9172	1
23.493005464480873	9317	1
23.510437158469948	8724	1
23.516338797814207	5397	1
23.557868852459016	4181	1
23.5920218579235	256	1
23.604699453551913	1044	1
23.62103825136612	103	1
23.62945355191257	1995	1
23.638852459016395	4217	1
23.644316939890707	5590	1
23.668852459016392	6534	1
23.67584699453552	4186	1
23.6824043715847	2935	1
23.70262295081967	604	1
23.712513661202184	3852	1
23.71327868852459	7677	1
23.730765027322406	4231	1
23.731038251366122	3349	1
23.733551912568306	4624	1
23.73469945355191	4256	1
23.740000000000002	6130	1
23.747158469945354	3278	1
23.773715846994534	1795	1
23.780819672131148	1889	1
23.79825136612022	8803	1
23.81245901639344	1391	1
23.81289617486339	4994	1
23.814863387978143	1095	1
23.816502732240433	8534	1
23.822896174863388	4020	1
23.84415300546448	7449	1
23.84786885245902	5656	1
23.851420765027324	7458	1
23.85398907103825	5326	1
23.862622950819674	3896	1
23.878142076502733	4489	1
23.878907103825135	8827	1
23.95158469945355	4221	1
23.95382513661202	2805	1
23.955573770491803	8576	1
23.957978142076502	9287	1
23.96295081967213	7918	1
23.97535519125683	4614	1
23.994590163934426	2803	1
23.998469945355193	6027	1
24.00650273224044	223	1
24.016721311475408	3961	1
24.048743169398907	4149	1
24.06005464480874	2447	1
24.06530054644809	1554	1
24.067650273224043	520	1
24.070819672131147	6681	1
24.07710382513661	5727	1
24.07912568306011	1937	1
24.087704918032788	9631	1
24.095081967213115	76	1
24.1079781420765	3323	1
24.108743169398906	7337	1
24.137377049180326	2821	1
24.141147540983603	9263	1
24.15568306010929	1074	1
24.188360655737704	8538	1
24.217978142076504	3849	1
24.242131147540984	5893	1
24.270218579234974	4604	1
24.27207650273224	3760	1
24.282513661202184	5570	1
24.290928961748634	2223	1
24.297213114754097	7636	1
24.306229508196722	5323	1
24.35879781420765	3306	1
24.371803278688525	5220	1
24.378415300546447	839	1
24.378579234972676	5046	1
24.38256830601093	1981	1
24.382950819672132	3104	1
24.397868852459016	2245	1
24.407540983606555	697	1
24.41415300546448	5383	1
24.432349726775957	464	1
24.445737704918034	1157	1
24.471256830601092	8603	1
24.47377049180328	5548	1
24.475300546448086	5652	1
24.50546448087432	7507	1
24.508524590163933	7837	1
24.518961748633878	3337	1
24.532185792349726	8127	1
24.55071038251366	6421	1
24.568524590163932	8438	1
24.570491803278685	3	1
24.5851912568306	261	1
24.595355191256832	6567	1
24.597814207650273	9318	1
24.60185792349727	1971	1
24.6027868852459	7741	1
24.60775956284153	3059	1
24.616284153005463	9667	1
24.618251366120216	1631	1
24.621803278688525	8820	1
24.62289617486339	1537	1
24.633387978142075	2684	1
24.634043715846992	6020	1
24.636120218579237	3487	1
24.638852459016395	5509	1
24.649945355191257	4561	1
24.657322404371584	3335	1
24.659398907103824	479	1
24.663879781420764	6304	1
24.665901639344263	5236	1
24.667158469945353	7775	1
24.669125683060106	3512	1
24.67125683060109	9989	1
24.680928961748634	1955	1
24.688633879781417	2074	1
24.688907103825134	7264	1
24.692677595628414	7091	1
24.700218579234974	4958	1
24.703169398907104	2204	1
24.704426229508197	5205	1
24.707377049180327	4465	1
24.710218579234972	1888	1
24.712185792349725	4345	1
24.71863387978142	3932	1
24.72338797814208	8409	1
24.729398907103825	7801	1
24.730819672131148	2357	1
24.730983606557377	2249	1
24.73934426229508	6435	1
24.74245901639344	9533	1
24.771475409836064	3341	1
24.77983606557377	5518	1
24.78174863387978	5238	1
24.810491803278687	1589	1
24.812950819672132	3068	1
24.817213114754097	1121	1
24.81868852459016	6321	1
24.821748633879782	6171	1
24.82928961748634	9708	1
24.829453551912568	4808	1
24.832240437158468	7272	1
24.839617486338796	6574	1
24.841202185792348	3396	1
24.85814207650273	9233	1
24.860437158469946	6526	1
24.86622950819672	5881	1
24.866448087431692	5901	1
24.88704918032787	1032	1
24.89830601092896	427	1
24.898579234972676	2754	1
24.903442622950816	5549	1
24.911420765027323	4052	1
24.91983606557377	4784	1
24.93224043715847	7657	1
24.932786885245903	2391	1
24.93622950819672	4950	1
24.94032786885246	2158	1
24.944316939890708	5271	1
24.95153005464481	7410	1
24.95841530054645	9799	1
24.960437158469944	4726	1
24.965628415300547	4816	1
24.966830601092898	3977	1
24.973169398907103	4013	1
24.994863387978143	6290	1
25.003825136612022	9093	1
25.01344262295082	2540	1
25.020819672131147	5576	1
25.02688524590164	3947	1
25.0372131147541	1847	1
25.040382513661203	5491	1
25.04229508196721	8944	1
25.061092896174863	9110	1
25.066338797814208	7688	1
25.066338797814208	1873	1
25.084590163934426	1159	1
25.086120218579236	9525	1
25.086721311475408	8770	1
25.086830601092895	2894	1
25.089180327868853	6817	1
25.094043715846993	6975	1
25.10120218579235	449	1
25.103879781420762	7457	1
25.113661202185792	2519	1
25.128415300546447	41	1
25.135737704918032	6224	1
25.14109289617486	7916	1
25.146448087431697	6075	1
25.149781420765027	5701	1
25.15005464480874	2211	1
25.15622950819672	1437	1
25.157650273224046	7715	1
25.163825136612022	2176	1
25.1803825136612	4572	1
25.195081967213117	9624	1
25.195081967213117	5760	1
25.203333333333333	1333	1
25.211639344262295	3433	1
25.252732240437155	5865	1
25.25377049180328	2936	1
25.25688524590164	7701	1
25.265464480874318	5801	1
25.268524590163935	3096	1
25.26879781420765	4703	1
25.273333333333333	8437	1
25.275573770491803	4506	1
25.288087431693988	1582	1
25.292896174863387	2330	1
25.29672131147541	3151	1
25.300054644808743	2353	1
25.31158469945355	6862	1
25.329562841530056	8274	1
25.330000000000002	2052	1
25.33967213114754	579	1
25.361311475409835	6047	1
25.369453551912567	2521	1
25.38825136612022	928	1
25.388524590163936	7802	1
25.39054644808743	972	1
25.398743169398905	6037	1
25.40207650273224	4921	1
25.407704918032785	6906	1
25.409234972677595	6599	1
25.412677595628413	6569	1
25.41639344262295	475	1
25.421092896174866	8065	1
25.42726775956284	947	1
25.428360655737706	9024	1
25.437923497267757	826	1
25.439945355191256	6943	1
25.448415300546447	4202	1
25.45786885245902	8494	1
25.46185792349727	5955	1
25.46262295081967	1647	1
25.463825136612023	5559	1
25.4672131147541	6636	1
25.47142076502732	5470	1
25.47464480874317	8776	1
25.475846994535516	6871	1
25.492622950819673	5536	1
25.49377049180328	2755	1
25.50054644808743	3221	1
25.519016393442623	4959	1
25.53945355191257	3888	1
25.547267759562843	7873	1
25.555136612021858	1046	1
25.56153005464481	4079	1
25.595081967213115	7909	1
25.60311475409836	3117	1
25.61158469945355	9028	1
25.613661202185792	3305	1
25.615792349726775	3143	1
25.64726775956284	3944	1
25.647759562841532	9651	1
25.653606557377046	905	1
25.666010928961747	8639	1
25.675409836065572	6288	1
25.684262295081968	6908	1
25.694754098360654	3803	1
25.707814207650273	1101	1
25.753442622950818	7689	1
25.75672131147541	9681	1
25.75841530054645	8265	1
25.765081967213114	7705	1
25.7672131147541	2307	1
25.77120218579235	9467	1
25.777978142076503	7655	1
25.792950819672132	6247	1
25.798524590163932	1030	1
25.80366120218579	5520	1
25.809016393442622	2450	1
25.818196721311473	6432	1
25.822513661202183	5936	1
25.822841530054646	5143	1
25.842185792349724	7108	1
25.84857923497268	4185	1
25.85016393442623	9474	1
25.850437158469948	7334	1
25.859781420765028	6477	1
25.870382513661202	8696	1
25.871420765027324	5710	1
25.87262295081967	8809	1
25.877486338797816	1093	1
25.879617486338795	6725	1
25.895519125683062	5029	1
25.8955737704918	9503	1
25.903879781420763	3700	1
25.91792349726776	4340	1
25.919617486338797	7443	1
25.93262295081967	4480	1
25.96710382513661	4971	1
25.977049180327867	1370	1
25.981147540983606	9140	1
25.983005464480872	2904	1
25.986775956284152	6396	1
26.01743169398907	8623	1
26.019234972677598	9346	1
26.02109289617486	9073	1
26.028688524590166	3655	1
26.035245901639342	3288	1
26.040491803278687	7051	1
26.045136612021857	3458	1
26.05601092896175	916	1
26.083825136612024	1789	1
26.09071038251366	1845	1
26.10382513661202	2808	1
26.129071038251368	5090	1
26.132622950819673	6527	1
26.139125683060108	5977	1
26.14622950819672	3665	1
26.147486338797815	435	1
26.15016393442623	7811	1
26.154262295081967	9494	1
26.16688524590164	8052	1
26.173934426229508	1106	1
26.178961748633878	788	1
26.184699453551914	1183	1
26.190601092896173	1902	1
26.194480874316938	2332	1
26.194535519125683	4190	1
26.232513661202184	3835	1
26.242513661202185	4358	1
26.243715846994533	9917	1
26.244316939890712	3841	1
26.25901639344262	1562	1
26.26863387978142	247	1
26.268688524590164	6885	1
26.271256830601093	6674	1
26.28065573770492	7406	1
26.284918032786887	1322	1
26.28792349726776	4003	1
26.291420765027322	4739	1
26.294535519125684	6325	1
26.295519125683057	6446	1
26.301147540983607	1369	1
26.30273224043716	9471	1
26.308032786885246	7861	1
26.327650273224044	2542	1
26.336939890710383	6809	1
26.338360655737702	7209	1
26.345901639344262	7097	1
26.346010928961746	9037	1
26.34732240437158	5551	1
26.35344262295082	5858	1
26.356120218579235	1556	1
26.360928961748634	5297	1
26.380765027322404	5121	1
26.384590163934426	5650	1
26.38661202185792	4232	1
26.400109289617486	7565	1
26.40191256830601	1004	1
26.442513661202184	7420	1
26.463934426229507	9729	1
26.470437158469945	8375	1
26.48912568306011	9579	1
26.505901639344263	3215	1
26.511475409836063	9741	1
26.527650273224044	896	1
26.55535519125683	5729	1
26.56366120218579	8580	1
26.56945355191257	6965	1
26.579781420765023	2834	1
26.60142076502732	9204	1
26.622896174863385	748	1
26.625300546448084	9478	1
26.636830601092896	5185	1
26.667868852459016	5200	1
26.671912568306013	8641	1
26.683333333333334	5445	1
26.68912568306011	5105	1
26.69879781420765	2344	1
26.706448087431696	3826	1
26.712076502732238	7473	1
26.722732240437157	2098	1
26.736939890710385	2932	1
26.757158469945352	357	1
26.791639344262297	1865	1
26.793060109289616	2947	1
26.8031693989071	5159	1
26.807377049180324	8021	1
26.815792349726777	9564	1
26.818196721311473	4502	1
26.82934426229508	3600	0
26.861092896174863	3578	1
26.86502732240437	549	1
26.914918032786886	700	1
26.928579234972677	6789	1
27.004262295081965	8742	1
27.0051912568306	8318	1
27.02174863387978	3931	1
27.0348087431694	7908	1
27.053715846994535	6800	1
27.058743169398905	9496	1
27.06393442622951	4985	1
27.077868852459016	7587	1
27.086994535519125	4662	1
27.089890710382512	8249	1
27.090928961748634	5691	1
27.093497267759563	7956	1
27.096174863387976	1400	1
27.10704918032787	1249	1
27.114207650273226	1484	1
27.123387978142077	7290	1
27.13344262295082	2984	1
27.135464480874315	8392	1
27.13606557377049	8958	1
27.14464480874317	8582	1
27.148852459016393	6003	1
27.160983606557377	3257	1
27.17234972677596	4070	1
27.172404371584697	3949	1
27.181147540983606	3193	1
27.188524590163933	9197	1
27.20344262295082	7368	1
27.207267759562843	8728	1
27.2175956284153	5573	1
27.218306010928963	7388	1
27.224918032786885	7370	1
27.22896174863388	2257	1
27.259508196721313	5168	1
27.275737704918033	8916	1
27.294262295081968	5661	1
27.314644808743168	2720	1
27.322841530054642	9522	1
27.33071038251366	6465	1
27.357704918032788	1924	1
27.36622950819672	7167	1
27.369398907103825	3513	1
27.379890710382515	8657	1
27.381803278688523	2676	1
27.390928961748635	9022	1
27.39103825136612	7900	1
27.399071038251364	5741	1
27.406775956284154	6773	1
27.409016393442624	237	1
27.409071038251366	673	1
27.40967213114754	6544	1
27.427049180327867	8597	1
27.43185792349727	5120	1
27.445464480874314	8717	1
27.457377049180327	2248	1
27.464699453551912	2259	1
27.477049180327867	4395	1
27.47945355191257	4071	1
27.48377049180328	8422	1
27.496448087431695	5929	1
27.50781420765027	2679	1
27.532622950819672	4837	1
27.538196721311476	2850	1
27.544863387978143	8549	1
27.56366120218579	3546	1
27.572349726775954	1475	1
27.57792349726776	9039	1
27.580437158469945	6411	1
27.59136612021858	9376	1
27.609398907103824	923	1
27.61901639344262	3239	1
27.626666666666665	8548	1
27.63393442622951	5190	1
27.63415300546448	6057	1
27.643497267759564	4833	1
27.64551912568306	6883	1
27.652185792349727	7043	1
27.676448087431694	638	1
27.681803278688523	9354	1
27.68688524590164	9190	1
27.705136612021857	1103	1
27.712459016393446	4084	1
27.71382513661202	2949	1
27.715355191256833	5950	1
27.72437158469945	1341	1
27.737704918032787	2736	1
27.742622950819673	9544	1
27.767814207650275	2415	1
27.776775956284155	3108	1
27.78666666666667	9585	1
27.802677595628413	7245	1
27.81142076502732	8897	1
27.82633879781421	7947	1
27.827814207650274	7924	1
27.829617486338798	5850	1
27.856393442622952	3640	1
27.857377049180325	4663	1
27.858743169398906	6606	1
27.879398907103823	8853	1
27.895628415300543	3271	1
27.90497267759563	5018	1
27.917868852459016	7723	1
27.974699453551914	6852	1
27.979125683060108	7007	1
27.98311475409836	6375	1
27.99005464480874	541	1
28.006065573770492	9441	1
28.006830601092897	7277	1
28.016830601092895	7643	1
28.02032786885246	2197	1
28.022896174863387	9270	1
28.046065573770495	6314	1
28.05327868852459	522	1
28.058306010928963	8642	1
28.06688524590164	7216	1
28.0903825136612	8411	1
28.092513661202183	2058	1
28.09879781420765	5106	1
28.107486338797816	6822	1
28.10863387978142	1338	1
28.112185792349727	1440	1
28.128688524590164	3217	1
28.130928961748634	1775	1
28.136612021857925	8753	1
28.157540983606555	7979	1
28.161857923497266	8076	1
28.18983606557377	3659	1
28.20688524590164	1506	1
28.210983606557377	4127	1
28.216994535519124	715	1
28.221256830601092	646	1
28.22846994535519	7685	1
28.24366120218579	4251	1
28.2503825136612	6107	1
28.27174863387978	9245	1
28.28928961748634	9901	1
28.290382513661203	6073	1
28.29431693989071	6266	1
28.309617486338798	9635	1
28.31814207650273	2328	1
28.320491803278685	4632	1
28.324535519125686	9649	1
28.326830601092894	5874	1
28.327213114754098	5306	1
28.337759562841526	1659	1
28.338360655737706	3817	1
28.344480874316936	1111	1
28.356338797814207	3749	1
28.363497267759563	2807	1
28.367103825136613	757	1
28.377814207650275	1939	1
28.378579234972676	1466	1
28.38032786885246	8248	1
28.386775956284154	9158	1
28.386994535519126	9430	1
28.396994535519124	7806	1
28.414262295081965	8357	1
28.420273224043715	4531	1
28.422131147540984	8624	1
28.461857923497266	8589	1
28.47273224043716	1932	1
28.480765027322406	9532	1
28.48191256830601	7247	1
28.496284153005462	2952	1
28.49737704918033	6911	1
28.49825136612022	5477	1
28.513169398907102	5538	1
28.514754098360655	616	1
28.549890710382513	9846	1
28.561803278688522	4977	1
28.564972677595627	3178	1
28.565355191256828	3235	1
28.57601092896175	527	1
28.582240437158468	5246	1
28.60967213114754	5917	1
28.630491803278687	7834	1
28.64830601092896	736	1
28.649617486338798	4334	1
28.651147540983608	1678	1
28.664426229508194	1211	1
28.694316939890708	8211	1
28.70786885245902	6070	1
28.7131693989071	1926	1
28.714644808743166	2505	1
28.714863387978145	6195	1
28.743879781420762	7063	1
28.750273224043717	8398	1
28.755683060109288	4206	1
28.7655737704918	9953	1
28.778688524590162	4367	1
28.806830601092894	1319	1
28.808306010928963	6193	1
28.810874316939888	7485	1
28.825737704918033	2552	1
28.835956284153003	5443	1
28.84131147540984	3395	1
28.85551912568306	7425	1
28.882021857923498	543	1
28.88415300546448	4934	1
28.886448087431692	2592	1
28.887759562841527	1365	1
28.894098360655736	8434	1
28.89688524590164	4160	1
28.907704918032785	9373	1
28.92	5625	1
28.929453551912566	5320	1
28.935136612021857	4348	1
28.95846994535519	7514	1
28.96049180327869	1839	1
28.978360655737703	374	1
28.99546448087432	747	1
29.01622950819672	2605	1
29.029071038251367	4363	1
29.047650273224043	9277	1
29.049071038251366	9425	1
29.049945355191255	7204	1
29.056338797814206	6233	1
29.05918032786885	4087	1
29.06546448087432	9905	1
29.073224043715847	7992	1
29.073224043715847	5166	1
29.07448087431694	4536	1
29.096448087431696	8488	1
29.101475409836066	9436	1
29.10344262295082	1914	1
29.10349726775956	9374	1
29.108469945355193	1491	1
29.110491803278688	8835	1
29.116502732240438	6724	1
29.118196721311477	6088	1
29.120765027322403	8723	1
29.13584699453552	7489	1
29.139999999999997	7703	1
29.141147540983606	9052	1
29.1448087431694	3507	1
29.14601092896175	2797	1
29.157923497267756	3589	1
29.16120218579235	3900	1
29.161530054644807	4760	1
29.164371584699456	6874	1
29.177213114754096	5783	1
29.17874316939891	5571	1
29.17978142076503	3446	1
29.185737704918033	3417	1
29.19606557377049	8935	1
29.21743169398907	4742	1
29.2175956284153	4430	1
29.236284153005464	3083	1
29.24546448087432	3438	1
29.246830601092896	8017	1
29.252349726775954	6425	1
29.258524590163937	4951	1
29.26584699453552	7859	1
29.270273224043713	2557	1
29.3103825136612	6967	1
29.32464480874317	801	1
29.32989071038251	5604	1
29.329945355191256	9480	1
29.350437158469944	4194	1
29.35087431693989	5971	1
29.359453551912566	6142	1
29.359453551912566	5077	1
29.36606557377049	7706	1
29.371256830601094	358	1
29.40142076502732	1451	1
29.43142076502732	7382	1
29.44218579234973	7578	1
29.45016393442623	7952	1
29.487923497267758	4660	1
29.491639344262296	4095	1
29.500601092896176	9896	1
29.503442622950818	9223	1
29.511693989071038	7961	1
29.53535519125683	1573	1
29.54617486338798	5818	1
29.54879781420765	1438	1
29.5724043715847	6690	1
29.58535519125683	2925	1
29.58983606557377	7708	1
29.594426229508194	6166	1
29.598524590163933	8792	1
29.598743169398904	186	1
29.600109289617485	6751	1
29.604918032786887	4798	1
29.611147540983605	4785	1
29.619836065573768	8144	1
29.659398907103824	6402	1
29.667486338797815	5527	1
29.690983606557378	3057	1
29.69333333333333	927	1
29.700765027322404	3934	1
29.703661202185792	995	1
29.711967213114754	9796	1
29.732295081967216	9825	1
29.751311475409835	8461	1
29.766448087431694	9982	1
29.766502732240436	4759	1
29.7696174863388	8843	1
29.793387978142075	4553	1
29.805792349726776	9458	1
29.818360655737706	6009	1
29.839562841530054	3121	1
29.847486338797815	4912	1
29.852349726775955	7261	1
29.86382513661202	9549	1
29.87568306010929	3170	1
29.921147540983604	9732	1
29.922513661202185	2365	1
29.9248087431694	2490	1
29.935300546448087	3521	1
29.939999999999998	1944	1
29.95983606557377	3953	1
30.025136612021857	3051	1
30.041639344262297	1297	1
30.047978142076506	4069	1
30.066557377049183	2283	1
30.068032786885244	2848	1
30.103879781420765	3299	1
30.12868852459016	9974	1
30.139071038251366	599	1
30.1475956284153	6123	1
30.148251366120217	8296	1
30.17879781420765	3075	1
30.250054644808742	2507	1
30.26497267759563	1422	1
30.270109289617487	6743	1
30.290109289617487	9122	1
30.300273224043714	8328	1
30.30327868852459	8164	1
30.30606557377049	6135	1
30.315573770491802	8757	1
30.341092896174864	2854	1
30.34857923497268	602	1
30.360218579234974	6146	1
30.366120218579237	6170	1
30.36983606557377	69	1
30.371912568306012	9983	1
30.372185792349725	3481	1
30.378360655737705	3814	1
30.384918032786885	3365	1
30.38825136612022	1150	1
30.388306010928964	9862	1
30.395628415300546	3183	1
30.3975956284153	7475	1
30.41983606557377	2045	1
30.422185792349726	4622	1
30.441693989071037	2740	1
30.450437158469942	1558	1
30.468306010928963	515	1
30.478852459016395	6973	1
30.483497267759564	5507	1
30.50453551912568	6159	1
30.517868852459017	5280	1
30.518907103825136	3706	1
30.52	6457	1
30.532622950819672	6559	1
30.539398907103827	9606	1
30.54672131147541	2057	1
30.56311475409836	2517	1
30.575901639344263	7899	1
30.576775956284152	2201	1
30.589453551912566	4296	1
30.59207650273224	1010	1
30.593770491803276	2997	1
30.620054644808743	1486	1
30.623770491803278	893	1
30.624426229508195	4254	1
30.635792349726778	4422	1
30.650327868852457	8024	1
30.653224043715845	5653	1
30.655136612021856	2149	1
30.66224043715847	9216	1
30.664426229508198	1421	1
30.67743169398907	3094	1
30.692185792349726	4538	1
30.69289617486339	9694	1
30.700655737704917	9616	1
30.707868852459015	6398	1
30.70918032786885	9535	1
30.720874316939888	2260	1
30.72704918032787	8502	1
30.73950819672131	9844	1
30.750054644808742	2962	1
30.76142076502732	4600	1
30.77879781420765	5742	1
30.782349726775955	371	1
30.788907103825135	4057	1
30.805136612021855	1898	1
30.806994535519124	7268	1
30.810327868852458	7102	1
30.838579234972677	3103	1
30.878688524590164	9710	1
30.879071038251368	6158	1
30.90546448087432	9131	1
30.917814207650274	92	1
30.91814207650273	2963	1
30.920273224043715	6955	1
30.924918032786884	1058	1
30.934863387978144	3756	1
30.937595628415302	6614	1
30.94437158469945	1945	1
30.94437158469945	9757	1
30.95087431693989	2312	1
30.953114754098358	2121	1
30.95606557377049	8206	1
30.956448087431692	3951	1
30.956994535519126	7662	1
30.98120218579235	6492	1
30.983387978142076	9359	1
31.02185792349727	4685	1
31.03071038251366	8125	1
31.072349726775958	5924	1
31.099945355191256	7079	1
31.11601092896175	351	1
31.125245901639346	9744	1
31.125300546448084	6896	1
31.12655737704918	6543	1
31.14655737704918	6696	1
31.156120218579236	3376	1
31.1772131147541	615	1
31.190765027322403	6337	1
31.196885245901637	8626	1
31.210218579234972	9748	1
31.2127868852459	6962	1
31.229180327868853	2780	1
31.248688524590165	423	1
31.250109289617487	3033	1
31.253770491803277	4004	1
31.258469945355188	5671	1
31.271311475409835	5966	1
31.279999999999998	9193	1
31.288633879781422	1863	1
31.302459016393442	6240	1
31.323551912568306	5622	1
31.323989071038252	4183	1
31.324808743169395	6063	1
31.335628415300544	3637	1
31.35120218579235	7497	1
31.361857923497265	2003	1
31.37049180327869	6797	1
31.373005464480876	7329	1
31.386229508196724	6597	1
31.425464480874318	1525	1
31.43398907103825	1378	1
31.440218579234973	6715	1
31.46054644808743	5938	1
31.477650273224043	7964	1
31.487103825136614	9960	1
31.491311475409837	2506	1
31.49360655737705	3244	1
31.535464480874317	4516	1
31.547049180327868	3558	1
31.55295081967213	5338	1
31.557759562841532	8312	1
31.564699453551913	7649	1
31.565191256830598	9411	1
31.591857923497265	9976	1
31.602185792349726	1974	1
31.609781420765025	5885	1
31.617650273224044	619	1
31.64	4766	1
31.64584699453552	6322	1
31.646448087431693	5696	1
31.647814207650274	5564	1
31.64814207650273	442	1
31.673442622950816	3782	1
31.719726775956282	7588	1
31.725956284153003	7828	1
31.72606557377049	9058	1
31.728032786885244	9566	1
31.733770491803277	930	1
31.73431693989071	1410	1
31.73863387978142	2215	1
31.748360655737702	1206	1
31.752185792349724	7615	1
31.7579781420765	4512	1
31.76295081967213	4546	1
31.77191256830601	2961	1
31.807486338797816	7883	1
31.8203825136612	8686	1
31.9051912568306	7737	1
31.91918032786885	5815	1
31.941967213114754	9889	1
31.943387978142074	3036	1
31.94912568306011	9830	1
31.951311475409835	3920	1
31.968743169398905	4569	1
31.987103825136614	4132	1
31.994590163934426	487	1
31.997431693989068	782	1
31.998579234972677	2985	1
32.000928961748635	5946	1
32.00633879781421	7892	1
32.02213114754098	869	1
32.0227868852459	7936	1
32.04071038251366	116	1
32.05163934426229	5060	1
32.053715846994535	4462	1
32.06584699453552	5618	1
32.066830601092896	545	1
32.099398907103826	230	1
32.10103825136612	3723	1
32.121803278688525	7711	1
32.136775956284154	3457	1
32.13934426229508	6666	1
32.15191256830601	220	1
32.17103825136612	6639	1
32.17819672131147	6486	1
32.18939890710383	2930	1
32.21027322404372	2971	1
32.21333333333333	5552	1
32.22655737704918	9231	1
32.239672131147536	1572	1
32.24486338797814	2642	1
32.252131147540986	1488	1
32.26448087431694	7018	1
32.28393442622951	7732	1
32.286448087431694	4000	1
32.29224043715847	817	1
32.31087431693989	467	1
32.31147540983606	6719	1
32.31666666666666	9780	1
32.319016393442624	4543	1
32.3307650273224	9185	1
32.338907103825136	399	1
32.34174863387978	1660	1
32.34469945355191	5045	1
32.347868852459015	5352	1
32.35732240437159	832	1
32.363551912568305	9489	1
32.37043715846995	4889	1
32.375956284153006	9806	1
32.41010928961749	3562	1
32.420437158469944	2622	1
32.426065573770494	9484	1
32.430109289617484	6918	1
32.43081967213115	4529	1
32.430928961748634	6001	1
32.43737704918033	5387	1
32.43792349726776	2295	1
32.45021857923497	8242	1
32.459836065573775	859	1
32.464316939890715	3616	1
32.46808743169399	4791	1
32.474262295081964	7463	1
32.49781420765027	1167	1
32.50469945355191	2413	1
32.51715846994536	9105	1
32.53896174863388	7072	1
32.5472131147541	4751	1
32.550327868852456	2394	1
32.56027322404372	302	1
32.568306010928964	7887	1
32.577650273224044	3875	1
32.595245901639345	6517	1
32.60153005464481	6704	1
32.60224043715847	9191	1
32.603169398907106	10	1
32.61377049180328	8102	1
32.61551912568306	3762	1
32.61688524590164	3956	1
32.61715846994535	7697	1
32.618087431693986	6176	1
32.618469945355194	5403	1
32.62387978142077	8836	1
32.62950819672131	9908	1
32.63016393442623	7917	1
32.631256830601096	146	1
32.63180327868852	1478	1
32.636830601092896	1785	1
32.63732240437159	6618	1
32.64562841530055	7867	1
32.64770491803279	9443	1
32.65349726775956	8988	1
32.66677595628415	6785	1
32.68306010928962	5644	1
32.68775956284153	9393	1
32.70404371584699	7321	1
32.707158469945355	6588	1
32.70732240437159	21	1
32.719180327868855	1219	1
32.73306010928962	5822	1
32.743060109289615	784	1
32.74437158469945	9234	1
32.77874316939891	7603	1
32.78289617486339	7494	1
32.786120218579235	30	1
32.789562841530056	6331	1
32.79371584699454	6894	1
32.79371584699454	3525	1
32.793934426229505	7114	1
32.793934426229505	1860	1
32.79819672131148	556	1
32.808579234972676	8751	1
32.813060109289616	1479	1
32.813770491803275	9124	1
32.81551912568306	6363	1
32.816338797814204	2017	1
32.82120218579235	7659	1
32.824590163934424	6244	1
32.83830601092896	4722	1
32.83918032786885	1252	1
32.842622950819674	6200	1
32.856502732240436	8837	1
32.85743169398907	584	1
32.85934426229508	5560	1
32.86338797814208	3190	1
32.86666666666667	2479	1
32.8696174863388	2783	1
32.880437158469945	1402	1
32.889781420765026	6470	1
32.89229508196721	1989	1
32.89715846994535	2001	1
32.89808743169399	9941	1
32.90169398907104	8295	1
32.92486338797814	8915	1
32.950054644808745	7612	1
32.95289617486338	5646	1
32.9555737704918	3480	1
32.96546448087432	8037	1
32.96737704918033	6653	1
32.981366120218574	8601	1
32.982513661202184	2989	1
32.988907103825134	9192	1
32.99431693989071	3576	1
32.99803278688525	5704	1
33.0	7530	1
33.00065573770492	363	1
33.007704918032786	1853	1
33.010655737704916	5835	1
33.01950819672131	1469	1
33.019999999999996	3428	1
33.031256830601095	3821	1
33.036502732240436	2075	1
33.043661202185795	8891	1
33.044371584699455	544	1
33.04928961748634	7546	1
33.05879781420765	3880	1
33.06262295081967	6025	1
33.06983606557377	2940	1
33.074590163934424	8748	1
33.07770491803279	7336	1
33.07868852459016	5193	1
33.079945355191256	9497	1
33.08081967213115	9311	1
33.09142076502732	8628	1
33.12054644808743	4264	1
33.121803278688525	1900	1
33.124153005464485	8019	1
33.13612021857924	7776	1
33.14191256830601	2655	1
33.14808743169399	4307	1
33.15218579234973	3297	1
33.15524590163935	8551	1
33.15617486338798	7350	1
33.159344262295086	3056	1
33.17213114754099	3853	1
33.173825136612024	551	1
33.17633879781421	9762	1
33.19502732240437	537	1
33.237486338797815	5827	1
33.246830601092896	3847	1
33.27087431693989	1685	1
33.27792349726776	9743	1
33.27912568306011	7502	1
33.2975956284153	8184	1
33.298524590163936	1005	1
33.30661202185792	316	1
33.31437158469945	9884	1
33.31617486338798	2213	1
33.325792349726775	3295	1
33.32819672131147	4086	1
33.33169398907104	4642	1
33.33338797814208	6669	1
33.34617486338798	4062	1
33.34896174863388	8572	1
33.362732240437154	8889	1
33.37207650273224	5499	1
33.375901639344264	114	1
33.39049180327869	1172	1
33.400163934426224	8903	1
33.40229508196721	6272	1
33.40502732240437	5031	1
33.409234972677595	9821	1
33.41306010928962	1787	1
33.41448087431694	5412	1
33.41879781420765	7453	1
33.42803278688525	4869	1
33.43420765027322	2691	1
33.43857923497268	6706	1
33.46065573770492	9597	1
33.46879781420765	901	1
33.473551912568304	2116	1
33.482568306010926	959	1
33.48311475409836	6490	1
33.48650273224044	1801	1
33.50475409836066	1840	1
33.506612021857926	5384	1
33.53863387978142	557	1
33.54349726775956	8119	1
33.54972677595628	168	1
33.5512568306011	2752	1
33.559999999999995	7759	1
33.56382513661202	8513	1
33.564918032786885	314	1
33.56748633879781	2320	1
33.588087431693985	1870	1
33.59431693989071	5535	1
33.59437158469945	1654	1
33.60136612021858	2898	1
33.60617486338798	4820	1
33.60633879781421	9211	1
33.61087431693989	4963	1
33.61704918032787	9813	1
33.63016393442623	4552	1
33.63344262295082	2511	1
33.63508196721312	4158	1
33.63612021857924	5645	1
33.64267759562841	6914	1
33.64322404371585	2966	1
33.646502732240435	3669	1
33.65071038251366	197	1
33.66497267759563	2640	1
33.676120218579236	6968	1
33.678688524590164	8237	1
33.705956284153004	1374	1
33.71267759562841	6593	1
33.71792349726776	1027	1
33.72683060109289	8088	1
33.73644808743169	6232	1
33.749453551912566	8165	1
33.763224043715844	9969	1
33.76338797814208	9723	1
33.773387978142075	1585	1
33.78551912568306	9595	1
33.78639344262295	3950	1
33.79338797814208	2928	1
33.82224043715847	2845	1
33.8251912568306	2267	1
33.826557377049184	2488	1
33.82677595628415	2183	1
33.83300546448088	6936	1
33.83907103825137	7853	1
33.84437158469945	2151	1
33.866502732240434	7187	1
33.86693989071038	1435	1
33.86939890710383	6643	1
33.876666666666665	8162	1
33.878579234972676	1671	1
33.89103825136612	370	1
33.89191256830601	8870	1
33.90234972677596	5192	1
33.90387978142076	2354	1
33.90967213114754	3657	1
33.90978142076503	9323	1
33.9168306010929	9688	1
33.92633879781421	9491	1
33.94158469945355	7889	1
33.946666666666665	656	1
33.947704918032784	1140	1
33.95289617486339	741	1
33.975081967213114	9242	1
33.976174863387975	5299	1
33.980054644808746	7686	1
33.980054644808746	7324	1
33.98049180327869	5608	1
33.981912568306015	984	1
33.98617486338798	5669	1
33.993442622950816	3474	1
34.002021857923495	4567	1
34.03136612021858	6036	1
34.033551912568306	5530	1
34.04765027322404	4432	1
34.05306010928962	5396	1
34.0751912568306	2097	1
34.07562841530055	7320	1
34.07601092896175	9154	1
34.088852459016394	4394	1
34.10737704918033	1396	1
34.11644808743169	6441	1
34.13251366120218	2531	1
34.14295081967213	3790	1
34.146120218579235	379	1
34.15005464480874	3884	1
34.15387978142077	8895	1
34.15622950819672	6952	1
34.15743169398907	178	1
34.18076502732241	2411	1
34.186994535519126	2761	1
34.188743169398904	4490	1
34.20120218579235	4669	1
34.207923497267764	3876	1
34.214590163934425	1599	1
34.23431693989071	4982	1
34.23879781420765	8971	1
34.2424043715847	4931	1
34.25814207650273	161	1
34.26169398907104	4676	1
34.265956284153006	2022	1
34.266994535519125	9671	1
34.26890710382514	3008	1
34.27775956284153	4672	1
34.2983606557377	9071	1
34.29967213114754	9463	1
34.30502732240438	4731	1
34.31136612021858	2135	1
34.322349726775954	1560	1
34.327650273224044	9041	1
34.33191256830602	4029	1
34.355683060109286	505	1
34.36486338797815	1257	1
34.36743169398907	7671	1
34.38967213114754	1606	1
34.39267759562841	6165	1
34.40109289617486	4152	1
34.41344262295082	1778	1
34.42251366120218	9289	1
34.43726775956284	7191	1
34.44382513661202	6504	1
34.45196721311475	8201	1
34.45207650273224	2383	1
34.458688524590166	4710	1
34.46180327868852	3715	1
34.467322404371586	6431	1
34.48573770491803	5572	1
34.49284153005464	3340	1
34.49699453551913	3827	1
34.506885245901636	8833	1
34.51890710382514	8464	1
34.52191256830601	3520	1
34.53327868852459	4436	1
34.54071038251366	4416	1
34.548087431693986	8073	1
34.548852459016395	5794	1
34.553278688524586	760	1
34.55639344262295	8099	1
34.570546448087434	7286	1
34.58469945355191	9165	1
34.58530054644809	8931	1
34.61032786885246	7039	1
34.61333333333333	9319	1
34.61382513661202	883	1
34.62306010928962	2678	1
34.6496174863388	2735	1
34.65748633879781	8106	1
34.67333333333333	870	1
34.682021857923495	3419	1
34.68677595628415	4547	1
34.68786885245902	9715	1
34.709344262295076	7291	1
34.710546448087435	8232	1
34.714316939890715	7211	1
34.72010928961749	5765	1
34.72038251366121	6433	1
34.73	8790	1
34.73131147540983	7240	1
34.74191256830601	7594	1
34.7475956284153	6208	1
34.76158469945355	2954	1
34.76382513661202	1951	1
34.787540983606554	8098	1
34.7879781420765	2647	1
34.79010928961748	5	1
34.793169398907104	786	1
34.79579234972678	6000	1
34.799180327868854	2644	1
34.80502732240437	2104	1
34.80644808743169	5735	1
34.80978142076503	4867	1
34.8127868852459	8899	1
34.817540983606555	699	1
34.81945355191257	1086	1
34.82825136612022	7791	1
34.829180327868855	2395	1
34.83672131147541	3560	1
34.83983606557377	9205	1
34.83989071038251	1758	1
34.84349726775957	9360	1
34.849344262295084	9640	1
34.85617486338798	3378	1
34.85699453551913	5683	1
34.86366120218579	6663	1
34.86398907103825	2372	1
34.86513661202186	8822	1
34.87437158469945	2945	1
34.88071038251366	4327	1
34.883770491803276	4987	1
34.90213114754098	6806	1
34.90945355191257	2523	1
34.91213114754098	5799	1
34.916721311475406	6067	1
34.92371584699454	3027	1
34.9296174863388	6838	1
34.93715846994536	6305	1
34.95710382513661	1271	1
34.95781420765027	1719	1
34.97	6590	1
34.98409836065574	1277	1
34.989999999999995	7610	1
35.018415300546444	9696	1
35.02027322404371	2309	1
35.030109289617485	6296	1
35.04896174863388	3032	1
35.06185792349727	4854	1
35.06650273224044	8262	1
35.08076502732241	9662	1
35.09327868852459	8143	1
35.0975956284153	9395	1
35.09852459016393	6977	1
35.102677595628414	436	1
35.11431693989071	3174	1
35.11939890710383	6462	1
35.14289617486338	8086	1
35.153551912568304	5592	1
35.1620218579235	8918	1
35.16322404371584	6737	1
35.18666666666666	9324	1
35.20251366120218	229	1
35.22814207650273	7499	1
35.25398907103825	7033	1
35.256120218579234	4981	1
35.26371584699453	7717	1
35.26672131147541	8805	1
35.307049180327866	3767	1
35.308196721311475	7991	1
35.30841530054645	989	1
35.31590163934426	1737	1
35.31628415300546	4603	1
35.32377049180328	8478	1
35.33497267759563	8740	1
35.33765027322404	3778	1
35.374863387978145	3136	1
35.38650273224044	5015	1
35.40005464480874	6476	1
35.40371584699453	5122	1
35.40612021857923	3012	1
35.42475409836066	5311	1
35.435956284153	1178	1
35.45098360655737	6937	1
35.479234972677595	8571	1
35.48863387978142	198	1
35.49098360655738	1023	1
35.49327868852459	5882	1
35.49431693989071	3251	1
35.514371584699454	7976	1
35.523770491803276	9305	1
35.530109289617485	5839	1
35.54	1706	1
35.55169398907103	3352	1
35.56316939890711	4032	1
35.56743169398907	3138	1
35.57491803278688	9788	1
35.578469945355195	929	1
35.5848087431694	300	1
35.5851912568306	3935	1
35.59327868852459	587	1
35.59420765027322	5684	1
35.59879781420765	5076	1
35.602677595628414	2558	1
35.611420765027326	2726	1
35.61218579234973	3675	1
35.614754098360656	2043	1
35.61530054644808	2701	1
35.6172131147541	8703	1
35.63169398907104	7234	1
35.63426229508197	4268	1
35.642732240437155	6368	1
35.647267759562844	7606	1
35.654371584699454	9307	1
35.65655737704918	1567	1
35.66060109289617	9167	1
35.66540983606557	3471	1
35.672349726775956	5277	1
35.67464480874317	105	1
35.687322404371585	3192	1
35.69049180327869	9972	1
35.707868852459015	6491	1
35.715027322404374	2709	1
35.7192349726776	3771	1
35.72431693989071	5811	1
35.73950819672131	4314	1
35.75032786885246	5761	1
35.75825136612022	488	1
35.76901639344262	2459	1
35.769289617486336	2089	1
35.77322404371584	8767	1
35.778633879781424	8286	1
35.79377049180327	1565	1
35.79792349726776	3882	1
35.84579234972677	1805	1
35.85928961748634	8273	1
35.867049180327875	6250	1
35.87174863387978	1171	1
35.88737704918032	589	1
35.893879781420765	3329	1
35.89595628415301	4755	1
35.89934426229508	2401	1
35.90530054644809	730	1
35.90852459016393	6307	1
35.932732240437154	343	1
35.93639344262295	6076	1
35.950382513661204	4563	1
35.95065573770492	3991	1
35.95355191256831	8279	1
35.95737704918033	7804	1
35.96437158469946	7515	1
35.96502732240437	9461	1
35.9707650273224	1966	1
35.97688524590164	8186	1
35.98743169398907	3732	1
35.99846994535519	5755	1
35.99956284153005	1943	1
36.00710382513661	4579	1
36.02918032786885	1406	1
36.06169398907103	1043	1
36.06912568306011	8923	1
36.081803278688525	456	1
36.08300546448088	5920	1
36.09284153005464	2120	1
36.10491803278689	8157	1
36.10524590163934	391	1
36.12650273224044	9143	1
36.13360655737705	3332	1
36.14666666666666	7118	1
36.14781420765027	8726	1
36.16726775956284	6252	1
36.167923497267765	2849	1
36.17513661202185	4470	1
36.18934426229508	3072	1
36.191420765027324	9254	1
36.193606557377045	2793	1
36.205300546448086	1126	1
36.214972677595625	9852	1
36.22983606557377	5279	1
36.26081967213114	7280	1
36.26344262295081	519	1
36.2655737704918	3568	1
36.28131147540984	3998	1
36.286502732240436	5050	1
36.30382513661202	5690	1
36.30846994535519	1490	1
36.30934426229508	5068	1
36.330601092896174	5447	1
36.33879781420765	3452	1
36.34081967213115	6960	1
36.351967213114754	2801	1
36.355737704918035	4453	1
36.35748633879781	7111	1
36.370273224043714	2297	1
36.37786885245902	1784	1
36.380765027322404	1997	1
36.3820218579235	2749	1
36.38732240437159	308	1
36.38989071038251	9282	1
36.39792349726776	8932	1
36.41426229508197	9344	1
36.424207650273225	2588	1
36.43043715846994	3404	1
36.44573770491803	2870	1
36.44715846994536	2358	1
36.45229508196721	9266	1
36.46147540983607	4439	1
36.46546448087431	1858	1
36.46868852459016	7077	1
36.475846994535516	6417	1
36.506885245901636	1965	1
36.51311475409836	1864	1
36.5135519125683	7542	1
36.51360655737705	1866	1
36.517103825136616	6127	1
36.520765027322405	2853	1
36.53131147540984	2271	1
36.53448087431694	5023	1
36.53978142076503	6633	1
36.55054644808743	9933	1
36.555136612021855	4845	1
36.56693989071039	8059	1
36.58387978142076	9366	1
36.5931693989071	5904	1
36.61049180327869	3725	1
36.63256830601093	283	1
36.644699453551915	4717	1
36.64491803278688	9227	1
36.647322404371586	7169	1
36.64737704918033	8826	1
36.689125683060105	681	1
36.69409836065574	8371	1
36.69683060109289	9410	1
36.70617486338798	7882	1
36.713497267759564	1982	1
36.72442622950819	7724	1
36.74371584699453	1264	1
36.74398907103825	4533	1
36.74748633879781	6154	1
36.76868852459017	4534	1
36.770327868852455	6108	1
36.772295081967215	4331	1
36.776775956284155	2784	1
36.78475409836066	4372	1
36.78513661202186	1128	1
36.785956284153	8154	1
36.78655737704918	6174	1
36.786721311475404	9985	1
36.791693989071035	744	1
36.79327868852459	8360	1
36.79497267759563	4593	1
36.84234972677595	4585	1
36.8496174863388	4860	1
36.86748633879781	2229	1
36.86896174863388	5017	1
36.87109289617486	8847	1
36.87989071038251	9217	1
36.882295081967214	4914	1
36.88273224043716	8618	1
36.88770491803278	7851	1
36.90459016393442	6093	1
36.91989071038251	3301	1
36.92907103825137	1138	1
36.93453551912568	8732	1
36.936502732240434	2226	1
36.94262295081967	9125	1
36.95360655737704	8959	1
36.958251366120216	628	1
36.959125683060115	4447	1
36.98836065573771	7793	1
36.99213114754098	7652	1
37.00349726775956	6196	1
37.024207650273226	9650	1
37.050983606557374	8442	1
37.065245901639344	1872	1
37.07420765027322	5613	1
37.10693989071038	2423	1
37.13994535519126	833	1
37.14049180327869	493	1
37.15049180327869	6865	1
37.16415300546448	1415	1
37.16469945355191	6675	1
37.16945355191257	1592	1
37.190382513661206	9097	1
37.192131147540984	3830	1
37.19754098360655	8163	1
37.20672131147541	6245	1
37.21262295081967	9761	1
37.216448087431694	7846	1
37.23808743169399	4775	1
37.240109289617486	5186	1
37.2503825136612	4966	1
37.259836065573765	1756	1
37.26420765027323	7896	1
37.27765027322405	8358	1
37.278688524590166	1907	1
37.28803278688524	7638	1
37.28918032786885	9636	1
37.29972677595628	8408	1
37.30579234972677	1034	1
37.31251366120219	2461	1
37.323114754098356	7427	1
37.340437158469946	9081	1
37.35704918032787	7876	1
37.36841530054645	338	1
37.369945355191255	8056	1
37.37043715846995	1062	1
37.37295081967213	8660	1
37.386393442622946	1596	1
37.395027322404374	6698	1
37.40158469945355	2014	1
37.40852459016393	2313	1
37.411147540983606	4644	1
37.41196721311475	9036	1
37.41234972677596	2165	1
37.41978142076503	7895	0
37.42540983606557	3218	1
37.42546448087432	285	1
37.45234972677596	7998	1
37.4620218579235	3055	1
37.46715846994535	5913	1
37.47939890710383	1638	1
37.48109289617486	3809	1
37.48169398907104	1174	1
37.488469945355185	4162	1
37.48918032786885	5820	1
37.49251366120219	6327	1
37.494918032786885	5058	1
37.51655737704918	917	1
37.52803278688524	7049	1
37.53628415300546	7020	1
37.54896174863388	42	1
37.55928961748634	4513	1
37.56016393442623	3914	1
37.56945355191257	9860	1
37.58262295081967	5792	1
37.583989071038246	7293	1
37.58765027322404	7474	1
37.58945355191256	1976	1
37.602076502732245	7690	1
37.61868852459017	6984	1
37.63918032786885	7731	1
37.646830601092894	9149	1
37.652896174863386	207	1
37.663387978142076	1842	1
37.676120218579236	6904	1
37.67825136612022	6932	1
37.68890710382514	8692	1
37.6983606557377	7177	1
37.709781420765026	2621	1
37.71939890710383	9574	1
37.73491803278689	8421	1
37.74273224043716	6845	1
37.74273224043716	3745	1
37.75775956284153	6821	1
37.75792349726776	1950	1
37.76639344262295	9248	1
37.77579234972678	5916	1
37.77622950819672	1215	1
37.796612021857925	9226	1
37.796939890710384	1639	1
37.79928961748634	5452	1
37.806393442622955	6447	1
37.808907103825135	7166	1
37.8175956284153	4871	1
37.830601092896174	2617	1
37.83087431693989	1988	1
37.84065573770492	7923	1
37.844480874316936	4097	1
37.8548087431694	3541	1
37.855628415300544	3986	1
37.86524590163935	9136	1
37.86819672131147	3837	1
37.879617486338795	7381	1
37.89060109289617	9005	1
37.90726775956284	4063	1
37.91092896174863	4675	1
37.911803278688524	7781	1
37.914535519125685	1036	1
37.919672131147536	4647	1
37.92475409836066	7547	1
37.94950819672131	1418	1
37.952677595628415	9171	1
37.95420765027322	8821	1
37.95661202185792	3948	1
37.964207650273224	5778	1
37.96601092896175	9403	1
37.98142076502732	3603	1
37.988196721311475	5511	1
37.99103825136612	5204	1
37.99174863387978	4504	1
37.99185792349727	5022	1
38.0024043715847	72	1
38.005409836065574	5670	1
38.00863387978142	2390	1
38.024535519125685	3356	1
38.035792349726776	60	1
38.04103825136612	4637	1
38.04174863387978	3186	1
38.05775956284153	3901	1
38.059726775956285	8511	1
38.061202185792354	2764	1
38.06442622950819	8704	1
38.06617486338798	9714	1
38.07743169398907	4371	1
38.096448087431696	8428	1
38.10857923497268	151	1
38.122622950819675	3567	1
38.14743169398907	3687	1
38.14939890710382	2285	1
38.151311475409834	3131	1
38.15885245901639	7055	1
38.213551912568306	8107	1
38.22497267759563	1200	1
38.235136612021854	9978	1
38.24404371584699	3147	1
38.244590163934426	9698	1
38.244918032786885	7517	1
38.24972677595628	8177	1
38.26005464480875	8854	1
38.260983606557375	9040	1
38.26136612021858	232	1
38.262950819672135	7932	1
38.27366120218579	1575	1
38.281530054644804	5842	1
38.2907650273224	2013	1
38.29109289617487	2879	1
38.29377049180328	7747	1
38.303825136612026	94	1
38.307049180327866	4056	1
38.31213114754098	6524	1
38.31688524590164	9379	1
38.3196174863388	8045	1
38.3296174863388	2574	1
38.33311475409836	5802	1
38.33349726775956	8983	1
38.33896174863388	4440	1
38.33907103825137	7182	1
38.35590163934426	8775	1
38.36032786885246	5245	1
38.36224043715847	5681	1
38.36972677595629	6933	1
38.381147540983605	7212	1
38.386775956284154	6261	1
38.39939890710382	1045	1
38.39978142076503	2901	1
38.4168306010929	9324	0
38.4196174863388	9130	1
38.421639344262296	5553	1
38.429071038251365	6479	1
38.43103825136612	5928	1
38.43448087431694	4001	1
38.43666666666667	3542	1
38.43710382513661	8276	1
38.449289617486336	7056	1
38.44989071038251	8946	1
38.453060109289616	3768	1
38.46153005464481	9588	1
38.46306010928962	5692	1
38.4696174863388	8933	1
38.47131147540984	2475	1
38.474262295081964	7120	1
38.476885245901634	2044	1
38.48289617486339	3800	1
38.484153005464485	9232	1
38.48502732240438	1168	1
38.49005464480874	6106	1
38.51945355191257	1590	1
38.52377049180328	5583	1
38.55169398907104	397	1
38.55377049180328	8445	1
38.562568306010924	6572	1
38.600928961748636	846	1
38.60437158469945	6697	1
38.61016393442623	1209	1
38.61120218579235	250	1
38.61972677595629	1651	1
38.64021857923497	9707	1
38.64546448087432	5332	1
38.65830601092896	4620	1
38.659125683060104	7865	1
38.669672131147536	8305	1
38.678633879781415	4535	1
38.68366120218579	7249	1
38.69513661202186	6942	1
38.69622950819672	6928	1
38.700437158469946	8433	1
38.70098360655738	1207	1
38.70213114754098	3490	1
38.703005464480874	2576	1
38.7055737704918	6843	1
38.70606557377049	554	1
38.709398907103825	5232	1
38.713497267759564	4650	1
38.71699453551913	1361	1
38.72076502732241	2301	1
38.724371584699455	8940	1
38.742950819672124	8865	1
38.7624043715847	9368	1
38.7624043715847	4978	1
38.76868852459016	7488	1
38.77366120218579	1002	1
38.777486338797814	8034	1
38.78382513661202	3387	1
38.787595628415296	1272	1
38.79928961748634	6626	1
38.80491803278689	2222	1
38.84945355191257	3013	1
38.87655737704918	728	1
38.87863387978142	4819	1
38.88103825136612	1804	1
38.89185792349727	9145	1
38.90300546448088	7042	1
38.90688524590164	7739	1
38.91415300546448	8133	1
38.922349726775956	881	1
38.939890710382514	2268	1
38.944754098360654	303	1
38.95732240437159	6118	1
38.97721311475409	9210	1
38.97748633879781	1170	1
38.988579234972676	2352	1
39.02125683060109	6563	1
39.02928961748634	5856	1
39.03207650273224	9087	1
39.05765027322404	8365	1
39.0579781420765	3564	1
39.09	9979	1
39.10431693989071	8280	1
39.10524590163934	7653	1
39.10666666666666	866	1
39.11726775956284	6999	1
39.136830601092896	3261	1
39.1444262295082	1670	1
39.15147540983606	7313	1
39.15972677595628	6899	1
39.167049180327865	5890	1
39.17819672131147	5171	1
39.1815300546448	2232	1
39.18726775956284	2438	1
39.188852459016395	9492	1
39.20333333333333	8520	1
39.21775956284153	3797	1
39.219836065573766	5362	1
39.227322404371584	310	1
39.22918032786885	4699	1
39.23191256830601	7680	1
39.24628415300546	671	1
39.26262295081967	8939	1
39.28469945355191	683	1
39.29349726775956	794	1
39.30158469945355	9891	1
39.31617486338798	7411	1
39.31863387978142	7536	1
39.38109289617486	4421	1
39.39890710382513	9447	1
39.408087431693986	1012	1
39.411202185792355	5296	1
39.41284153005464	8651	1
39.41693989071038	3769	1
39.41857923497268	3645	1
39.43262295081967	6591	1
39.44562841530055	3641	1
39.44639344262295	5170	1
39.46584699453552	9826	1
39.47065573770492	5859	1
39.47464480874317	2143	1
39.48644808743169	9753	1
39.49032786885246	7364	1
39.50371584699454	8405	1
39.50901639344262	1223	1
39.51469945355191	3734	1
39.51573770491803	9842	1
39.51601092896175	1642	1
39.516666666666666	1622	1
39.52043715846994	5439	1
39.54972677595628	9997	1
39.57016393442623	8643	1
39.583224043715845	1296	1
39.58415300546448	1910	1
39.592950819672126	1087	1
39.62021857923497	4935	1
39.6227868852459	1057	1
39.630765027322404	8458	1
39.63366120218579	7184	1
39.638579234972674	1811	1
39.645792349726776	3367	1
39.64825136612022	7930	1
39.65081967213115	8011	1
39.65617486338798	9920	1
39.67087431693989	6528	1
39.68524590163934	5512	1
39.68868852459016	9945	1
39.70508196721311	6489	1
39.70584699453551	7476	1
39.70590163934426	3813	1
39.71158469945355	6065	1
39.71672131147541	2496	1
39.73087431693989	7343	1
39.73530054644809	5687	1
39.76191256830601	4628	1
39.79289617486339	8884	1
39.80245901639344	3909	1
39.80540983606557	2094	1
39.81584699453552	2305	1
39.815956284153	5211	1
39.84535519125683	8455	1
39.85327868852459	2076	1
39.86360655737705	6768	1
39.8696174863388	6403	1
39.87092896174863	8813	1
39.87863387978142	3290	1
39.883497267759566	3922	1
39.88994535519125	7794	1
39.89262295081967	4927	1
39.904371584699454	7221	1
39.910382513661204	443	1
39.91191256830601	5188	1
39.925628415300544	8029	1
39.930710382513666	4050	1
39.94573770491804	809	1
39.946994535519124	6811	1
39.96568306010929	6385	1
39.97267759562842	8012	1
39.97945355191257	4031	1
39.98207650273224	7772	1
39.98486338797814	7646	1
39.98994535519125	5213	1
40.02475409836065	9613	1
40.02672131147541	5350	1
40.03491803278689	3118	1
40.03879781420765	2117	1
40.03918032786885	4783	1
40.04267759562841	4895	1
40.04677595628416	9109	1
40.065956284153	6974	1
40.06601092896175	5109	1
40.103060109289615	3141	1
40.11786885245902	4146	1
40.13021857923497	6612	1
40.13775956284153	8499	1
40.14333333333333	6316	1
40.14475409836066	2115	1
40.14677595628415	2577	1
40.14808743169399	2864	1
40.16	7250	1
40.17180327868852	3720	1
40.17453551912568	2207	1
40.196174863387974	4707	1
40.2096174863388	6471	1
40.21311475409836	7695	1
40.21606557377049	7333	1
40.21781420765027	2725	1
40.22568306010929	8788	1
40.228469945355194	5070	1
40.23174863387978	5922	1
40.240382513661196	2515	1
40.2420218579235	1968	1
40.273497267759566	4687	1
40.276393442622954	5679	1
40.284972677595626	5543	1
40.28967213114755	5376	1
40.31857923497268	5155	1
40.319453551912574	5774	1
40.328360655737704	9505	1
40.339234972677595	2921	1
40.35398907103826	4616	1
40.36513661202186	3985	1
40.377486338797816	1443	1
40.38180327868852	1187	1
40.38322404371585	1258	1
40.411147540983606	9316	1
40.41415300546448	9214	1
40.42131147540983	4505	1
40.449672131147544	9326	1
40.45896174863388	2376	1
40.470273224043716	7014	1
40.47256830601093	9614	1
40.47857923497268	591	1
40.495355191256834	8466	1
40.50218579234973	6513	1
40.53732240437158	6330	1
40.553661202185786	8145	1
40.571256830601094	5432	1
40.57229508196721	6344	1
40.5835519125683	2153	1
40.588852459016394	4401	1
40.601202185792346	1701	1
40.60699453551912	3283	1
40.616612021857925	419	1
40.65114754098361	5210	1
40.65245901639344	5588	1
40.659344262295086	3172	1
40.663661202185786	1114	1
40.678743169398906	9755	1
40.68901639344262	725	1
40.68983606557377	1766	1
40.69765027322405	7137	1
40.69912568306011	2974	1
40.711366120218585	1770	1
40.72054644808743	1848	1
40.730655737704915	2910	1
40.741639344262296	1499	1
40.743060109289615	2573	1
40.7664480874317	8072	1
40.766612021857924	6746	1
40.76874316939891	7036	1
40.780928961748636	7121	1
40.79377049180328	1154	1
40.796939890710384	3002	1
40.801366120218574	402	1
40.80830601092896	1040	1
40.8151912568306	1597	1
40.820928961748635	6144	1
40.869180327868854	9824	1
40.8872131147541	7127	1
40.90786885245901	8710	1
40.92819672131147	2972	1
40.930983606557376	7262	1
40.93153005464481	8431	1
40.9403825136612	5603	1
40.949672131147544	7289	1
40.98284153005464	6010	1
41.0055737704918	5454	1
41.01327868852459	9384	1
41.014371584699454	8974	1
41.020382513661204	7090	1
41.03071038251366	9431	1
41.03224043715847	6931	1
41.056775956284156	1299	1
41.06393442622951	2087	1
41.06666666666666	8370	1
41.08846994535519	1228	1
41.10606557377049	6710	1
41.11103825136612	4341	1
41.114972677595624	1498	1
41.12715846994536	8769	1
41.13344262295082	731	1
41.13431693989071	9293	1
41.15087431693989	8395	1
41.161366120218574	7822	1
41.163005464480875	8683	1
41.16775956284153	8335	1
41.16918032786886	9567	1
41.178743169398906	7325	1
41.188360655737704	9561	1
41.18945355191257	4765	1
41.192131147540984	2474	1
41.20644808743169	4887	1
41.209071038251366	2943	1
41.21	4571	1
41.21180327868853	8303	1
41.22677595628415	7380	1
41.23229508196721	6313	1
41.237103825136614	6604	1
41.24901639344262	4524	1
41.259453551912564	7744	1
41.26382513661203	9686	1
41.26459016393443	7484	1
41.26846994535519	4835	1
41.27327868852459	7259	1
41.27688524590164	7519	1
41.29743169398907	7142	1
41.30535519125683	4919	1
41.3072131147541	2939	1
41.312295081967214	4041	1
41.33601092896175	1973	1
41.35393442622951	1292	1
41.36185792349727	9864	1
41.36338797814207	2899	1
41.36666666666667	8609	1
41.366939890710384	7230	1
41.374535519125686	5732	1
41.385245901639344	7934	1
41.38770491803279	4866	1
41.39781420765028	1894	1
41.39814207650273	3864	1
41.4031693989071	3443	1
41.40693989071038	5373	1
41.41726775956284	165	1
41.42546448087432	8764	1
41.453005464480874	4082	1
41.45726775956284	7015	1
41.46360655737705	2863	1
41.46486338797814	4344	1
41.467540983606554	7275	1
41.48087431693989	1142	1
41.49142076502732	208	1
41.492349726775956	1127	1
41.50158469945355	4733	1
41.50639344262295	8350	1
41.50644808743169	5814	1
41.506939890710385	9029	1
41.51180327868852	1844	1
41.51360655737705	9582	1
41.51377049180328	6573	1
41.51573770491803	319	1
41.53284153005465	9183	1
41.538743169398906	5716	1
41.57972677595629	8785	1
41.58021857923497	2210	1
41.58781420765027	3682	1
41.589289617486344	5011	1
41.59393442622951	5658	1
41.602459016393446	5954	1
41.60606557377049	1360	1
41.60896174863388	5791	1
41.61557377049181	4886	1
41.63994535519125	1994	1
41.644972677595625	2549	1
41.647978142076504	1137	1
41.649562841530056	8412	1
41.664480874316936	5309	1
41.66650273224044	8936	1
41.680983606557376	7990	1
41.69420765027323	6861	1
41.7	7540	1
41.703442622950824	5153	1
41.71666666666667	7827	1
41.722021857923494	1915	1
41.73546448087431	5982	1
41.74508196721312	4680	1
41.77710382513661	8500	1
41.79360655737705	8327	1
41.79573770491803	8283	1
41.80284153005464	7279	1
41.80311475409836	3895	1
41.803278688524586	6555	1
41.80508196721311	1707	1
41.81852459016393	2567	1
41.82371584699454	2219	1
41.83754098360656	7584	1
41.85174863387978	8636	1
41.85448087431694	8610	1
41.878142076502726	5241	1
41.88513661202186	459	1
41.88540983606558	8215	1
41.9020218579235	1266	1
41.94907103825136	7914	1
41.95142076502732	6815	1
41.95404371584699	4970	1
41.958196721311474	1987	1
41.96191256830601	4973	1
41.97147540983606	6780	1
41.98202185792349	2468	1
41.994043715847	9586	1
41.99568306010929	738	1
42.01530054644809	3728	1
42.021038251366114	4291	1
42.0279781420765	9599	1
42.04453551912568	7131	1
42.05912568306011	7734	1
42.06748633879781	9975	1
42.10726775956284	2665	1
42.13464480874317	8989	1
42.14338797814207	2494	1
42.14382513661202	1614	1
42.15540983606557	2289	1
42.16071038251366	1025	1
42.16224043715847	9264	1
42.16349726775956	7231	1
42.17174863387978	8991	1
42.18371584699454	1232	1
42.18890710382514	4578	1
42.1935519125683	7093	1
42.2231693989071	8778	1
42.23732240437158	2188	1
42.238196721311475	4613	1
42.24371584699453	1246	1
42.248306010928964	573	1
42.26398907103825	5085	1
42.27092896174864	4412	1
42.28508196721311	5329	1
42.29196721311475	8041	1
42.32366120218579	924	1
42.3296174863388	1640	1
42.34606557377049	2351	1
42.40196721311475	5032	1
42.40453551912568	390	1
42.41	9388	1
42.41207650273224	9906	1
42.42393442622951	8387	1
42.426830601092895	1806	1
42.435519125683065	4361	1
42.43786885245902	981	1
42.43978142076503	8167	1
42.45120218579235	9994	1
42.46174863387978	5985	1
42.47868852459016	4500	1
42.48344262295082	2106	1
42.48349726775956	5002	1
42.488196721311475	8272	1
42.52071038251366	6310	1
42.52333333333333	8289	1
42.53371584699453	480	1
42.541748633879784	4532	1
42.543169398907104	2661	1
42.547377049180334	4741	1
42.57098360655738	8332	1
42.571202185792345	7472	1
42.57967213114754	9456	1
42.58825136612022	5952	1
42.65715846994535	7880	1
42.66010928961749	5360	1
42.66382513661202	4404	1
42.68934426229508	7133	1
42.69054644808743	9615	1
42.69655737704918	9596	1
42.71606557377049	124	1
42.722240437158476	8955	1
42.72229508196721	8635	1
42.72295081967213	6855	1
42.726612021857925	5506	1
42.73125683060109	2316	1
42.738524590163934	3854	1
42.74934426229508	6694	1
42.76453551912568	2535	1
42.77136612021857	6197	1
42.80486338797814	3742	1
42.829071038251364	6449	1
42.83054644808743	6816	1
42.832131147540984	8326	1
42.83748633879782	2333	1
42.83967213114754	8890	1
42.842568306010925	7318	1
42.851530054644805	9219	1
42.85300546448087	8539	1
42.89524590163934	3240	1
42.8975956284153	7955	1
42.92349726775956	914	1
42.936994535519126	7843	1
42.956830601092896	5460	1
42.96535519125683	388	1
42.97300546448088	2950	1
42.982240437158474	5668	1
42.98426229508197	3098	1
42.9896174863388	3473	1
42.99218579234973	9967	1
43.00661202185792	1100	1
43.008087431693994	1899	1
43.010601092896174	1450	1
43.01650273224044	2191	1
43.019289617486336	1529	1
43.02273224043716	9756	1
43.06874316939891	5212	1
43.08704918032787	3375	1
43.099016393442625	6529	1
43.13016393442623	710	1
43.13475409836065	939	1
43.14071038251366	422	1
43.16530054644808	6677	1
43.17978142076503	812	1
43.19273224043715	2892	1
43.19939890710382	2173	1
43.20021857923497	8867	1
43.20213114754098	6140	1
43.20628415300546	5110	1
43.20918032786885	6336	1
43.21273224043716	221	1
43.222240437158476	3733	1
43.228852459016395	1619	1
43.22928961748634	1462	1
43.232185792349725	7316	1
43.2431693989071	4817	1
43.24355191256831	4115	1
43.249781420765025	566	1
43.26540983606557	4122	1
43.2672131147541	3721	1
43.275737704918036	596	1
43.279781420765026	7894	1
43.30983606557377	625	1
43.31087431693989	5772	1
43.313497267759566	9573	1
43.316010928961745	7931	1
43.317540983606555	7879	1
43.35355191256831	8938	1
43.36863387978141	9973	1
43.371038251366116	472	1
43.3727868852459	9455	1
43.3727868852459	5033	1
43.37732240437159	9793	1
43.377704918032784	5039	1
43.379289617486336	4893	1
43.38098360655738	5012	1
43.41535519125683	6074	1
43.415956284153005	807	1
43.42601092896175	6693	1
43.431202185792344	3092	1
43.435464480874316	1736	1
43.4427868852459	2837	1
43.443606557377045	4911	1
43.44830601092896	5721	1
43.484426229508195	5633	1
43.49765027322404	1875	1
43.501584699453545	2254	1
43.526775956284155	1661	1
43.5483606557377	4454	1
43.55994535519125	7852	1
43.566775956284154	446	1
43.567978142076505	2108	1
43.57295081967213	8003	1
43.5988524590164	2775	1
43.60661202185792	712	1
43.65819672131147	4223	1
43.658797814207645	9296	1
43.68311475409836	2122	1
43.70584699453552	877	1
43.707158469945355	4073	1
43.72704918032787	4596	1
43.738306010928966	5415	1
43.74273224043716	7024	1
43.74601092896175	2508	1
43.7496174863388	2154	1
43.759890710382514	998	1
43.762185792349726	7069	1
43.77142076502732	3718	1
43.779726775956284	6607	1
43.77983606557377	1776	1
43.78251366120219	2203	1
43.785355191256826	9089	1
43.79721311475409	9375	1
43.80382513661202	3919	1
43.80737704918033	637	1
43.82289617486339	9288	1
43.823060109289614	6877	1
43.82628415300546	1566	1
43.857213114754096	624	1
43.86005464480874	2012	1
43.86273224043716	1874	1
43.86562841530055	7933	1
43.873224043715844	5998	1
43.882677595628415	7340	1
43.8855737704918	1454	1
43.88846994535519	9666	1
43.89420765027322	4855	1
43.89606557377049	1169	1
43.89666666666666	1468	1
43.91098360655738	225	1
43.9168306010929	313	1
43.92513661202185	8798	1
43.92633879781421	5969	1
43.933879781420764	3031	1
43.96060109289618	9417	1
43.96628415300546	8369	1
43.9727868852459	1527	1
43.97382513661202	4617	1
43.97431693989071	6979	1
43.97896174863388	8227	1
43.99065573770492	9609	1
43.9979781420765	163	1
44.010710382513665	3572	1
44.02060109289617	8880	1
44.029726775956284	2	1
