0.020394808743169398	2821	1
0.025184426229508197	2730	1
0.03420486338797814	5524	1
0.10994371584699453	1800	1
0.12045901639344261	8884	1
0.14065956284153006	4665	1
0.2149136612021858	6462	1
0.22040218579234974	5398	1
0.3034677595628415	4418	1
0.31094371584699454	9542	1
0.3824601092896175	6122	1
0.479964480874317	10	1
0.4840377049180328	5644	1
0.5069349726775957	3092	1
0.5344109289617486	311	1
0.5453879781420765	2451	1
0.5690218579234972	2701	1
0.5722677595628415	5373	1
0.5756448087431694	1772	1
0.5834535519125683	6917	1
0.588224043715847	3471	1
0.6075409836065574	7166	1
0.6139071038251366	584	1
0.6216448087431694	1479	1
0.6217759562841529	3899	1
0.6306666666666667	870	1
0.6343333333333333	3226	1
0.6436284153005465	5906	1
0.6440382513661201	3213	1
0.6510819672131147	5296	1
0.7069071038251366	344	1
0.7071311475409836	5138	1
0.7481530054644808	657	1
0.7815519125683059	1620	1
0.8233060109289617	9297	1
0.833327868852459	3617	1
0.8970928961748633	7640	1
0.8993333333333333	2464	1
0.9291147540983606	3662	1
1.0080382513661201	9066	1
1.0121967213114753	6309	1
1.035551912568306	9737	1
1.047191256830601	6188	1
1.0512459016393443	2523	1
1.1760601092896175	835	1
1.186584699453552	7965	1
1.207896174863388	6548	1
1.3238360655737704	7748	1
1.3503661202185793	6244	1
1.3622622950819672	3728	1
1.404792349726776	2172	1
1.467792349726776	6732	1
1.5046994535519127	5455	1
1.5105464480874315	1297	1
1.5148469945355192	2057	1
1.569617486338798	1257	1
1.6123661202185793	8889	1
1.641830601092896	100	1
1.6470601092896173	4513	1
1.6624863387978142	5572	1
1.6689562841530055	6000	1
1.669912568306011	8156	1
1.6769398907103825	8466	1
1.7063278688524588	7917	1
1.714344262295082	2164	1
1.760327868852459	5875	1
1.7734590163934427	6352	1
1.8382622950819671	6701	1
1.898726775956284	4064	1
1.9769945355191256	1574	1
2.0127322404371584	8798	1
2.054726775956284	3922	1
2.067928961748634	9506	1
2.071016393442623	5638	1
2.1602404371584703	7390	1
2.2010218579234975	9973	1
2.2375464480874316	8571	1
2.243224043715847	7076	1
2.26248087431694	1109	1
2.292546448087432	6843	1
2.304174863387978	4760	1
2.3353606557377047	763	1
2.343792349726776	3426	1
2.355661202185792	4409	1
2.489016393442623	3397	1
2.524754098360656	8578	1
2.573010928961749	1246	1
2.640355191256831	2079	1
2.666857923497268	2316	1
2.690120218579235	4234	1
2.7515136612021855	3855	1
2.7677267759562842	7233	1
2.7745901639344264	9667	1
2.7799071038251366	1860	1
2.8082786885245903	1796	1
2.841775956284153	472	1
2.8419016393442624	1372	1
2.842573770491803	9671	1
2.8587103825136615	9876	1
2.875781420765027	3606	1
2.9181803278688525	4440	1
2.925546448087432	5285	1
2.9439781420765025	6953	1
2.967967213114754	8584	1
2.9795573770491806	1738	1
2.990934426229508	305	1
2.992453551912568	2231	1
3.01279781420765	4447	1
3.0359890710382516	192	1
3.073710382513661	4259	1
3.1072021857923495	9168	1
3.1109398907103825	8921	1
3.126846994535519	3809	1
3.1903387978142077	6226	1
3.216852459016393	4591	1
3.2368524590163936	7521	1
3.2416666666666667	7757	1
3.283885245901639	9305	1
3.2882841530054643	4584	1
3.3001693989071037	6499	1
3.369398907103825	3480	1
3.375453551912568	8167	1
3.4058360655737703	1396	1
3.433245901639344	2770	1
3.438087431693989	9314	1
3.4518524590163935	4755	1
3.500289617486339	1341	1
3.532207650273224	1670	1
3.540349726775956	9124	1
3.555207650273224	5076	1
3.5834043715846993	8547	1
3.589377049180328	8086	1
3.593486338797814	3360	1
3.6117978142076503	8011	1
3.642836065573771	8179	1
3.6459071038251367	7610	1
3.6565628415300546	7582	1
3.677142076502732	3610	1
3.6972131147540983	483	1
3.701344262295082	8855	1
3.7157540983606556	3649	1
3.719065573770492	6805	1
3.7504754098360653	4481	1
3.790125683060109	3641	1
3.795021857923497	2709	1
3.850775956284153	356	1
3.866207650273224	4699	1
3.891464480874317	7121	1
3.9475956284153004	9413	1
3.97775956284153	1243	1
4.020934426229508	2072	1
4.043344262295082	6863	1
4.044409836065573	8439	1
4.057672131147541	8711	1
4.057846994535519	9095	1
4.074732240437158	989	1
4.08896174863388	7849	1
4.151688524590164	4510	1
4.1817213114754095	8084	1
4.204945355191257	4981	1
4.224415300546448	5922	1
4.22720218579235	6604	1
4.231	1219	1
4.23835519125683	8815	1
4.25312568306011	8247	1
4.325907103825137	9226	1
4.353655737704918	4808	1
4.36696174863388	9325	1
4.407224043715846	6851	1
4.420814207650273	746	1
4.446136612021858	4484	1
4.457814207650273	5684	1
4.475426229508196	8923	1
4.49672131147541	9390	1
4.512459016393442	3443	1
4.520415300546448	2186	1
4.527950819672132	5913	1
4.530147540983606	8399	1
4.569202185792349	9584	1
4.622907103825136	9930	1
4.669693989071039	3742	1
4.682579234972677	6894	1
4.724	4287	1
4.729770491803278	7193	1
4.767065573770492	9538	1
4.781098360655738	939	1
4.798846994535519	5178	1
4.807846994535519	4241	1
4.834136612021858	6796	1
4.871065573770491	3525	1
4.915284153005464	9247	1
4.969120218579234	381	1
4.986404371584699	798	1
4.98684699453552	6889	1
4.987693989071039	7485	1
5.003546448087431	8490	1
5.0145136612021854	7671	1
5.092295081967213	3902	1
5.101710382513661	5024	1
5.110743169398908	6795	1
5.12948087431694	3478	1
5.132327868852459	7851	1
5.139841530054644	9533	1
5.149103825136612	9585	1
5.160360655737705	1441	1
5.219415300546449	8345	1
5.237650273224044	4791	1
5.254	5222	1
5.257890710382514	4029	1
5.2633934426229505	1143	1
5.27675956284153	2935	1
5.304196721311476	9798	1
5.337704918032787	1819	1
5.340612021857924	2271	1
5.395459016393442	823	1
5.398945355191256	2828	1
5.514153005464481	5592	1
5.534863387978143	6571	1
5.537322404371585	7695	1
5.5442622950819676	2846	1
5.556939890710383	5535	1
5.563770491803279	3187	1
5.582568306010929	3556	1
5.588633879781421	7871	1
5.593661202185792	8013	1
5.597431693989071	6986	1
5.631584699453552	1416	1
5.69896174863388	7791	1
5.700546448087432	6331	1
5.713825136612022	8280	1
5.8075956284153	9397	1
5.840655737704918	4778	1
5.849945355191257	2135	1
5.856721311475409	7415	1
5.945355191256831	1487	1
5.988251366120219	1719	1
5.996775956284154	8749	1
6.0048633879781415	5559	1
6.055573770491803	9289	1
6.058579234972678	6576	1
6.10792349726776	3014	1
6.12655737704918	2910	1
6.143278688524591	9947	1
6.159453551912568	9058	1
6.165136612021858	2853	1
6.169234972677596	8946	1
6.195628415300547	6140	1
6.256885245901639	2659	1
6.3028415300546445	5262	1
6.306010928961748	7829	1
6.306666666666667	9852	1
6.327267759562841	5915	1
6.330819672131147	4160	1
6.386393442622951	7520	1
6.458579234972677	3473	1
6.484480874316939	4863	1
6.485409836065574	1832	1
6.4976502732240435	4335	1
6.527540983606557	7182	1
6.547213114754098	6442	1
6.586284153005464	2739	1
6.628087431693989	6872	1
6.681311475409836	4725	1
6.692786885245901	3414	1
6.714207650273224	4775	1
6.732349726775956	7788	1
6.763169398907103	688	1
6.789180327868852	7275	1
6.803497267759563	888	1
6.817158469945355	3025	1
6.828032786885246	9773	1
6.846448087431694	6704	1
6.8527868852459015	9726	1
6.872349726775956	8252	1
6.874972677595629	1951	1
6.88431693989071	27	1
6.920546448087432	2573	1
6.930109289617486	2867	1
6.95311475409836	4540	1
6.962513661202186	5974	1
6.966666666666667	8268	1
6.999344262295082	9657	1
7.001256830601093	1639	1
7.045464480874317	8618	1
7.093169398907104	6409	1
7.109562841530054	3239	1
7.128579234972677	8155	1
7.145245901639345	729	1
7.213934426229508	6486	1
7.251366120218579	9385	1
7.270601092896174	5100	1
7.345573770491804	8256	1
7.347868852459016	697	1
7.35311475409836	2837	1
7.361092896174863	2841	1
7.366174863387978	6393	1
7.411256830601093	7488	1
7.440491803278689	2181	1
7.4513114754098355	4261	1
7.467158469945355	4542	1
7.505191256830601	4427	1
7.52896174863388	4641	1
7.550710382513661	5320	1
7.572513661202186	3035	1
7.59103825136612	2716	1
7.6069398907103825	4888	1
7.6143715846994535	5232	1
7.651038251366121	3002	1
7.668142076502733	5022	1
7.7460109289617485	4437	1
7.771256830601093	3298	1
7.787377049180328	3763	1
7.7945355191256835	990	1
7.848797814207651	9311	1
7.889344262295082	6618	1
7.9002732240437155	2774	1
7.901748633879781	1619	1
7.982131147540984	6673	1
7.995191256830601	5458	1
8.032568306010928	9217	1
8.113387978142077	1035	1
8.128743169398907	5030	1
8.156612021857923	6756	1
8.212076502732241	7039	1
8.214699453551912	6161	1
8.216939890710382	7469	1
8.21983606557377	7862	1
8.243005464480873	2971	1
8.295409836065573	9859	1
8.30863387978142	3988	1
8.310928961748633	1848	1
8.381857923497268	7817	1
8.410109289617486	1781	1
8.433333333333334	7220	1
8.460109289617487	8733	1
8.528142076502732	2103	1
8.603661202185792	946	1
8.619562841530055	7951	1
8.631147540983607	2376	1
8.641530054644809	3105	1
8.701584699453553	1273	1
8.735081967213116	4097	1
8.752896174863388	3657	1
8.762185792349726	6421	1
8.77775956284153	6779	1
8.787540983606558	4790	1
8.816284153005464	4754	1
8.828688524590165	5125	1
8.84087431693989	7181	1
8.87016393442623	6260	1
8.924863387978142	8764	1
8.988251366120219	6028	1
9.032841530054645	5623	1
9.053060109289618	7562	1
9.11295081967213	6366	1
9.192021857923498	6433	1
9.193224043715848	6657	1
9.201420765027322	2633	1
9.208142076502732	4877	1
9.214316939890711	1207	1
9.22950819672131	1545	1
9.294699453551914	2797	1
9.304480874316939	9609	1
9.356939890710382	4531	1
9.379398907103825	6515	1
9.44639344262295	9813	1
9.476174863387978	1128	1
9.524863387978142	2140	1
9.599071038251365	262	1
9.601147540983607	8453	1
9.638142076502731	4257	1
9.666775956284154	8463	1
9.681092896174864	9723	1
9.685409836065572	8036	1
9.691693989071037	4033	1
9.711584699453551	5827	1
9.715464480874317	1071	1
9.892185792349727	1349	1
9.94	3510	1
9.987049180327867	7706	1
10.010983606557376	9456	1
10.015409836065574	8621	1
10.01672131147541	683	1
10.024480874316941	3967	1
10.047814207650273	8354	1
10.091693989071038	5939	1
10.0924043715847	3190	1
10.093989071038251	7971	1
10.190928961748634	6198	1
10.206284153005464	5049	1
10.216666666666667	9972	1
10.218196721311475	1630	1
10.26	2211	1
10.298688524590165	3029	1
10.306939890710382	2820	1
10.321639344262294	7289	1
10.32639344262295	5483	1
10.36896174863388	1650	1
10.470327868852458	914	1
10.51568306010929	7238	1
10.530327868852458	1936	1
10.552404371584698	2398	1
10.556666666666667	1618	1
10.593169398907104	8717	1
10.5975956284153	9766	1
10.649234972677597	4882	1
10.668743169398907	8984	1
10.684207650273224	6146	1
10.778360655737705	7297	1
10.814535519125682	3966	1
10.856338797814207	3592	1
10.877049180327868	764	1
10.93655737704918	3210	1
10.945901639344262	7375	1
10.95032786885246	6342	1
11.025081967213115	3527	1
11.045300546448086	1432	1
11.086830601092895	4678	1
11.097486338797815	6158	1
11.138196721311475	1628	1
11.14672131147541	1259	1
11.222185792349725	6223	1
11.228032786885246	9748	1
11.260765027322403	5786	1
11.308415300546448	8729	1
11.320437158469945	412	1
11.32584699453552	9783	1
11.380983606557377	9941	1
11.405245901639345	8592	1
11.448196721311474	5004	1
11.452896174863387	7594	1
11.45601092896175	2758	1
11.46688524590164	5413	1
11.47584699453552	8821	1
11.486502732240437	5443	1
11.489016393442622	9145	1
11.499890710382513	4851	1
11.555901639344263	330	1
11.589945355191256	9764	1
11.596065573770492	8606	1
11.617923497267759	9255	1
11.639617486338798	2612	1
11.654590163934426	7564	1
11.709726775956284	4005	1
11.720163934426228	4062	1
11.782513661202186	9112	1
11.785628415300545	3046	1
11.792896174863387	9368	1
11.802568306010928	235	1
11.854098360655739	9567	1
11.854918032786884	5874	1
11.856502732240436	3826	1
11.856939890710382	2469	1
11.896338797814208	9143	1
11.91224043715847	8507	1
11.940928961748634	2722	1
11.953169398907104	9096	1
11.962950819672132	3138	1
11.974043715846996	6782	1
11.980874316939891	2921	1
11.986612021857923	7132	1
11.987158469945356	4204	1
12.020983606557378	4960	1
12.03103825136612	6702	1
12.085901639344263	5631	1
12.097431693989071	6551	1
12.127978142076502	3455	1
12.129453551912567	7966	1
12.156448087431693	3727	1
12.182349726775955	4731	1
12.18775956284153	3223	1
12.225245901639344	8610	1
12.236174863387978	1377	1
12.26551912568306	2317	1
12.270437158469946	2595	1
12.291693989071039	9633	1
12.351311475409835	2443	1
12.352568306010928	4125	1
12.363879781420765	4572	1
12.386557377049181	2977	1
12.399617486338798	9989	1
12.43	8351	1
12.493060109289617	7843	1
12.493551912568305	8585	1
12.572950819672132	7211	1
12.59344262295082	897	1
12.616120218579235	5454	1
12.619344262295082	8221	1
12.625573770491805	5366	1
12.703825136612023	3998	1
12.705573770491803	6335	1
12.708907103825137	853	1
12.724098360655738	2629	1
12.734043715846994	7004	1
12.758306010928962	826	1
12.809836065573771	5251	1
12.833715846994536	4903	1
12.835464480874316	5778	1
12.843169398907103	5647	1
12.855737704918031	9152	1
12.918852459016392	6006	1
12.96688524590164	2136	1
12.971420765027322	3735	1
12.99879781420765	20	1
13.018415300546447	4832	1
13.067978142076502	2146	1
13.12622950819672	806	1
13.18	4862	1
13.19431693989071	3539	1
13.202404371584699	5659	1
13.22912568306011	8301	1
13.270054644808742	960	1
13.28087431693989	7953	1
13.2875956284153	4643	1
13.293606557377048	3308	1
13.31327868852459	6785	1
13.354043715846993	3024	1
13.358306010928962	1742	1
13.380765027322404	8915	1
13.442240437158471	7790	1
13.44846994535519	6739	1
13.546448087431694	9458	1
13.61327868852459	6962	1
13.613497267759563	9428	1
13.658469945355192	5048	1
13.674098360655737	3519	1
13.69825136612022	8718	1
13.809453551912569	4090	1
13.871530054644808	6700	1
13.887595628415301	9122	1
13.957377049180327	2262	1
14.019781420765028	4416	1
14.039617486338798	4570	1
14.045409836065573	4636	1
14.134426229508197	4344	1
14.251803278688525	1267	1
14.259289617486338	1082	1
14.278688524590164	9387	1
14.306065573770493	4430	1
14.314754098360655	5286	1
14.328196721311475	7374	1
14.367213114754097	5993	1
14.38360655737705	1480	1
14.406502732240437	2165	1
14.44967213114754	9691	1
14.468251366120219	6518	1
14.476010928961749	937	1
14.490491803278688	5544	1
14.49360655737705	1589	1
14.507267759562842	162	1
14.513934426229508	3352	1
14.522185792349728	8429	1
14.524590163934425	5608	1
14.588852459016392	2063	1
14.650819672131147	5493	1
14.714043715846994	6914	1
14.716666666666667	6868	1
14.727868852459016	8551	1
14.745464480874316	5635	1
14.793715846994536	7130	1
14.794590163934426	6062	1
14.802513661202186	455	1
14.807814207650273	1600	1
14.826994535519125	4964	1
14.827431693989071	8899	1
14.869125683060108	2790	1
14.873934426229507	8830	1
14.874207650273224	8723	1
14.903114754098361	6555	1
14.93191256830601	6248	1
14.97016393442623	2383	1
14.990874316939891	8518	1
15.026666666666667	5694	1
15.030601092896173	5147	1
15.118415300546447	44	1
15.133661202185792	5304	1
15.153387978142076	6745	1
15.157978142076502	8352	1
15.207267759562843	9923	1
15.223934426229508	2699	1
15.237377049180328	9205	1
15.246775956284152	5420	1
15.297322404371585	6820	1
15.30688524590164	3251	1
15.30879781420765	8840	1
15.328852459016394	6724	1
15.329562841530056	8057	1
15.391147540983606	2783	1
15.402732240437158	2396	1
15.439781420765026	681	1
15.444590163934427	146	1
15.502732240437158	5822	1
15.512021857923497	5432	1
15.528524590163935	6876	1
15.540273224043716	8088	1
15.553989071038252	9636	1
15.636775956284152	3485	1
15.659781420765027	743	1
15.692568306010928	4193	1
15.693224043715848	1947	1
15.702459016393442	9454	1
15.727595628415301	8609	1
15.747103825136612	9121	1
15.76103825136612	8832	1
15.764207650273223	4819	1
15.791803278688525	998	1
15.809453551912569	1683	1
15.81311475409836	2442	1
15.839398907103826	7244	1
15.851639344262294	7110	1
15.874098360655736	7798	1
15.90464480874317	8949	1
15.92486338797814	8290	1
15.931475409836064	5826	1
15.94568306010929	9847	1
15.969945355191257	2076	1
15.980819672131148	1833	1
16.012021857923497	5043	1
16.02469945355191	5461	1
16.036939890710382	6401	1
16.080765027322403	2496	1
16.094918032786886	7140	1
16.09688524590164	1982	1
16.09792349726776	6404	1
16.099180327868854	7632	1
16.12049180327869	7240	1
16.150765027322404	4991	1
16.174699453551913	4722	1
16.23672131147541	427	1
16.26071038251366	4929	1
16.270928961748634	8419	1
16.285737704918034	7557	1
16.296502732240437	3371	1
16.301092896174865	8572	1
16.304699453551912	1598	1
16.318579234972677	7950	1
16.359016393442623	7302	1
16.387540983606556	9814	1
16.449562841530053	6890	1
16.457486338797814	95	1
16.46256830601093	2845	1
16.46879781420765	272	1
16.470437158469945	6573	1
16.580819672131145	9557	1
16.581803278688522	7895	1
16.625792349726776	5795	1
16.704426229508197	4260	1
16.70584699453552	8506	1
16.78830601092896	4471	1
16.830601092896174	3027	1
16.83349726775956	5439	1
16.85125683060109	5181	1
16.858306010928963	415	1
16.86568306010929	792	1
16.931038251366118	8245	1
16.969617486338798	6101	1
17.0155737704918	8971	1
17.048196721311474	7145	1
17.05928961748634	9754	1
17.08846994535519	5212	1
17.094972677595628	845	1
17.111147540983605	9496	1
17.17207650273224	9281	1
17.18672131147541	6793	1
17.22677595628415	6234	1
17.240874316939887	8295	1
17.266721311475408	8000	1
17.292349726775956	4691	1
17.328360655737704	361	1
17.37737704918033	4310	1
17.388360655737706	8894	1
17.410437158469946	2130	1
17.413169398907105	398	1
17.4531693989071	2298	1
17.463551912568306	3344	1
17.477704918032785	5757	1
17.490655737704916	6460	1
17.495792349726774	805	1
17.52830601092896	7622	1
17.54928961748634	8710	1
17.55032786885246	8423	1
17.582677595628414	9782	1
17.5827868852459	9009	1
17.58502732240437	8173	1
17.601693989071038	3530	1
17.61021857923497	1428	1
17.639398907103825	9718	1
17.641256830601094	1347	1
17.660765027322405	6090	1
17.66535519125683	4931	1
17.721475409836067	5899	1
17.757923497267758	1469	1
17.78071038251366	1036	1
17.822349726775958	5371	1
17.84551912568306	5706	1
17.86344262295082	9944	1
17.87825136612022	8750	1
17.885573770491803	4500	1
17.89857923497268	1402	1
17.901366120218576	1733	1
17.934426229508198	5660	1
17.944426229508196	3753	1
17.95398907103825	5383	1
17.972896174863386	3266	1
18.0172131147541	1210	1
18.02551912568306	5331	1
18.06224043715847	7373	1
18.062841530054644	3392	1
18.07021857923497	7243	1
18.088688524590165	4210	1
18.147650273224045	6829	1
18.220601092896175	1547	1
18.273879781420764	9734	1
18.340491803278688	5085	1
18.343278688524588	9670	1
18.3479781420765	8360	1
18.35666666666667	7296	1
18.365519125683058	198	1
18.36830601092896	5577	1
18.403114754098358	179	1
18.403497267759562	7471	1
18.409508196721312	6981	1
18.42071038251366	2818	1
18.50677595628415	1549	1
18.526830601092897	536	1
18.527868852459015	5656	1
18.53513661202186	6148	1
18.5403825136612	8963	1
18.628251366120217	3175	1
18.63311475409836	1438	1
18.636284153005466	4089	1
18.675300546448085	9432	1
18.688360655737704	5081	1
18.707814207650273	1657	1
18.71136612021858	8332	1
18.716120218579235	7874	1
18.719016393442626	2906	1
18.75672131147541	7794	1
18.77016393442623	6742	1
18.83153005464481	6408	1
18.832459016393443	9468	1
18.836448087431695	1786	1
18.91415300546448	9030	1
18.917431693989073	5663	1
18.91846994535519	3209	1
18.990819672131146	9907	1
19.00568306010929	2171	1
19.006010928961746	3201	1
19.018032786885247	6166	1
19.024043715846993	1076	1
19.02448087431694	6355	1
19.058087431693988	3235	1
19.05918032786885	256	1
19.071092896174864	308	1
19.098415300546446	5512	1
19.10344262295082	5234	1
19.12448087431694	1849	1
19.133333333333336	5370	1
19.202295081967215	1158	1
19.219071038251364	8400	1
19.261311475409837	5904	1
19.304644808743166	7655	1
19.350218579234973	8408	1
19.38382513661202	1633	1
19.420163934426228	8008	1
19.420601092896174	644	1
19.4275956284153	6845	1
19.435409836065574	158	1
19.44808743169399	8073	1
19.464972677595625	9794	1
19.46502732240437	7511	1
19.477049180327867	9279	1
19.537978142076504	3648	1
19.56530054644809	7023	1
19.572568306010925	6909	1
19.58207650273224	7293	1
19.594371584699452	9613	1
19.639071038251366	6895	1
19.67808743169399	5871	1
19.678196721311473	3101	1
19.721857923497268	4486	1
19.73415300546448	9579	1
19.738688524590167	2945	1
19.774808743169398	4764	1
19.804644808743166	2346	1
19.81169398907104	5421	1
19.81792349726776	693	1
19.855956284153002	4220	1
19.889071038251366	7880	1
19.956612021857925	776	1
19.974207650273225	9961	1
19.977868852459018	7321	1
19.996338797814207	3536	1
20.028907103825137	7543	1
20.029234972677596	498	1
20.030983606557378	8944	1
20.098688524590163	4692	1
20.139234972677595	9257	1
20.18	1169	1
20.193989071038253	2614	1
20.21273224043716	8688	1
20.218524590163934	4434	1
20.233825136612023	165	1
20.253825136612022	7675	1
20.264262295081966	203	1
20.265409836065572	8042	1
20.286885245901637	7504	1
20.3072131147541	6641	1
20.340273224043713	392	1
20.360382513661204	8474	1
20.38590163934426	2855	1
20.38672131147541	7240	0
20.408961748633878	4515	1
20.4155737704918	9224	1
20.43535519125683	9010	1
20.43857923497268	8307	1
20.47601092896175	9416	1
20.49775956284153	6976	1
20.525191256830603	800	1
20.597814207650273	6539	1
20.620601092896173	2617	1
20.635027322404373	3572	1
20.65967213114754	6485	1
20.668142076502733	828	1
20.68464480874317	4653	1
20.704808743169398	1793	1
20.71256830601093	9727	1
20.713387978142077	8026	1
20.72065573770492	7572	1
20.748196721311476	8928	1
20.761803278688525	5047	1
20.769945355191258	8638	1
20.772185792349728	6856	1
20.832076502732242	5794	1
20.84726775956284	6468	1
20.84846994535519	9498	1
20.854754098360658	5350	1
20.85688524590164	8434	1
20.94382513661202	5912	1
20.9444262295082	5646	1
20.956448087431692	5951	1
20.9979781420765	8469	1
20.99814207650273	4905	1
21.04469945355191	4105	1
21.051748633879782	2361	1
21.053879781420765	8897	1
21.06584699453552	608	1
21.082185792349726	4985	1
21.08398907103825	489	1
21.10513661202186	1066	1
21.10896174863388	2812	1
21.116502732240438	7223	1
21.145683060109288	5992	1
21.156448087431695	7495	1
21.173224043715845	5372	1
21.188360655737707	2594	1
21.19120218579235	5180	1
21.222677595628415	2606	1
21.226994535519125	8885	1
21.22901639344262	1478	1
21.263715846994533	1795	1
21.270382513661204	3911	1
21.27071038251366	7526	1
21.308524590163934	8778	1
21.327213114754098	2924	1
21.333169398907103	3208	1
21.334808743169397	8731	1
21.348251366120216	6332	1
21.367158469945355	7475	1
21.39382513661202	6572	1
21.411639344262294	6341	1
21.46775956284153	8924	1
21.511420765027324	8085	1
21.545409836065573	4829	1
21.55486338797814	3481	1
21.579562841530056	9254	1
21.590983606557376	9019	1
21.597158469945352	1704	1
21.612349726775953	5774	1
21.62344262295082	2419	1
21.641420765027323	2605	1
21.642459016393442	4541	1
21.64469945355191	6545	1
21.66934426229508	1243	0
21.758032786885245	669	1
21.758579234972675	3700	1
21.786010928961748	3063	1
21.81830601092896	9722	1
21.82355191256831	1079	1
21.830546448087432	6412	1
21.87704918032787	6482	1
21.919289617486335	9207	1
21.969726775956286	7542	1
22.011693989071038	8160	1
22.047267759562843	1880	1
22.06486338797814	3884	1
22.12868852459016	2715	1
22.157213114754096	662	1
22.225628415300545	2950	1
22.226994535519125	1760	1
22.245300546448085	2272	1
22.24546448087432	7763	1
22.25606557377049	4587	1
22.325409836065575	1015	1
22.356448087431694	572	1
22.36158469945355	5600	1
22.36360655737705	9548	1
22.476612021857925	511	1
22.491639344262296	8472	1
22.49846994535519	8481	1
22.506120218579234	3964	1
22.53311475409836	5419	1
22.546830601092893	9849	1
22.575956284153005	4444	1
22.582677595628418	7128	1
22.599234972677596	4195	1
22.609562841530057	2966	1
22.626502732240436	8625	1
22.65830601092896	4159	1
22.675628415300547	1346	1
22.685573770491803	4265	1
22.704808743169398	2660	1
22.726338797814208	7981	1
22.76027322404372	7098	1
22.768852459016394	2721	1
22.77672131147541	8431	1
22.780765027322403	9822	1
22.781147540983604	977	1
22.786939890710382	6300	1
23.02918032786885	9025	1
23.031147540983604	1005	1
23.045519125683057	2474	1
23.082131147540984	7438	1
23.163551912568305	6751	1
23.192349726775955	1520	1
23.194754098360658	4658	1
23.23540983606557	6777	1
23.242513661202185	6483	1
23.24846994535519	9054	1
23.25393442622951	9838	1
23.29360655737705	5267	1
23.339836065573767	656	1
23.364098360655735	4085	1
23.37743169398907	4020	1
23.39650273224044	6763	1
23.409453551912566	7455	1
23.411147540983606	7754	1
23.429781420765025	201	1
23.45808743169399	9986	1
23.460054644808743	5839	1
23.476939890710383	6812	1
23.551475409836062	7078	1
23.56453551912568	7869	1
23.581530054644805	4958	1
23.58158469945355	1612	1
23.595300546448087	457	1
23.623606557377048	5753	1
23.628852459016393	2520	1
23.663387978142076	7598	1
23.741147540983608	230	1
23.784262295081966	4589	1
23.78502732240437	2901	1
23.801311475409836	3060	1
23.830765027322403	8872	1
23.841693989071036	9705	1
23.8448087431694	3395	1
23.87262295081967	9951	1
23.887486338797814	5026	1
23.906393442622953	2191	1
23.911857923497266	5721	1
23.92535519125683	4084	1
23.948524590163935	1287	1
23.954590163934427	9386	1
23.95704918032787	970	1
23.992622950819673	4873	1
23.993169398907103	3996	1
24.002295081967212	3135	1
24.011748633879783	3495	1
24.02415300546448	1909	1
24.031912568306012	7282	1
24.03617486338798	2580	1
24.057322404371583	5619	1
24.08868852459016	2465	1
24.116612021857925	9890	1
24.13846994535519	3193	1
24.15546448087432	1150	1
24.158360655737706	8028	1
24.162896174863388	424	1
24.1796174863388	6570	1
24.18	789	1
24.2	8675	1
24.240000000000002	728	1
24.261256830601095	254	1
24.319453551912567	4735	1
24.326174863387976	4032	1
24.34016393442623	300	1
24.352568306010927	5101	1
24.404590163934426	2929	1
24.409890710382513	9155	1
24.411038251366122	2223	1
24.431639344262294	2741	1
24.442131147540984	390	1
24.45879781420765	976	1
24.47114754098361	3174	1
24.48573770491803	8347	1
24.560491803278687	8823	1
24.57224043715847	3445	1
24.586939890710383	9902	1
24.595300546448087	6647	1
24.600819672131145	9195	1
24.602459016393443	2808	1
24.617704918032786	3490	1
24.658524590163935	8012	1
24.662349726775957	2892	1
24.66901639344262	4552	1
24.669453551912568	1494	1
24.674863387978142	526	1
24.684590163934427	1855	1
24.692896174863385	7823	1
24.70825136612022	6321	1
24.712513661202184	2726	1
24.756010928961746	3302	1
24.758852459016392	7159	1
24.770491803278688	9278	1
24.78120218579235	4828	1
24.782295081967213	408	1
24.82726775956284	1976	1
24.85530054644809	7887	1
24.858524590163935	6598	1
24.902076502732243	2507	1
24.916010928961747	8356	1
24.923005464480873	8105	1
24.936502732240438	3866	1
24.938360655737707	3097	1
24.938743169398908	941	1
24.948633879781422	4324	1
24.988142076502733	9274	1
24.99808743169399	7047	1
25.044808743169398	7457	1
25.092677595628412	5272	1
25.113661202185792	2007	1
25.136557377049183	7624	1
25.156338797814207	493	1
25.239398907103826	3544	1
25.245136612021856	6193	1
25.25360655737705	5662	1
25.268633879781422	2364	1
25.289562841530053	3810	1
25.34655737704918	9897	1
25.348142076502732	5198	1
25.361693989071036	5973	1
25.41688524590164	2110	1
25.444371584699454	5995	1
25.47087431693989	6867	1
25.47207650273224	5230	1
25.477868852459014	2318	1
25.499344262295082	5044	1
25.520765027322405	599	1
25.533387978142077	2395	1
25.560218579234974	2413	1
25.580983606557375	1616	1
25.588251366120218	6320	1
25.593551912568305	522	1
25.635245901639344	6504	1
25.676721311475408	2961	1
25.690928961748632	6429	1
25.70377049180328	6802	1
25.734590163934424	5990	1
25.74928961748634	2053	1
25.77398907103825	9230	1
25.776666666666667	9412	1
25.804207650273224	5064	1
25.819016393442624	1815	1
25.82622950819672	1149	1
25.83661202185792	7890	1
25.85103825136612	2168	1
25.8607650273224	8861	1
25.88617486338798	1742	0
25.889781420765026	8099	1
25.987377049180328	2462	1
26.137868852459018	7008	1
26.152568306010927	9266	1
26.15535519125683	2	1
26.15573770491803	4926	1
26.155846994535516	9380	1
26.168360655737708	2119	1
26.200273224043716	7939	1
26.2075956284153	1064	1
26.209726775956284	6208	1
26.216994535519127	2227	1
26.228251366120215	6902	1
26.234316939890707	7493	1
26.250819672131147	4668	1
26.25382513661202	2207	1
26.256448087431696	6926	1
26.267650273224046	4751	1
26.270491803278688	2585	1
26.275245901639344	2251	1
26.276830601092897	5628	1
26.283005464480873	4215	1
26.287049180327866	226	1
26.289726775956282	7942	1
26.296174863387975	2327	1
26.323661202185793	6813	1
26.34224043715847	3873	1
26.348142076502732	5820	1
26.349726775956285	3599	1
26.35502732240437	4052	1
26.35792349726776	8103	1
26.360655737704917	7938	1
26.367322404371585	4836	1
26.372021857923496	5229	1
26.375300546448088	6850	1
26.433387978142076	5545	1
26.444699453551912	5106	1
26.44879781420765	5522	1
26.457595628415298	2477	1
26.487322404371586	2075	1
26.503879781420764	8491	1
26.509071038251367	5323	1
26.513333333333332	517	1
26.525027322404373	1461	1
26.52857923497268	6410	1
26.544262295081968	2184	1
26.554207650273224	2340	1
26.57262295081967	9936	1
26.57486338797814	503	1
26.576994535519127	5061	1
26.57928961748634	1497	1
26.579781420765023	9908	1
26.611803278688527	3561	1
26.612950819672132	4673	1
26.628360655737705	9026	1
26.63191256830601	7545	1
26.643387978142076	787	1
26.65071038251366	9176	1
26.667431693989073	5930	1
26.673224043715848	6207	1
26.697158469945354	2693	1
26.6975956284153	6392	1
26.714316939890708	7536	1
26.742568306010927	2112	1
26.743661202185795	5712	1
26.752295081967212	5363	1
26.766120218579232	7217	1
26.774754098360656	2733	1
26.78704918032787	1642	1
26.791256830601093	3796	1
26.799617486338796	2416	1
26.80983606557377	6099	1
26.80989071038251	9554	1
26.812185792349727	2554	1
26.828852459016396	6230	1
26.82928961748634	8570	1
26.837158469945358	7097	1
26.838852459016394	9190	1
26.85136612021858	5327	1
26.857377049180325	2905	1
26.858360655737705	8096	1
26.883005464480874	386	1
26.89016393442623	6501	1
26.90224043715847	1011	1
26.90918032786885	1576	1
26.917814207650274	2890	1
26.920601092896174	8452	1
26.926010928961748	898	1
26.929398907103824	7838	1
26.932240437158473	1562	1
26.93841530054645	7339	1
26.964316939890708	5582	1
26.969071038251364	2765	1
26.976174863387975	3614	1
26.992513661202185	8978	1
26.997158469945354	3317	1
27.01688524590164	4464	1
27.033989071038253	4959	1
27.06191256830601	951	1
27.094972677595628	2608	1
27.104754098360655	1571	1
27.11617486338798	9358	1
27.15918032786885	6133	1
27.16601092896175	3061	1
27.171147540983608	8961	1
27.17573770491803	4445	1
27.178032786885243	6496	1
27.207213114754097	2352	1
27.214754098360654	3904	1
27.22377049180328	2323	1
27.233551912568306	8919	1
27.247540983606555	7409	1
27.25109289617486	9033	1
27.253551912568305	4448	1
27.254972677595628	1992	1
27.261092896174866	5168	1
27.269398907103827	836	1
27.269890710382512	7758	1
27.286557377049178	3805	1
27.30393442622951	7593	1
27.31983606557377	3586	1
27.35054644808743	6844	1
27.360765027322405	2962	1
27.363715846994534	4727	1
27.365628415300545	4630	1
27.375464480874317	4022	1
27.379508196721314	3636	1
27.386448087431695	8382	1
27.395136612021858	1997	1
27.418907103825138	8909	1
27.422404371584697	4493	1
27.425081967213114	5268	1
27.45879781420765	7178	1
27.46650273224044	6728	1
27.47098360655738	9860	1
27.472021857923497	1044	1
27.47360655737705	7653	1
27.477650273224043	6477	1
27.47868852459016	2214	1
27.49431693989071	6605	1
27.513169398907102	8402	1
27.52661202185792	4670	1
27.52857923497268	2986	1
27.531256830601095	7251	1
27.53431693989071	7205	1
27.542568306010928	634	1
27.5527868852459	5402	1
27.561311475409838	9697	1
27.56513661202186	7813	1
27.568852459016394	696	1
27.603278688524593	3347	1
27.613333333333333	8041	1
27.624699453551912	7338	1
27.657486338797813	8213	1
27.706775956284154	8948	1
27.71218579234973	1156	1
27.718961748633877	7034	1
27.757213114754098	7970	1
27.779781420765026	9041	1
27.78071038251366	7174	1
27.80704918032787	9417	1
27.808743169398905	2313	1
27.815191256830598	5614	1
27.816338797814208	7820	1
27.824207650273223	1634	1
27.845683060109288	4869	1
27.86224043715847	151	1
27.870109289617485	6256	1
27.872568306010926	8443	1
27.87726775956284	2473	1
27.87945355191257	1883	1
27.88617486338798	4799	1
27.896065573770493	9872	1
27.897540983606557	7330	1
27.908196721311473	4696	1
27.91071038251366	1227	1
27.934644808743172	1173	1
27.960218579234972	5541	1
27.97103825136612	6921	1
27.974699453551914	331	1
27.979617486338796	5248	1
27.98431693989071	280	1
27.985519125683062	8737	1
27.986885245901636	5699	1
28.015792349726777	8335	1
28.019890710382512	2296	1
28.03262295081967	6837	1
28.036939890710382	6103	1
28.054153005464478	6278	1
28.062896174863386	2869	1
28.06393442622951	8355	1
28.06814207650273	6961	1
28.06912568306011	4432	1
28.07032786885246	4407	1
28.078032786885245	3570	1
28.0803825136612	8857	1
28.099398907103826	3259	1
28.106338797814207	8869	1
28.121693989071037	250	1
28.14688524590164	6147	1
28.177540983606555	5961	1
28.182349726775957	3148	1
28.184207650273223	6773	1
28.19087431693989	7576	1
28.195409836065572	8259	1
28.19967213114754	1672	1
28.20344262295082	8334	1
28.20437158469945	6199	1
28.207868852459015	3608	1
28.215956284153005	9050	1
28.22087431693989	63	1
28.23256830601093	3398	1
28.24311475409836	3314	1
28.244808743169397	8325	1
28.245081967213114	3355	1
28.259234972677596	1522	1
28.286393442622952	4801	1
28.29103825136612	2806	1
28.294262295081964	1999	1
28.31551912568306	8343	1
28.319289617486337	5799	1
28.325683060109288	4786	1
28.33382513661202	5566	1
28.345081967213115	3683	1
28.357868852459017	1269	1
28.36409836065574	5247	1
28.3848087431694	7983	1
28.38606557377049	3937	1
28.40054644808743	7306	1
28.431092896174864	9594	1
28.458907103825137	4114	1
28.469071038251368	7841	1
28.508360655737707	4083	1
28.523278688524588	8435	1
28.528907103825137	3751	1
28.54071038251366	614	1
28.550819672131148	2657	1
28.55650273224044	7236	1
28.579234972677593	185	1
28.585464480874318	3169	1
28.609234972677598	4954	1
28.616612021857925	2944	1
28.637814207650273	9344	1
28.659071038251366	5304	0
28.686174863387976	8613	1
28.691256830601095	7668	1
28.71781420765027	7365	1
28.727486338797814	3856	1
28.730928961748635	3021	1
28.735901639344263	9686	1
28.743989071038254	6060	1
28.757868852459016	8934	1
28.764371584699454	3913	1
28.766502732240436	9204	1
28.774754098360653	8061	1
28.78983606557377	4463	1
28.789945355191257	7977	1
28.815409836065573	1948	1
28.820874316939893	9238	1
28.829562841530056	1569	1
28.831420765027325	6523	1
28.843661202185793	6110	1
28.84448087431694	5335	1
28.8448087431694	9586	1
28.84803278688525	7328	1
28.865409836065574	8512	1
28.865573770491803	3137	1
28.86672131147541	2813	1
28.880601092896175	7837	1
28.883333333333333	7541	1
28.90584699453552	7563	1
28.917540983606553	97	1
28.92426229508197	6930	1
28.926612021857924	7793	1
28.92896174863388	7561	1
28.930491803278688	456	1
28.94103825136612	7911	1
28.950874316939892	5114	1
28.96065573770492	7919	1
28.994972677595626	6753	1
29.035628415300547	1148	1
29.056830601092894	8996	1
29.06606557377049	5284	1
29.068907103825136	4611	1
29.0731693989071	5729	1
29.075628415300546	8005	1
29.113715846994538	4825	1
29.12032786885246	6081	1
29.132568306010928	3795	1
29.134043715846996	7053	1
29.144262295081965	2972	1
29.16349726775956	6074	1
29.16639344262295	3542	1
29.18136612021858	8094	1
29.196830601092895	8353	1
29.197377049180325	4224	1
29.221366120218576	3267	1
29.22590163934426	7169	1
29.233770491803277	3534	1
29.236830601092894	8420	1
29.255956284153005	650	1
29.27032786885246	6533	1
29.27579234972678	8197	1
29.28185792349727	8824	1
29.285464480874314	4525	1
29.326721311475406	8450	1
29.345846994535517	7972	1
29.37469945355191	4812	1
29.37710382513661	7934	1
29.377322404371586	4246	1
29.380710382513662	8568	1
29.404754098360655	7507	1
29.409890710382516	5864	1
29.410983606557377	5679	1
29.43	9402	1
29.431202185792348	1964	1
29.432131147540982	339	1
29.4327868852459	6512	1
29.43814207650273	7727	1
29.441475409836066	7224	1
29.44196721311475	8852	1
29.463169398907105	7118	1
29.48486338797814	9100	1
29.507595628415302	297	1
29.518688524590164	3394	1
29.528524590163933	5784	1
29.53	9235	1
29.53639344262295	1780	1
29.553825136612023	7473	1
29.581202185792346	3685	1
29.590273224043717	9092	1
29.592349726775957	3200	1
29.596502732240435	4609	1
29.614535519125685	6245	1
29.615956284153004	4385	1
29.632076502732243	5856	1
29.64120218579235	8743	1
29.650546448087432	9055	1
29.653825136612024	3136	1
29.677978142076505	8257	1
29.709562841530055	5697	1
29.72169398907104	7729	1
29.74032786885246	9926	1
29.753333333333334	1845	1
29.79710382513661	3978	1
29.81377049180328	2411	1
29.829562841530056	9362	1
29.84841530054645	2025	1
29.849726775956285	9928	1
29.87830601092896	5805	1
29.889180327868853	5841	1
29.89431693989071	8533	1
29.92628415300546	3319	1
29.93	8234	1
29.931092896174864	400	1
29.931857923497265	3596	1
29.935136612021857	1610	1
29.938032786885245	4907	1
29.93814207650273	2757	1
29.947759562841533	5824	1
29.966994535519127	5429	1
29.968688524590164	2436	1
29.977377049180326	4394	1
29.995519125683057	9335	1
30.000054644808742	1420	1
30.03087431693989	742	1
30.03344262295082	1540	1
30.053934426229507	6407	1
30.061420765027325	2138	1
30.079234972677593	2952	1
30.080983606557375	8598	1
30.083169398907106	8939	1
30.096284153005463	6608	1
30.112896174863387	8677	1
30.116939890710384	6698	1
30.120928961748632	7673	1
30.13213114754098	9901	1
30.166666666666664	5835	1
30.166994535519127	4164	1
30.17983606557377	8249	1
30.202513661202186	2663	1
30.212841530054643	632	1
30.22672131147541	9768	1
30.24224043715847	2111	1
30.266885245901637	2050	1
30.26896174863388	314	1
30.297431693989072	7666	1
30.316830601092896	7767	1
30.320054644808742	7380	1
30.324754098360657	2189	1
30.33153005464481	5593	1
30.353333333333335	5502	1
30.36185792349727	750	1
30.374535519125683	7831	1
30.38775956284153	8016	1
30.390109289617488	4982	1
30.41262295081967	8607	1
30.43415300546448	6120	1
30.46087431693989	7854	1
30.477978142076505	1360	1
30.494644808743168	1369	1
30.515628415300547	4916	1
30.540928961748634	5040	1
30.54158469945355	130	1
30.54437158469945	394	1
30.551857923497266	5412	1
30.56289617486339	393	1
30.563005464480874	1234	1
30.614262295081968	5233	1
30.6255737704918	5060	1
30.632240437158472	6847	1
30.65136612021858	4429	1
30.651803278688522	9120	1
30.65967213114754	9399	1
30.66584699453552	9524	1
30.667431693989073	4967	1
30.68169398907104	8177	1
30.68841530054645	2299	1
30.703005464480874	9979	1
30.71672131147541	7194	1
30.72136612021858	55	1
30.722786885245903	5234	0
30.724644808743168	3446	1
30.736939890710385	3591	1
30.757540983606557	1191	1
30.776666666666664	4949	1
30.782732240437156	5300	1
30.784535519125683	3947	1
30.789453551912565	9621	1
30.7907650273224	7902	1
30.8127868852459	1777	1
30.826502732240435	7143	1
30.83830601092896	6067	1
30.844043715846993	108	1
30.889234972677595	7857	1
30.9107650273224	4633	1
30.913387978142076	2508	1
30.93021857923497	5878	1
30.93912568306011	5622	1
30.945464480874314	1938	1
30.950437158469942	1558	1
30.951639344262293	9561	1
30.9624043715847	1286	1
31.001147540983606	1975	1
31.007158469945352	4870	1
31.01535519125683	8397	1
31.01568306010929	9540	1
31.037868852459013	1759	1
31.084863387978142	1214	1
31.133879781420763	6640	1
31.17120218579235	9116	1
31.19174863387978	9081	1
31.19327868852459	4896	1
31.198852459016393	1406	1
31.211912568306012	6520	1
31.215573770491805	6317	1
31.236721311475407	7067	1
31.24153005464481	595	1
31.24808743169399	4341	1
31.26650273224044	2008	1
31.27633879781421	2792	1
31.290765027322404	3	1
31.293497267759562	5241	1
31.295300546448086	9202	1
31.321147540983606	2367	1
31.325136612021858	7476	1
31.33136612021858	5828	1
31.332841530054644	6919	1
31.336612021857924	8648	1
31.343551912568305	1677	1
31.35087431693989	4303	1
31.367704918032786	8366	1
31.376120218579235	4940	1
31.382896174863387	7335	1
31.391092896174865	1392	1
31.39142076502732	1765	1
31.400054644808744	4286	1
31.404590163934426	7344	1
31.404644808743168	8116	1
31.406284153005462	4712	1
31.407377049180326	2714	1
31.41398907103825	7762	1
31.440382513661202	5959	1
31.449071038251365	9319	1
31.45879781420765	2582	1
31.458907103825133	9353	1
31.462677595628417	9425	1
31.473551912568304	2101	1
31.47672131147541	1874	1
31.486721311475407	7481	1
31.48928961748634	5569	1
31.49415300546448	2833	1
31.50049180327869	2094	1
31.524043715846993	9955	1
31.526666666666667	5070	1
31.528524590163933	8676	1
31.547814207650273	7512	1
31.553224043715847	3393	1
31.555081967213113	2562	1
31.555901639344263	3990	1
31.55841530054645	9750	1
31.563387978142075	9239	1
31.56590163934426	4253	1
31.566830601092896	7049	1
31.57054644808743	6350	1
31.582732240437156	5520	1
31.584535519125684	2305	1
31.586010928961745	5190	1
31.588360655737706	6669	1
31.594590163934424	1373	1
31.612841530054645	4950	1
31.61377049180328	7065	1
31.615737704918033	8901	1
31.619289617486338	549	1
31.623442622950822	7290	1
31.6351912568306	3594	1
31.63743169398907	8807	1
31.657322404371584	8588	1
31.665737704918033	965	1
31.671092896174862	3418	1
31.675464480874314	1241	1
31.680983606557376	497	1
31.683825136612022	7398	1
31.692732240437156	7587	1
31.71775956284153	9206	1
31.719016393442622	8199	1
31.7348087431694	8502	1
31.74814207650273	4010	1
31.75327868852459	8628	1
31.755846994535517	3679	1
31.77377049180328	2254	1
31.779398907103825	3930	1
31.792459016393444	1805	1
31.794808743169398	7663	1
31.796448087431695	2024	1
31.803169398907105	2819	1
31.803442622950822	2519	1
31.817814207650276	3257	1
31.821639344262298	852	1
31.83601092896175	5977	1
31.841256830601093	6020	1
31.861147540983605	6002	1
31.86672131147541	7629	1
31.880983606557376	5171	1
31.885027322404373	8762	1
31.897213114754095	2219	1
31.9296174863388	1122	1
31.947650273224042	9182	1
31.95770491803279	3503	1
31.961366120218578	7064	1
31.96863387978142	4333	1
31.97420765027322	6600	1
31.97551912568306	9022	1
31.976775956284154	691	1
31.977923497267756	8931	1
31.994207650273225	3607	1
32.00568306010929	419	1
32.00633879781421	8917	1
32.00639344262295	8932	1
32.02950819672131	7108	1
32.03601092896175	3579	1
32.04863387978142	8837	1
32.049180327868854	4207	1
32.050327868852456	3921	1
32.05612021857923	3774	1
32.058961748633884	5011	1
32.0627868852459	5847	1
32.067049180327864	41	1
32.07868852459016	7712	1
32.07896174863388	8658	1
32.08092896174863	5017	1
32.085573770491806	1126	1
32.08918032786885	8862	1
32.092185792349724	2540	1
32.09612021857924	1607	1
32.09770491803279	5561	1
32.09852459016393	4804	1
32.10027322404371	9282	1
32.13349726775956	7855	1
32.14109289617486	783	1
32.14513661202186	2634	1
32.154371584699454	9251	1
32.15825136612022	7083	1
32.1627868852459	9097	1
32.16879781420765	4240	1
32.169289617486335	9038	1
32.178743169398906	6979	1
32.17994535519126	7884	1
32.18114754098361	284	1
32.18590163934426	4171	1
32.19918032786885	6344	1
32.2024043715847	2378	1
32.20431693989071	9640	1
32.21103825136612	8125	1
32.21677595628415	8642	1
32.222513661202186	7679	1
32.22453551912568	9588	1
32.23770491803278	3329	1
32.24251366120219	3018	1
32.249071038251365	9780	1
32.250601092896176	8879	1
32.25185792349727	269	1
32.25360655737705	7625	1
32.258469945355195	719	1
32.26857923497268	318	1
32.272622950819674	9749	1
32.27775956284153	1725	1
32.281202185792345	7256	1
32.2875956284153	2248	1
32.304043715846994	1179	1
32.3124043715847	3216	1
32.31251366120219	1952	1
32.33551912568306	8419	0
32.344426229508194	5732	1
32.34644808743169	4070	1
32.361639344262294	9352	1
32.38628415300546	5792	1
32.41174863387978	1567	1
32.415628415300546	8635	1
32.416338797814205	5387	1
32.43109289617487	1515	1
32.43218579234973	1412	1
32.45688524590164	4859	1
32.480327868852456	2314	1
32.48540983606557	3075	1
32.50699453551913	928	1
32.50819672131148	9088	1
32.508415300546446	9233	1
32.53617486338798	8664	1
32.54065573770492	3888	1
32.559672131147536	8630	1
32.577650273224044	5191	1
32.58071038251366	3036	1
32.581366120218576	4797	1
32.60021857923497	9339	1
32.60453551912568	1621	1
32.612841530054645	1624	1
32.61710382513661	3951	1
32.617704918032786	1068	1
32.64327868852459	1159	1
32.653661202185795	5312	1
32.657704918032785	3870	1
32.66699453551913	1583	1
32.6707650273224	2308	1
32.67666666666666	9721	1
32.677158469945354	1435	1
32.67890710382513	6143	1
32.68863387978142	7964	1
32.70825136612022	2854	1
32.71224043715847	2764	1
32.71879781420765	1488	1
32.720273224043716	9612	1
32.72054644808743	3252	1
32.73131147540984	3979	1
32.73573770491803	8530	1
32.74393442622951	1074	1
32.75344262295082	1758	1
32.76622950819672	6918	1
32.77207650273224	9359	1
32.774426229508194	6784	1
32.7948087431694	926	1
32.8031693989071	7247	1
32.80437158469945	6398	1
32.8155737704918	2592	1
32.843333333333334	7252	1
32.85142076502732	6047	1
32.85486338797814	3749	1
32.879234972677594	5681	1
32.894262295081965	8794	1
32.9224043715847	1870	1
32.92732240437158	6112	1
32.9351912568306	4229	1
32.94010928961748	1599	1
32.94644808743169	3931	1
32.96224043715847	7434	1
32.96540983606557	5448	1
32.96983606557377	3243	1
32.98191256830601	9867	1
32.986338797814206	1698	1
33.00032786885246	6212	1
33.0224043715847	6065	1
33.02393442622951	2201	1
33.02841530054645	8965	1
33.03	1422	1
33.03109289617486	5259	1
33.03224043715847	2889	1
33.043169398907104	4100	1
33.047704918032785	7999	1
33.05535519125683	4512	1
33.05644808743169	9886	1
33.05950819672131	1769	1
33.06497267759563	9370	1
33.08459016393443	9245	1
33.11743169398907	7269	1
33.12081967213115	839	1
33.12125683060109	4889	1
33.12874316939891	5486	1
33.1327868852459	3401	1
33.143060109289614	6191	1
33.151803278688526	4595	1
33.161584699453556	8211	1
33.18158469945355	3681	1
33.18748633879781	8770	1
33.20661202185792	672	1
33.20726775956284	6964	1
33.22918032786885	5148	1
33.230327868852456	9070	1
33.24879781420765	7969	1
33.27016393442623	1250	1
33.28486338797814	3590	1
33.29612021857923	8451	1
33.32551912568306	8802	1
33.34311475409836	9158	1
33.355737704918035	2995	1
33.38830601092896	5507	1
33.38918032786885	2596	1
33.38961748633879	9345	1
33.39273224043716	8119	1
33.41765027322404	1025	1
33.42486338797814	4004	1
33.42770491803279	1687	1
33.44366120218579	9350	1
33.447049180327866	8371	1
33.46885245901639	2277	1
33.469071038251364	4452	1
33.48234972677596	3299	1
33.48568306010929	782	1
33.487103825136614	3703	1
33.49071038251366	8070	1
33.51650273224044	4275	1
33.52508196721311	3057	1
33.53453551912568	9332	1
33.5388524590164	3205	1
33.54415300546448	611	1
33.54754098360656	4558	1
33.56699453551912	955	1
33.59579234972678	6338	1
33.61005464480874	8755	1
33.62382513661202	1794	1
33.64617486338798	312	1
33.65207650273224	7581	1
33.66289617486339	3576	1
33.66366120218579	7364	1
33.667486338797815	7366	1
33.68185792349727	8135	1
33.69568306010929	5596	1
33.70852459016393	3244	1
33.717650273224045	9462	1
33.76907103825137	9429	1
33.792841530054645	1914	1
33.80535519125683	1770	1
33.80590163934426	76	1
33.82027322404372	3850	1
33.82573770491803	9310	1
33.83087431693989	6503	1
33.83704918032787	5037	1
33.86557377049181	9887	1
33.86590163934426	1508	1
33.87	1529	1
33.883387978142075	5948	1
33.88737704918032	6001	1
33.93781420765027	4182	1
33.93792349726776	6858	1
33.9424043715847	8685	1
33.94584699453552	1754	1
33.967267759562844	3853	1
33.98945355191257	8612	1
34.010601092896174	8545	1
34.01114754098361	4158	1
34.02655737704918	4726	1
34.04666666666667	5883	1
34.04666666666667	4752	1
34.05650273224044	5687	1
34.05726775956284	9713	1
34.0579781420765	6376	1
34.070601092896176	3985	1
34.08393442622951	6643	1
34.09289617486339	5149	1
34.094426229508194	5145	1
34.09497267759563	7245	1
34.098306010928965	4953	1
34.10103825136612	9562	1
34.10863387978142	1272	1
34.12213114754098	1788	1
34.122295081967216	4113	1
34.134207650273225	5516	1
34.14071038251366	6374	1
34.1455737704918	3093	1
34.16103825136612	1405	1
34.165956284153005	5211	1
34.17147540983606	1762	1
34.18109289617486	1828	1
34.18841530054645	1782	1
34.19043715846995	3179	1
34.197103825136615	4856	1
34.21251366120218	261	1
34.21803278688524	2371	1
34.229125683060104	1881	1
34.24054644808743	6416	1
34.24677595628415	5165	1
34.25846994535519	7809	1
34.270382513661204	9447	1
34.27901639344262	7382	1
34.29207650273224	6636	1
34.300765027322406	186	1
34.311912568306006	8975	1
34.322131147540986	1924	1
34.32251366120218	5831	1
34.324644808743166	9921	1
34.32633879781421	3847	1
34.364754098360656	2925	1
34.37732240437158	8494	1
34.38207650273224	7892	1
34.3944262295082	6304	1
34.39814207650273	2599	1
34.405191256830605	1136	1
34.40530054644808	1165	1
34.419289617486335	2022	1
34.42983606557377	2391	1
34.43306010928961	6999	1
34.447759562841526	3835	1
34.46185792349727	6588	1
34.47229508196721	882	1
34.47551912568306	1548	1
34.48327868852459	5199	1
34.49371584699453	9850	1
34.506939890710385	4893	1
34.510218579234966	458	1
34.528579234972675	7214	1
34.53131147540984	4784	1
34.53775956284153	7776	1
34.56497267759563	7861	1
34.56579234972678	1209	1
34.57404371584699	5931	1
34.57409836065573	5888	1
34.59475409836065	3387	1
34.60071038251366	8604	1
34.60174863387978	1147	1
34.603387978142074	8065	1
34.604207650273224	5416	1
34.612513661202186	9982	1
34.61442622950819	8517	1
34.62502732240437	9315	1
34.63049180327869	4637	1
34.63606557377049	7218	1
34.64448087431693	7055	1
34.65655737704918	2859	1
34.66213114754098	7270	1
34.668196721311475	7075	1
34.682732240437154	7042	1
34.68639344262294	2434	1
34.711311475409836	8582	1
34.722240437158476	4104	1
34.72234972677595	2283	1
34.75825136612022	2780	1
34.75857923497268	1516	1
34.7612568306011	7061	1
34.77054644808743	83	1
34.82644808743169	1258	1
34.835136612021856	4880	1
34.83562841530055	3282	1
34.84202185792349	1053	1
34.851967213114754	9893	1
34.85207650273224	1655	1
34.87693989071038	8102	1
34.92437158469945	4536	1
34.92475409836066	9170	1
34.93644808743169	7565	1
34.940655737704915	2437	1
34.948797814207644	2894	1
34.95431693989072	9677	1
34.956065573770495	8022	1
34.96267759562841	2762	1
34.96442622950819	5444	1
34.97513661202186	4538	1
34.97928961748634	6841	1
34.999890710382516	4501	1
35.01857923497268	7844	1
35.018633879781426	9193	1
35.026666666666664	8078	1
35.03732240437159	5228	1
35.04420765027323	6171	1
35.045519125683064	4545	1
35.04590163934426	5728	1
35.063060109289616	1123	1
35.06956284153006	1776	1
35.08	7979	1
35.08650273224043	7009	1
35.106448087431694	793	1
35.10743169398907	1358	1
35.11136612021858	3924	1
35.11601092896174	4891	1
35.12180327868852	3207	1
35.12846994535519	9948	1
35.14513661202186	7993	1
35.14879781420765	3301	1
35.15579234972678	9280	1
35.174207650273225	9406	1
35.1796174863388	9420	1
35.18677595628415	4943	1
35.20426229508197	3767	1
35.226612021857925	767	1
35.22683060109289	4157	1
35.23098360655737	9602	1
35.23502732240437	692	1
35.24737704918032	4095	1
35.25928961748634	4977	1
35.26174863387978	7724	1
35.300983606557374	9651	1
35.305573770491804	9953	1
35.32409836065573	4152	1
35.330163934426224	7463	1
35.33377049180328	9488	1
35.336994535519125	4314	1
35.35327868852459	5343	1
35.35890710382513	8297	1
35.360928961748634	5867	1
35.36289617486339	1212	1
35.36469945355191	1564	1
35.36568306010929	7157	1
35.38683060109289	9755	1
35.39967213114754	3687	1
35.40633879781421	4035	1
35.413278688524585	8188	1
35.41437158469945	8988	1
35.426065573770494	2810	1
35.43005464480875	6075	1
35.446174863387974	3336	1
35.44989071038251	7230	1
35.45562841530055	3783	1
35.45961748633879	2651	1
35.473606557377046	8748	1
35.48098360655737	2843	1
35.48803278688525	1010	1
35.493497267759565	7334	1
35.52540983606557	8425	1
35.53562841530054	3322	1
35.536830601092895	1261	1
35.54786885245902	5435	1
35.5503825136612	6259	1
35.571639344262294	6853	1
35.5931693989071	8433	1
35.60300546448087	1343	1
35.60442622950819	3748	1
35.62016393442623	4782	1
35.64043715846994	4185	1
35.646557377049184	4108	1
35.65087431693989	1817	1
35.65224043715847	3383	1
35.652513661202185	7740	1
35.660437158469946	462	1
35.661147540983606	891	1
35.667103825136614	7702	1
35.67032786885245	6556	1
35.67628415300546	3304	1
35.676502732240436	8845	1
35.67863387978142	1167	1
35.68081967213115	5468	1
35.69409836065574	1434	1
35.69661202185792	9753	1
35.69928961748634	5972	1
35.703715846994534	9	1
35.706830601092896	9905	1
35.71147540983606	5534	1
35.7192349726776	1751	1
35.72448087431694	8544	1
35.736557377049174	9249	1
35.7424043715847	8687	1
35.743825136612024	915	1
35.74912568306011	3834	1
35.760655737704916	7450	1
35.77551912568306	5253	1
35.775737704918036	4762	1
35.79043715846994	8797	1
35.792513661202186	9758	1
35.79267759562842	5341	1
35.79688524590164	9076	1
35.801475409836065	6936	1
35.80398907103825	2510	1
35.80579234972678	557	1
35.82322404371585	7410	1
35.823497267759564	6544	1
35.82573770491803	9674	1
35.82961748633879	4060	1
35.836284153005465	1913	1
35.85327868852459	7266	1
35.85819672131147	8281	1
35.868743169398904	6536	1
35.87234972677595	4957	1
35.874863387978145	1027	1
35.900983606557375	9047	1
35.92486338797814	2671	1
35.9307650273224	1338	1
35.93644808743169	3972	1
35.94010928961749	8670	1
35.94344262295082	5029	1
35.95174863387978	786	1
35.95841530054645	9779	1
35.96573770491803	6263	1
35.98169398907104	6389	1
35.98754098360656	7379	1
36.040983606557376	5935	1
36.055573770491804	7930	1
36.06579234972678	4345	1
36.0872131147541	6857	1
36.09699453551913	5633	1
36.10295081967213	8413	1
36.111748633879785	3893	1
36.120382513661205	1988	1
36.12994535519126	4739	1
36.132349726775956	9967	1
36.13393442622951	3468	1
36.13464480874317	468	1
36.13502732240437	1408	1
36.14142076502732	8730	1
36.14475409836066	360	1
36.146120218579235	3547	1
36.15049180327869	8619	1
36.15530054644809	2066	1
36.16322404371584	1718	1
36.167923497267765	5604	1
36.17245901639344	3974	1
36.172677595628414	6679	1
36.17344262295082	4663	1
36.19497267759563	6834	1
36.19786885245902	4537	1
36.199617486338795	7278	1
36.20672131147541	3799	1
36.23049180327868	4366	1
36.23262295081967	9244	1
36.24912568306011	8375	1
36.251311475409835	5496	1
36.26245901639344	8992	1
36.268142076502734	3189	1
36.280109289617485	7899	1
36.283169398907106	3229	1
36.28546448087432	9811	1
36.28885245901639	7192	1
36.295573770491806	3307	1
36.310874316939895	3562	1
36.31448087431694	4121	1
36.316065573770494	9515	1
36.31765027322405	8843	1
36.32142076502733	8398	1
36.323278688524596	9659	1
36.34857923497268	9105	1
36.35142076502732	6579	1
36.36142076502732	4223	1
36.3620218579235	2563	1
36.370655737704915	6752	1
36.37185792349727	5355	1
36.37765027322404	9507	1
36.383114754098365	7815	1
36.40562841530054	4016	1
36.4324043715847	9422	1
36.44382513661202	9937	1
36.44513661202186	9265	1
36.45464480874317	2545	1
36.457868852459015	2113	1
36.4583606557377	4120	1
36.460819672131144	4267	1
36.48010928961749	5701	1
36.49027322404371	2291	1
36.49666666666666	922	1
36.497540983606555	9377	1
36.51191256830601	4733	1
36.5168306010929	9797	1
36.52267759562841	6955	1
36.5251912568306	5065	1
36.53344262295082	3041	1
36.53437158469945	5405	1
36.535683060109285	9574	1
36.54551912568306	6942	1
36.55273224043716	3107	1
36.55928961748634	1319	1
36.56327868852459	7486	1
36.564918032786885	8359	1
36.57535519125683	7747	1
36.5951912568306	4404	1
36.600163934426234	5108	1
36.60693989071038	7281	1
36.611311475409835	1014	1
36.61398907103825	7570	1
36.61666666666667	1243	1
36.62704918032787	2992	1
36.63120218579235	1885	1
36.63153005464481	3089	1
36.64158469945355	2898	1
36.64852459016393	1730	1
36.655464480874315	3382	1
36.65852459016393	7586	1
36.6616393442623	2976	1
36.66393442622951	6564	1
36.66699453551912	5690	1
36.670109289617486	5360	1
36.670819672131145	2142	1
36.68371584699454	2420	1
36.70180327868852	3291	1
36.70207650273224	8744	1
36.70770491803279	1692	1
36.71021857923497	7873	1
36.711530054644804	5023	1
36.71169398907104	9049	1
36.71710382513661	8954	1
36.7207650273224	4894	1
36.72469945355191	9959	1
36.760655737704916	1675	1
36.77092896174863	3286	1
36.7727868852459	5517	1
36.77918032786885	3482	1
36.78032786885246	3760	1
36.799617486338796	5367	1
36.80060109289618	9383	1
36.801857923497266	4635	1
36.82021857923497	5237	1
36.839234972677595	3406	1
36.84918032786885	6224	1
36.853114754098364	9147	1
36.870655737704915	8599	1
36.883387978142075	9744	1
36.90327868852459	8004	1
36.907377049180326	177	1
36.91497267759563	5113	1
36.92300546448088	4383	1
36.92617486338797	4757	1
36.92814207650273	9290	1
36.930983606557376	2102	1
36.93109289617487	3283	1
36.936502732240434	9330	1
36.93781420765027	3066	1
36.93786885245901	5533	1
36.93983606557377	4724	1
36.94196721311476	8318	1
36.94273224043716	8312	1
36.946666666666665	2763	1
36.95617486338798	6009	1
36.95814207650273	2768	1
36.95879781420765	2916	1
36.96060109289618	5613	1
36.96306010928962	3111	1
36.96939890710383	7346	1
36.981803278688524	2999	1
36.98234972677595	9509	1
37.01863387978142	1316	1
37.03366120218579	4094	1
37.03748633879781	7555	1
37.04945355191257	1580	1
37.08530054644809	2077	1
37.09234972677595	6113	1
37.131967213114756	3491	1
37.14415300546448	4563	1
37.15601092896175	6746	1
37.17475409836066	8696	1
37.18136612021858	270	1
37.20087431693989	7242	1
37.20387978142076	829	1
37.21136612021858	7783	1
37.21775956284153	2258	1
37.221693989071035	995	1
37.22715846994535	900	1
37.23360655737705	6018	1
37.251639344262294	5976	1
37.25371584699453	8444	1
37.25502732240437	3430	1
37.25524590163935	7901	1
37.27907103825136	8580	1
37.28131147540984	6907	1
37.293224043715846	42	1
37.29382513661202	7732	1
37.29639344262295	4047	1
37.301857923497266	1240	1
37.30338797814208	4973	1
37.305573770491804	7868	1
37.32366120218579	7198	1
37.32562841530055	3895	1
37.34245901639344	5943	1
37.35677595628415	4480	1
37.371803278688525	9191	1
37.3755737704918	4593	1
37.38704918032787	3211	1
37.417103825136614	8808	1
37.42136612021858	7500	1
37.431639344262294	9351	1
37.44530054644809	4793	1
37.44754098360656	3516	1
37.44765027322404	3997	1
37.45688524590164	8981	1
37.46054644808743	5427	1
37.46404371584699	286	1
37.48693989071038	2498	1
37.49469945355192	3288	1
37.50398907103825	8336	1
37.511475409836066	5068	1
37.51409836065574	796	1
37.517103825136616	573	1
37.54071038251366	3854	1
37.54158469945355	3076	1
37.546284153005466	4606	1
37.552568306010926	5205	1
37.55535519125683	5886	1
37.584043715846995	9733	1
37.58765027322404	6031	1
37.604590163934425	2548	1
37.636393442622946	2204	1
37.63808743169399	200	1
37.64207650273224	8285	1
37.64245901639344	8637	1
37.65562841530054	3961	1
37.67825136612022	1028	1
37.682131147540986	7324	1
37.68530054644809	3034	1
37.703060109289616	8101	1
37.705683060109294	7569	1
37.71005464480874	7069	1
37.714972677595625	727	1
37.717213114754095	5763	1
37.74590163934426	903	1
37.76267759562842	3956	1
37.764426229508196	6585	1
37.77426229508197	1596	1
37.777103825136614	2381	1
37.782404371584704	8602	1
37.79377049180328	6901	1
37.795081967213115	7669	1
37.80710382513661	2811	1
37.82322404371585	8107	1
37.83601092896174	7948	1
37.83814207650273	5657	1
37.84590163934426	9781	1
37.85622950819672	9946	1
37.8603825136612	9367	1
37.87213114754098	4288	1
37.88398907103825	4590	1
37.891639344262295	3048	1
37.89256830601093	9925	1
37.9	8956	1
37.90371584699454	8597	1
37.908907103825136	7611	1
37.91754098360656	9881	1
37.94	9880	1
37.94633879781421	7943	1
37.946721311475414	6261	1
37.94710382513661	2862	1
37.967923497267755	6830	1
37.972513661202186	3498	1
37.97295081967213	6814	1
37.97612021857923	7859	1
37.978032786885244	6473	1
37.98693989071038	91	1
38.02540983606557	1721	1
38.027759562841524	6443	1
38.03218579234973	7962	1
38.032459016393446	3204	1
38.03808743169399	3761	1
38.04114754098361	2533	1
38.04874316939891	9227	1
38.056666666666665	8358	1
38.05945355191257	9978	1
38.08284153005465	7686	1
38.10251366120219	7765	1
38.11	4454	1
38.11852459016393	1202	1
38.12081967213115	2460	1
38.1272131147541	2536	1
38.13415300546448	1864	1
38.16207650273224	5278	1
38.164863387978144	7778	1
38.17398907103825	7432	1
38.207267759562846	7772	1
38.21863387978142	7262	1
38.22601092896175	8174	1
38.22868852459017	3863	1
38.23306010928962	3026	1
38.24535519125683	7986	1
38.26005464480875	6765	1
38.262950819672135	6958	1
38.26786885245902	6096	1
38.27169398907103	7249	1
38.29704918032787	2409	1
38.30366120218579	5800	1
38.306666666666665	934	1
38.310710382513655	5071	1
38.31142076502732	8192	1
38.315245901639344	1667	1
38.32863387978142	2330	1
38.3303825136612	4816	1
38.33262295081967	7093	1
38.35032786885245	9430	1
38.35786885245902	8563	1
38.369234972677596	6156	1
38.372513661202184	7832	1
38.3927868852459	7908	1
38.40453551912569	3232	1
38.407431693989075	1440	1
38.41546448087431	7312	1
38.436557377049176	9922	1
38.439890710382514	3131	1
38.44945355191256	2335	1
38.45513661202186	2744	1
38.45590163934426	9485	1
38.488633879781425	2799	1
38.49622950819672	6457	1
38.49781420765027	1313	1
38.50666666666666	2857	1
38.52612021857924	3840	1
38.52693989071039	6100	1
38.53628415300546	2038	1
38.54409836065574	3832	1
38.56393442622951	292	1
38.58114754098361	2342	1
38.58245901639344	7197	1
38.608251366120214	2485	1
38.61393442622951	1448	1
38.62049180327869	9150	1
38.62939890710383	6386	1
38.63617486338797	3492	1
38.639071038251366	8207	1
38.6407650273224	5618	1
38.65584699453552	5460	1
38.669672131147536	5817	1
38.715409836065575	7741	1
38.721038251366124	5338	1
38.73420765027323	6070	1
38.75109289617487	1052	1
38.755464480874316	9777	1
38.755683060109284	1000	1
38.767759562841526	1524	1
38.779398907103825	3529	1
38.78672131147541	4172	1
38.79	8232	1
38.812677595628415	4532	1
38.81486338797814	4666	1
38.831366120218576	4657	1
38.83387978142077	689	1
38.84688524590164	2814	1
38.84765027322404	5970	1
38.84830601092896	9131	1
38.84879781420765	9210	1
38.85475409836066	1647	1
38.855683060109286	3968	1
38.85901639344262	9998	1
38.870765027322406	9308	1
38.87803278688524	75	1
38.878087431693984	2506	1
38.87928961748634	6849	1
38.879726775956286	8389	1
38.89590163934427	5224	1
38.89770491803279	5058	1
38.90234972677595	6675	1
38.94131147540983	6621	1
38.94306010928962	3611	1
38.95404371584699	2177	1
38.96234972677596	6852	1
38.985846994535514	7209	1
38.98644808743169	2480	1
38.99092896174863	2777	1
38.996393442622946	6269	1
39.00049180327869	5549	1
39.004699453551915	4061	1
39.005081967213115	3977	1
39.01060109289618	8218	1
39.010655737704916	8727	1
39.011803278688525	9558	1
39.01185792349727	4021	1
39.02021857923497	4074	1
39.0255737704918	7442	1
39.02590163934426	3506	1
39.042021857923494	4057	1
39.04540983606557	70	1
39.049617486338796	734	1
39.056721311475414	3327	1
39.06999999999999	6127	1
39.07453551912568	479	1
39.08672131147541	1842	1
39.09453551912568	5042	1
39.1124043715847	3692	1
39.11857923497268	821	1
39.12786885245902	3747	1
39.1316393442623	9711	1
39.169726775956285	5217	1
39.193934426229504	6052	1
39.194754098360654	4761	1
39.210218579234976	391	1
39.21945355191257	1889	1
39.22606557377049	8465	1
39.242677595628415	1648	1
39.24885245901639	6885	1
39.269945355191254	1835	1
39.269999999999996	7425	1
39.27568306010929	5450	1
39.27825136612022	4133	1
39.27846994535519	9642	1
39.29016393442623	6716	1
39.29267759562841	7585	1
39.308196721311475	2432	1
39.313770491803275	924	1
39.335191256830605	4879	1
39.34306010928962	9743	1
39.34945355191257	997	1
39.36218579234972	1391	1
39.373606557377045	9449	1
39.39185792349727	1987	1
39.40355191256831	4291	1
39.41065573770492	1925	1
39.41284153005464	7027	1
39.419999999999995	4455	1
39.42207650273224	8853	1
39.43	9875	1
39.45628415300547	9061	1
39.476994535519125	4013	1
39.48234972677596	1771	1
39.49289617486339	4192	1
39.49803278688524	651	1
39.503224043715846	1732	1
39.51076502732241	6170	1
39.51459016393443	6568	1
39.520054644808745	9135	1
39.52169398907104	1872	1
39.52841530054645	6985	1
39.53628415300546	3343	1
39.53639344262295	6692	1
39.538797814207655	5911	1
39.55049180327868	4054	1
39.55579234972677	7897	1
39.56032786885246	5025	1
39.5648087431694	5772	1
39.58863387978142	6978	1
39.62551912568306	5920	1
39.66874316939891	9980	1
39.669726775956285	7472	1
39.67109289617486	8679	1
39.67360655737705	376	1
39.6912568306011	2481	1
39.72273224043715	4357	1
39.75448087431694	9034	1
39.788797814207655	197	1
39.795792349726774	9994	1
39.809344262295085	2915	1
39.81420765027322	4397	1
39.831693989071034	1140	1
39.84830601092896	9167	1
39.84907103825137	6957	1
39.85147540983606	471	1
39.853825136612016	2895	1
39.864808743169405	5193	1
39.865409836065574	1904	1
39.868087431693986	6380	1
39.87114754098361	9913	1
39.87562841530055	2926	1
39.8775956284153	5851	1
39.87983606557378	7213	1
39.884535519125684	6743	1
39.88699453551912	5625	1
39.88825136612022	2261	1
39.89415300546448	5958	1
39.894262295081965	6450	1
39.91770491803279	8422	1
39.918961748633876	220	1
39.935792349726775	8136	1
39.94546448087432	991	1
39.95639344262295	364	1
39.96524590163935	7532	1
39.965355191256826	4251	1
39.968743169398905	5719	1
39.97393442622951	2622	1
39.98229508196721	6825	1
39.988196721311475	3341	1
40.0007650273224	4227	1
40.022677595628416	4355	1
40.03158469945355	8068	1
40.03513661202186	2754	1
40.03672131147541	5781	1
40.03699453551913	7150	1
40.037923497267755	3353	1
40.04120218579235	3927	1
40.04448087431694	9479	1
40.04486338797814	5850	1
40.0472131147541	6105	1
40.05049180327868	4602	1
40.0520218579235	5860	1
40.06273224043716	8701	1
40.07142076502732	7406	1
40.07590163934426	9738	1
40.07781420765027	8548	1
40.08010928961748	5575	1
40.109508196721315	6954	1
40.14207650273224	6527	1
40.156994535519125	3335	1
40.15989071038251	8616	1
40.165573770491804	1724	1
40.18459016393442	3182	1
40.18562841530055	7180	1
40.185792349726775	3821	1
40.19502732240437	6584	1
40.20612021857923	6993	1
40.24098360655738	9568	1
40.2427868852459	8150	1
40.24284153005464	2613	1
40.273387978142075	5105	1
40.292459016393444	4680	1
40.32475409836065	4250	1
40.326502732240435	138	1
40.33579234972678	8144	1
40.34879781420765	5357	1
40.36415300546448	8328	1
40.371420765027324	795	1
40.38311475409836	5680	1
40.39180327868852	7627	1
40.40825136612022	3246	1
40.414535519125685	1430	1
40.41879781420765	3934	1
40.43852459016394	3117	1
40.44120218579235	1973	1
40.44732240437158	2621	1
40.469890710382515	9436	1
40.47125683060109	3843	1
40.479945355191255	9891	1
40.48224043715847	5590	1
40.48344262295082	8595	1
40.50180327868852	6653	1
40.518415300546444	8109	1
40.51868852459016	7742	1
40.53382513661202	4099	1
40.535409836065575	5174	1
40.538743169398906	2441	1
40.55939890710383	7446	1
40.55939890710383	8614	1
40.587704918032784	1361	1
40.5972131147541	313	1
40.59803278688524	4573	1
40.605956284153	8368	1
40.61453551912569	2689	1
40.62284153005464	2280	1
40.62284153005464	8055	1
40.63010928961749	3116	1
40.634098360655734	1305	1
40.65765027322404	6231	1
40.660437158469946	2347	1
40.66836065573771	3846	1
40.68087431693989	9843	1
40.68939890710383	4927	1
40.702295081967215	4529	1
40.70311475409836	3688	1
40.71497267759563	7071	1
40.72065573770492	1911	1
40.727322404371584	5868	1
40.780491803278686	118	1
40.7824043715847	4206	1
40.79540983606557	8771	1
40.83530054644809	4371	1
40.835464480874315	3378	1
40.85710382513661	1045	1
40.86043715846994	7046	1
40.863169398907104	9364	1
40.86786885245902	7058	1
40.87273224043716	8131	1
40.876666666666665	3250	1
40.879016393442626	6419	1
40.8796174863388	760	1
40.88010928961749	4049	1
40.909180327868846	7153	1
40.94387978142077	8363	1
40.9651912568306	1088	1
40.96737704918033	9915	1
40.98049180327869	2183	1
40.99841530054645	4318	1
41.01579234972677	8809	1
41.02469945355191	397	1
41.039125683060114	2312	1
41.04344262295081	4349	1
41.06437158469945	4396	1
41.0655737704918	2691	1
41.06732240437159	6266	1
41.07147540983606	8935	1
41.09508196721311	8697	1
41.10562841530055	4196	1
41.11513661202186	7711	1
41.129234972677594	778	1
41.132349726775956	79	1
41.139071038251366	357	1
41.14710382513661	4855	1
41.15786885245901	9126	1
41.171639344262296	8515	1
41.171639344262296	1944	1
41.17475409836065	7816	1
41.183661202185796	4934	1
41.189890710382514	8108	1
41.190983606557374	9938	1
41.202295081967215	9059	1
41.203770491803276	1537	1
41.20513661202185	2669	1
41.224699453551914	2125	1
41.2316393442623	7329	1
41.23617486338797	9502	1
41.27213114754098	7681	1
41.294699453551914	9591	1
41.31502732240437	7577	1
41.32775956284153	9761	1
41.35360655737705	6373	1
41.361311475409835	6990	1
41.377267759562834	4533	1
41.38218579234973	4559	1
41.39125683060109	1336	1
41.394262295081965	4645	1
41.4012568306011	3587	1
41.40420765027322	5571	1
41.41387978142077	2334	1
41.43180327868853	9646	1
41.43306010928962	25	1
41.44688524590164	3824	1
41.449617486338795	7802	1
41.452677595628415	3830	1
41.45726775956284	5547	1
41.45781420765027	3794	1
41.46666666666666	4124	1
41.46874316939891	4833	1
41.48530054644809	9243	1
41.4872131147541	346	1
41.48923497267759	1285	1
41.49885245901639	8873	1
41.512513661202185	1753	1
41.51715846994536	528	1
41.5231693989071	5140	1
41.52661202185792	5406	1
41.53087431693989	7800	1
41.54382513661202	6734	1
41.54923497267759	1277	1
41.561967213114755	8115	1
41.573934426229506	9985	1
41.5775956284153	5306	1
41.578469945355195	4419	1
41.58502732240437	6205	1
41.59021857923497	3494	1
41.5968306010929	1940	1
41.60005464480874	1989	1
41.608360655737705	2208	1
41.60907103825137	7945	1
41.610655737704924	3991	1
41.62065573770492	2203	1
41.641748633879786	2735	1
41.64262295081967	2359	1
41.64431693989071	2903	1
41.650273224043715	3750	1
41.66251366120218	3504	1
41.67131147540984	3153	1
41.674590163934425	1702	1
41.68218579234972	5950	1
41.68841530054645	117	1
41.68890710382514	2228	1
41.69125683060109	929	1
41.693278688524586	4000	1
41.70814207650273	6013	1
41.70961748633879	8841	1
41.716830601092894	7717	1
41.71693989071038	1236	1
41.725901639344265	1555	1
41.73879781420765	1811	1
41.750601092896176	3038	1
41.751420765027326	298	1
41.75601092896174	5903	1
41.760273224043715	2489	1
41.76524590163934	9487	1
41.770327868852455	2702	1
41.78437158469946	4389	1
41.788743169398906	316	1
41.791038251366125	6664	1
41.799562841530054	6686	1
41.799617486338796	883	1
41.81049180327869	8414	1
41.81131147540984	1649	1
41.82775956284153	5742	1
41.83415300546448	7116	1
41.84010928961748	7068	1
41.85005464480874	9709	1
41.85027322404372	2954	1
41.862786885245896	8720	1
41.86300546448088	3313	1
41.869453551912564	2099	1
41.870273224043714	4919	1
41.879289617486336	8958	1
41.88103825136612	8487	1
41.899071038251364	5382	1
41.90163934426229	3167	1
41.90196721311475	7858	1
41.90218579234973	265	1
41.907704918032785	8783	1
41.91945355191257	4594	1
41.92289617486339	1168	1
41.93344262295082	9134	1
41.940273224043715	6948	1
41.94726775956284	5602	1
41.94885245901639	980	1
41.94945355191257	2000	1
41.95431693989071	2933	1
41.95431693989071	9864	1
41.957868852459015	9288	1
41.95863387978142	7755	1
41.96174863387978	9641	1
41.98087431693989	3172	1
41.990819672131146	4462	1
41.996010928961745	8838	1
42.006830601092894	9708	1
42.018907103825136	1482	1
42.02245901639344	3740	1
42.044371584699455	3305	1
42.05240437158469	3234	1
42.05655737704918	3981	1
42.06404371584699	5570	1
42.068579234972674	8569	1
42.0744262295082	8910	1
42.07508196721311	3469	1
42.07743169398908	4137	1
42.08076502732241	6044	1
42.0983606557377	4313	1
42.128142076502726	2623	1
42.128306010928966	1517	1
42.13846994535519	9157	1
42.139016393442624	2109	1
42.14890710382514	5279	1
42.14950819672131	5682	1
42.153551912568304	7258	1
42.15409836065574	6855	1
42.15469945355191	2840	1
42.15863387978142	3756	1
42.16967213114754	9140	1
42.170928961748636	3744	1
42.17289617486339	5056	1
42.18071038251366	3428	1
42.18344262295082	8751	1
42.20174863387978	4065	1
42.203387978142075	4197	1
42.203497267759566	8929	1
42.20803278688524	2560	1
42.216448087431694	4154	1
42.21841530054645	5467	1
42.21868852459016	4681	1
42.223278688524594	5811	1
42.224754098360656	616	1
42.23398907103825	1622	1
42.24874316939891	1367	1
42.24918032786885	3970	1
42.257704918032786	833	1
42.26103825136612	9410	1
42.273715846994534	8040	1
42.27683060109289	2601	1
42.27710382513661	2401	1
42.28672131147541	2137	1
42.29087431693989	3816	1
42.29262295081968	4549	1
42.29857923497268	3720	1
42.31322404371584	1740	1
42.326830601092894	851	1
42.33650273224043	9253	1
42.33956284153006	8019	1
42.340437158469946	2878	1
42.344043715847	5152	1
42.34459016393443	8364	1
42.34644808743169	1825	1
42.36754098360655	4989	1
42.3696174863388	6881	1
42.37978142076503	2040	1
42.38846994535519	5362	1
42.399562841530056	3615	1
42.40912568306011	8979	1
42.41382513661202	6874	1
42.41551912568306	6186	1
42.427158469945354	1665	1
42.43032786885246	449	1
42.43967213114754	4621	1
42.44043715846995	4543	1
42.44912568306011	1521	1
42.454863387978136	685	1
42.46437158469945	9144	1
42.470218579234974	5082	1
42.473278688524594	4082	1
42.48	2275	1
42.48803278688525	2032	1
42.48879781420765	5209	1
42.49120218579235	3754	1
42.505409836065574	3842	1
42.510655737704916	4629	1
42.5127868852459	5636	1
42.51683060109289	86	1
42.51994535519126	5157	1
42.52879781420765	7135	1
42.544699453551914	9175	1
42.55732240437158	6705	1
42.5651912568306	837	1
42.56737704918033	4187	1
42.596338797814205	2552	1
42.596721311475406	6831	1
42.609453551912566	9020	1
42.612076502732236	1566	1
42.61289617486339	147	1
42.615792349726775	6447	1
42.61704918032787	3684	1
42.631967213114756	7420	1
42.64180327868853	6118	1
42.64491803278689	5018	1
42.647213114754095	9916	1
42.66103825136612	6288	1
42.68180327868853	6725	1
42.68622950819672	180	1
42.68967213114754	7079	1
42.69469945355191	6883	1
42.706393442622954	6035	1
42.71158469945355	2747	1
42.71174863387978	6370	1
42.717759562841536	383	1
42.72349726775956	807	1
42.72409836065573	5666	1
42.74300546448087	4338	1
42.74743169398907	1605	1
42.75513661202186	2558	1
42.7679781420765	9273	1
42.781912568306005	5557	1
42.78513661202186	3665	1
42.79765027322404	4756	1
42.80120218579235	3780	1
42.80387978142076	3006	1
42.838087431693985	3151	1
42.85579234972678	1308	1
42.868415300546445	6183	1
42.88142076502732	4516	1
42.882295081967214	925	1
42.88475409836065	886	1
42.88540983606558	8186	1
42.88928961748634	338	1
42.8948087431694	9729	1
42.89967213114754	4323	1
42.92300546448087	8827	1
42.9255737704918	9360	1
42.928360655737706	7906	1
42.93825136612021	6085	1
42.94459016393442	8331	1
42.95060109289618	4956	1
42.95918032786885	5055	1
42.962459016393446	1653	1
42.99295081967213	2917	1
43.00114754098361	4520	1
43.00650273224044	8925	1
43.00781420765028	3652	1
43.01907103825137	6674	1
43.02983606557377	7636	1
43.061256830601096	4802	1
43.063770491803275	5801	1
43.07475409836066	87	1
43.079562841530056	2943	1
43.08021857923497	5423	1
43.10382513661202	1429	1
43.118852459016395	6891	1
43.14595628415301	9421	1
43.15415300546448	2904	1
43.156666666666666	7437	1
43.17098360655738	8499	1
43.17180327868852	77	1
43.173387978142074	9560	1
43.17628415300546	7168	1
43.18409836065574	5170	1
43.2075956284153	451	1
43.2083606557377	9793	1
43.22010928961749	9103	1
43.22601092896175	4019	1
43.2272131147541	6181	1
43.252349726775954	1755	1
43.2575956284153	3342	1
43.26617486338798	152	1
43.286120218579235	2655	1
43.29775956284153	5503	1
43.30732240437158	409	1
43.313387978142075	5969	1
43.313879781420766	3912	1
43.32256830601093	7482	1
43.324316939890714	8699	1
43.32551912568306	2766	1
43.338142076502734	4222	1
43.34508196721312	2456	1
43.352349726775955	9537	1
43.35896174863388	4624	1
43.366229508196724	1042	1
43.37366120218579	4984	1
43.37502732240437	7172	1
43.37907103825137	7066	1
43.382295081967214	9163	1
43.384972677595634	7551	1
43.389781420765026	5773	1
43.39333333333333	227	1
43.40737704918033	3616	1
43.42912568306011	2013	1
43.43934426229508	6620	1
43.44136612021858	1448	0
43.46437158469945	1966	1
43.48098360655737	202	1
43.484043715846994	6088	1
43.48524590163934	5447	1
43.48650273224044	9048	1
43.49136612021858	4854	1
43.49322404371585	3573	1
43.50595628415301	6780	1
43.51868852459016	9784	1
43.5287431693989	6824	1
43.53185792349727	8017	1
43.53284153005465	1503	1
43.540218579234974	5783	1
43.55081967213115	1030	1
43.55224043715847	5013	1
43.55721311475409	6465	1
43.564863387978136	5078	1
43.5707650273224	7219	1
43.57475409836066	5952	1
43.58021857923497	6326	1
43.606010928961744	913	1
43.61666666666667	3713	1
43.61863387978143	1427	1
43.61972677595628	8504	1
43.62650273224044	8100	1
43.62792349726776	5165	0
43.637486338797814	6991	1
43.65043715846995	6446	1
43.655846994535516	7333	1
43.66251366120218	5019	1
43.69300546448087	3273	1
43.69885245901639	4109	1
43.70366120218579	9342	1
43.709781420765026	9702	1
43.716502732240436	5771	1
43.72693989071038	124	1
43.736557377049174	8539	1
43.7396174863388	7195	1
43.74213114754098	7190	1
43.75409836065574	3359	1
43.75464480874317	2307	1
43.766994535519125	4826	1
43.76836065573771	3622	1
43.77169398907104	2727	1
43.77256830601093	7818	1
43.78163934426229	4718	1
43.79382513661202	5779	1
43.79677595628415	9884	1
43.80661202185792	209	1
43.812240437158465	474	1
43.82256830601093	3944	1
43.83928961748634	5518	1
43.847486338797815	7341	1
43.848196721311474	486	1
43.84852459016393	354	1
43.84863387978142	4526	1
43.85382513661202	7989	1
43.862076502732236	2492	1
43.88174863387978	5918	1
43.89169398907104	3623	1
43.89639344262295	7087	1
43.90071038251366	9570	1
43.90672131147541	5861	1
43.9127868852459	9212	1
43.920437158469944	843	1
43.926065573770494	7660	1
43.92792349726776	4628	1
43.93672131147541	6323	1
43.93710382513661	5389	1
43.93825136612022	9770	1
43.94224043715847	8712	1
43.95551912568306	6036	1
43.95989071038251	229	1
43.96825136612022	9663	1
43.97191256830601	6190	1
43.9779781420765	6179	1
43.97819672131148	9177	1
43.983825136612026	7789	1
43.98765027322404	8124	1
43.98825136612022	7167	1
43.99923497267759	3994	1
44.00136612021858	1606	1
44.0148087431694	8224	1
44.01524590163935	8265	1
44.02989071038251	88	1
44.05540983606557	5345	1
44.059617486338794	4574	1
44.062240437158465	970	0
44.081420765027325	797	1
44.08573770491803	6216	1
44.0979781420765	2384	1
44.10573770491803	6415	1
44.12491803278689	2531	1
44.126994535519124	9064	1
44.13765027322404	7285	1
44.14633879781421	8378	1
44.14956284153005	1294	1
44.162568306010925	4306	1
44.16311475409836	564	1
44.18808743169399	8198	1
44.222841530054644	4473	1
44.22901639344262	9036	1
44.247213114754096	7091	1
44.25704918032787	182	1
44.263278688524586	2720	1
44.27060109289617	9304	1
44.27513661202185	5703	1
44.2772131147541	350	1
44.280437158469944	5491	1
44.28371584699454	7568	1
44.2892349726776	247	1
44.29863387978142	3746	1
44.30497267759563	6252	1
44.30830601092896	2446	1
44.346338797814205	1444	1
44.34846994535519	2169	1
44.349016393442625	8902	1
44.35213114754098	4642	1
44.35431693989071	3731	1
44.365464480874316	4247	1
44.374863387978145	6871	1
44.38469945355192	1311	1
44.39617486338798	7786	1
44.40715846994536	3069	1
44.412568306010925	5161	1
44.42169398907104	513	1
44.422677595628414	6287	1
44.42469945355191	7322	1
44.42808743169399	7186	1
44.453333333333326	1098	1
44.48131147540983	3339	1
44.484153005464485	6553	1
44.496775956284154	6017	1
44.5003825136612	5359	1
44.50704918032787	4530	1
44.51382513661202	6467	1
44.513989071038246	953	1
44.52010928961749	3064	1
44.527868852459015	6400	1
44.5287431693989	3664	1
44.53245901639344	9757	1
44.545464480874315	1379	1
44.548469945355194	2365	1
44.55846994535519	9187	1
44.56251366120218	5661	1
44.57448087431694	5750	1
44.57535519125683	1142	1
44.58049180327868	5165	1
44.5827868852459	7733	1
44.59071038251366	8793	1
44.59273224043716	8655	1
44.59530054644809	8416	1
44.615792349726775	3391	1
44.616174863387975	176	1
44.626666666666665	5909	1
44.64218579234972	5139	1
44.648743169398905	7146	1
44.66699453551912	8654	1
44.67885245901639	9997	1
44.68005464480874	4667	1
44.69267759562842	7680	1
44.70136612021858	4774	1
44.70464480874317	132	1
44.70710382513661	372	1
44.725737704918025	4792	1
44.73693989071038	1509	1
44.74251366120219	7228	1
44.74693989071038	5221	1
44.752404371584696	9648	1
44.756174863387976	790	1
44.75967213114754	918	1
44.78431693989071	4300	1
44.79153005464481	1654	1
44.792732240437154	2698	1
44.80021857923497	2440	1
44.80879781420765	5401	1
44.81677595628415	2051	1
44.82273224043716	2541	1
44.825409836065575	6235	1
44.82704918032787	4167	1
44.83306010928962	7606	1
44.839945355191254	9165	1
44.84065573770492	576	1
44.8424043715847	6947	1
44.85098360655738	5314	1
44.86573770491803	3654	1
44.87808743169399	2028	1
44.89213114754099	2980	1
44.895737704918034	7588	1
44.91655737704918	8001	1
44.91737704918033	3877	1
44.939125683060105	5482	1
44.94415300546448	9464	1
44.9496174863388	1587	1
44.95426229508197	3357	1
44.95857923497268	4293	1
44.9807650273224	6227	1
44.98972677595628	6769	1
44.99579234972677	159	1
45.02513661202185	3023	1
45.07229508196721	8305	1
45.07262295081967	5855	1
45.07453551912568	803	1
45.08551912568306	4840	1
45.09163934426229	3122	1
45.10546448087432	871	1
45.10814207650273	4908	1
45.112459016393444	589	1
45.11398907103825	1062	1
45.13131147540984	2333	1
45.136393442622946	6168	1
45.13655737704918	8870	1
45.14098360655738	8527	1
45.14426229508197	6040	1
45.14475409836066	6091	1
45.156174863387974	4567	1
45.15639344262296	6738	1
45.16136612021858	2222	1
45.16508196721312	1378	1
45.16699453551912	3454	1
45.167759562841525	1099	1
45.17366120218579	4236	1
45.174918032786884	9934	1
45.18169398907104	7957	1
45.18573770491803	3771	1
45.188743169398904	9006	1
45.18896174863388	8947	1
45.20437158469946	2023	1
45.21393442622951	699	1
45.22497267759562	5364	1
45.225136612021856	9993	1
45.231803278688524	3289	1
45.24912568306011	1922	1
45.25939890710382	6187	1
45.259890710382514	3565	1
45.26868852459017	9899	1
45.276065573770495	6461	1
45.27879781420765	3589	1
45.2827868852459	5650	1
45.286830601092895	2372	1
45.30546448087431	8386	1
45.314153005464476	9146	1
45.317049180327864	9785	1
45.31732240437158	4297	1
45.32562841530055	3935	1
45.335081967213114	7443	1
45.365792349726775	3872	1
45.37191256830601	8468	1
45.374426229508195	7617	1
45.37475409836066	4330	1
45.39	442	1
45.40562841530054	8583	1
45.419016393442625	4411	1
45.421202185792346	8622	1
45.422240437158464	2886	1
45.42448087431694	9078	1
45.42890710382513	6169	1
45.43551912568306	749	1
45.439945355191256	5021	1
45.44087431693989	399	1
45.46043715846995	2107	1
45.47234972677595	2755	1
45.47901639344262	0	1
