0.015503715846994537	4732	1
0.07267540983606557	4614	1
0.10821366120218578	9103	1
0.1422016393442623	19	1
0.31958524590163934	6770	1
0.4440234972677595	58	1
0.4657896174863388	6949	1
0.4822808743169399	7682	1
0.5475792349726777	9133	1
0.5509398907103825	4754	1
0.6006174863387979	4371	1
0.7068196721311476	4120	1
0.8730983606557378	5342	1
0.9150382513661203	1799	1
0.9290273224043716	5051	1
0.9435191256830601	8131	1
1.0434863387978142	9333	1
1.0522349726775957	1924	1
1.088016393442623	5668	1
1.103120218579235	4666	1
1.1144535519125682	9088	1
1.1218360655737705	5339	1
1.1386775956284152	4955	1
1.2019398907103827	9670	1
1.25075956284153	4271	1
1.322967213114754	9730	1
1.3986830601092897	3013	1
1.4445956284153003	7336	1
1.6058415300546447	6346	1
1.6860382513661203	3047	1
1.841016393442623	7002	1
1.8694863387978142	1258	1
1.9043060109289618	7499	1
1.9507814207650271	9921	1
2.0064262295081967	9134	1
2.0925245901639347	7087	1
2.0999726775956282	4978	1
2.1303989071038254	7271	1
2.2796830601092894	321	1
2.293448087431694	8499	1
2.323109289617486	9792	1
2.4108087431693987	4858	1
2.4527704918032787	5572	1
2.4572295081967215	9240	1
2.508360655737705	4514	1
2.5091584699453553	4161	1
2.544912568306011	4255	1
2.7113606557377046	880	1
2.7947650273224043	2731	1
2.8138032786885248	8942	1
2.880153005464481	6148	1
2.923879781420765	873	1
2.979551912568306	2604	1
3.0850983606557376	7375	1
3.1254754098360653	5298	1
3.129245901639344	8785	1
3.178169398907104	4788	1
3.377781420765027	9077	1
3.417726775956284	9455	1
3.465213114754098	403	1
3.4755628415300546	6483	1
3.4859344262295084	3677	1
3.5147704918032785	5893	1
3.5885464480874316	8443	1
3.5934371584699454	3792	1
3.6709890710382513	9765	1
3.687672131147541	4885	1
3.7401202185792353	5654	1
3.7485956284153006	3984	1
3.784366120218579	8831	1
3.894852459016393	188	1
3.8989999999999996	7750	1
3.916289617486339	6896	1
4.014448087431694	5642	1
4.035071038251366	2178	1
4.05348087431694	4059	1
4.118863387978142	6693	1
4.17651912568306	5510	1
4.189081967213115	1663	1
4.199693989071038	3986	1
4.539732240437158	2795	1
4.574950819672131	8260	1
4.683688524590163	3060	1
4.7120819672131145	7873	1
4.7791147540983605	7012	1
4.78148087431694	9745	1
4.840442622950819	9989	1
4.915464480874316	6186	1
4.967999999999999	8000	1
4.968262295081967	8228	1
4.976229508196721	7702	1
5.040087431693989	9849	1
5.077540983606558	8105	1
5.108540983606558	9031	1
5.116213114754098	7564	1
5.116693989071038	2362	1
5.119147540983606	3030	1
5.13407650273224	9569	1
5.145174863387978	5543	1
5.158846994535519	2449	1
5.173628415300547	5567	1
5.1745464480874315	4227	1
5.24920218579235	7997	1
5.251781420765027	4358	1
5.272054644808743	3787	1
5.279792349726776	781	1
5.364852459016394	3225	1
5.404535519125683	7736	1
5.447748633879781	6766	1
5.517704918032787	7266	1
5.590218579234973	9678	1
5.638743169398907	7201	1
5.640218579234973	5042	1
5.697923497267759	2757	1
5.699781420765027	313	1
5.703551912568306	5234	1
5.852349726775956	1169	1
5.875355191256831	8175	1
5.980382513661202	3142	1
6.026065573770492	867	1
6.048087431693989	9318	1
6.067978142076503	4391	1
6.071092896174863	7130	1
6.266393442622951	8248	1
6.308524590163935	2027	1
6.4667759562841525	3227	1
6.481639344262295	6180	1
6.507814207650273	5085	1
6.587978142076503	9973	1
6.595136612021857	5368	1
6.705792349726776	7132	1
6.7528961748633884	6899	1
6.774043715846994	4926	1
6.829945355191256	50	1
6.850874316939891	3268	1
6.855355191256831	9459	1
6.882786885245902	6867	1
6.890218579234973	3833	1
6.899289617486339	7451	1
6.927540983606558	8127	1
6.94655737704918	6067	1
6.969344262295082	2473	1
6.999726775956284	2735	1
7.07896174863388	891	1
7.109562841530054	4457	1
7.171639344262295	887	1
7.228360655737705	223	1
7.278688524590164	2664	1
7.281857923497268	8043	1
7.311584699453552	4862	1
7.3850819672131145	2836	1
7.415792349726776	4676	1
7.424972677595628	5086	1
7.514043715846994	9480	1
7.543989071038252	463	1
7.594535519125683	6615	1
7.607377049180328	3664	1
7.613387978142077	2990	1
7.629180327868853	9500	1
7.663060109289617	2102	1
7.6665027322404375	5185	1
7.678306010928961	611	1
7.707814207650273	7286	1
7.806502732240437	2255	1
7.847377049180328	3662	1
7.87207650273224	6736	1
7.941967213114753	341	1
7.9521311475409835	6320	1
7.968032786885246	286	1
8.020546448087432	5001	1
8.048524590163934	851	1
8.066939890710382	5419	1
8.072622950819673	8755	1
8.093989071038251	5798	1
8.097049180327868	7291	1
8.101857923497267	9334	1
8.18191256830601	3603	1
8.182513661202185	2366	1
8.185846994535519	7626	1
8.204972677595629	504	1
8.244972677595628	3218	1
8.29016393442623	8006	1
8.32912568306011	9361	1
8.348360655737704	3368	1
8.396557377049179	2724	1
8.517650273224044	8663	1
8.523497267759563	9933	1
8.637704918032787	7418	1
8.705573770491803	4592	1
8.797540983606558	5451	1
8.798579234972676	3801	1
8.810109289617486	3381	1
8.858852459016394	1919	1
8.911311475409837	9146	1
8.913606557377049	5818	1
8.940765027322405	4015	1
8.987103825136613	9101	1
9.055956284153005	1382	1
9.079071038251366	4902	1
9.153060109289617	8050	1
9.155245901639345	9602	1
9.212841530054645	7649	1
9.249234972677595	64	1
9.251311475409837	8489	1
9.253661202185793	3931	1
9.253934426229508	7810	1
9.260382513661202	7558	1
9.281147540983607	5388	1
9.29174863387978	7581	1
9.340710382513661	6246	1
9.38136612021858	8533	1
9.384699453551912	9420	1
9.39792349726776	1771	1
9.404207650273225	7092	1
9.421311475409835	3379	1
9.44256830601093	7398	1
9.454262295081966	2655	1
9.46950819672131	9381	1
9.476120218579235	7310	1
9.493005464480875	6003	1
9.525683060109289	5165	1
9.526065573770492	9094	1
9.596994535519126	8132	1
9.627868852459017	3138	1
9.641092896174865	3836	1
9.666284153005465	3884	1
9.706721311475409	3527	1
9.717923497267758	68	1
9.767650273224044	9119	1
9.779726775956284	1903	1
9.844863387978142	9372	1
9.84502732240437	2100	1
9.874371584699453	3163	1
9.8748087431694	6891	1
9.92841530054645	2527	1
9.938032786885246	1143	1
9.973715846994535	8622	1
9.985901639344263	696	1
10.007267759562842	6268	1
10.024043715846993	2962	1
10.024426229508196	1335	1
10.035901639344262	3739	1
10.061420765027322	9188	1
10.06360655737705	5011	1
10.113989071038251	4967	1
10.12153005464481	7071	1
10.191530054644808	9725	1
10.19688524590164	1517	1
10.20207650273224	6288	1
10.20639344262295	9107	1
10.227486338797815	4149	1
10.237431693989071	1177	1
10.24896174863388	925	1
10.24912568306011	1842	1
10.251967213114753	2514	1
10.275136612021859	8002	1
10.27825136612022	1705	1
10.311584699453553	9782	1
10.345573770491802	6485	1
10.385245901639344	6107	1
10.41606557377049	7679	1
10.453387978142077	7567	1
10.47808743169399	9176	1
10.516120218579236	9657	1
10.606612021857924	8879	1
10.60743169398907	2953	1
10.63136612021858	6141	1
10.649125683060108	3159	1
10.748360655737704	5786	1
10.770819672131148	1815	1
10.781420765027322	1499	1
10.783060109289618	4405	1
10.790163934426229	6054	1
10.811967213114754	2325	1
10.83792349726776	2726	1
10.900546448087432	8838	1
10.931857923497267	2097	1
10.933387978142077	2148	1
11.001420765027323	9952	1
11.094590163934427	1933	1
11.122622950819673	8153	1
11.127978142076502	6682	1
11.15912568306011	5508	1
11.265846994535519	8833	1
11.302021857923496	7571	1
11.31448087431694	6238	1
11.3924043715847	3045	1
11.475081967213116	5382	1
11.595245901639345	9553	1
11.607486338797813	4527	1
11.645901639344263	5608	1
11.732131147540985	4444	1
11.759781420765027	2373	1
11.861639344262294	5249	1
11.862622950819672	8267	1
11.882185792349727	3835	1
11.886010928961749	575	1
11.898360655737706	9178	1
11.902950819672132	5804	1
11.906612021857923	6229	1
11.914426229508196	8063	1
11.996229508196722	5549	1
12.033497267759563	2939	1
12.047978142076502	3239	1
12.052841530054645	9340	1
12.093715846994535	8872	1
12.101967213114753	9118	1
12.1072131147541	2142	1
12.117978142076502	8812	1
12.12120218579235	5100	1
12.181202185792351	8303	1
12.187595628415302	722	1
12.21792349726776	4736	1
12.248579234972679	4685	1
12.279562841530055	5847	1
12.317704918032787	7479	1
12.341912568306011	6856	1
12.363005464480874	1714	1
12.520382513661202	2430	1
12.570109289617486	297	1
12.572349726775956	5033	1
12.61311475409836	7322	1
12.646338797814208	427	1
12.650218579234974	5574	1
12.683551912568305	2195	1
12.697704918032786	2796	1
12.73087431693989	4086	1
12.736612021857923	4208	1
12.852732240437158	8088	1
12.852732240437158	5411	1
12.883497267759562	4719	1
12.928415300546447	5471	1
12.938087431693988	9828	1
13.045901639344262	591	1
13.066775956284154	1154	1
13.083770491803278	9850	1
13.085792349726775	7522	1
13.097486338797815	5345	1
13.098852459016394	3867	1
13.127978142076502	6574	1
13.18655737704918	4379	1
13.247704918032786	2181	1
13.33207650273224	5291	1
13.379453551912569	7032	1
13.387650273224043	7836	1
13.39792349726776	4397	1
13.41409836065574	2353	1
13.454918032786884	5390	1
13.459999999999999	8326	1
13.46415300546448	4264	1
13.490546448087432	8616	1
13.49136612021858	4292	1
13.496721311475408	5540	1
13.541967213114754	6895	1
13.653005464480874	3409	1
13.661639344262294	9225	1
13.667431693989071	4133	1
13.697377049180329	336	1
13.724043715846994	4621	1
13.724207650273224	4533	1
13.735628415300546	5122	1
13.740819672131147	1064	1
13.75464480874317	787	1
13.784098360655738	4986	1
13.83327868852459	6705	1
13.83415300546448	772	1
14.01120218579235	3706	1
14.030382513661202	2668	1
14.044043715846994	8615	1
14.098907103825137	9882	1
14.100928961748634	22	1
14.173005464480875	9211	1
14.19049180327869	4159	1
14.193442622950819	5652	1
14.209945355191257	4460	1
14.250218579234973	7180	1
14.269344262295082	8274	1
14.289453551912569	4963	1
14.302841530054646	4224	1
14.311967213114754	4628	1
14.312295081967212	6427	1
14.357650273224044	7830	1
14.38360655737705	9140	1
14.389672131147542	9089	1
14.425628415300546	7545	1
14.473169398907103	5365	1
14.48360655737705	4796	1
14.495956284153005	4818	1
14.498415300546448	2134	1
14.506338797814207	2816	1
14.573497267759562	9483	1
14.574863387978143	8933	1
14.57983606557377	7385	1
14.640710382513662	3902	1
14.676830601092895	449	1
14.684590163934425	2335	1
14.713224043715847	7346	1
14.820273224043715	6789	1
14.852349726775957	9861	1
14.863060109289616	4068	1
14.886448087431694	2439	1
14.945737704918033	5562	1
14.964754098360656	9272	1
14.970765027322404	7155	1
15.020054644808743	5156	1
15.047978142076504	1301	1
15.099945355191256	239	1
15.10120218579235	999	1
15.1175956284153	1400	1
15.130218579234972	1332	1
15.132131147540983	3048	1
15.144371584699455	7222	1
15.181092896174864	1010	1
15.183497267759563	49	1
15.228852459016393	4007	1
15.239289617486339	6379	1
15.272021857923496	6699	1
15.289071038251366	6142	1
15.310928961748633	6484	1
15.324371584699453	821	1
15.35743169398907	2738	1
15.378907103825135	7011	1
15.386174863387978	4432	1
15.39071038251366	1368	1
15.43584699453552	2492	1
15.445628415300545	4014	1
15.46912568306011	8148	1
15.49103825136612	8155	1
15.505956284153005	4496	1
15.535956284153004	7401	1
15.548907103825137	473	1
15.552021857923497	2828	1
15.572786885245902	1067	1
15.574262295081967	5570	1
15.5924043715847	377	1
15.614371584699454	5837	1
15.660983606557377	5725	1
15.66792349726776	9208	1
15.675027322404372	300	1
15.682185792349726	3199	1
15.694644808743169	7208	1
15.70863387978142	2779	1
15.774535519125683	158	1
15.795081967213115	7020	1
15.808743169398907	1929	1
15.818196721311475	7439	1
15.825901639344263	9531	1
15.955245901639344	2389	1
15.957213114754099	8379	1
15.964098360655736	5354	1
16.015956284153006	8912	1
16.018688524590164	1261	1
16.034918032786884	2608	1
16.038907103825135	3934	1
16.04295081967213	347	1
16.058142076502733	4437	1
16.06142076502732	3081	1
16.141147540983606	9161	1
16.176939890710383	3264	1
16.227322404371584	2656	1
16.23426229508197	8845	1
16.26306010928962	5910	1
16.31142076502732	8506	1
16.333879781420766	1908	1
16.335409836065573	2878	1
16.345956284153004	7716	1
16.361256830601093	7833	1
16.361967213114756	5399	1
16.363060109289616	3294	1
16.394754098360654	6646	1
16.415464480874316	3280	1
16.43169398907104	5275	1
16.441693989071037	3203	1
16.443989071038253	7700	1
16.444754098360654	434	1
16.4627868852459	9761	1
16.46398907103825	5801	1
16.470437158469945	8531	1
16.478852459016395	8044	1
16.486994535519123	8889	1
16.493005464480873	1478	1
16.50071038251366	680	1
16.533551912568306	8299	1
16.534699453551912	9578	1
16.56464480874317	9459	0
16.67814207650273	32	1
16.726939890710383	8595	1
16.737978142076503	5423	1
16.750054644808742	7491	1
16.75857923497268	4251	1
16.764153005464483	638	1
16.781967213114754	4023	1
16.806502732240435	7040	1
16.829945355191256	4974	1
16.83655737704918	4964	1
16.86633879781421	6962	1
16.8775956284153	9263	1
16.901092896174863	7472	1
16.92065573770492	6159	1
16.94054644808743	4674	1
16.9775956284153	9741	1
17.032131147540984	5381	1
17.079726775956285	7289	1
17.0879781420765	7534	1
17.091475409836065	7432	1
17.103005464480873	9085	1
17.117595628415298	609	1
17.1307650273224	4230	1
17.138524590163936	9160	1
17.155464480874315	7964	1
17.16327868852459	5891	1
17.210983606557377	8349	1
17.22207650273224	7774	1
17.258743169398908	4569	1
17.27655737704918	2299	1
17.37830601092896	8797	1
17.42431693989071	9125	1
17.44218579234973	3698	1
17.449562841530057	6609	1
17.455081967213115	1014	1
17.505956284153005	9562	1
17.540273224043716	5784	1
17.555300546448088	9625	1
17.618032786885244	2929	1
17.620109289617485	6964	1
17.621256830601094	3665	1
17.622677595628414	6301	1
17.64672131147541	6374	1
17.649071038251368	4256	1
17.66486338797814	8679	1
17.673333333333336	3233	1
17.704480874316943	2568	1
17.71295081967213	2750	1
17.73879781420765	4031	1
17.7551912568306	2952	1
17.779344262295083	6925	1
17.780327868852456	1142	1
17.819016393442624	4801	1
17.81983606557377	6581	1
17.820437158469943	8187	1
17.981639344262295	9908	1
17.986174863387976	5876	1
17.99262295081967	9525	1
17.99704918032787	1130	1
18.012021857923497	1888	1
18.054316939890708	6698	1
18.071857923497266	864	1
18.07688524590164	6354	1
18.089180327868853	2369	1
18.17174863387978	8648	1
18.227978142076502	1972	1
18.25617486338798	7639	1
18.25950819672131	9437	1
18.267650273224046	7626	0
18.280491803278686	5886	1
18.28650273224044	6593	1
18.329562841530056	7064	1
18.385409836065573	5288	1
18.389890710382517	177	1
18.399071038251368	4067	1
18.41775956284153	8707	1
18.42071038251366	2399	1
18.44398907103825	6061	1
18.5151912568306	6554	1
18.536120218579235	7527	1
18.57262295081967	7154	1
18.617923497267757	642	1
18.622295081967213	8683	1
18.628852459016393	9652	1
18.711311475409836	2759	1
18.72486338797814	7905	1
18.75846994535519	7644	1
18.768852459016394	4508	1
18.786174863387977	7416	1
18.807759562841532	5903	1
18.80945355191257	2448	1
18.819562841530054	7576	1
18.928196721311473	1145	1
18.92945355191257	8160	1
18.983715846994535	6587	1
19.01863387978142	9295	1
19.078087431693987	9701	1
19.081748633879783	5687	1
19.087213114754096	8146	1
19.09830601092896	5661	1
19.12945355191257	9796	1
19.133169398907103	2874	1
19.19360655737705	1764	1
19.228907103825136	9877	1
19.237486338797815	4315	1
19.246065573770494	9127	1
19.26814207650273	2922	1
19.45464480874317	5606	1
19.4627868852459	1171	1
19.49071038251366	9944	1
19.51136612021858	3577	1
19.52606557377049	4467	1
19.536502732240436	6882	1
19.549781420765026	7705	1
19.555956284153005	2703	1
19.564754098360655	1805	1
19.577814207650274	6735	1
19.623934426229507	5113	1
19.6255737704918	1444	1
19.636775956284154	6506	1
19.637377049180326	4114	1
19.65142076502732	9629	1
19.660601092896176	1212	1
19.694371584699454	6957	1
19.738688524590167	8558	1
19.791639344262293	5760	1
19.870218579234972	809	1
19.880273224043716	1298	1
19.888907103825133	3758	1
19.893825136612023	3357	1
19.946666666666665	2549	1
19.958579234972678	3720	1
19.96989071038251	7409	1
19.970273224043716	8803	1
19.971092896174863	6039	1
19.975956284153003	8747	1
19.98393442622951	3819	1
20.06158469945355	3985	1
20.07590163934426	7442	1
20.154644808743168	4894	1
20.190382513661202	1637	1
20.21639344262295	9985	1
20.230655737704918	5912	1
20.26256830601093	4171	1
20.287322404371583	7599	1
20.291803278688523	9700	1
20.293497267759562	5956	1
20.30273224043716	8293	1
20.323387978142076	3309	1
20.47136612021858	180	1
20.501530054644807	4331	1
20.51983606557377	5409	1
20.582240437158468	6282	1
20.623333333333335	3674	1
20.646994535519124	6890	1
20.67224043715847	3798	1
20.753934426229506	3266	1
20.76486338797814	7100	1
20.766721311475408	9902	1
20.85087431693989	3398	1
20.869836065573768	6912	1
20.876393442622952	5213	1
20.887759562841527	2431	1
20.889398907103825	2805	1
20.894918032786883	996	1
20.898142076502733	9981	1
20.911530054644807	6847	1
20.947650273224042	1700	1
20.960765027322406	6872	1
20.965464480874317	4307	1
20.99743169398907	5515	1
21.037486338797816	8440	1
21.040765027322404	9738	1
21.04601092896175	7073	1
21.090819672131147	8381	1
21.127868852459013	9878	1
21.13546448087432	3703	1
21.141256830601094	1672	1
21.15377049180328	8333	1
21.216284153005464	948	1
21.276502732240434	5318	1
21.29901639344262	3405	1
21.335683060109286	6921	1
21.3424043715847	8881	1
21.367377049180327	1036	1
21.367431693989072	7773	1
21.381857923497268	1286	1
21.41185792349727	3795	1
21.43174863387978	1565	1
21.452841530054645	9904	1
21.454426229508197	8252	1
21.489234972677597	9415	1
21.527595628415302	7919	1
21.56174863387978	437	1
21.592677595628412	1321	1
21.607650273224042	9702	1
21.685409836065574	4683	1
21.735191256830603	7553	1
21.793169398907104	3525	1
21.818524590163936	5828	1
21.820601092896176	4464	1
21.868415300546445	3907	1
21.87601092896175	6751	1
21.926120218579236	5127	1
21.928688524590164	8654	1
21.9324043715847	181	1
21.964590163934425	3326	1
21.965792349726776	8917	1
21.99	1290	1
22.001147540983606	7982	1
22.11568306010929	5448	1
22.20021857923497	6923	1
22.21857923497268	6700	1
22.22098360655738	2294	1
22.247814207650272	4746	1
22.24825136612022	5497	1
22.249234972677595	2584	1
22.271366120218577	6848	1
22.34732240437158	1555	1
22.353934426229507	8004	1
22.469398907103827	4984	1
22.47590163934426	3298	1
22.49704918032787	4586	1
22.50131147540984	2829	1
22.502732240437158	2245	1
22.521366120218577	4112	1
22.578360655737704	8170	1
22.59912568306011	6482	1
22.638196721311473	1595	1
22.667868852459016	2072	1
22.672841530054644	1150	1
22.692786885245898	8212	1
22.704918032786882	9444	1
22.714371584699453	3972	1
22.742841530054644	7389	1
22.769945355191254	9186	1
22.770765027322405	6897	1
22.79814207650273	9814	1
22.80087431693989	7135	1
22.805901639344263	1857	1
22.80918032786885	8986	1
22.82983606557377	6084	1
22.84311475409836	3712	1
22.84748633879781	2872	1
22.885081967213114	9979	1
22.897322404371582	3764	1
22.899071038251364	1264	1
22.902896174863386	4365	1
22.906666666666666	9592	1
22.90967213114754	6436	1
22.91972677595628	1260	1
22.929781420765025	8438	1
22.935737704918033	5	1
22.948524590163935	2006	1
22.957103825136613	3182	1
22.959836065573768	5468	1
22.990983606557375	884	1
23.037814207650275	2937	1
23.046939890710384	3424	1
23.109726775956286	3848	1
23.19945355191257	7819	1
23.202131147540985	8085	1
23.22273224043716	7928	1
23.289398907103823	3259	1
23.295245901639344	1605	1
23.29775956284153	5483	1
23.32551912568306	9722	1
23.348579234972675	124	1
23.350765027322407	8913	1
23.391147540983606	9357	1
23.39136612021858	1470	1
23.395956284153005	4888	1
23.397158469945357	2979	1
23.40120218579235	9477	1
23.455355191256828	1959	1
23.474590163934423	4022	1
23.488961748633876	909	1
23.49311475409836	5920	1
23.51655737704918	484	1
23.545136612021857	8725	1
23.55693989071038	3310	1
23.604426229508196	6435	1
23.637650273224043	582	1
23.651311475409834	2615	1
23.678032786885247	9303	1
23.679071038251365	6412	1
23.687650273224044	5682	1
23.717595628415303	3245	1
23.73	7249	1
23.735081967213116	9289	1
23.79393442622951	4853	1
23.801530054644807	9384	1
23.803879781420765	9516	1
23.813333333333336	335	1
23.842349726775954	1228	1
23.87366120218579	2007	1
23.878360655737705	9586	1
23.94688524590164	9898	1
24.013224043715848	6313	1
24.030655737704915	1287	1
24.03945355191257	74	1
24.04087431693989	116	1
24.057923497267762	6454	1
24.073060109289617	9016	1
24.11	1266	1
24.124426229508195	9662	1
24.132513661202186	5349	1
24.133879781420767	2702	1
24.162185792349728	9013	1
24.17087431693989	6956	1
24.193333333333335	6029	1
24.2151912568306	5536	1
24.224808743169397	7647	1
24.286393442622952	9829	1
24.292185792349727	9141	1
24.29737704918033	4476	1
24.332349726775956	8963	1
24.362404371584702	7147	1
24.41021857923497	367	1
24.433879781420764	4932	1
24.437759562841528	9934	1
24.474098360655734	9343	1
24.488524590163934	6753	1
24.522950819672133	4360	1
24.52453551912568	5693	1
24.529398907103825	5332	1
24.575628415300546	2719	1
24.57726775956284	9940	1
24.582076502732242	6288	0
24.583715846994533	9155	1
24.604754098360658	7342	1
24.6072131147541	189	1
24.611420765027322	3611	1
24.618524590163933	1615	1
24.65601092896175	5860	1
24.7151912568306	9624	1
24.72437158469945	1412	1
24.734371584699456	98	1
24.778196721311474	2785	1
24.854426229508196	5666	1
24.858688524590164	2185	1
24.878032786885246	6548	1
24.902295081967214	1745	1
24.90311475409836	1932	1
24.941475409836066	8217	1
24.957431693989072	9595	1
25.011475409836066	3363	1
25.02174863387978	4511	1
25.026284153005466	3904	1
25.029726775956284	4778	1
25.034918032786884	7718	1
25.038032786885246	5112	1
25.047704918032785	6906	1
25.05726775956284	9131	1
25.06879781420765	8239	1
25.15273224043716	322	1
25.156174863387978	6627	1
25.195792349726773	1420	1
25.21207650273224	2291	1
25.306010928961747	9450	1
25.310546448087432	9630	1
25.320437158469947	9047	1
25.34792349726776	901	1
25.411584699453552	6424	1
25.435136612021857	4378	1
25.448032786885243	3063	1
25.566939890710383	1583	1
25.58125683060109	1719	1
25.603934426229507	4130	1
25.637322404371584	6717	1
25.661420765027323	8300	1
25.672131147540984	9136	1
25.705464480874316	8232	1
25.716612021857927	3635	1
25.740601092896178	2968	1
25.750109289617484	5489	1
25.79224043715847	7921	1
25.81584699453552	973	1
25.861475409836064	8965	1
25.866994535519126	270	1
25.87502732240437	4747	1
25.919289617486335	8138	1
25.98366120218579	3980	1
26.03191256830601	7825	1
26.03229508196721	6575	1
26.049999999999997	5161	1
26.081693989071038	1635	1
26.115300546448086	5657	1
26.132185792349727	9278	1
26.132513661202182	1825	1
26.160655737704918	9953	1
26.19382513661202	4819	1
26.273497267759563	1957	1
26.27857923497268	7036	1
26.298196721311474	1962	1
26.299562841530054	4768	1
26.308852459016393	9166	1
26.354972677595626	9721	1
26.35912568306011	3380	1
26.36945355191257	679	1
26.37273224043716	3879	1
26.383224043715845	2435	1
26.42382513661202	1648	1
26.435245901639345	6877	1
26.441311475409837	5973	1
26.45191256830601	3279	1
26.471967213114752	3206	1
26.497704918032788	7591	1
26.498360655737706	5706	1
26.51360655737705	813	1
26.51409836065574	6538	1
26.523715846994538	6308	1
26.535245901639342	9627	1
26.543934426229505	7552	1
26.59994535519126	7878	1
26.6351912568306	3105	1
26.63743169398907	8384	1
26.649071038251364	92	1
26.719726775956282	1570	1
26.72032786885246	4691	1
26.74049180327869	7561	1
26.747540983606555	5057	1
26.78852459016393	4976	1
26.826830601092897	1367	1
26.835081967213114	2436	1
26.853551912568303	1161	1
26.86726775956284	1205	1
26.886338797814208	5705	1
26.891420765027323	1975	1
26.91502732240437	9862	1
26.931420765027323	5359	1
26.93950819672131	2969	1
26.968907103825135	3824	1
26.986338797814206	3821	1
26.989180327868855	1711	1
26.998415300546448	6938	1
27.058688524590167	7829	1
27.076393442622948	8140	1
27.08568306010929	383	1
27.086120218579236	3496	1
27.16912568306011	9451	1
27.198852459016393	8437	1
27.25677595628415	8626	1
27.259453551912568	7652	1
27.298360655737703	4024	1
27.32469945355191	5975	1
27.334535519125684	5453	1
27.337213114754096	5463	1
27.3403825136612	1946	1
27.341967213114753	548	1
27.343934426229506	7768	1
27.34426229508197	3775	1
27.3503825136612	5474	1
27.369453551912567	3391	1
27.37333333333333	3951	1
27.423060109289615	3187	1
27.4279781420765	8745	1
27.438142076502732	8712	1
27.47114754098361	2743	1
27.47524590163934	8123	1
27.48950819672131	4482	1
27.493169398907106	2378	1
27.493224043715845	9315	1
27.49360655737705	6199	1
27.53327868852459	1422	1
27.562349726775956	5058	1
27.56814207650273	3390	1
27.587978142076505	1606	1
27.59830601092896	6144	1
27.632841530054645	9821	1
27.639398907103825	7990	1
27.683005464480875	7893	1
27.691584699453553	3396	1
27.701912568306014	1098	1
27.725628415300548	6106	1
27.761092896174866	7519	1
27.78344262295082	8442	1
27.830655737704916	8507	1
27.83464480874317	2340	1
27.87289617486339	3338	1
27.902185792349727	5679	1
27.91846994535519	3946	1
27.957595628415298	1947	1
27.97945355191257	8420	1
28.02382513661202	1058	1
28.065409836065573	6986	1
28.138360655737706	534	1
28.15546448087432	734	1
28.176174863387978	9987	1
28.179125683060107	4861	1
28.21688524590164	2334	1
28.23743169398907	6616	1
28.23983606557377	2122	1
28.24606557377049	3146	1
28.28393442622951	7910	1
28.308743169398905	7057	1
28.317267759562842	2482	1
28.318743169398907	70	1
28.370327868852456	4140	1
28.373387978142077	7396	1
28.377322404371583	4658	1
28.401803278688526	1938	1
28.410765027322405	5981	1
28.41464480874317	3050	1
28.41841530054645	1726	1
28.428579234972677	3796	1
28.43983606557377	495	1
28.443497267759565	4005	1
28.46486338797814	3464	1
28.47229508196721	9370	1
28.49639344262295	4202	1
28.522459016393444	3236	1
28.52863387978142	1192	1
28.545245901639344	7949	1
28.6424043715847	4679	1
28.647322404371586	3158	1
28.647704918032787	9115	1
28.660163934426226	7407	1
28.667978142076503	8098	1
28.673934426229508	8652	1
28.68857923497268	7799	1
28.699398907103827	7296	1
28.706557377049183	3228	1
28.712459016393442	3161	1
28.765245901639343	3746	1
28.766885245901637	1832	1
28.77617486338798	4299	1
28.80295081967213	9614	1
28.819890710382513	9945	1
28.842021857923495	8740	1
28.86551912568306	3034	1
28.866502732240438	21	1
28.868743169398908	3084	1
28.878251366120217	3460	1
28.87983606557377	2332	1
28.908415300546448	1174	1
28.924371584699454	2314	1
28.96950819672131	6980	1
29.012513661202185	784	1
29.029562841530055	6305	1
29.035846994535518	2228	1
29.056448087431693	5437	1
29.063715846994537	6564	1
29.08497267759563	989	1
29.097704918032786	5380	1
29.125628415300543	8627	1
29.13606557377049	5852	1
29.1924043715847	6540	1
29.244371584699454	8839	1
29.280601092896173	3513	1
29.28136612021858	102	1
29.287540983606554	1562	1
29.295464480874315	4910	1
29.29568306010929	8037	1
29.316174863387978	2359	1
29.329617486338798	9741	0
29.391475409836065	8296	1
29.437431693989073	2051	1
29.447486338797816	6415	1
29.461420765027324	4433	1
29.47081967213115	7262	1
29.501693989071036	5229	1
29.507213114754098	4745	1
29.518633879781422	4103	1
29.52032786885246	4128	1
29.54103825136612	6146	1
29.546284153005463	1880	1
29.54918032786885	2221	1
29.55863387978142	8174	1
29.591803278688523	7782	1
29.63	6249	1
29.646612021857923	4074	1
29.66573770491803	5990	1
29.668688524590163	2964	1
29.68584699453552	6335	1
29.688524590163937	3575	1
29.703661202185792	3748	1
29.738688524590163	1105	1
29.745628415300544	1411	1
29.762076502732242	5547	1
29.77245901639344	2480	1
29.795737704918032	9524	1
29.803333333333335	3586	1
29.8255737704918	7066	1
29.890109289617488	295	1
29.896284153005464	1184	1
29.904043715846992	2217	1
29.93153005464481	9061	1
29.93153005464481	5202	1
30.02967213114754	539	1
30.04016393442623	7257	1
30.057213114754095	5573	1
30.070273224043714	801	1
30.094426229508194	726	1
30.11546448087432	6069	1
30.14655737704918	3064	1
30.168306010928962	7738	1
30.184207650273223	4364	1
30.20448087431694	7117	1
30.20469945355191	9735	1
30.29546448087432	670	1
30.33229508196721	8356	1
30.363114754098362	9408	1
30.37344262295082	7252	1
30.398524590163934	3465	1
30.404043715846992	5707	1
30.404808743169397	230	1
30.420655737704916	3352	1
30.431092896174864	9321	1
30.45245901639344	9262	1
30.48710382513661	4687	1
30.49950819672131	746	1
30.507158469945352	3364	1
30.54546448087432	7354	1
30.55693989071038	5763	1
30.56601092896175	1760	1
30.5679781420765	7953	1
30.606174863387977	1233	1
30.62311475409836	6603	1
30.679180327868853	8549	1
30.723333333333333	7082	1
30.723551912568304	651	1
30.73158469945355	8639	1
30.773661202185792	1283	1
30.779453551912567	4671	1
30.79950819672131	9046	1
30.812240437158472	4682	1
30.833169398907103	2018	1
30.84863387978142	6456	1
30.871967213114754	7901	1
30.87224043715847	6111	1
30.88655737704918	5605	1
30.896229508196722	7871	1
30.904426229508193	8069	1
30.916174863387976	7259	1
30.927650273224042	7485	1
30.933005464480875	1616	1
30.94349726775956	8091	1
30.977540983606556	7277	1
30.987868852459016	9517	1
30.994918032786885	4293	1
30.99775956284153	9947	1
31.000054644808742	2729	1
31.01792349726776	6004	1
31.03710382513661	1766	1
31.06169398907104	1191	1
31.10590163934426	9093	1
31.11169398907104	2898	1
31.124754098360658	4101	1
31.16601092896175	3644	1
31.168688524590163	1060	1
31.176284153005465	489	1
31.197540983606558	5877	1
31.210437158469947	6568	1
31.231967213114753	9676	1
31.241693989071038	1094	1
31.344371584699452	4402	1
31.356120218579235	3598	1
31.358360655737705	8584	1
31.38453551912568	6839	1
31.39551912568306	6082	1
31.399781420765027	2852	1
31.413387978142076	4270	1
31.446174863387977	10	1
31.44792349726776	2040	1
31.455737704918032	6295	1
31.481967213114753	4727	1
31.495409836065576	6363	1
31.50021857923497	5925	1
31.50333333333333	2770	1
31.535846994535518	4699	1
31.53879781420765	4755	1
31.569945355191255	9773	1
31.575901639344263	4180	1
31.5775956284153	5212	1
31.58344262295082	5827	1
31.585081967213117	7849	1
31.595573770491804	2029	1
31.6131693989071	4048	1
31.619071038251366	8439	1
31.621202185792352	2701	1
31.62431693989071	7970	1
31.63366120218579	7164	1
31.64142076502732	7495	1
31.64934426229508	6712	1
31.651475409836063	3172	1
31.653060109289616	3403	1
31.679125683060107	2376	1
31.695792349726776	2165	1
31.69584699453552	8399	1
31.703005464480874	4929	1
31.706120218579237	9230	1
31.722021857923497	2617	1
31.744098360655737	8731	1
31.74415300546448	3478	1
31.76431693989071	8363	1
31.770109289617483	4029	1
31.80327868852459	5003	1
31.80819672131147	7636	1
31.815245901639344	509	1
31.83431693989071	628	1
31.854262295081966	2941	1
31.886448087431692	490	1
31.89071038251366	737	1
31.896830601092894	6567	1
31.908633879781423	3694	1
31.920273224043715	4735	1
31.926775956284153	6547	1
31.987978142076503	6689	1
31.989125683060106	5816	1
32.01568306010929	1813	1
32.016666666666666	2211	1
32.02256830601093	6881	1
32.04448087431694	3849	1
32.047704918032785	7214	1
32.04781420765027	7078	1
32.07016393442623	4542	1
32.07207650273224	8164	1
32.10322404371585	7623	1
32.10808743169399	5796	1
32.112841530054645	4733	1
32.11819672131147	9758	1
32.12469945355191	1068	1
32.12863387978142	7103	1
32.13136612021858	5022	1
32.15005464480874	7666	1
32.15912568306011	3556	1
32.16661202185792	8618	1
32.18081967213115	5222	1
32.21213114754098	7127	1
32.262841530054644	6561	1
32.26825136612022	7937	1
32.26901639344263	894	1
32.27295081967213	3027	1
32.29639344262295	4808	1
32.314808743169394	5731	1
32.36666666666667	6393	1
32.37622950819672	1510	1
32.39781420765027	6093	1
32.407322404371584	2231	1
32.433224043715846	8735	1
32.44448087431694	4977	1
32.458688524590166	7265	1
32.460109289617485	413	1
32.46513661202186	6300	1
32.47830601092896	6245	1
32.48612021857923	8991	1
32.49016393442623	9172	1
32.50584699453552	2783	1
32.5275956284153	7834	1
32.554754098360654	5257	1
32.57775956284153	9679	1
32.582841530054644	9659	1
32.6407650273224	1387	1
32.646120218579235	3400	1
32.65256830601093	9508	1
32.78431693989071	9852	1
32.7944262295082	9935	1
32.79754098360656	271	1
32.80874316939891	3998	1
32.827322404371586	9978	1
32.829453551912565	5450	1
32.83726775956284	6913	1
32.8607650273224	4057	1
32.8648087431694	7851	1
32.872295081967216	6782	1
32.88825136612022	7624	1
32.89191256830601	7720	1
32.9079781420765	1960	1
32.910437158469946	4070	1
32.91655737704918	7307	1
32.92857923497268	2505	1
32.928743169398906	5147	1
32.93628415300546	7965	1
32.95049180327869	4484	1
32.96005464480874	8897	1
32.98398907103825	9739	1
33.00857923497268	3988	1
33.00978142076503	8059	1
33.010601092896174	5139	1
33.02502732240437	2393	1
33.04010928961748	2814	1
33.04950819672131	8071	1
33.07300546448087	7655	1
33.113169398907104	4602	1
33.11775956284153	1516	1
33.121038251366116	2709	1
33.121038251366116	3488	1
33.23568306010929	749	1
33.24284153005464	7321	1
33.24994535519126	9899	1
33.270382513661204	8708	1
33.29715846994536	308	1
33.381147540983605	3555	1
33.38874316939891	3308	1
33.40540983606557	8901	1
33.41874316939891	8047	1
33.42213114754098	920	1
33.44573770491803	2075	1
33.482622950819675	3129	1
33.52071038251366	9713	1
33.53147540983607	7686	1
33.56103825136612	7194	1
33.56934426229508	8919	1
33.575409836065575	7080	1
33.60677595628415	4999	1
33.627759562841526	7362	1
33.658469945355186	604	1
33.6587431693989	9691	1
33.65972677595629	8808	1
33.66131147540984	4578	1
33.673169398907106	6578	1
33.702185792349724	4480	1
33.71535519125683	2474	1
33.71983606557377	5550	1
33.73016393442623	8551	1
33.73863387978142	8084	1
33.74333333333333	2954	1
33.74748633879781	7898	1
33.77950819672131	4092	1
33.785409836065575	6771	1
33.82606557377049	1774	1
33.83786885245902	6396	1
33.849672131147535	5660	1
33.8524043715847	7104	1
33.863989071038255	369	1
33.874098360655736	9081	1
33.9251912568306	2009	1
33.942131147540984	888	1
33.94262295081967	7917	1
33.94803278688524	1568	1
33.96016393442623	2285	1
33.9624043715847	4760	1
33.963551912568306	6604	1
33.96972677595628	2383	1
33.97016393442623	3127	1
33.99551912568306	8899	1
34.01344262295082	9066	1
34.0175956284153	5454	1
34.024535519125685	5247	1
34.032732240437156	7096	1
34.04896174863388	9311	1
34.064535519125684	7488	1
34.09027322404371	7453	1
34.096338797814205	5882	1
34.10857923497268	956	1
34.12311475409836	7481	1
34.12311475409836	6620	1
34.133060109289616	2853	1
34.13704918032787	5597	1
34.16688524590164	2112	1
34.18420765027322	1754	1
34.20863387978142	7039	1
34.22677595628415	5278	1
34.22786885245902	128	1
34.237049180327865	5634	1
34.253879781420764	6967	1
34.28087431693989	8203	1
34.28464480874317	6806	1
34.295846994535516	8865	1
34.311912568306006	8946	1
34.322349726775954	3825	1
34.369945355191255	5141	1
34.38431693989071	3855	1
34.3907650273224	592	1
34.40016393442623	6903	1
34.46103825136612	9787	1
34.4655737704918	5680	1
34.47459016393443	9958	1
34.47568306010928	6351	1
34.47803278688525	4790	1
34.4948087431694	4119	1
34.51180327868852	9192	1
34.521038251366114	6953	1
34.573497267759564	6549	1
34.602021857923496	9931	1
34.6303825136612	4319	1
34.6320218579235	4540	1
34.64453551912568	9874	1
34.68606557377049	878	1
34.70027322404372	1603	1
34.730765027322406	9941	1
34.74174863387979	7583	1
34.7648087431694	5361	1
34.78049180327869	4162	1
34.796502732240434	3889	1
34.801475409836065	1062	1
34.84606557377049	9143	1
34.85928961748634	5633	1
34.88464480874317	6115	1
34.88683060109289	6288	1
34.88846994535519	1984	1
34.892786885245904	3800	1
34.89300546448087	6260	1
34.90360655737705	9584	1
34.90601092896175	2837	1
34.9112568306011	2079	1
34.91950819672132	502	1
34.93622950819672	7176	1
34.94185792349727	4928	1
34.96633879781421	9065	1
34.98087431693989	1474	1
34.986666666666665	3247	1
34.998961748633874	1803	1
35.025956284153004	4523	1
35.03584699453552	9946	1
35.043661202185795	584	1
35.06169398907104	331	1
35.07114754098361	7059	1
35.09136612021858	9971	1
35.1296174863388	870	1
35.14027322404371	6815	1
35.19284153005464	7640	1
35.19409836065574	83	1
35.21021857923497	8915	1
35.21032786885246	1078	1
35.23010928961749	2905	1
35.237158469945356	6608	1
35.24306010928962	7543	1
35.27469945355192	4102	1
35.28448087431694	5373	1
35.28486338797814	7762	1
35.29644808743169	3569	1
35.31475409836066	1009	1
35.34469945355191	2627	1
35.35808743169399	9929	1
35.37808743169399	8564	1
35.40120218579235	1402	1
35.41169398907103	3471	1
35.41590163934426	9151	1
35.42551912568306	1604	1
35.4311475409836	4080	1
35.44409836065574	2992	1
35.44726775956284	934	1
35.44846994535519	2084	1
35.46289617486339	9	1
35.46535519125683	2677	1
35.46808743169399	9473	1
35.480710382513664	1224	1
35.491256830601095	7758	1
35.499453551912566	6057	1
35.50497267759563	8075	1
35.51535519125683	6692	1
35.52306010928962	6418	1
35.523387978142075	4052	1
35.52551912568306	8609	1
35.530546448087435	3366	1
35.538743169398906	3189	1
35.54382513661202	433	1
35.54967213114754	9574	1
35.55912568306011	2547	1
35.56032786885246	2117	1
35.561584699453554	4619	1
35.585901639344264	5356	1
35.58715846994536	8434	1
35.61442622950819	528	1
35.615792349726775	7622	1
35.61901639344262	2841	1
35.62191256830601	7518	1
35.643442622950815	8603	1
35.65650273224044	4529	1
35.659562841530054	450	1
35.66885245901639	5914	1
35.675956284153	6242	1
35.69879781420765	6908	1
35.723934426229505	2513	1
35.726557377049176	198	1
35.76377049180328	6494	1
35.76579234972678	3468	1
35.769617486338795	8842	1
35.77092896174863	6500	1
35.773442622950824	6574	0
35.77502732240437	8843	1
35.79234972677596	1153	1
35.80016393442623	800	1
35.80234972677596	2311	1
35.80546448087431	664	1
35.8255737704918	5580	1
35.83005464480875	2768	1
35.839125683060104	5656	1
35.839999999999996	9099	1
35.84617486338798	7243	1
35.847814207650266	9967	1
35.850928961748636	3834	1
35.861693989071036	8242	1
35.86568306010929	1951	1
35.86710382513661	4559	1
35.90464480874317	1627	1
35.906612021857924	7325	1
35.9175956284153	6701	1
35.9483606557377	8771	1
35.965409836065575	7236	1
35.992295081967214	1688	1
36.00054644808743	5473	1
36.003879781420764	9147	1
36.01803278688524	3275	1
36.03732240437159	7560	1
36.04256830601093	2658	1
36.05732240437158	7677	1
36.06071038251366	9339	1
36.08306010928961	3896	1
36.17147540983606	5781	1
36.19775956284153	5300	1
36.22530054644809	1909	1
36.25584699453552	9597	1
36.262622950819676	9286	1
36.2851912568306	4991	1
36.28726775956284	5144	1
36.32420765027322	8687	1
36.35568306010929	5495	1
36.360546448087426	1441	1
36.37043715846995	4879	1
36.37655737704918	2533	1
36.38885245901639	3960	1
36.392076502732245	845	1
36.39251366120219	9493	1
36.397213114754095	7172	1
36.46437158469946	6085	1
36.47928961748634	8568	1
36.48448087431694	3700	1
36.4851912568306	3339	1
36.50398907103825	7216	1
36.514043715846995	5822	1
36.51677595628416	146	1
36.54950819672131	1926	1
36.564153005464476	472	1
36.57021857923497	5565	1
36.584863387978146	2116	1
36.58704918032787	8383	1
36.62715846994535	7430	1
36.63612021857923	8837	1
36.6372131147541	9983	1
36.65021857923497	1733	1
36.650655737704916	3473	1
36.660000000000004	6311	1
36.67508196721312	3761	1
36.686120218579234	3846	1
36.70027322404371	7240	1
36.7155737704918	9236	1
36.74076502732241	9275	1
36.741147540983604	5812	1
36.74923497267759	4798	1
36.74950819672131	9686	1
36.765136612021855	3421	1
36.780491803278686	408	1
36.79371584699454	9650	1
36.79606557377049	1243	1
36.798797814207646	2643	1
36.80054644808743	2916	1
36.81289617486339	9007	1
36.832076502732235	2957	1
36.84622950819672	6976	1
36.871475409836066	5918	1
36.88912568306011	3485	1
36.89251366120219	2275	1
36.932786885245896	6400	1
36.986284153005464	8389	1
36.99852459016393	1219	1
37.01568306010929	3529	1
37.042950819672136	4324	1
37.0444262295082	3004	1
37.05	1386	1
37.052513661202184	6068	1
37.089945355191254	7200	1
37.09273224043716	1257	1
37.100491803278686	2815	1
37.139508196721316	4827	1
37.151311475409834	1571	1
37.167158469945356	1721	1
37.17229508196721	4189	1
37.19158469945355	7182	1
37.20573770491803	6091	1
37.21475409836065	4814	1
37.218360655737705	3619	1
37.22726775956284	7436	1
37.250928961748635	5049	1
37.25868852459016	7157	1
37.27633879781421	5646	1
37.28005464480874	1373	1
37.28666666666667	5301	1
37.29032786885246	7818	1
37.30497267759563	814	1
37.319398907103825	5425	1
37.33010928961749	9559	1
37.3307650273224	3975	1
37.34568306010929	6499	1
37.346338797814205	3224	1
37.35983606557377	2080	1
37.364316939890706	1656	1
37.366229508196724	7373	1
37.37163934426229	2883	1
37.40825136612022	9543	1
37.4251912568306	9363	1
37.43535519125683	3649	1
37.460109289617485	6383	1
37.460109289617485	2921	1
37.464262295081966	8077	1
37.47420765027322	8876	1
37.499781420765025	7166	1
37.512185792349726	5240	1
37.5235519125683	9522	1
37.53885245901639	1479	1
37.547322404371585	7772	1
37.55907103825137	493	1
37.579562841530056	8301	1
37.58748633879782	1940	1
37.58978142076503	3026	1
37.5951912568306	6808	1
37.602622950819665	991	1
37.61224043715847	2343	1
37.6148087431694	9005	1
37.621857923497274	7594	1
37.639508196721316	1313	1
37.66016393442623	1360	1
37.68158469945355	5504	1
37.71781420765028	5224	1
37.73131147540984	5068	1
37.73546448087432	6024	1
37.74475409836066	5273	1
37.746775956284154	8759	1
37.766174863387974	3977	1
37.77393442622951	6668	1
37.80065573770492	9378	1
37.81928961748634	4156	1
37.8272131147541	8027	1
37.829071038251364	8765	1
37.85355191256831	4343	1
37.85732240437159	5262	1
37.858961748633874	3258	1
37.86076502732241	3134	1
37.87267759562841	3001	1
37.877049180327866	7820	1
37.87978142076503	1303	1
37.90202185792349	8666	1
37.93453551912568	2536	1
37.97207650273224	1936	1
37.97907103825136	4642	1
38.005464480874316	2906	1
38.01469945355191	1168	1
38.03103825136612	2416	1
38.05142076502732	763	1
38.07322404371585	8195	1
38.101256830601095	6776	1
38.10262295081967	7938	1
38.115081967213115	9793	1
38.122622950819675	2192	1
38.170874316939894	3089	1
38.17322404371585	8466	1
38.17655737704918	2485	1
38.181748633879785	6576	1
38.18644808743169	2560	1
38.19994535519126	268	1
38.20092896174864	5228	1
38.20683060109289	1394	1
38.24879781420765	4213	1
38.262841530054644	8701	1
38.27743169398907	4581	1
38.286010928961744	2890	1
38.309999999999995	9034	1
38.31049180327869	9937	1
38.322404371584696	1620	1
38.33147540983607	9255	1
38.34081967213115	5820	1
38.389344262295076	2601	1
38.415573770491804	1438	1
38.420109289617486	9893	1
38.42289617486339	1860	1
38.42360655737705	7957	1
38.43562841530055	4416	1
38.438415300546446	3832	1
38.466065573770486	6843	1
38.46666666666667	7376	1
38.467267759562844	2002	1
38.47819672131147	62	1
38.497650273224046	4148	1
38.49863387978142	7326	1
38.49912568306011	8557	1
38.50409836065574	474	1
38.564153005464476	8115	1
38.58464480874317	5031	1
38.59535519125683	1900	1
38.606393442622945	5917	1
38.67398907103825	6636	1
38.67672131147541	9398	1
38.68628415300546	5232	1
38.69841530054644	3303	1
38.70158469945355	2103	1
38.71054644808743	990	1
38.7335519125683	5369	1
38.73617486338797	4618	1
38.739617486338794	8408	1
38.7427868852459	8635	1
38.75972677595628	7379	1
38.761475409836066	5648	1
38.79890710382514	5797	1
38.811530054644805	4673	1
38.81879781420765	1377	1
38.83163934426229	1667	1
38.841967213114756	5976	1
38.8444262295082	3997	1
38.89655737704918	6734	1
38.93524590163934	8261	1
38.93978142076502	4167	1
38.95650273224044	3155	1
38.95688524590164	6210	1
38.9927868852459	3915	1
38.99382513661202	4473	1
39.0103825136612	1149	1
39.03453551912568	1849	1
39.03628415300546	3781	1
39.04267759562841	9207	1
39.04633879781421	6364	1
39.07754098360656	3570	1
39.08174863387978	875	1
39.086885245901634	2548	1
39.101256830601095	8523	1
39.112513661202186	3057	1
39.14005464480874	9955	1
39.14857923497267	3056	1
39.15071038251366	9538	1
39.16333333333333	0	1
39.16540983606558	7952	1
39.17366120218579	6916	1
39.17573770491803	3082	1
39.17732240437158	8314	1
39.17852459016393	3701	1
39.18366120218579	7188	1
39.18606557377049	316	1
39.186557377049176	9802	1
39.19901639344262	144	1
39.19912568306011	6450	1
39.199234972677594	8552	1
39.20158469945355	1624	1
39.208579234972674	9886	1
39.21546448087432	8048	1
39.21617486338798	6405	1
39.21945355191257	4954	1
39.22639344262295	5556	1
39.22857923497268	5621	1
39.228852459016395	3742	1
39.23644808743169	9028	1
39.253224043715846	8409	1
39.26049180327869	4649	1
39.27311475409836	7324	1
39.275245901639344	4109	1
39.28	4678	1
39.28005464480874	6439	1
39.2855737704918	1086	1
39.28590163934427	8890	1
39.28633879781421	8310	1
39.28737704918033	3009	1
39.29234972677595	9091	1
39.293278688524595	8256	1
39.30136612021858	2774	1
39.30234972677595	4069	1
39.30994535519126	3262	1
39.31284153005465	9373	1
39.32311475409836	5072	1
39.32404371584699	8815	1
39.32743169398907	9776	1
39.32912568306011	4137	1
39.33737704918033	3480	1
39.35081967213115	6498	1
39.35262295081967	265	1
39.35360655737705	4917	1
39.35699453551912	7713	1
39.37	3132	1
39.373770491803285	1341	1
39.37907103825136	6342	1
39.382349726775956	7204	1
39.402240437158476	4850	1
39.40584699453552	5470	1
39.41437158469946	2904	1
39.415245901639345	8237	1
39.418907103825134	8345	1
39.4288524590164	3147	1
39.43043715846995	7361	1
39.43366120218579	1692	1
39.444754098360654	9809	1
39.445191256830604	8250	1
39.46693989071038	8997	1
39.46857923497268	166	1
39.482295081967216	879	1
39.484043715846994	1032	1
39.49049180327869	6704	1
39.50071038251366	6618	1
39.51382513661202	4739	1
39.51846994535519	8971	1
39.522896174863384	5484	1
39.529016393442625	5970	1
39.53573770491803	4513	1
39.54950819672131	1486	1
39.55098360655738	2064	1
39.56748633879781	6296	1
39.57360655737705	1131	1
39.57857923497268	2529	1
39.58174863387978	1155	1
39.5831693989071	5128	1
39.587759562841526	5487	1
39.59661202185793	8041	1
39.59989071038251	8664	1
39.602950819672124	8604	1
39.609453551912566	3278	1
39.61054644808743	4288	1
39.611693989071036	704	1
39.62349726775957	2289	1
39.623770491803285	7123	1
39.629617486338795	5323	1
39.65049180327868	1178	1
39.6672131147541	3123	1
39.67169398907104	6933	1
39.67502732240437	4427	1
39.68224043715847	4931	1
39.69245901639344	3776	1
39.726939890710376	1380	1
39.72775956284153	8547	1
39.73639344262295	9673	1
39.73868852459017	9367	1
39.75289617486339	8589	1
39.75360655737705	7150	1
39.76792349726776	3755	1
39.786120218579235	5901	1
39.78754098360656	8504	1
39.78857923497268	392	1
39.79349726775956	2394	1
39.79907103825137	9079	1
39.802896174863385	8841	1
39.81775956284153	3435	1
39.8251912568306	1262	1
39.83010928961748	8669	1
39.830655737704916	905	1
39.84688524590164	1379	1
39.84896174863388	2766	1
39.8579781420765	3292	1
39.86224043715847	8143	1
39.88464480874317	7721	1
39.889836065573775	5757	1
39.90726775956284	7794	1
39.9203825136612	4580	1
39.935464480874316	3765	1
39.946666666666665	2297	1
39.949672131147544	1718	1
39.95163934426229	1763	1
39.95628415300547	3729	1
39.964207650273224	8657	1
39.973606557377046	2876	1
39.98289617486339	7984	1
39.988196721311475	3709	1
40.00087431693989	5017	1
40.00338797814207	1384	1
40.01382513661202	8404	1
40.022622950819674	3898	1
40.03939890710383	9914	1
40.05502732240437	568	1
40.05524590163934	4214	1
40.0624043715847	2143	1
40.064590163934426	141	1
40.06551912568305	8194	1
40.06672131147541	4111	1
40.06967213114754	386	1
40.077267759562844	7659	1
40.08579234972678	6545	1
40.08819672131147	9785	1
40.09535519125683	9282	1
40.09781420765027	430	1
40.0987431693989	4669	1
40.103060109289615	2681	1
40.12273224043716	694	1
40.12568306010929	2671	1
40.12666666666667	2507	1
40.12885245901639	8288	1
40.130819672131146	3011	1
40.13775956284153	3125	1
40.15016393442623	5919	1
40.16475409836065	9251	1
40.18568306010929	5116	1
40.1879781420765	9354	1
40.189672131147546	9573	1
40.19371584699453	9096	1
40.19792349726776	2019	1
40.201147540983605	9965	1
40.20453551912568	3623	1
40.2096174863388	3160	1
40.210874316939886	2187	1
40.21218579234972	3640	1
40.2175956284153	5324	1
40.246120218579236	1509	1
40.247650273224046	556	1
40.25032786885246	8253	1
40.26699453551913	3406	1
40.28142076502732	2048	1
40.284207650273224	1410	1
40.298524590163936	5321	1
40.33273224043715	8005	1
40.3351912568306	5526	1
40.34415300546448	2351	1
40.34644808743169	155	1
40.35284153005465	4201	1
40.35322404371585	4607	1
40.35327868852459	3624	1
40.354262295081966	4390	1
40.36191256830601	812	1
40.36300546448087	1867	1
40.3875956284153	9741	1
40.397267759562844	9904	0
40.40491803278689	7056	1
40.414808743169395	4065	1
40.416666666666664	9443	1
40.424590163934425	3191	1
40.428961748633874	3501	1
40.43890710382514	8359	1
40.440765027322406	8753	1
40.4527868852459	4597	1
40.4587431693989	4758	1
40.46366120218579	5738	1
40.47218579234972	7880	1
40.47415300546448	8661	1
40.47775956284153	7283	1
40.51251366120219	2392	1
40.52327868852459	4387	1
40.52699453551913	7589	1
40.52907103825137	7213	1
40.53021857923497	2850	1
40.54103825136612	3184	1
40.54213114754098	2281	1
40.54371584699453	4557	1
40.55661202185792	7517	1
40.56612021857923	6271	1
40.57136612021858	6589	1
40.57289617486339	3638	1
40.5796174863388	4409	1
40.59726775956284	3842	1
40.625573770491805	6166	1
40.64644808743169	6049	1
40.64830601092896	8031	1
40.64857923497268	6419	1
40.648797814207654	5491	1
40.65092896174863	1895	1
40.657814207650276	1548	1
40.66005464480874	5420	1
40.66606557377049	900	1
40.677103825136605	5285	1
40.680109289617484	2523	1
40.68584699453552	94	1
40.68737704918033	8167	1
40.69060109289617	8292	1
40.690765027322406	4354	1
40.699726775956286	6759	1
40.704918032786885	6927	1
40.705573770491796	1285	1
40.74366120218579	6237	1
40.748688524590165	4615	1
40.76153005464481	1863	1
40.77169398907104	4302	1
40.78131147540984	8247	1
40.79978142076502	4504	1
40.80043715846995	2629	1
40.805956284153005	3336	1
40.80650273224044	7247	1
40.80688524590164	5659	1
40.80989071038251	7337	1
40.82672131147541	6817	1
40.84169398907103	8814	1
40.88262295081967	4583	1
40.882677595628415	4091	1
40.8996174863388	4470	1
40.90049180327868	8214	1
40.90306010928962	5778	1
40.90765027322404	980	1
40.92054644808743	7076	1
40.93786885245902	9212	1
40.93967213114754	9549	1
40.94120218579235	3148	1
40.94579234972678	1664	1
40.94754098360656	2045	1
40.95136612021857	7148	1
40.95475409836066	6991	1
40.95945355191257	929	1
40.96890710382514	4440	1
40.976502732240434	950	1
40.97868852459016	5614	1
40.98071038251366	4622	1
40.98393442622951	1340	1
40.99071038251366	1639	1
40.993497267759565	6507	1
40.99540983606557	4347	1
40.996830601092896	9723	1
41.001639344262294	8019	1
41.038688524590164	2113	1
41.046885245901635	4027	1
41.0475956284153	4957	1
41.05382513661202	1388	1
41.065956284153	9733	1
41.07060109289617	1997	1
41.07622950819672	9497	1
41.08486338797814	2032	1
41.10825136612022	3558	1
41.1092349726776	9456	1
41.15453551912568	1679	1
41.17950819672131	8921	1
41.18251366120219	8959	1
41.203060109289616	2989	1
41.20393442622951	8957	1
41.20639344262295	1347	1
41.21639344262295	1455	1
41.22939890710382	4723	1
41.23612021857924	6259	1
41.240109289617486	5748	1
41.250163934426226	4017	1
41.25256830601093	3784	1
41.252786885245904	5266	1
41.25284153005464	1628	1
41.254262295081965	3715	1
41.2551912568306	6122	1
41.26464480874317	8592	1
41.2664480874317	3545	1
41.26879781420765	5123	1
41.27726775956285	8347	1
41.30950819672131	257	1
41.31169398907104	4655	1
41.316775956284154	5430	1
41.320928961748635	8636	1
41.33043715846994	1600	1
41.33387978142076	5836	1
41.34825136612022	6529	1
41.362841530054645	9196	1
41.365464480874316	4424	1
41.36825136612022	4616	1
41.3775956284153	6928	1
41.38573770491803	2744	1
41.40273224043716	9844	1
41.40453551912568	7293	1
41.41874316939891	190	1
41.42814207650274	9847	1
41.443333333333335	8751	1
41.446174863387974	6241	1
41.45213114754099	3032	1
41.458633879781424	8659	1
41.461311475409836	7828	1
41.47497267759563	6160	1
41.48945355191257	388	1
41.493060109289615	1352	1
41.49775956284153	6965	1
41.499781420765025	3122	1
41.50371584699454	9577	1
41.50967213114754	436	1
41.51311475409836	6524	1
41.52027322404371	5360	1
41.526448087431696	839	1
41.52655737704918	1898	1
41.541693989071035	3651	1
41.54896174863388	5787	1
41.56431693989071	6227	1
41.58147540983607	7974	1
41.58273224043715	5492	1
41.58765027322404	8530	1
41.59693989071039	6999	1
41.60814207650273	1277	1
41.60972677595628	6528	1
41.61010928961749	2736	1
41.62387978142076	6468	1
41.634918032786885	5205	1
41.6388524590164	1999	1
41.649781420765024	7769	1
41.66016393442623	9705	1
41.69387978142076	7630	1
41.70054644808744	9690	1
41.72415300546448	5313	1
41.73978142076503	2881	1
41.74092896174864	59	1
41.744207650273225	3332	1
41.752131147540986	6098	1
41.755464480874316	9159	1
41.755464480874316	7084	1
41.77426229508197	5256	1
41.77781420765027	7661	1
41.82262295081967	7388	1
41.82530054644809	8900	1
41.82754098360655	1112	1
41.832131147540984	8580	1
41.83327868852459	2290	1
41.85666666666667	3641	1
41.86530054644809	7533	1
41.87459016393443	4279	1
41.87579234972677	4908	1
41.8831693989071	5208	1
41.89295081967213	8710	1
41.89366120218579	7404	1
41.902841530054644	5733	1
41.927650273224046	8583	1
41.933169398907104	4217	1
41.94103825136612	5283	1
41.95836065573771	305	1
41.9651912568306	4314	1
41.96639344262295	4050	1
41.968360655737705	5632	1
41.98530054644809	4994	1
41.98655737704918	3156	1
41.988524590163934	6423	1
41.99	9634	1
41.997978142076505	6787	1
42.00606557377049	5209	1
42.01491803278689	8285	1
42.0324043715847	3672	1
42.04032786885246	5296	1
42.04163934426229	5691	1
42.057759562841525	871	1
42.07	1371	1
42.07256830601093	8539	1
42.07360655737705	5386	1
42.080655737704916	6449	1
42.08267759562842	2180	1
42.093333333333334	7444	1
42.09693989071039	7471	1
42.09830601092896	8036	1
42.09830601092896	5655	1
42.12327868852459	9842	1
42.13431693989071	4919	1
42.170437158469944	3760	1
42.17327868852459	6087	1
42.18633879781421	1102	1
42.196666666666665	9144	1
42.200765027322404	554	1
42.24021857923497	4223	1
42.25295081967213	5713	1
42.26377049180328	9560	1
42.27743169398907	6952	1
42.278142076502725	5675	1
42.28169398907104	508	1
42.28284153005465	4000	1
42.290928961748634	5226	1
42.29267759562841	8949	1
42.30508196721311	5290	1
42.30693989071038	9907	1
42.31617486338798	1732	1
42.351639344262296	4422	1
42.37262295081967	8305	1
42.372950819672134	1362	1
42.37726775956284	5344	1
42.388360655737706	803	1
42.393551912568306	1391	1
42.405901639344265	2303	1
42.41568306010929	3208	1
42.41704918032787	9116	1
42.42579234972678	6792	1
42.439125683060105	1753	1
42.44551912568306	8014	1
42.45027322404372	2867	1
42.45284153005464	5815	1
42.4848087431694	3507	1
42.503551912568305	7206	1
42.512076502732235	8578	1
42.5207650273224	1416	1
42.52792349726776	3486	1
42.52983606557377	3625	1
42.53103825136612	8651	1
42.56781420765027	3376	1
42.56879781420765	1585	1
42.58010928961748	7840	1
42.580327868852464	456	1
42.59213114754098	4241	1
42.603497267759565	8973	1
42.610273224043716	3234	1
42.64644808743169	4846	1
42.655792349726774	2252	1
42.65754098360656	4053	1
42.65896174863388	6838	1
42.665628415300546	6750	1
42.68792349726776	815	1
42.692950819672134	1910	1
42.7048087431694	1307	1
42.7155737704918	5772	1
42.719562841530056	2765	1
42.72382513661203	8813	1
42.73814207650273	4077	1
42.75715846994535	9358	1
42.77366120218579	2224	1
42.775956284153004	1598	1
42.78005464480874	5216	1
42.78748633879781	9138	1
42.78775956284153	6846	1
42.80295081967213	9506	1
42.80459016393442	409	1
42.81393442622951	6444	1
42.82071038251366	9465	1
42.823989071038255	2518	1
42.82475409836066	9503	1
42.839125683060104	5376	1
42.844480874316936	8804	1
42.849016393442625	7441	1
42.8739344262295	2412	1
42.88349726775956	3610	1
42.91306010928962	1956	1
42.925683060109286	4623	1
42.92748633879781	1934	1
42.96273224043716	3499	1
42.96459016393443	9572	1
42.966885245901636	4284	1
42.969508196721314	4903	1
42.98049180327869	663	1
42.98081967213115	8068	1
42.99688524590164	2257	1
43.032732240437156	4541	1
43.038360655737705	3659	1
43.04076502732241	9916	1
43.040928961748634	5184	1
43.05196721311475	7193	1
43.05491803278689	2925	1
43.09475409836065	1213	1
43.100874316939894	1236	1
43.13191256830601	3192	1
43.13295081967213	1715	1
43.13333333333333	30	1
43.15010928961748	6625	1
43.15153005464481	6914	1
43.15737704918033	3430	1
43.16393442622951	4561	1
43.16956284153005	5987	1
43.172240437158464	9331	1
43.18174863387978	4047	1
43.1824043715847	8874	1
43.20065573770491	4497	1
43.211530054644804	3706	0
43.21295081967213	2057	1
43.224644808743165	3059	1
43.22989071038251	8011	1
43.233825136612026	6175	1
43.237158469945356	8754	1
43.243497267759565	5936	1
43.25065573770492	8870	1
43.262896174863386	2555	1
43.2712568306011	6990	1
43.27650273224044	9239	1
43.27775956284153	44	1
43.27994535519126	7447	1
43.291366120218576	5204	1
43.29863387978142	2001	1
43.298743169398904	4874	1
43.301803278688524	3738	1
43.32229508196721	4249	1
43.32699453551912	7158	1
43.33224043715847	8776	1
43.348306010928965	810	1
43.351530054644805	3372	1
43.35475409836065	4573	1
43.36032786885246	5519	1
43.366939890710384	8360	1
43.370218579234965	3470	1
43.37043715846995	6026	1
43.38010928961749	6665	1
43.383005464480874	3762	1
43.38409836065574	5014	1
43.3963387978142	1245	1
43.39923497267759	1059	1
43.4179781420765	2997	1
43.422240437158464	1114	1
43.42622950819672	4011	1
43.42857923497267	3216	1
43.47715846994535	1885	1
43.47748633879782	7195	1
43.48546448087431	7925	1
43.48650273224044	3540	1
43.54256830601093	9888	1
43.54601092896175	7528	1
43.58377049180328	494	1
43.598907103825134	6748	1
43.625136612021855	3190	1
43.650273224043715	4610	1
43.655846994535516	290	1
43.663005464480875	3498	1
43.666065573770496	5701	1
43.67333333333333	9959	1
43.67524590163934	3088	1
43.67584699453552	5131	1
43.67819672131148	2580	1
43.70284153005464	8017	1
43.71065573770492	7228	1
43.71142076502733	3005	1
43.711530054644804	7692	1
43.72262295081967	7922	1
43.726502732240434	9833	1
43.739016393442625	9446	1
43.74142076502732	982	1
43.77213114754098	4634	1
43.77251366120218	6778	1
43.79590163934426	3484	1
43.800273224043714	4277	1
43.80918032786885	8756	1
43.81191256830601	6457	1
43.816830601092896	8331	1
43.827650273224044	6643	1
43.85300546448087	7235	1
43.859125683060114	7789	1
43.85972677595628	4428	1
43.86032786885246	2253	1
43.86666666666667	2056	1
43.875846994535515	302	1
43.876010928961755	7475	1
43.88426229508197	4608	1
43.89786885245902	4579	1
43.90295081967213	1725	1
43.91879781420765	3587	1
43.92071038251366	6841	1
43.94896174863388	9816	1
43.95131147540984	7689	1
43.955355191256835	1274	1
43.95846994535519	3425	1
43.96710382513661	4090	1
43.97071038251366	619	1
43.97409836065574	8752	1
43.988579234972676	7570	1
44.00530054644808	6025	1
44.01415300546448	1493	1
44.030546448087435	1917	1
44.041693989071035	587	1
44.0511475409836	2903	1
44.067158469945355	4631	1
44.07486338797815	5911	1
44.12508196721311	2753	1
44.1527868852459	3139	1
44.15327868852459	8836	1
44.15371584699454	9623	1
44.16027322404372	6261	1
44.16994535519125	121	1
44.17508196721312	6095	1
44.17928961748634	9070	1
44.187267759562836	9484	1
44.19710382513661	8444	1
44.1983606557377	3655	1
44.20584699453552	8445	1
44.22180327868852	6821	1
44.22983606557377	8371	1
44.26415300546448	6033	1
44.27049180327869	9467	1
44.281202185792345	7174	1
44.283551912568306	545	1
44.29103825136612	7988	1
44.31475409836066	7456	1
44.32907103825137	5498	1
44.34770491803279	5427	1
44.352021857923496	5697	1
44.374808743169396	8962	1
44.4031693989071	6702	1
44.40426229508196	5546	1
44.40612021857923	9797	1
44.40633879781421	6719	1
44.4255737704918	2716	1
44.426721311475404	88	1
44.430218579234975	1671	1
44.433934426229506	5598	1
44.43710382513661	5416	1
44.43808743169399	3878	1
44.450819672131146	1396	1
44.475846994535516	5245	1
44.47765027322404	1079	1
44.53475409836066	2360	1
44.53956284153005	7490	1
44.55568306010929	3367	1
44.55885245901639	9040	1
44.56207650273224	9818	1
44.57672131147541	7017	1
44.5988524590164	5829	1
44.599726775956285	6307	1
44.60284153005465	8793	1
44.62256830601093	8744	1
44.63163934426229	5502	1
44.63224043715847	8483	1
44.64076502732241	5210	1
44.64404371584699	7861	1
44.65786885245902	8858	1
44.66098360655737	7791	1
44.66852459016393	1584	1
44.67327868852458	3254	1
44.716830601092894	9124	1
44.71923497267759	2865	1
44.72491803278689	3416	1
44.73180327868852	9489	1
44.7424043715847	1974	1
44.75972677595629	3442	1
44.76213114754098	6513	1
44.77174863387978	100	1
44.77737704918033	1531	1
44.780218579234976	2459	1
44.80464480874317	8931	1
44.82142076502733	3112	1
44.826830601092894	7	1
44.840327868852455	4418	1
44.84071038251366	5075	1
44.841202185792355	7798	1
44.85131147540983	3043	1
44.853497267759565	3343	1
44.876338797814206	1246	1
44.88021857923498	2577	1
44.89180327868853	3423	1
44.89781420765027	4317	1
44.901311475409834	3101	1
44.90650273224043	2849	1
44.913278688524585	4940	1
44.914426229508194	7615	1
44.91677595628415	1830	1
44.92196721311475	6718	1
44.93557377049181	569	1
44.93677595628415	3242	1
44.936939890710384	6380	1
44.95688524590164	2494	1
44.95934426229508	1776	1
44.95945355191257	4398	1
44.96655737704918	1801	1
44.97491803278689	8691	1
44.97666666666667	6431	1
44.993770491803275	2613	1
45.008743169398905	9145	1
45.01688524590164	4512	1
45.024426229508194	5724	1
45.02961748633879	4066	1
45.056338797814206	5849	1
45.08693989071038	4141	1
45.10174863387978	3973	1
45.10453551912568	4702	1
45.11781420765028	9171	1
45.1196174863388	1288	1
45.13661202185793	2205	1
45.13890710382514	3093	1
45.191092896174865	8231	1
45.19169398907104	9879	1
45.211584699453546	204	1
45.22338797814207	5230	1
45.23770491803278	7877	1
45.25005464480874	5777	1
45.25377049180327	8113	1
45.30158469945355	7386	1
45.32158469945355	7569	1
45.32666666666667	3645	1
45.328032786885245	2521	1
45.33710382513661	4441	1
45.359781420765025	6741	1
45.360601092896175	1783	1
45.36737704918033	8914	1
45.37163934426229	8538	1
45.382950819672125	6738	1
45.4	4134	1
45.42114754098361	2678	1
45.426120218579236	1162	1
45.46169398907104	7621	1
45.472076502732236	9281	1
45.48196721311476	2685	1
45.4844262295082	8695	1
45.494207650273225	693	1
45.51415300546448	5638	1
45.51551912568306	1104	1
45.518142076502734	1836	1
45.544043715846996	5779	1
45.544754098360656	9432	1
45.54617486338798	2003	1
45.57136612021858	3599	1
45.58765027322404	1696	1
45.5931693989071	5095	1
45.60060109289617	2797	1
45.60404371584699	9481	1
45.60524590163935	7427	1
45.605628415300544	4981	1
45.612513661202186	2749	1
45.614262295081964	3422	1
45.61945355191257	2792	1
45.62049180327869	2811	1
45.62907103825136	6934	1
45.63016393442623	1289	1
45.63098360655738	9337	1
45.634590163934426	327	1
45.645956284153	4863	1
45.650983606557375	4521	1
45.67994535519125	1789	1
45.69087431693989	8623	1
45.69191256830601	7864	1
45.69699453551913	1772	1
45.69956284153005	4709	1
45.70781420765027	2	1
