0.015953551912568305	2750	1
0.01970502732240437	2403	1
0.13859016393442622	2342	1
0.16233333333333333	9302	1
0.18589562841530055	3278	1
0.19079672131147543	2161	1
0.19379781420765024	2972	1
0.22550983606557376	961	1
0.2780945355191257	6153	1
0.29078032786885244	4343	1
0.35638524590163934	7664	1
0.47768907103825137	5606	1
0.5521639344262295	7757	1
0.5736120218579235	6732	1
0.5769617486338797	410	1
0.6225683060109289	4695	1
0.6915191256830601	2915	1
0.7149398907103826	621	1
0.7278579234972677	8159	1
0.7772732240437159	6223	1
0.8042568306010929	9799	1
0.8058196721311476	6353	1
0.8095846994535518	7285	1
0.8128087431693989	8493	1
0.8200874316939891	741	1
0.8327103825136611	6147	1
0.8677377049180328	9528	1
0.8751639344262295	7380	1
0.9253224043715846	8511	1
0.9640218579234973	1032	1
1.0569562841530056	2955	1
1.084535519125683	9904	1
1.0933333333333333	6842	1
1.1882950819672131	4650	1
1.1990601092896174	7217	1
1.2672896174863388	1641	1
1.3435409836065573	7459	1
1.4563551912568304	9440	1
1.472950819672131	93	1
1.520672131147541	2999	1
1.736191256830601	8852	1
1.7726830601092896	6181	1
1.909103825136612	4449	1
1.917967213114754	577	1
2.0231475409836066	278	1
2.029060109289617	7615	1
2.276639344262295	2037	1
2.295841530054645	7801	1
2.582639344262295	1027	1
2.60927868852459	775	1
2.6123661202185793	9467	1
2.6486338797814204	8269	1
2.734185792349727	8746	1
2.7806994535519123	4281	1
2.790153005464481	7932	1
2.796688524590164	5354	1
2.822655737704918	8559	1
2.8235956284153008	3626	1
2.858016393442623	8134	1
2.959595628415301	6983	1
3.0254644808743167	1496	1
3.096021857923497	7702	1
3.1230765027322405	5941	1
3.1999398907103824	5715	1
3.226901639344262	7181	1
3.288174863387978	4470	1
3.3249890710382513	7012	1
3.3946885245901637	9104	1
3.4500601092896175	4664	1
3.4735464480874314	7553	1
3.4916557377049178	5303	1
3.562464480874317	5392	1
3.580814207650273	4518	1
3.688437158469945	1457	1
3.693956284153005	5972	1
3.714857923497268	7399	1
3.797087431693989	2722	1
3.8420765027322403	6460	1
3.9189016393442624	7163	1
3.9259836065573768	7404	1
4.029273224043716	9074	1
4.04791256830601	1177	1
4.1011475409836065	9019	1
4.103442622950819	6390	1
4.11803825136612	7032	1
4.330125683060109	8318	1
4.34860655737705	1231	1
4.357655737704918	7750	1
4.471398907103825	58	1
4.507469945355191	1274	1
4.556071038251367	72	1
4.58772131147541	6482	1
4.648054644808743	9527	1
4.707486338797814	2008	1
4.729841530054644	3930	1
4.814868852459016	6231	1
4.848792349726776	7914	1
4.848945355191257	5591	1
4.872	222	1
4.921245901639344	9309	1
4.951737704918033	8542	1
4.961185792349727	1003	1
5.061770491803279	8958	1
5.081765027322404	4165	1
5.097125683060109	8669	1
5.2026502732240445	7552	1
5.228426229508196	9999	1
5.235043715846994	4932	1
5.267	2204	1
5.269262295081967	2767	1
5.321377049180327	8813	1
5.372857923497268	6760	1
5.3892240437158465	2665	1
5.535846994535519	9599	1
5.577213114754098	7083	1
5.59431693989071	2989	1
5.6681967213114755	5570	1
5.7081967213114755	6521	1
5.7161748633879785	5037	1
5.72912568306011	995	1
5.740382513661202	9455	1
5.744918032786885	6066	1
5.745081967213115	4768	1
5.754098360655737	2539	1
5.760819672131147	9206	1
5.7710928961748635	9387	1
5.788743169398907	5100	1
5.800437158469945	804	1
5.804262295081967	5752	1
5.824426229508196	5543	1
5.9306010928961745	1258	1
5.9879781420765035	3454	1
6.087814207650273	9271	1
6.177049180327868	3096	1
6.188032786885246	418	1
6.19863387978142	4786	1
6.21912568306011	4468	1
6.229781420765026	3420	1
6.251475409836065	4223	1
6.363224043715847	1874	1
6.372185792349727	9630	1
6.4075956284153	3057	1
6.4181967213114755	702	1
6.429945355191256	6676	1
6.533715846994536	9870	1
6.535573770491803	5891	1
6.557868852459016	5771	1
6.561147540983606	249	1
6.58672131147541	4276	1
6.603224043715847	8084	1
6.605573770491803	1976	1
6.66224043715847	4068	1
6.68136612021858	7790	1
6.707814207650273	7972	1
6.763333333333333	868	1
6.773770491803279	2711	1
6.813442622950819	5753	1
6.8323497267759565	902	1
6.835464480874316	5280	1
6.8424043715847	2970	1
6.853661202185792	1454	1
6.855573770491803	2590	1
6.878032786885246	4354	1
6.903060109289618	6064	1
6.906939890710382	1091	1
6.921803278688524	8233	1
6.929398907103826	5993	1
7.024480874316939	4822	1
7.048087431693989	9803	1
7.076666666666666	9414	1
7.104480874316939	4385	1
7.110437158469946	9293	1
7.131366120218579	2560	1
7.133169398907103	7250	1
7.1350819672131145	6820	1
7.165956284153006	2799	1
7.170983606557376	1117	1
7.207868852459016	5526	1
7.22344262295082	235	1
7.224153005464481	3742	1
7.246830601092896	7501	1
7.2802185792349725	8841	1
7.289508196721312	1145	1
7.301530054644808	7674	1
7.30775956284153	8066	1
7.42655737704918	0	1
7.4308743169398905	1291	1
7.434590163934426	5594	1
7.444098360655738	8445	1
7.45672131147541	8237	1
7.459672131147541	374	1
7.472732240437159	8048	1
7.475737704918032	527	1
7.494918032786885	3766	1
7.503060109289618	6404	1
7.585191256830601	3813	1
7.585355191256831	9866	1
7.606229508196721	6632	1
7.609071038251367	8218	1
7.621366120218579	6540	1
7.668415300546448	8647	1
7.693442622950819	7114	1
7.706994535519125	700	1
7.712404371584699	8776	1
7.725081967213115	4649	1
7.726939890710383	1161	1
7.732021857923497	5192	1
7.74120218579235	7126	1
7.743551912568305	3684	1
7.753497267759563	2450	1
7.758415300546448	5266	1
7.767267759562841	3114	1
7.776338797814208	9490	1
7.776775956284153	6411	1
7.783661202185793	487	1
7.796065573770491	100	1
7.821748633879781	1380	1
7.827049180327869	4942	1
7.855901639344262	4475	1
7.8563934426229505	7457	1
7.866229508196722	6430	1
7.8748087431694	5324	1
7.885300546448087	6245	1
7.903715846994536	3763	1
7.916338797814208	4509	1
7.9297814207650275	3156	1
7.93863387978142	7428	1
7.9399999999999995	6155	1
7.950983606557378	6758	1
7.962021857923498	2259	1
8.026885245901639	721	1
8.045464480874317	1054	1
8.055027322404372	6006	1
8.064754098360655	6258	1
8.076994535519125	1838	1
8.094863387978142	9623	1
8.101530054644808	425	1
8.154426229508196	497	1
8.155027322404372	5210	1
8.189617486338799	404	1
8.216229508196722	8874	1
8.218032786885246	6498	1
8.25775956284153	8786	1
8.261147540983606	1600	1
8.26191256830601	1663	1
8.271092896174864	363	1
8.276502732240436	715	1
8.307814207650273	8280	1
8.345191256830601	8926	1
8.349726775956285	5164	1
8.358852459016394	8628	1
8.380655737704918	3013	1
8.419508196721312	9765	1
8.423169398907104	982	1
8.433715846994536	3484	1
8.434207650273224	6910	1
8.446448087431694	7164	1
8.484426229508196	7976	1
8.496830601092896	5300	1
8.50344262295082	6809	1
8.519617486338797	9225	1
8.520491803278688	4559	1
8.541092896174863	8334	1
8.54448087431694	2976	1
8.55398907103825	7877	1
8.564972677595629	1030	1
8.569016393442622	8184	1
8.595792349726775	8192	1
8.597704918032786	2148	1
8.600819672131147	1350	1
8.611092896174863	3512	1
8.630437158469945	730	1
8.633005464480874	3776	1
8.647595628415301	6725	1
8.66103825136612	2196	1
8.670710382513661	6070	1
8.688688524590164	2404	1
8.71344262295082	7293	1
8.724863387978143	7808	1
8.786721311475409	8623	1
8.82672131147541	7700	1
8.827213114754098	5010	1
8.845300546448088	9574	1
8.860601092896175	5323	1
8.865464480874317	6011	1
8.875027322404371	6576	1
8.888415300546448	5030	1
8.900601092896174	1628	1
8.902295081967212	129	1
8.92103825136612	9128	1
8.928579234972679	4597	1
8.935409836065574	7274	1
8.947814207650273	6378	1
8.97879781420765	4149	1
8.994426229508196	4749	1
9.001857923497267	3137	1
9.008032786885247	8957	1
9.015355191256832	6477	1
9.031530054644808	9260	1
9.115136612021857	3249	1
9.120601092896175	6475	1
9.127322404371585	2306	1
9.141967213114754	2557	1
9.149016393442622	8749	1
9.149945355191257	2789	1
9.162841530054646	7882	1
9.168032786885247	4885	1
9.17551912568306	4867	1
9.177540983606558	8552	1
9.189125683060109	9446	1
9.190109289617487	8455	1
9.199344262295082	1898	1
9.206612021857923	1736	1
9.215792349726774	4393	1
9.22087431693989	6654	1
9.223770491803277	7461	1
9.243770491803279	5015	1
9.253497267759563	6076	1
9.26142076502732	3375	1
9.279234972677596	8460	1
9.286010928961748	5267	1
9.297759562841529	503	1
9.314754098360655	2870	1
9.314754098360655	7950	1
9.32103825136612	8727	1
9.335737704918033	6710	1
9.366557377049181	1000	1
9.383825136612023	1462	1
9.391147540983606	9484	1
9.402021857923497	5495	1
9.42568306010929	4489	1
9.449726775956284	9052	1
9.458469945355192	2753	1
9.468743169398907	6049	1
9.526502732240438	7528	1
9.53672131147541	6034	1
9.537377049180328	6855	1
9.537978142076502	5792	1
9.54103825136612	5502	1
9.54464480874317	9202	1
9.545355191256832	3038	1
9.556830601092896	7045	1
9.571420765027321	4554	1
9.59256830601093	9205	1
9.592622950819672	8308	1
9.596010928961748	4038	1
9.609781420765028	2047	1
9.61169398907104	9667	1
9.615901639344262	3860	1
9.6172131147541	7036	1
9.624153005464482	4723	1
9.626448087431694	9114	1
9.636502732240437	9514	1
9.641256830601092	7810	1
9.65502732240437	6452	1
9.659453551912568	4545	1
9.666612021857924	955	1
9.713661202185792	5342	1
9.72136612021858	4390	1
9.728743169398907	1966	1
9.768688524590162	7209	1
9.833661202185793	9257	1
9.835956284153005	8774	1
9.866065573770491	8154	1
9.871420765027322	6361	1
9.879999999999999	5295	1
9.883825136612021	6421	1
9.884918032786885	8114	1
9.898196721311475	2983	1
9.933879781420766	5556	1
9.933879781420766	6290	1
9.956284153005464	5560	1
9.982732240437159	5945	1
10.004098360655737	8828	1
10.027267759562841	9091	1
10.032841530054645	9415	1
10.034535519125683	2827	1
10.038579234972678	8168	1
10.05846994535519	3896	1
10.067267759562842	8777	1
10.071092896174864	934	1
10.086666666666666	8021	1
10.103333333333333	5970	1
10.103825136612022	5663	1
10.118415300546449	2082	1
10.12896174863388	7973	1
10.138961748633879	4582	1
10.165628415300548	2821	1
10.170437158469946	6488	1
10.174262295081968	9681	1
10.199781420765028	8721	1
10.200382513661204	2838	1
10.203879781420765	7867	1
10.216174863387979	8638	1
10.240327868852459	752	1
10.274644808743169	5614	1
10.27655737704918	7965	1
10.279453551912567	9138	1
10.319234972677595	2350	1
10.322841530054644	2128	1
10.342349726775955	3480	1
10.34311475409836	2507	1
10.348251366120218	8770	1
10.361256830601093	1940	1
10.361639344262295	3783	1
10.374754098360656	5884	1
10.39672131147541	2780	1
10.416284153005465	4059	1
10.42065573770492	8434	1
10.424371584699452	6467	1
10.429344262295082	1155	1
10.471256830601092	8473	1
10.474262295081967	2351	1
10.477978142076502	6768	1
10.479453551912568	7783	1
10.48054644808743	6424	1
10.485628415300546	1830	1
10.505573770491804	8965	1
10.51551912568306	9021	1
10.517158469945356	9178	1
10.518087431693989	7269	1
10.542841530054645	3878	1
10.543551912568306	1288	1
10.565628415300546	2096	1
10.568196721311475	9171	1
10.587267759562842	6247	1
10.593879781420764	8664	1
10.595846994535519	5529	1
10.606666666666666	7705	1
10.633770491803277	204	1
10.680765027322403	2880	1
10.681256830601093	7692	1
10.704590163934427	448	1
10.707158469945355	6904	1
10.716830601092894	4681	1
10.765737704918033	1584	1
10.776338797814208	5299	1
10.78535519125683	6230	1
10.792786885245901	6417	1
10.820928961748633	3125	1
10.84551912568306	3812	1
10.853879781420765	1527	1
10.877322404371585	6177	1
10.897704918032787	5116	1
10.90032786885246	4616	1
10.911639344262296	1283	1
10.922732240437158	148	1
10.92415300546448	4758	1
10.980382513661201	5880	1
10.987158469945355	4017	1
10.994590163934426	1131	1
11.023551912568305	3481	1
11.040819672131146	6781	1
11.041202185792349	6096	1
11.044535519125683	7797	1
11.055081967213114	2213	1
11.075737704918033	1224	1
11.080218579234973	3842	1
11.091748633879781	5025	1
11.1151912568306	5187	1
11.12136612021858	2566	1
11.121584699453551	5887	1
11.130163934426228	1692	1
11.136065573770493	8694	1
11.144863387978141	8194	1
11.145737704918032	3660	1
11.152786885245902	9895	1
11.203333333333333	5910	1
11.22136612021858	4071	1
11.25065573770492	2543	1
11.252732240437158	6010	1
11.27087431693989	3033	1
11.284098360655737	7480	1
11.293825136612021	5001	1
11.314426229508197	5791	1
11.35551912568306	4123	1
11.365300546448088	1820	1
11.372841530054645	9337	1
11.379890710382513	8771	1
11.410218579234972	3607	1
11.462786885245901	6704	1
11.464972677595629	5977	1
11.468688524590165	3620	1
11.47808743169399	7596	1
11.516939890710383	3486	1
11.518196721311476	7952	1
11.518579234972679	9792	1
11.53295081967213	1910	1
11.546284153005464	3082	1
11.563715846994535	8959	1
11.576174863387978	5332	1
11.584207650273223	4288	1
11.584808743169399	4921	1
11.627814207650273	6419	1
11.635300546448086	776	1
11.642240437158469	4422	1
11.650054644808744	844	1
11.681748633879781	3141	1
11.685027322404371	3147	1
11.689945355191258	8392	1
11.716010928961747	7058	1
11.769945355191256	8689	1
11.771092896174864	1848	1
11.790928961748634	6949	1
11.798415300546447	2158	1
11.809617486338798	6584	1
11.836120218579236	2402	1
11.845846994535519	196	1
11.850437158469944	5703	1
11.863278688524591	316	1
11.888524590163934	4467	1
11.889726775956284	1167	1
11.914590163934426	6393	1
11.950273224043716	7203	1
11.954043715846995	6439	1
11.962404371584698	1622	1
11.972131147540985	1491	1
11.983387978142076	2819	1
12.014098360655737	317	1
12.019890710382514	9064	1
12.024699453551912	3372	1
12.025464480874318	1696	1
12.103661202185792	8122	1
12.111311475409837	1567	1
12.115027322404371	6708	1
12.154371584699453	9729	1
12.159344262295082	8756	1
12.160437158469945	3777	1
12.170655737704918	1065	1
12.178142076502732	7848	1
12.194590163934425	2001	1
12.197486338797814	8360	1
12.206502732240438	4595	1
12.248415300546448	6026	1
12.253770491803278	1039	1
12.25879781420765	3566	1
12.289016393442623	5592	1
12.292185792349727	3640	1
12.311803278688526	8123	1
12.32344262295082	9700	1
12.330327868852459	2064	1
12.38415300546448	7020	1
12.385737704918032	852	1
12.40792349726776	5492	1
12.43120218579235	8589	1
12.4375956284153	8287	1
12.459234972677594	4210	1
12.460601092896175	6999	1
12.478251366120219	8997	1
12.486939890710381	8531	1
12.489289617486339	8603	1
12.505136612021857	9670	1
12.506448087431693	7941	1
12.531693989071037	9911	1
12.538579234972678	6175	1
12.54726775956284	6625	1
12.547868852459017	7134	1
12.549344262295083	5744	1
12.565737704918032	8409	1
12.57513661202186	3973	1
12.5875956284153	5565	1
12.599180327868853	7057	1
12.603333333333333	5764	1
12.637814207650273	2653	1
12.665628415300546	7294	1
12.698142076502732	9715	1
12.708907103825137	5397	1
12.718852459016393	6505	1
12.727540983606557	6933	1
12.754699453551913	1362	1
12.799453551912567	4480	1
12.824918032786885	8002	1
12.830765027322403	7388	1
12.83590163934426	6326	1
12.843770491803278	5159	1
12.86207650273224	7650	1
12.863169398907104	6022	1
12.864426229508197	2749	1
12.876174863387979	3659	1
12.890163934426228	4031	1
12.894098360655738	1748	1
12.919016393442623	9727	1
12.926666666666668	3883	1
12.933551912568305	3666	1
12.936448087431692	2796	1
12.941857923497267	1517	1
12.963715846994535	9549	1
12.974316939890711	6444	1
12.994918032786885	4539	1
12.996010928961748	5194	1
13.007650273224042	7634	1
13.029617486338797	9280	1
13.041092896174863	7802	1
13.044918032786885	5089	1
13.055081967213114	1124	1
13.059398907103825	2434	1
13.066502732240437	2205	1
13.067978142076502	9590	1
13.069617486338796	369	1
13.08896174863388	7043	1
13.09393442622951	1585	1
13.098251366120218	8250	1
13.137103825136611	2684	1
13.18393442622951	9214	1
13.193606557377048	3498	1
13.204535519125683	6989	1
13.209617486338798	7677	1
13.25016393442623	8595	1
13.256939890710381	3243	1
13.275081967213115	1137	1
13.320601092896176	4713	1
13.341967213114755	9600	1
13.36535519125683	7447	1
13.366830601092895	8917	1
13.389562841530054	7510	1
13.39344262295082	9996	1
13.404207650273225	9958	1
13.422459016393443	5721	1
13.45087431693989	3237	1
13.464207650273226	3389	1
13.486775956284152	4386	1
13.492240437158468	9809	1
13.492459016393443	5735	1
13.499726775956285	606	1
13.523169398907104	5487	1
13.527377049180327	5365	1
13.531584699453553	8376	1
13.54415300546448	7196	1
13.545846994535518	4792	1
13.55726775956284	7478	1
13.557540983606557	7361	1
13.567049180327869	8944	1
13.575956284153007	8729	1
13.578852459016394	8580	1
13.588907103825136	5155	1
13.605573770491802	4610	1
13.606666666666667	8330	1
13.669016393442623	7567	1
13.688032786885246	7714	1
13.69655737704918	6601	1
13.717377049180328	7148	1
13.736994535519125	1119	1
13.737868852459016	5809	1
13.7424043715847	8630	1
13.753934426229508	5007	1
13.761092896174864	6759	1
13.767158469945356	651	1
13.771584699453552	3499	1
13.830218579234973	2114	1
13.83551912568306	6610	1
13.851311475409835	8504	1
13.853879781420764	2744	1
13.883224043715847	4900	1
13.887650273224043	1606	1
13.894207650273223	9584	1
13.899617486338796	9818	1
13.900054644808744	5621	1
13.913387978142078	7984	1
13.962295081967213	1388	1
13.96726775956284	2406	1
13.99103825136612	6035	1
14.014426229508196	3052	1
14.015300546448088	6719	1
14.031803278688525	9668	1
14.059890710382513	9254	1
14.08415300546448	6589	1
14.11	4583	1
14.126174863387977	4471	1
14.155191256830602	8135	1
14.155792349726775	7742	1
14.156174863387978	7123	1
14.159945355191256	9800	1
14.202404371584699	3695	1
14.214699453551912	8225	1
14.249289617486339	5044	1
14.272349726775955	5584	1
14.273333333333333	6136	1
14.275792349726776	2241	1
14.303005464480874	7849	1
14.311693989071038	3932	1
14.322295081967212	5955	1
14.342677595628414	1056	1
14.34327868852459	5163	1
14.380819672131148	6204	1
14.393005464480874	7935	1
14.394043715846994	4748	1
14.4275956284153	6922	1
14.446338797814207	1238	1
14.470327868852458	6450	1
14.473551912568306	1769	1
14.499180327868853	8577	1
14.518743169398908	9824	1
14.53103825136612	6098	1
14.554972677595627	8095	1
14.557595628415301	9965	1
14.577158469945354	3333	1
14.58655737704918	1908	1
14.61415300546448	2618	1
14.623224043715847	9348	1
14.649890710382515	2312	1
14.667868852459016	2990	1
14.704098360655736	4631	1
14.749890710382514	3132	1
14.750601092896174	5570	0
14.75792349726776	9129	1
14.784808743169398	6611	1
14.807595628415301	255	1
14.811803278688524	7509	1
14.812349726775956	1127	1
14.825409836065573	3045	1
14.854371584699454	8753	1
14.859617486338799	5821	1
14.897103825136611	4917	1
14.920437158469944	8166	1
15.021693989071037	2480	1
15.025573770491802	7150	1
15.040601092896175	7261	1
15.045081967213115	4109	1
15.058142076502733	8536	1
15.08672131147541	3218	1
15.087704918032786	2430	1
15.100437158469946	9844	1
15.105901639344262	4669	1
15.122131147540983	5305	1
15.124918032786885	8578	1
15.12950819672131	5126	1
15.131530054644807	3178	1
15.134535519125683	4314	1
15.135464480874317	939	1
15.14	399	1
15.163114754098359	888	1
15.17945355191257	680	1
15.21415300546448	2016	1
15.22950819672131	6557	1
15.256612021857922	4075	1
15.272021857923496	4722	1
15.275683060109289	8764	1
15.276174863387977	9918	1
15.282131147540984	4048	1
15.28431693989071	6806	1
15.28928961748634	4161	1
15.326010928961749	9461	1
15.328142076502731	4242	1
15.348415300546447	9373	1
15.352131147540982	4465	1
15.394098360655738	7839	1
15.443005464480875	565	1
15.450382513661202	7966	1
15.45103825136612	704	1
15.451639344262295	7741	1
15.472513661202186	6335	1
15.478251366120217	388	1
15.491475409836065	2081	1
15.507158469945354	6778	1
15.528142076502732	4399	1
15.582295081967212	8799	1
15.584535519125682	5538	1
15.61087431693989	1608	1
15.618142076502732	5248	1
15.657377049180328	5050	1
15.664043715846994	5701	1
15.67071038251366	9577	1
15.680273224043715	7828	1
15.695245901639344	9067	1
15.712732240437159	2239	1
15.726666666666667	750	1
15.757486338797813	3407	1
15.805409836065573	6554	1
15.80688524590164	8726	1
15.814699453551912	2068	1
15.836830601092897	6539	1
15.84918032786885	9776	1
15.856448087431694	1786	1
15.889180327868853	3547	1
15.939945355191258	3686	1
15.961803278688524	6730	1
15.997486338797813	4402	1
15.997650273224044	6081	1
16.006830601092897	7254	1
16.082131147540984	7319	1
16.122841530054647	8310	1
16.123005464480872	2807	1
16.17830601092896	9246	1
16.21551912568306	1172	1
16.21639344262295	5447	1
16.22174863387978	1353	1
16.266721311475408	7337	1
16.26726775956284	9144	1
16.28054644808743	3786	1
16.289726775956282	8718	1
16.31912568306011	8909	1
16.37513661202186	5399	1
16.377540983606558	8937	1
16.382349726775956	2891	1
16.384590163934426	105	1
16.392021857923496	2039	1
16.41841530054645	1306	1
16.420601092896174	1674	1
16.45469945355191	7420	1
16.465792349726776	4670	1
16.47863387978142	1603	1
16.505901639344263	7099	1
16.52825136612022	7491	1
16.54136612021858	3144	1
16.54879781420765	1939	1
16.58535519125683	7023	1
16.598415300546446	4738	1
16.625300546448088	5931	1
16.630819672131146	3652	1
16.65639344262295	1493	1
16.677868852459017	7618	1
16.731857923497266	1642	1
16.733661202185793	3921	1
16.737868852459016	7378	1
16.770765027322405	1077	1
16.783005464480876	3274	1
16.820983606557377	9402	1
16.827322404371582	4950	1
16.839562841530054	8868	1
16.868852459016395	7768	1
16.884590163934426	5829	1
16.90103825136612	3726	1
16.95437158469945	427	1
16.979344262295083	496	1
17.074426229508195	7857	1
17.085464480874318	5659	1
17.093005464480875	7483	1
17.113060109289616	5312	1
17.118524590163933	3269	1
17.14863387978142	7218	1
17.16934426229508	1574	1
17.189016393442625	290	1
17.234153005464478	9150	1
17.247322404371587	4555	1
17.326612021857922	2031	1
17.33573770491803	1580	1
17.36098360655738	4027	1
17.36655737704918	1537	1
17.428579234972677	5273	1
17.451967213114756	6941	1
17.45655737704918	3336	1
17.46983606557377	3877	1
17.47153005464481	689	1
17.47939890710383	3127	1
17.481147540983606	8657	1
17.481311475409836	1732	1
17.48688524590164	9924	1
17.487868852459016	1109	1
17.499071038251365	8897	1
17.50398907103825	5826	1
17.53087431693989	1702	1
17.56437158469945	4807	1
17.582841530054644	8688	1
17.599071038251367	7067	1
17.601366120218582	1926	1
17.63808743169399	4347	1
17.660928961748635	4653	1
17.663825136612022	7626	1
17.668415300546446	3873	1
17.680601092896175	681	1
17.686612021857922	1486	1
17.690437158469944	3446	1
17.695792349726773	6279	1
17.701420765027322	8143	1
17.706284153005466	6706	1
17.772732240437158	2617	1
17.784371584699453	2815	1
17.8003825136612	9610	1
17.804972677595625	5590	1
17.808360655737705	3011	1
17.826284153005464	6083	1
17.841092896174864	3595	1
17.846612021857926	2620	1
17.869180327868854	8292	1
17.88327868852459	5624	1
17.887650273224043	9872	1
17.910710382513663	6072	1
17.943005464480876	7158	1
17.945245901639346	6879	1
17.98672131147541	1948	1
17.992896174863386	600	1
18.026885245901642	7235	1
18.039890710382515	3208	1
18.045737704918036	8954	1
18.06606557377049	2219	1
18.08360655737705	9499	1
18.08672131147541	4966	1
18.09808743169399	1968	1
18.116666666666667	3358	1
18.130819672131146	5090	1
18.13655737704918	161	1
18.16693989071038	8920	1
18.181256830601093	3574	1
18.194207650273224	8509	1
18.20617486338798	5236	1
18.225245901639344	9201	1
18.227103825136613	2328	1
18.22912568306011	8758	1
18.274371584699455	4762	1
18.295081967213115	8574	1
18.330765027322403	2811	1
18.33601092896175	4366	1
18.350491803278686	9382	1
18.368196721311474	8247	1
18.392677595628413	5507	1
18.423934426229508	4725	1
18.444098360655737	5675	1
18.44672131147541	9673	1
18.46672131147541	223	1
18.470928961748633	1783	1
18.47994535519126	4086	1
18.507486338797815	4358	1
18.51327868852459	8356	1
18.522732240437158	9613	1
18.533060109289618	9611	1
18.534972677595626	4541	1
18.543060109289616	7349	1
18.562021857923497	7147	1
18.570655737704918	3859	1
18.570655737704918	4982	1
18.585027322404372	5479	1
18.590710382513663	4219	1
18.595027322404373	6418	1
18.598907103825134	8140	1
18.618579234972675	4154	1
18.655792349726774	616	1
18.66584699453552	8967	1
18.679180327868853	8900	1
18.680437158469946	8076	1
18.69737704918033	7474	1
18.700655737704917	8377	1
18.727486338797814	2555	1
18.738579234972676	8651	1
18.743387978142078	9211	1
18.75688524590164	7723	1
18.766338797814207	8854	1
18.78065573770492	7990	1
18.78366120218579	3897	1
18.789562841530056	5205	1
18.834207650273225	7948	1
18.83726775956284	8887	1
18.840928961748634	433	1
18.857103825136612	4647	1
18.87983606557377	8584	1
18.885027322404373	3037	1
18.900273224043715	7374	1
18.91464480874317	2126	1
18.918196721311475	3205	1
18.918797814207647	4052	1
18.933387978142076	3234	1
18.939562841530055	5215	1
18.944207650273224	9364	1
18.959234972677596	9942	1
18.975573770491803	5039	1
18.982349726775958	2057	1
18.990382513661203	4525	1
19.013825136612024	3059	1
19.037322404371587	4156	1
19.063224043715845	2225	1
19.0896174863388	6457	1
19.133224043715845	6254	1
19.13377049180328	4036	1
19.13617486338798	5133	1
19.13672131147541	6992	1
19.17622950819672	9908	1
19.17775956284153	2469	1
19.211256830601094	6649	1
19.211584699453553	4106	1
19.23617486338798	5348	1
19.252513661202187	8196	1
19.272131147540982	2135	1
19.278251366120216	5402	1
19.304699453551912	6237	1
19.32983606557377	8069	1
19.352021857923496	1041	1
19.35644808743169	2519	1
19.361202185792347	3005	1
19.361475409836064	2647	1
19.379781420765028	4975	1
19.391475409836065	2685	1
19.39573770491803	3251	1
19.442131147540984	8661	1
19.475136612021856	598	1
19.48896174863388	2257	1
19.498415300546448	9658	1
19.50016393442623	4543	1
19.50846994535519	2289	1
19.544207650273226	662	1
19.546502732240437	1510	1
19.57311475409836	8554	1
19.577158469945356	9969	1
19.590710382513663	3638	1
19.59191256830601	3755	1
19.621803278688525	7697	1
19.640437158469947	9384	1
19.64584699453552	4484	1
19.6651912568306	2621	1
19.687978142076503	4245	1
19.704918032786885	8163	1
19.71688524590164	5911	1
19.725901639344265	7923	1
19.733497267759564	7860	1
19.75672131147541	3866	1
19.77366120218579	227	1
19.813169398907103	2903	1
19.82502732240437	9470	1
19.839398907103824	5102	1
19.842459016393445	1378	1
19.86437158469945	9897	1
19.878360655737705	4279	1
19.879617486338798	9702	1
19.890054644808743	924	1
19.915628415300546	2659	1
19.924590163934425	9463	1
19.962295081967213	7684	1
20.032021857923496	7492	1
20.036612021857923	8155	1
20.040437158469945	4096	1
20.05448087431694	5416	1
20.0651912568306	1739	1
20.078196721311475	4561	1
20.086939890710383	1327	1
20.09426229508197	4007	1
20.098032786885245	3733	1
20.117267759562843	3685	1
20.120327868852456	415	1
20.153551912568304	5718	1
20.180983606557376	8268	1
20.238087431693987	6435	1
20.252349726775954	9508	1
20.263387978142074	6934	1
20.28896174863388	4069	1
20.289781420765024	4020	1
20.29120218579235	8288	1
20.313333333333333	3577	1
20.321147540983606	9671	1
20.324426229508198	1744	1
20.324590163934424	193	1
20.341803278688523	9075	1
20.34295081967213	1839	1
20.34846994535519	9351	1
20.382732240437157	6721	1
20.419344262295084	4064	1
20.43174863387978	8612	1
20.43284153005464	3268	1
20.439508196721313	5862	1
20.45562841530055	9270	1
20.460437158469944	6893	1
20.46420765027322	7162	1
20.47737704918033	3915	1
20.482131147540986	9862	1
20.493169398907103	8055	1
20.5127868852459	6399	1
20.55054644808743	1818	1
20.556666666666665	2527	1
20.560491803278687	9443	1
20.56103825136612	7398	1
20.6072131147541	7729	1
20.607486338797813	9820	1
20.607868852459017	42	1
20.638360655737706	4629	1
20.685792349726775	5013	1
20.6948087431694	6021	1
20.70672131147541	2271	1
20.71622950819672	6349	1
20.72846994535519	9044	1
20.7379781420765	2580	1
20.74863387978142	9676	1
20.749453551912566	9031	1
20.776284153005466	4375	1
20.79382513661202	6792	1
20.79737704918033	1443	1
20.810601092896178	3084	1
20.83158469945355	3184	1
20.831639344262296	8653	1
20.833934426229508	5449	1
20.83535519125683	965	1
20.841475409836065	1222	1
20.852568306010927	7587	1
20.85584699453552	4707	1
20.905464480874315	2800	1
20.916065573770492	7396	1
20.91754098360656	6900	1
20.918360655737704	4620	1
20.91901639344262	9785	1
20.939562841530055	1711	1
20.953060109289616	4960	1
20.96032786885246	1094	1
20.978961748633882	6169	1
21.001147540983606	7452	1
21.02617486338798	5198	1
21.028579234972675	8072	1
21.052131147540983	1590	1
21.067540983606555	8579	1
21.07863387978142	944	1
21.12262295081967	4919	1
21.125300546448088	4648	1
21.139890710382513	3609	1
21.14830601092896	6944	1
21.158579234972677	669	1
21.1651912568306	5696	1
21.180109289617484	9051	1
21.207814207650273	3700	1
21.20814207650273	6810	1
21.21863387978142	8138	1
21.220491803278687	1304	1
21.228961748633882	3493	1
21.259180327868854	2995	1
21.272513661202183	6027	1
21.278032786885248	5873	1
21.280163934426227	6787	1
21.290273224043716	5949	1
21.379562841530056	7238	1
21.389398907103825	6526	1
21.404043715846996	9869	1
21.40535519125683	6166	1
21.43601092896175	3428	1
21.457322404371585	3889	1
21.486775956284156	5727	1
21.52169398907104	9156	1
21.52393442622951	5802	1
21.52830601092896	8093	1
21.535245901639342	3748	1
21.542021857923498	7494	1
21.544262295081968	4125	1
21.575901639344263	9548	1
21.642349726775958	9989	1
21.652349726775956	8827	1
21.66349726775956	5878	1
21.700382513661204	4771	1
21.70863387978142	9197	1
21.723224043715845	30	1
21.72918032786885	9045	1
21.783934426229507	2295	1
21.786174863387977	3531	1
21.790655737704917	9618	1
21.796010928961746	1587	1
21.815628415300548	4000	1
21.817486338797817	5577	1
21.826666666666668	7982	1
21.83726775956284	4682	1
21.84967213114754	9269	1
21.855628415300544	244	1
21.85568306010929	2086	1
21.863333333333333	9503	1
21.8755737704918	7331	1
21.898306010928962	2778	1
21.91448087431694	4247	1
21.9244262295082	7900	1
21.927103825136612	174	1
21.93945355191257	4754	1
21.986612021857923	3572	1
22.018142076502734	326	1
22.02327868852459	9130	1
22.029344262295083	3519	1
22.057978142076504	8018	1
22.081584699453554	7169	1
22.081857923497267	3573	1
22.09136612021858	351	1
22.100109289617485	7736	1
22.12207650273224	2798	1
22.246338797814207	9028	1
22.24934426229508	603	1
22.264535519125683	453	1
22.298360655737707	9023	1
22.306502732240435	648	1
22.315136612021856	7131	1
22.36049180327869	9893	1
22.41224043715847	6556	1
22.416284153005464	9533	1
22.426284153005465	5692	1
22.432896174863387	695	1
22.44459016393443	7456	1
22.44934426229508	2879	1
22.457049180327868	1655	1
22.47928961748634	8492	1
22.48448087431694	1962	1
22.494426229508196	4209	1
22.52191256830601	6469	1
22.54322404371585	7717	1
22.550983606557377	6749	1
22.559945355191257	2558	1
22.61174863387978	729	1
22.62497267759563	1088	1
22.63153005464481	6164	1
22.641803278688524	1689	1
22.650765027322404	5521	1
22.68863387978142	7432	1
22.700765027322404	2857	1
22.703169398907104	2475	1
22.705737704918032	8520	1
22.70693989071038	2371	1
22.70830601092896	3714	1
22.718360655737705	5595	1
22.72431693989071	8082	1
22.730109289617484	6496	1
22.73431693989071	559	1
22.755519125683062	1656	1
22.756284153005463	8516	1
22.758360655737704	6550	1
22.776120218579237	4024	1
22.795519125683057	7758	1
22.805737704918034	7633	1
22.834426229508196	7588	1
22.841256830601093	5486	1
22.90622950819672	4342	1
22.918579234972675	6881	1
22.96792349726776	5856	1
23.02360655737705	1264	1
23.025792349726775	5040	1
23.10256830601093	5847	1
23.11103825136612	4608	1
23.149890710382515	5823	1
23.187486338797815	4881	1
23.21464480874317	189	1
23.2272131147541	8962	1
23.243934426229508	9015	1
23.252185792349724	4674	1
23.252513661202187	2335	1
23.25262295081967	8234	1
23.271420765027322	2361	1
23.30743169398907	6307	1
23.32262295081967	2325	1
23.335027322404372	4562	1
23.336994535519125	9221	1
23.406338797814207	8279	1
23.41672131147541	4077	1
23.433825136612022	4460	1
23.43633879781421	4252	1
23.43841530054645	6449	1
23.46224043715847	1974	1
23.467213114754095	4204	1
23.47273224043716	6119	1
23.49360655737705	6926	1
23.511475409836066	4797	1
23.526174863387975	8846	1
23.536502732240436	8553	1
23.561967213114755	465	1
23.590710382513663	7512	1
23.59300546448087	783	1
23.59726775956284	871	1
23.59830601092896	8791	1
23.615409836065574	8457	1
23.61967213114754	6357	1
23.636775956284154	778	1
23.690382513661202	4739	1
23.713333333333335	3848	1
23.714262295081966	2956	1
23.747431693989068	1720	1
23.76382513661202	5184	1
23.79229508196721	1959	1
23.79513661202186	6703	1
23.810928961748633	8626	1
23.828907103825134	7351	1
23.843005464480875	1762	1
23.86158469945355	3321	1
23.878688524590164	3068	1
23.882786885245903	2913	1
23.88568306010929	8741	1
23.90398907103825	3255	1
23.912185792349728	1904	1
23.930437158469942	8391	1
23.974262295081967	9344	1
24.012732240437156	4618	1
24.035628415300547	7986	1
24.050163934426227	8693	1
24.051639344262295	6180	1
24.075136612021858	3027	1
24.085792349726773	7599	1
24.087158469945354	473	1
24.094043715846997	8923	1
24.11535519125683	9762	1
24.13448087431694	2808	1
24.166338797814205	2846	1
24.17475409836066	5313	1
24.183606557377047	1260	1
24.18606557377049	4427	1
24.192295081967213	560	1
24.19710382513661	9430	1
24.2103825136612	2774	1
24.227322404371584	4662	1
24.232677595628413	2103	1
24.25983606557377	7228	1
24.271584699453552	6718	1
24.27661202185792	9249	1
24.30349726775956	2922	1
24.325191256830603	5697	1
24.332841530054644	5713	1
24.363169398907104	136	1
24.390109289617484	4412	1
24.400109289617486	8685	1
24.400655737704916	4652	1
24.439726775956284	7434	1
24.457540983606556	710	1
24.479562841530054	4181	1
24.48071038251366	1653	1
24.486994535519127	9274	1
24.49825136612022	4717	1
24.50398907103825	9920	1
24.51032786885246	149	1
24.516338797814207	248	1
24.559726775956282	6451	1
24.56814207650273	4461	1
24.575573770491804	444	1
24.581803278688525	2887	1
24.585792349726773	6532	1
24.6427868852459	8858	1
24.67726775956284	1240	1
24.69071038251366	9185	1
24.70300546448087	1551	1
24.706830601092893	239	1
24.71967213114754	2818	1
24.756065573770492	9663	1
24.775956284153004	8993	1
24.78327868852459	6702	1
24.796994535519126	1565	1
24.798087431693986	7678	1
24.814535519125684	3895	1
24.82426229508197	8567	1
24.82601092896175	3227	1
24.84655737704918	957	1
24.847103825136614	3762	1
24.86393442622951	4871	1
24.865628415300545	9094	1
24.88174863387978	7928	1
24.88934426229508	3798	1
24.94366120218579	6004	1
24.95622950819672	281	1
24.961147540983607	2792	1
24.961420765027324	8912	1
24.96497267759563	7915	1
24.984754098360657	7612	1
24.995081967213114	2577	1
25.010437158469944	8608	1
25.020382513661204	9258	1
25.021256830601093	4092	1
25.05327868852459	6528	1
25.064043715846992	3598	1
25.087704918032788	8684	1
25.089398907103824	6321	1
25.09169398907104	4711	1
25.093879781420764	6692	1
25.099890710382514	6884	1
25.10295081967213	1787	1
25.116502732240438	8320	1
25.117267759562843	1888	1
25.12158469945355	9567	1
25.130218579234974	2979	1
25.131092896174863	7560	1
25.15087431693989	2579	1
25.15142076502732	8699	1
25.166448087431693	2063	1
25.19016393442623	1709	1
25.192896174863385	2415	1
25.200874316939892	9957	1
25.255573770491804	503	0
25.25786885245902	9592	1
25.287923497267762	3069	1
25.33945355191257	6140	1
25.341147540983606	3430	1
25.376174863387977	6095	1
25.380601092896175	5848	1
25.401092896174863	892	1
25.40169398907104	9646	1
25.40344262295082	5518	1
25.429234972677595	4791	1
25.49950819672131	7100	1
25.5031693989071	3342	1
25.50524590163934	4111	1
25.52327868852459	6516	1
25.55693989071038	1086	1
25.56322404371585	6218	1
25.56398907103825	854	1
25.57469945355191	4458	1
25.5896174863388	7033	1
25.629071038251364	747	1
25.634644808743168	9168	1
25.634918032786885	3290	1
25.637486338797814	3066	1
25.650710382513658	3415	1
25.671748633879783	9699	1
25.67245901639344	3338	1
25.68032786885246	3617	1
25.68415300546448	3955	1
25.687923497267757	7556	1
25.691147540983607	9190	1
25.708961748633882	6682	1
25.709234972677592	9850	1
25.71846994535519	432	1
25.724043715846992	593	1
25.727158469945355	3217	1
25.74530054644809	8467	1
25.75841530054645	353	1
25.772732240437158	1924	1
25.788251366120218	455	1
25.79158469945355	6084	1
25.81273224043716	2542	1
25.836065573770494	7074	1
25.837103825136612	8587	1
25.845846994535517	2506	1
25.913879781420768	5045	1
25.956448087431696	8802	1
25.965792349726776	9223	1
25.984426229508195	2943	1
25.990655737704916	9687	1
26.00174863387978	5561	1
26.00415300546448	8015	1
26.03005464480874	7116	1
26.034098360655737	8028	1
26.044043715846993	9580	1
26.05825136612022	6458	1
26.066120218579236	3139	1
26.082404371584698	6483	1
26.085081967213114	1484	1
26.08573770491803	2395	1
26.09229508196721	7662	1
26.09655737704918	4414	1
26.11224043715847	2537	1
26.167650273224044	531	1
26.1751912568306	9082	1
26.17983606557377	5231	1
26.19398907103825	5573	1
26.194043715846995	5818	1
26.19513661202186	6709	1
26.20021857923497	5723	1
26.20327868852459	7934	1
26.215300546448088	3337	1
26.218688524590164	9242	1
26.26885245901639	366	1
26.273497267759563	5912	1
26.279836065573768	265	1
26.293661202185792	9317	1
26.31153005464481	3305	1
26.326612021857922	6368	1
26.336120218579232	9835	1
26.336666666666666	4179	1
26.34398907103825	7972	0
26.344535519125685	9084	1
26.35830601092896	8261	1
26.359234972677594	4793	1
26.380765027322404	3435	1
26.39967213114754	1548	1
26.420437158469944	1554	1
26.42830601092896	379	1
26.445300546448085	2731	1
26.470273224043716	3526	1
26.48224043715847	5876	1
26.50174863387978	6963	1
26.51781420765027	9107	1
26.519890710382516	4524	1
26.54120218579235	2327	1
26.546939890710384	1962	0
26.554754098360654	1468	1
26.576994535519127	7600	1
26.591147540983606	7266	1
26.592786885245904	2703	1
26.59344262295082	524	1
26.594207650273223	7011	1
26.598196721311474	2698	1
26.60142076502732	1915	1
26.62743169398907	3907	1
26.628907103825135	9603	1
26.632240437158472	9208	1
26.632677595628415	1851	1
26.644262295081965	261	1
26.657213114754096	6050	1
26.676502732240436	2927	1
26.697540983606554	4869	1
26.71224043715847	6896	1
26.724262295081967	815	1
26.729836065573767	4683	1
26.83382513661202	4529	1
26.838196721311476	1767	1
26.851311475409833	7119	1
26.8551912568306	3233	1
26.905628415300544	8215	1
26.93803278688525	879	1
26.953387978142075	9160	1
26.96710382513661	548	1
26.981857923497266	8317	1
26.98655737704918	9608	1
27.024754098360656	3782	1
27.025628415300545	9790	1
27.03344262295082	5499	1
27.046994535519126	4831	1
27.047650273224043	5901	1
27.057486338797816	4258	1
27.114918032786886	2291	1
27.11584699453552	570	1
27.14087431693989	6491	1
27.185300546448087	8010	1
27.186612021857922	9523	1
27.21360655737705	5104	1
27.2555737704918	7185	1
27.278032786885245	7188	1
27.293278688524587	8367	1
27.350928961748632	4959	1
27.35950819672131	845	1
27.37087431693989	6216	1
27.379562841530053	6189	1
27.43153005464481	7059	1
27.438524590163933	4403	1
27.43901639344262	6294	1
27.451420765027322	4221	1
27.488360655737704	3191	1
27.48983606557377	4828	1
27.490819672131146	1684	1
27.507158469945352	2632	1
27.532349726775955	1649	1
27.54005464480874	5177	1
27.543060109289616	6677	1
27.566830601092896	2856	1
27.570710382513663	5118	1
27.59448087431694	107	1
27.60125683060109	744	1
27.61207650273224	6437	1
27.625300546448088	313	1
27.62551912568306	4084	1
27.626885245901637	9741	1
27.628032786885246	4948	1
27.62934426229508	4295	1
27.64224043715847	8371	1
27.66393442622951	9058	1
27.690437158469948	5989	1
27.707978142076506	2568	1
27.709781420765026	5774	1
27.750273224043717	5741	1
27.76289617486339	8336	1
27.773333333333333	6955	1
27.77994535519126	4270	1
27.79431693989071	7881	1
27.803770491803277	1281	1
27.817486338797814	4054	1
27.817704918032785	7718	1
27.824043715846994	4039	1
27.861967213114756	887	1
27.93754098360656	2902	1
27.93792349726776	8313	1
27.95568306010929	9980	1
27.96327868852459	3956	1
27.97016393442623	8811	1
27.987704918032787	2393	1
27.99863387978142	5988	1
28.015628415300544	7320	1
28.02377049180328	7088	1
28.031639344262295	579	1
28.032185792349726	6308	1
28.0355737704918	511	1
28.067814207650276	7504	1
28.068688524590165	1085	1
28.073387978142076	7698	1
28.091803278688527	7079	1
28.09601092896175	7279	1
28.12612021857923	9569	1
28.13655737704918	9251	1
28.157759562841527	8532	1
28.17027322404372	733	1
28.18633879781421	7710	1
28.22213114754098	3974	1
28.23049180327869	1895	1
28.232295081967212	697	1
28.266612021857924	8077	1
28.27448087431694	6564	1
28.28273224043716	4784	1
28.294918032786885	7152	1
28.3351912568306	802	1
28.349562841530055	3648	1
28.369617486338797	6533	1
28.374426229508195	8272	1
28.379726775956282	8080	1
28.381256830601096	8128	1
28.383770491803276	1638	1
28.391803278688524	1798	1
28.39191256830601	1451	1
28.391967213114754	8573	1
28.3944262295082	6268	1
28.444262295081966	9127	1
28.448032786885246	7638	1
28.448196721311476	5110	1
28.453715846994534	542	1
28.460765027322406	1157	1
28.464535519125683	2091	1
28.486666666666665	980	1
28.523497267759563	1863	1
28.52606557377049	3021	1
28.53169398907104	5877	1
28.55502732240437	1368	1
28.571967213114753	9474	1
28.586775956284153	409	1
28.592021857923495	3811	1
28.604754098360658	9666	1
28.6055737704918	2340	1
28.605628415300547	3391	1
28.636284153005462	3039	1
28.645628415300546	5909	1
28.693989071038253	2286	1
28.694098360655737	9117	1
28.76262295081967	9760	1
28.772459016393444	8510	1
28.79185792349727	2538	1
28.80142076502732	5290	1
28.82863387978142	1801	1
28.861366120218577	2787	1
28.865136612021857	3140	1
28.869289617486338	9380	1
28.873879781420765	4558	1
28.877540983606558	3628	1
28.892677595628413	3982	1
28.91185792349727	1856	1
28.919890710382514	7774	1
28.95896174863388	7961	1
28.969781420765027	1913	1
29.004918032786886	1528	1
29.0151912568306	6348	1
29.03136612021858	1609	1
29.066393442622953	2247	1
29.091038251366122	8966	1
29.116010928961746	7670	1
29.122295081967213	7415	1
29.12513661202186	8836	1
29.132185792349727	7772	1
29.139289617486337	9367	1
29.151584699453554	2992	1
29.17426229508197	606	0
29.192076502732238	4282	1
29.21032786885246	6313	1
29.216010928961747	7508	1
29.218907103825135	9917	1
29.235409836065575	4450	1
29.255191256830603	4311	1
29.259617486338797	3497	1
29.278961748633883	7796	1
29.293879781420763	3100	1
29.319890710382513	2528	1
29.32382513661202	8866	1
29.3948087431694	7836	1
29.397704918032787	2124	1
29.405409836065576	1102	1
29.405956284153003	6198	1
29.432732240437158	2951	1
29.44158469945355	7701	1
29.472622950819673	7173	1
29.49546448087432	6387	1
29.505081967213115	1189	1
29.53792349726776	1284	1
29.53879781420765	2173	1
29.553825136612023	9371	1
29.5603825136612	6288	1
29.590765027322405	4136	1
29.625245901639342	441	1
29.625245901639342	341	1
29.626229508196722	4857	1
29.659344262295082	3164	1
29.678961748633878	8030	1
29.684699453551914	3764	1
29.71983606557377	9210	1
29.731311475409836	2465	1
29.73245901639344	7227	1
29.79431693989071	273	1
29.8175956284153	8007	1
29.823497267759564	959	1
29.85573770491803	5748	1
29.883224043715845	4364	1
29.88639344262295	2281	1
29.89393442622951	8339	1
29.924262295081967	4249	1
29.964371584699453	4628	1
29.965628415300547	7336	1
29.982950819672133	5003	1
29.987868852459016	3532	1
29.99486338797814	9004	1
30.001803278688524	8448	1
30.007978142076503	8571	1
30.03551912568306	2185	1
30.051147540983603	2861	1
30.0727868852459	1577	1
30.082786885245902	5585	1
30.095573770491804	3166	1
30.108469945355193	269	1
30.109726775956283	6512	1
30.113497267759563	2045	1
30.154863387978143	4995	1
30.158415300546448	8498	1
30.160327868852455	9637	1
30.1603825136612	8737	1
30.188852459016392	6555	1
30.20879781420765	4898	1
30.22415300546448	8790	1
30.224590163934426	1690	1
30.23863387978142	5652	1
30.244316939890712	2576	1
30.279344262295083	8941	1
30.30726775956284	1728	1
30.329344262295084	2630	1
30.345136612021857	6346	1
30.353551912568307	176	1
30.36114754098361	7583	1
30.38153005464481	9253	1
30.40344262295082	4841	1
30.406338797814207	1615	1
30.407595628415297	8588	1
30.41311475409836	1667	1
30.416666666666664	2425	1
30.422349726775956	3966	1
30.474043715846992	5443	1
30.481147540983603	5757	1
30.482732240437155	495	1
30.49622950819672	7818	1
30.509726775956285	9994	1
30.518524590163935	8301	1
30.52224043715847	9360	1
30.52857923497268	1232	1
30.551639344262295	4531	1
30.55775956284153	5400	1
30.57273224043716	1489	1
30.579617486338798	2302	1
30.58639344262295	2723	1
30.588196721311476	8707	1
30.597377049180327	1859	1
30.603934426229507	5057	1
30.674316939890712	7863	1
30.712568306010926	6094	1
30.728743169398907	3071	1
30.73945355191257	440	1
30.755737704918033	1045	1
30.767650273224046	3193	1
30.787650273224042	5463	1
30.80879781420765	3625	1
30.810327868852458	1668	1
30.816448087431695	9609	1
30.82819672131148	1775	1
30.838852459016394	7264	1
30.852131147540984	8014	1
30.868360655737703	6807	1
30.884590163934426	5533	1
30.888360655737703	4753	1
30.89693989071038	8538	1
30.90081967213115	1549	1
30.911639344262294	6851	1
30.91256830601093	2217	1
30.929125683060107	9298	1
30.93158469945355	8458	1
30.961639344262295	7787	1
31.026284153005463	8907	1
31.053770491803277	1573	1
31.063333333333333	9025	1
31.06377049180328	55	1
31.07273224043716	7439	1
31.093497267759563	4566	1
31.093879781420767	6817	1
31.110218579234974	2188	1
31.12349726775956	1945	1
31.151475409836067	1230	1
31.154426229508193	1503	1
31.157486338797813	576	1
31.166557377049177	44	1
31.209508196721313	4377	1
31.291693989071035	1379	1
31.29502732240437	489	1
31.31535519125683	9649	1
31.328087431693987	5530	1
31.350273224043715	2228	1
31.41655737704918	1618	1
31.482131147540983	7673	1
31.484918032786883	3442	1
31.5375956284153	1411	1
31.554535519125682	9758	1
31.55693989071038	1074	1
31.56978142076503	3745	1
31.57431693989071	2810	1
31.595737704918033	6973	1
31.625464480874314	5322	1
31.66377049180328	4426	1
31.704371584699455	3633	1
31.705355191256828	1128	1
31.731639344262295	8255	1
31.74584699453552	3757	1
31.74901639344262	3294	1
31.764863387978142	6356	1
31.768251366120218	6552	1
31.790601092896175	126	1
31.796830601092896	5243	1
31.819672131147538	3083	1
31.839562841530057	8437	1
31.845519125683058	8974	1
31.874754098360658	76	1
31.880710382513662	556	1
31.905081967213114	2159	1
31.913442622950818	3978	1
31.937868852459015	9241	1
31.988524590163934	4614	1
31.994699453551913	5124	1
32.01508196721311	230	1
32.01972677595628	7339	1
32.07	3839	1
32.07704918032787	4991	1
32.11311475409836	940	1
32.11672131147541	9101	1
32.12060109289617	2401	1
32.140491803278685	4661	1
32.16131147540984	4634	1
32.18027322404372	3396	1
32.19224043715847	9431	1
32.19508196721311	2809	1
32.19546448087432	7255	1
32.200819672131146	4944	1
32.2016393442623	5271	1
32.20431693989071	1021	1
32.21896174863388	1103	1
32.23005464480874	4280	1
32.24273224043716	4323	1
32.268907103825136	4994	1
32.27983606557377	82	1
32.283879781420765	1765	1
32.290218579234974	2092	1
32.30655737704918	4042	1
32.31136612021858	1733	1
32.34770491803279	6873	1
32.38486338797814	7649	1
32.395081967213116	1446	1
32.44448087431694	8004	1
32.450054644808745	3264	1
32.45732240437159	6850	1
32.463879781420765	6745	1
32.47032786885246	889	1
32.47639344262295	4851	1
32.48393442622951	3944	1
32.49103825136612	7104	1
32.501639344262294	1905	1
32.55606557377049	9120	1
32.58147540983607	4010	1
32.588524590163935	6261	1
32.5924043715847	7763	1
32.595136612021854	1356	1
32.60852459016393	7811	1
32.61666666666667	8635	1
32.620655737704915	4517	1
32.62459016393443	2668	1
32.62606557377049	9559	1
32.67639344262295	4785	1
32.6924043715847	343	1
32.69497267759563	2832	1
32.706721311475405	2315	1
32.7383606557377	1144	1
32.767431693989074	4999	1
32.76934426229508	7292	1
32.77081967213115	3451	1
32.83606557377049	9278	1
32.84065573770492	7621	1
32.874535519125686	566	1
32.87765027322404	1766	1
32.87765027322404	307	1
32.91579234972678	1812	1
32.953497267759566	1532	1
32.96666666666667	1319	1
32.98311475409836	9764	1
32.98393442622951	4225	1
33.00469945355191	8918	1
33.01	5940	1
33.04349726775956	4573	1
33.07153005464481	6443	1
33.078360655737704	342	1
33.10808743169399	821	1
33.11453551912568	4313	1
33.15147540983607	7539	1
33.16420765027323	8556	1
33.16431693989071	9899	1
33.18032786885246	3701	1
33.19163934426229	8806	1
33.19459016393442	8513	1
33.19983606557377	4334	1
33.223934426229505	8363	1
33.24333333333333	6440	1
33.26043715846995	4852	1
33.29142076502732	5189	1
33.33945355191257	1671	1
33.34174863387978	9040	1
33.34989071038252	5657	1
33.352732240437156	9436	1
33.364371584699455	1498	1
33.37338797814208	4073	1
33.377759562841526	1754	1
33.38387978142077	2910	1
33.38956284153006	9219	1
33.40918032786885	1422	1
33.42852459016393	9813	1
33.442896174863385	2868	1
33.44825136612022	5467	1
33.511420765027324	7975	1
33.51874316939891	5042	1
33.52661202185792	1083	1
33.52846994535519	7957	1
33.54267759562842	8861	1
33.54289617486339	8446	1
33.547814207650276	3204	1
33.55502732240437	8703	1
33.58786885245902	3297	1
33.590327868852455	4520	1
33.59245901639344	3349	1
33.59732240437158	3789	1
33.62868852459016	4158	1
33.64136612021858	3773	1
33.65715846994535	1756	1
33.678688524590164	5026	1
33.68120218579235	4729	1
33.71464480874317	520	1
33.715737704918034	4821	1
33.71786885245901	718	1
33.73469945355191	6762	1
33.7427868852459	3228	1
33.7455737704918	5092	1
33.78748633879781	9315	1
33.794754098360656	3826	1
33.80174863387978	6185	1
33.843005464480875	5338	1
33.84398907103825	6143	1
33.85071038251366	4112	1
33.88983606557377	660	1
33.8955737704918	4011	1
33.91125683060109	4110	1
33.92590163934426	2180	1
33.954098360655735	8716	1
33.96939890710382	4636	1
33.98021857923497	4731	1
33.98797814207651	5660	1
34.055573770491804	8654	1
34.081420765027325	7709	1
34.082896174863386	5899	1
34.084644808743164	4255	1
34.094207650273226	4151	1
34.1183606557377	4548	1
34.140601092896176	4530	1
34.19087431693989	2911	1
34.234863387978145	8068	1
34.265191256830605	8754	1
34.265846994535515	5121	1
34.2672131147541	909	1
34.27622950819672	8760	1
34.27923497267759	5418	1
34.280437158469944	3380	1
34.283879781420765	216	1
34.289890710382515	3103	1
34.29076502732241	4976	1
34.30387978142077	6280	1
34.31256830601093	5263	1
34.32491803278688	2200	1
34.32573770491803	4028	1
34.33540983606557	8540	1
34.34540983606557	5410	1
34.34803278688524	3887	1
34.360601092896175	2435	1
34.368415300546445	9423	1
34.37699453551913	5103	1
34.409617486338796	6151	1
34.44092896174863	8890	1
34.49027322404371	3331	1
34.534480874316934	3195	1
34.538251366120214	9155	1
34.53890710382514	9977	1
34.58	6729	1
34.604262295081966	7129	1
34.627814207650275	6636	1
34.63879781420765	3542	1
34.64934426229508	1371	1
34.68693989071038	6717	1
34.69054644808743	1815	1
34.694316939890705	7992	1
34.70885245901639	5470	1
34.73803278688525	9122	1
34.75295081967213	8404	1
34.800765027322406	4522	1
34.81251366120218	9493	1
34.82978142076503	9856	1
34.83437158469945	3551	1
34.90857923497268	9675	1
34.91224043715847	646	1
34.918907103825134	900	1
34.92770491803278	7989	1
34.93792349726776	6280	0
34.93863387978142	3880	1
34.94273224043715	3760	1
34.9448087431694	5761	1
34.94978142076503	5496	1
34.95344262295082	5274	1
34.96628415300546	5414	1
35.006120218579234	7153	1
35.02464480874317	5640	1
35.024808743169395	3977	1
35.03431693989071	1448	1
35.0355737704918	9802	1
35.03628415300547	581	1
35.05573770491803	8656	1
35.071256830601094	2282	1
35.0968306010929	2864	1
35.09912568306011	6456	1
35.103497267759565	1930	1
35.12568306010929	6459	1
35.12939890710383	7468	1
35.13956284153005	5772	1
35.143879781420765	9232	1
35.144371584699456	7592	1
35.148688524590156	2478	1
35.1679781420765	2221	1
35.18229508196721	2518	1
35.18825136612021	6599	1
35.20021857923497	3637	1
35.20142076502732	860	1
35.207486338797814	2904	1
35.235519125683055	3160	1
35.235628415300546	8715	1
35.24251366120219	5362	1
35.25677595628416	9199	1
35.29306010928962	2177	1
35.30103825136612	1678	1
35.33513661202186	7979	1
35.339999999999996	8326	1
35.38923497267759	4846	1
35.51677595628416	2297	1
35.529289617486334	7237	1
35.529726775956284	9388	1
35.53617486338798	5511	1
35.562677595628415	8450	1
35.56644808743169	6097	1
35.60256830601092	1080	1
35.60786885245901	2003	1
35.608743169398906	2038	1
35.62387978142077	4714	1
35.6327868852459	3845	1
35.63814207650274	8924	1
35.65071038251366	1107	1
35.675027322404375	2097	1
35.68715846994536	1916	1
35.69054644808743	5794	1
35.69120218579235	9855	1
35.70562841530055	4727	1
35.72792349726776	4401	1
35.72857923497268	7426	1
35.73021857923497	5363	1
35.74890710382514	6386	1
35.75644808743169	6264	1
35.76382513661202	5213	1
35.77579234972678	4708	1
35.77775956284153	5221	1
35.778633879781424	1897	1
35.79655737704918	4580	1
35.8264480874317	9459	1
35.84437158469946	7630	1
35.86	5545	1
35.868415300546445	6697	1
35.86846994535519	3031	1
35.89622950819672	2498	1
35.901748633879784	3002	1
35.92169398907104	3474	1
35.93043715846994	2360	1
35.95699453551912	4406	1
35.96699453551913	1686	1
35.98065573770492	4777	1
36.01185792349727	1844	1
36.083606557377045	8127	1
36.08868852459016	4095	1
36.11120218579235	923	1
36.115191256830606	3182	1
36.129617486338795	8843	1
36.17213114754099	7901	1
36.174207650273225	1541	1
36.19792349726776	8282	1
36.20120218579235	9850	0
36.2324043715847	7855	1
36.23836065573771	5165	1
36.23868852459016	398	1
36.247595628415304	8668	1
36.27207650273224	3624	1
36.30978142076503	1278	1
36.31060109289618	5065	1
36.325027322404374	4776	1
36.33524590163934	3750	1
36.33743169398907	2905	1
36.36704918032787	976	1
36.437322404371585	7409	1
36.446994535519124	7907	1
36.46775956284153	1932	1
36.484098360655736	3657	1
36.48704918032787	5445	1
36.49535519125683	6143	0
36.52814207650273	6821	1
36.54289617486339	8592	1
36.54639344262295	2790	1
36.58092896174863	6514	1
36.589344262295086	8086	1
36.607923497267755	9896	1
36.60923497267759	7248	1
36.616939890710384	788	1
36.64043715846994	4473	1
36.659562841530054	6132	1
36.665956284153005	8935	1
36.67661202185793	7706	1
36.69939890710382	5294	1
36.716229508196726	4246	1
36.8207650273224	2533	1
36.84415300546448	3398	1
36.86185792349726	1115	1
36.865464480874316	6069	1
36.876666666666665	501	1
36.8803825136612	665	1
36.88136612021857	9513	1
36.89169398907104	4690	1
36.9116393442623	3696	1
36.92021857923497	8591	1
36.9475956284153	1730	1
36.95540983606558	6531	1
36.959781420765026	6117	1
36.96382513661202	9927	1
36.98956284153005	2669	1
36.99054644808743	8860	1
37.00032786885246	4040	1
37.002021857923495	9145	1
37.03092896174863	6549	1
37.03185792349727	9427	1
37.034918032786884	3769	1
37.03704918032787	1202	1
37.03961748633879	9311	1
37.04677595628415	2317	1
37.048142076502735	9543	1
37.053606557377044	1680	1
37.07087431693989	7300	1
37.07147540983607	3181	1
37.07846994535519	4766	1
37.10327868852459	2848	1
37.10475409836065	2650	1
37.107213114754096	5746	1
37.11256830601093	6316	1
37.12103825136612	4452	1
37.136721311475405	3618	1
37.13934426229508	8213	1
37.141256830601094	9142	1
37.166338797814205	1241	1
37.19573770491803	263	1
37.232896174863384	3580	1
37.2611475409836	8132	1
37.26907103825136	3739	1
37.27513661202185	6401	1
37.28639344262295	2162	1
37.31393442622951	3177	1
37.33409836065574	5298	1
37.34131147540983	3212	1
37.35546448087432	2463	1
37.385956284153	4645	1
37.41540983606557	4492	1
37.41661202185792	4886	1
37.4227868852459	1024	1
37.48043715846995	7395	1
37.503169398907104	8961	1
37.51032786885246	4490	1
37.5103825136612	3449	1
37.5255737704918	8374	1
37.52732240437158	6442	1
37.54617486338798	8188	1
37.566448087431695	7002	1
37.58633879781421	2044	1
37.58677595628416	8695	1
37.61863387978142	1348	1
37.61863387978142	110	1
37.62311475409836	7174	1
37.6320218579235	5173	1
37.6524043715847	5415	1
37.66213114754098	6000	1
37.68814207650273	65	1
37.69677595628415	2232	1
37.70251366120219	8175	1
37.7227868852459	5114	1
37.72754098360656	9492	1
37.7355737704918	6846	1
37.76120218579235	9057	1
37.77584699453552	414	1
37.777759562841524	8350	1
37.78606557377049	2502	1
37.80327868852459	2674	1
37.81393442622951	7977	1
37.82224043715847	9465	1
37.8379781420765	8074	1
37.8472131147541	5176	1
37.87311475409836	1089	1
37.878196721311475	1802	1
37.88584699453552	2059	1
37.88989071038251	7263	1
37.897978142076504	2825	1
37.898469945355195	3196	1
37.919016393442625	6187	1
37.92147540983606	2736	1
37.923825136612024	7693	1
37.925956284153	4128	1
37.929781420765025	6320	1
37.933278688524595	2771	1
37.938360655737704	3346	1
37.94153005464481	6211	1
37.95808743169399	9199	0
37.978852459016395	4637	1
37.981366120218574	3943	1
38.01551912568306	4981	1
38.04054644808743	4612	1
38.07950819672131	8533	1
38.08726775956284	2089	1
38.10027322404371	2515	1
38.13207650273224	2407	1
38.15573770491803	6965	1
38.15950819672131	9884	1
38.18366120218579	5903	1
38.19814207650273	6635	1
38.2203825136612	638	1
38.236284153005464	5783	1
38.24021857923498	8503	1
38.259945355191256	1182	1
38.264371584699454	2164	1
38.282349726775955	9816	1
38.28896174863388	3654	1
38.29256830601093	7799	1
38.34387978142077	1666	1
38.358360655737705	5063	1
38.369836065573764	9840	1
38.405136612021856	568	1
38.43207650273224	6691	1
38.46568306010929	2756	1
38.47360655737705	8352	1
38.50049180327869	2914	1
38.52612021857924	3145	1
38.55459016393443	8422	1
38.57825136612022	7819	1
38.623715846994536	7886	1
38.64513661202185	1364	1
38.66213114754098	8867	1
38.683879781420764	6283	1
38.68524590163934	9330	1
38.69453551912568	1704	1
38.719071038251364	7557	1
38.74792349726776	332	1
38.76715846994536	9295	1
38.77508196721312	1126	1
38.79901639344262	3232	1
38.805573770491804	4769	1
38.81945355191257	2570	1
38.82338797814207	7943	1
38.826830601092894	8952	1
38.8296174863388	4964	1
38.83825136612022	9782	1
38.84775956284153	6053	1
38.8487431693989	9248	1
38.87650273224044	5067	1
38.87967213114754	8537	1
38.9079781420765	9199	1
38.9348087431694	6775	1
38.93939890710383	5628	1
38.949617486338795	1608	0
38.95273224043716	4472	1
39.006830601092894	3285	1
39.018852459016394	4035	1
39.02234972677596	3403	1
39.033169398907106	812	1
39.03448087431694	7473	1
39.042131147540985	4763	1
39.05415300546448	9693	1
39.06131147540983	5960	1
39.12142076502732	9554	1
39.12770491803279	6920	1
39.14409836065573	1409	1
39.152076502732235	1413	1
39.156229508196716	4350	1
39.17191256830601	5308	1
39.213551912568306	6174	1
39.245628415300544	2444	1
39.24918032786885	8130	1
39.25404371584699	4850	1
39.27699453551912	529	1
39.278907103825134	8818	1
39.28174863387978	777	1
39.29606557377049	1651	1
39.30295081967213	6852	1
39.306284153005464	3804	1
39.31311475409836	9475	1
39.366612021857925	2408	1
39.368032786885244	1900	1
39.43016393442623	7981	1
39.43273224043716	691	1
39.43644808743169	1096	1
39.44032786885246	2759	1
39.44234972677595	964	1
39.452677595628415	7179	1
39.48295081967213	3230	1
39.5051912568306	8420	1
39.50754098360655	7879	1
39.50863387978142	3035	1
39.513934426229504	2300	1
39.5427868852459	1793	1
39.550327868852456	9672	1
39.55617486338798	5755	1
39.56786885245902	1212	1
39.57497267759563	6327	1
39.58661202185792	8565	1
39.60065573770492	4104	1
39.60174863387978	9530	1
39.609016393442616	5123	1
39.62224043715847	8078	1
39.71333333333333	6722	1
39.7368306010929	3830	1
39.74092896174863	1105	1
39.76967213114754	7868	1
39.80459016393443	6548	1
39.809999999999995	6905	1
39.832622950819676	1797	1
39.853060109289615	3958	1
39.8683606557377	2462	1
39.91431693989071	2194	1
39.91710382513661	2977	1
39.92819672131147	6405	1
39.93114754098361	7919	1
39.94382513661202	7689	1
39.95934426229508	4736	1
39.97196721311475	1854	1
39.9727868852459	1309	1
39.99469945355191	4437	1
39.99748633879781	8009	1
40.0048087431694	2027	1
40.0179781420765	5641	1
40.01945355191257	199	1
40.026338797814205	6596	1
40.03655737704918	6267	1
40.06803278688525	5014	1
40.07661202185792	5700	1
40.08289617486339	5081	1
40.08377049180328	4528	1
40.08803278688524	7574	1
40.1003825136612	6481	1
40.11693989071038	9954	1
40.128087431693984	5420	1
40.144262295081965	8229	1
40.16306010928962	2648	1
40.20551912568306	5117	1
40.20551912568306	6746	1
40.23601092896175	9717	1
40.24060109289618	9139	1
40.30021857923498	8914	1
40.31224043715847	4947	1
40.32639344262295	9707	1
40.330273224043715	1928	1
40.34016393442623	6728	1
40.36071038251366	1979	1
40.37049180327869	6711	1
40.38251366120218	4153	1
40.39109289617486	8850	1
40.396120218579235	2773	1
40.398743169398905	9008	1
40.403333333333336	8557	1
40.40819672131148	6454	1
40.40972677595628	8562	1
40.41153005464481	9876	1
40.428360655737706	4926	1
40.45393442622951	3099	1
40.46491803278688	1943	1
40.49016393442623	7656	1
40.496830601092896	2896	1
40.502349726775954	8942	1
40.50289617486339	477	1
40.51185792349727	4968	1
40.605956284153	5532	1
40.61431693989071	2323	1
40.68748633879781	186	1
40.69939890710383	8395	1
40.709398907103825	7487	1
40.72863387978142	7611	1
40.745300546448085	3802	1
40.74885245901639	2925	1
40.76163934426229	9540	1
40.762950819672135	5046	1
40.812677595628415	7045	0
40.84382513661202	9055	1
40.854972677595626	7834	1
40.88590163934426	2893	1
40.90448087431694	6160	1
40.923825136612024	4746	1
40.92409836065574	3201	1
40.93256830601093	85	1
40.93393442622951	9516	1
40.95497267759563	468	1
40.974754098360656	4810	1
40.99562841530055	9286	1
40.997650273224046	293	1
41.018907103825136	9462	1
41.0324043715847	6489	1
41.04229508196722	1312	1
41.04901639344262	4058	1
41.052896174863385	6325	1
41.05508196721311	5289	1
41.058524590163934	5074	1
41.0644262295082	8904	1
41.070874316939886	4709	1
41.078852459016396	9222	1
41.10344262295082	8831	1
41.13491803278688	9596	1
41.149071038251364	1697	1
41.159562841530054	7345	1
41.163715846994535	9486	1
41.17218579234972	6485	1
41.18590163934426	16	1
41.20912568306011	6054	1
41.254972677595624	8859	1
41.27207650273224	9333	1
41.28147540983607	5649	1
41.298852459016395	642	1
41.30169398907104	1998	1
41.303715846994535	9951	1
41.342622950819674	6191	1
41.355956284153	9607	1
41.3572131147541	117	1
41.36158469945355	3056	1
41.367267759562836	2075	1
41.38158469945355	2336	1
41.39918032786885	6480	1
41.42098360655738	9267	1
41.430109289617484	7498	1
41.463989071038256	7837	1
41.47612021857924	8815	1
41.50475409836066	5637	1
41.52743169398907	9250	1
41.55295081967213	482	1
41.556065573770496	8636	1
41.57830601092896	2656	1
41.584808743169404	1917	1
41.60775956284152	4451	1
41.62229508196721	9501	1
41.634480874316935	7737	1
41.63546448087431	8358	1
41.64601092896174	8266	1
41.67546448087432	6129	1
41.70120218579235	2246	1
41.704863387978136	7644	1
41.70830601092896	1555	1
41.7275956284153	6478	1
41.732568306010926	7392	1
41.737158469945356	7998	1
41.73874316939891	5017	1
41.74147540983606	4208	1
41.74245901639345	738	1
41.761420765027324	329	1
41.79049180327869	4985	1
41.82311475409836	8432	1
41.829836065573765	3650	1
41.836393442622956	7770	1
41.84081967213115	3718	1
41.863224043715846	2022	1
41.88333333333333	5071	1
41.91956284153005	8743	1
41.92781420765027	9097	1
41.93743169398907	8610	1
42.0051912568306	6861	1
42.0120218579235	2899	1
42.03601092896175	7918	1
42.040601092896175	7278	1
42.06830601092896	8670	1
42.07349726775956	7601	1
42.087431693989075	474	1
42.08901639344263	1133	1
42.10409836065573	7676	1
42.109453551912566	896	1
42.11038251366121	5361	1
42.11573770491803	4159	1
42.1179781420765	2388	1
42.118469945355194	5349	1
42.11901639344262	4126	1
42.12939890710382	6627	1
42.16890710382514	4307	1
42.173060109289615	7093	1
42.18956284153005	6080	1
42.19267759562842	6527	1
42.19907103825136	9416	1
42.20497267759563	4626	1
42.21748633879781	9126	1
42.23792349726776	8783	1
42.23841530054645	1892	1
42.25710382513661	9987	1
42.2944262295082	7814	1
42.31218579234972	1906	1
42.313770491803275	4146	1
42.317158469945355	7176	1
42.323551912568306	8911	1
42.32699453551912	1072	1
42.33803278688524	2835	1
42.3383606557377	9420	1
42.33874316939891	6503	1
42.35032786885246	4198	1
42.361420765027326	9316	1
42.36639344262295	5427	1
42.391256830601094	73	1
42.4244262295082	4903	1
42.44989071038251	2510	1
42.465027322404374	2745	1
42.49857923497268	9472	1
42.50655737704918	4287	1
42.51295081967213	8555	1
42.53180327868853	9660	1
42.5403825136612	2850	1
42.55459016393442	9632	1
42.57622950819672	2933	1
42.58267759562842	6203	1
42.58398907103825	5169	1
42.5927868852459	9085	1
42.61524590163934	749	1
42.615901639344266	9991	1
42.62262295081967	3819	1
42.63513661202186	8109	1
42.65540983606557	5872	1
42.65825136612022	2048	1
42.683879781420764	6834	1
42.699016393442626	5504	1
42.709726775956284	8454	1
42.71109289617486	4987	1
42.71978142076503	630	1
42.73677595628415	7318	1
42.741530054644805	4513	1
42.754043715847	8527	1
42.75715846994535	83	1
42.762896174863386	8722	1
42.77092896174863	1700	1
42.7768306010929	8180	1
42.80125683060109	9738	1
42.80185792349727	9047	1
42.84322404371585	5756	1
42.86016393442623	2768	1
42.86726775956284	4199	1
42.88049180327869	6019	1
42.890874316939886	7381	1
42.89360655737705	9571	1
42.93032786885245	8812	1
42.93748633879781	6994	1
42.97092896174863	5430	1
42.97901639344262	578	1
42.99191256830601	7781	1
42.999781420765025	201	1
43.003606557377054	5439	1
43.00726775956284	7027	1
43.02792349726776	3911	1
43.033551912568306	4788	1
43.03704918032787	3752	1
43.04071038251366	590	1
43.06273224043716	6748	1
43.072349726775954	1950	1
43.07513661202186	9409	1
43.07639344262295	5136	1
43.109890710382516	4843	1
43.11743169398907	1878	1
43.121366120218575	7257	1
43.13994535519126	7720	1
43.14289617486338	3458	1
43.1451912568306	5813	1
43.15081967213114	723	1
43.16912568306011	9034	1
43.184808743169405	9352	1
43.192950819672134	5052	1
43.195956284153006	4076	1
43.20387978142076	242	1
43.21737704918033	6154	1
43.23311475409836	771	1
43.249071038251365	3037	0
43.25158469945355	997	1
43.26540983606557	5553	1
43.26715846994535	9933	1
43.285792349726776	5406	1
43.293989071038254	1194	1
43.304535519125686	905	1
43.32437158469945	4940	1
43.361639344262294	4127	1
43.362076502732236	848	1
43.37437158469945	9285	1
43.39289617486338	9973	1
43.39322404371585	9748	1
43.404316939890705	1763	1
43.42065573770491	589	1
43.42284153005465	7571	1
43.43978142076503	6825	1
43.44765027322404	3441	1
43.46890710382513	8433	1
43.500491803278685	7344	1
43.508087431693994	653	1
43.51338797814208	4309	1
43.52267759562841	7460	1
43.52830601092896	8934	1
43.54081967213115	4119	1
43.55360655737705	7924	1
43.56852459016394	4421	1
43.56879781420765	6148	1
43.5735519125683	8147	1
43.575683060109284	2615	1
43.58344262295082	2697	1
43.603442622950816	2875	1
43.613169398907104	7861	1
43.64120218579235	2769	1
43.66568306010929	7575	1
43.667923497267765	7681	1
43.676885245901644	717	1
43.68557377049181	7414	1
43.69830601092896	9022	1
43.74863387978142	9161	1
43.75551912568306	1434	1
43.772295081967215	8569	1
43.78863387978142	2178	1
43.79612021857923	8201	1
43.813387978142075	5506	1
43.822459016393445	3850	1
43.832076502732235	6757	1
43.85005464480874	3946	1
43.879289617486336	2622	1
43.88617486338798	7569	1
43.90398907103825	4326	1
43.9207650273224	7130	1
43.981092896174864	4244	1
43.98524590163934	8483	1
43.99863387978142	8333	1
44.00136612021858	6014	1
44.01300546448087	6227	1
44.03169398907104	7138	1
44.037650273224045	3511	1
44.04174863387978	2596	1
44.055245901639346	4756	1
44.072459016393445	2021	1
44.074644808743166	5009	1
44.07633879781421	4732	1
44.0779781420765	9301	1
44.08497267759562	452	1
44.11032786885246	2251	1
44.124808743169396	20	1
44.14027322404372	808	1
44.14371584699453	1458	1
44.15224043715847	2765	1
44.160327868852455	3501	1
44.16284153005464	5750	1
44.18606557377049	8671	1
44.18644808743169	228	1
44.1879781420765	2066	1
44.190983606557374	8100	1
44.214262295081966	2250	1
44.216448087431694	2985	1
44.21743169398907	219	1
44.2503825136612	504	1
44.256174863387976	4923	1
44.28338797814208	7317	1
44.29453551912569	6375	1
44.30715846994536	5018	1
44.33573770491803	205	1
44.3396174863388	9736	1
44.374043715846994	2212	1
44.39475409836066	8456	1
44.40420765027323	6674	1
44.4220218579235	5695	1
44.426010928961745	8953	1
44.435464480874316	7822	1
44.45169398907104	9854	1
44.457540983606556	3413	1
44.46972677595628	7657	1
44.48	985	1
44.48579234972677	8502	1
44.49743169398907	1494	1
44.50704918032787	3641	1
44.51819672131147	6661	1
44.52983606557377	9087	1
44.54896174863388	9708	1
44.55754098360656	6648	1
44.57562841530055	115	1
44.585901639344264	1132	1
44.58950819672131	6812	1
44.60857923497268	2354	1
44.61377049180328	3856	1
44.624098360655736	3406	1
44.63060109289617	5329	1
44.65163934426229	762	1
44.65191256830601	3852	1
44.66612021857924	6438	1
44.68573770491803	9698	1
44.69650273224043	3565	1
44.712349726775955	8598	1
44.73661202185792	6087	1
44.74868852459016	8704	1
44.75153005464481	1292	1
44.77081967213115	213	1
44.782732240437156	1753	1
44.81251366120218	2931	1
44.81819672131147	9216	1
44.82928961748634	1297	1
44.83032786885246	8022	1
44.84617486338798	7273	1
44.86224043715847	9418	1
44.87054644808743	121	1
44.87153005464481	6336	1
44.89360655737705	4734	1
44.895792349726776	6039	1
44.90754098360656	2828	1
44.91245901639344	574	1
44.919836065573776	4755	1
44.930983606557376	3961	1
44.93535519125683	8514	1
44.95732240437158	1691	1
44.95775956284153	9616	1
44.97743169398907	4248	1
44.99136612021858	1384	1
44.99885245901639	8981	1
45.01021857923497	150	1
45.03021857923497	8882	1
45.03994535519126	3937	1
45.060765027322404	8205	1
45.075409836065575	3213	1
45.07617486338798	9313	1
45.08360655737705	9926	1
45.104590163934425	9589	1
45.12737704918033	6042	1
45.13693989071038	2489	1
45.14901639344262	4908	1
45.16213114754098	5995	1
45.16945355191257	6848	1
45.17508196721312	8902	1
45.18491803278688	1436	1
45.20612021857924	4499	1
45.213551912568306	8515	1
45.22366120218579	8275	1
45.231803278688524	7015	1
45.23284153005465	7756	1
45.24136612021858	4316	1
45.243879781420766	2993	1
45.24409836065574	6882	1
45.24606557377049	6765	1
45.26207650273224	4269	1
45.265464480874314	7696	1
45.27961748633879	5843	1
45.29234972677595	7418	1
45.29497267759563	2641	1
45.32327868852459	947	1
45.33628415300546	5038	1
45.336612021857924	3245	1
45.35486338797814	5193	1
45.367322404371585	8529	1
45.38382513661202	7548	1
45.38765027322405	8319	1
45.389071038251366	9113	1
45.38918032786885	1394	1
45.40125683060109	4189	1
45.409836065573764	9396	1
45.41448087431694	2114	0
45.420874316939894	1601	1
45.437267759562836	4977	1
45.45355191256831	7066	1
45.45584699453552	3702	1
45.457049180327864	4794	1
45.45868852459016	4586	1
45.472841530054644	6520	1
45.476994535519125	9585	1
45.49251366120219	6590	1
45.49950819672131	7371	1
45.5179781420765	5546	1
45.52316939890711	7021	1
45.529726775956284	9906	1
45.54874316939891	8921	1
45.55612021857924	4860	1
45.56355191256831	1533	1
45.636010928961745	7307	1
45.652513661202185	3308	1
45.65770491803279	5924	1
45.66530054644809	7117	1
45.69841530054644	3257	1
45.703060109289616	3357	1
45.71754098360656	6640	1
45.72792349726775	6823	1
45.74551912568306	8575	1
45.76601092896175	9429	1
45.774426229508194	7658	1
45.82704918032786	8732	1
45.83672131147541	7421	1
45.84841530054644	5999	1
45.87049180327869	1665	1
45.87879781420765	1947	1
45.89360655737705	586	1
45.89448087431694	1403	1
45.90896174863388	1416	1
45.91978142076503	3448	1
45.933114754098355	7685	1
45.94355191256831	3957	1
45.98109289617486	4638	1
45.99693989071038	8604	1
46.025355191256835	8094	1
46.027978142076506	1530	1
46.045573770491806	1852	1
46.052240437158474	9583	1
46.07715846994535	1975	1
46.1055737704918	4893	1
46.115464480874316	288	1
46.12956284153005	9830	1
46.15568306010929	678	1
46.162677595628416	787	1
46.165355191256836	2	1
