0.04574907103825137	8858	1
0.24636666666666665	4336	1
0.2818065573770492	7110	1
0.31768579234972677	2099	1
0.3607207650273224	8252	1
0.39881584699453554	5842	1
0.40351912568306014	220	1
0.4431273224043716	6493	1
0.4556814207650273	8613	1
0.4593464480874317	7213	1
0.4767196721311475	383	1
0.5292213114754099	576	1
0.5430978142076504	2110	1
0.5436448087431693	8543	1
0.5732677595628415	2991	1
0.7181857923497267	5173	1
0.7300819672131148	9097	1
0.7462131147540984	7192	1
0.8001147540983606	4204	1
0.8119945355191257	518	1
0.8318852459016394	7315	1
0.849879781420765	1931	1
0.907120218579235	7404	1
0.9146448087431694	2462	1
0.9384426229508197	4994	1
0.9738852459016393	5478	1
1.0755245901639345	5093	1
1.1101530054644808	6111	1
1.1156994535519125	5859	1
1.1642349726775958	6157	1
1.1865792349726776	8036	1
1.2548142076502733	7224	1
1.2931147540983605	8674	1
1.3040054644808743	2839	1
1.3359234972677596	4936	1
1.3466994535519126	4860	1
1.3542131147540981	9943	1
1.3557704918032787	279	1
1.3720983606557378	8242	1
1.400879781420765	6263	1
1.6108360655737703	2744	1
1.622896174863388	2886	1
1.6476666666666666	5712	1
1.6649945355191258	6081	1
1.6697868852459017	5829	1
1.6976721311475411	3263	1
1.774103825136612	8604	1
1.78348087431694	1330	1
1.793601092896175	9822	1
1.8035792349726776	4691	1
1.8083060109289617	7438	1
1.8194316939890711	6519	1
1.8524918032786883	5637	1
1.8578797814207648	2992	1
1.9003387978142074	7728	1
1.9957540983606556	6936	1
2.0931803278688523	9322	1
2.1207868852459018	863	1
2.1294098360655735	4469	1
2.217087431693989	2019	1
2.2267103825136614	9753	1
2.2696666666666667	5177	1
2.2810601092896174	8642	1
2.2856830601092897	2712	1
2.312622950819672	9527	1
2.3593551912568307	4529	1
2.3599071038251367	2641	1
2.3679289617486337	8543	0
2.513743169398907	6523	1
2.5921202185792347	4001	1
2.6327868852459018	9626	1
2.6915846994535517	8629	1
2.9875846994535515	7533	1
3.1201092896174862	5550	1
3.135103825136612	4884	1
3.1732349726775957	7764	1
3.2071639344262297	5811	1
3.2421803278688524	5488	1
3.270584699453552	476	1
3.277437158469945	9746	1
3.3795573770491805	4165	1
3.4059726775956283	7176	1
3.448644808743169	1436	1
3.46427868852459	1321	1
3.4730000000000003	1688	1
3.56175956284153	2378	1
3.6015956284153003	4773	1
3.692967213114754	1662	1
3.8210601092896175	8429	1
3.862568306010929	9956	1
3.879672131147541	231	1
3.9096666666666664	2756	1
4.004928961748634	513	1
4.037344262295082	3485	1
4.038994535519126	4474	1
4.045262295081967	8154	1
4.096590163934426	8569	1
4.1703879781420765	4795	1
4.360896174863388	3007	1
4.454677595628414	1192	1
4.612021857923497	9757	1
4.658147540983606	2166	1
4.69263387978142	8052	1
4.704087431693989	1706	1
4.798633879781421	4321	1
4.810601092896174	6844	1
4.833579234972677	5794	1
4.859622950819672	2100	1
4.928158469945355	7324	1
4.940967213114754	5851	1
4.9620601092896175	7255	1
4.988524590163935	3246	1
5.081994535519126	9139	1
5.106590163934427	2403	1
5.156448087431694	7892	1
5.172103825136611	8661	1
5.17948087431694	9198	1
5.218726775956283	8026	1
5.25779781420765	5285	1
5.311633879781421	6744	1
5.3249180327868855	8229	1
5.474043715846995	8322	1
5.551967213114754	1816	1
5.571420765027322	68	1
5.573606557377049	3517	1
5.597814207650273	1956	1
5.669508196721311	1218	1
5.670819672131148	3822	1
5.784426229508196	8263	1
5.891693989071038	2871	1
5.961857923497267	9688	1
5.970327868852459	7651	1
6.014535519125683	6057	1
6.020491803278688	5815	1
6.044699453551913	9339	1
6.056448087431694	4014	1
6.076666666666666	1155	1
6.186557377049181	6839	1
6.233387978142076	1767	1
6.235409836065574	1684	1
6.270273224043716	1230	1
6.3640983606557375	8218	1
6.396830601092896	3170	1
6.447431693989071	9863	1
6.453060109289617	1291	1
6.509945355191257	4776	1
6.550491803278689	3563	1
6.5672131147540975	7009	1
6.5757377049180326	2470	1
6.5774316939890705	8130	1
6.641584699453551	8040	1
6.6737158469945355	9368	1
6.741748633879781	6127	1
6.769398907103825	6397	1
6.80792349726776	9193	1
6.869453551912568	2306	1
6.905136612021858	1650	1
6.926666666666666	5104	1
7.003770491803279	8697	1
7.1166120218579225	4341	1
7.204808743169399	8767	1
7.273989071038251	3550	1
7.275464480874317	4668	1
7.2956830601092895	5257	1
7.305956284153005	6798	1
7.315081967213115	1224	1
7.385136612021858	3519	1
7.46431693989071	4157	1
7.479344262295082	8585	1
7.487377049180328	9171	1
7.583661202185793	3465	1
7.622841530054645	814	1
7.6424043715847	3409	1
7.688852459016394	9336	1
7.695191256830601	2686	1
7.701967213114754	4686	1
7.73120218579235	353	1
7.756174863387978	69	1
7.756885245901639	9537	1
7.765464480874317	9694	1
7.790218579234973	9011	1
7.830655737704918	2228	1
7.859071038251366	5238	1
7.868469945355192	6408	1
7.883825136612022	7414	1
7.901857923497268	984	1
7.917814207650273	3094	1
7.926939890710382	2307	1
7.944535519125683	9216	1
7.959726775956285	8427	1
8.048579234972678	4492	1
8.050273224043716	9416	1
8.054535519125684	1792	1
8.057431693989072	7962	1
8.05792349726776	9837	1
8.062677595628415	1541	1
8.06792349726776	2405	1
8.09327868852459	4057	1
8.119890710382514	4087	1
8.21448087431694	4845	1
8.216939890710382	7443	1
8.242622950819673	4239	1
8.294262295081968	8163	1
8.31087431693989	3581	1
8.31672131147541	4331	1
8.329726775956285	7128	1
8.338306010928962	6615	1
8.340546448087432	1905	1
8.36295081967213	1165	1
8.370983606557377	3501	1
8.42983606557377	8671	1
8.436775956284153	1140	1
8.443606557377048	4883	1
8.465300546448088	845	1
8.482185792349727	1393	1
8.56879781420765	7825	1
8.60639344262295	9340	1
8.62863387978142	4688	1
8.634207650273225	4766	1
8.640163934426228	7354	1
8.644043715846994	13	1
8.655136612021858	2474	1
8.668087431693989	5328	1
8.669234972677595	5152	1
8.758524590163935	391	1
8.870601092896175	7142	1
8.879890710382513	3022	1
8.890983606557377	8274	1
8.891475409836065	4875	1
8.936229508196721	9465	1
9.024371584699454	9882	1
9.13808743169399	6522	1
9.146775956284152	5059	1
9.159562841530054	9083	1
9.16551912568306	9134	1
9.175081967213115	1830	1
9.214863387978141	6054	1
9.215901639344263	8830	1
9.247431693989071	323	1
9.256065573770492	4594	1
9.28622950819672	3916	1
9.286284153005465	9142	1
9.309781420765027	5757	1
9.324590163934426	9656	1
9.325464480874317	9523	1
9.356284153005463	8536	1
9.378415300546449	8361	1
9.404262295081967	7869	1
9.422950819672131	2670	1
9.434426229508196	879	1
9.443825136612022	3551	1
9.466994535519126	5543	1
9.470273224043716	4535	1
9.481256830601092	8048	1
9.506010928961748	35	1
9.522185792349726	6750	1
9.558907103825137	5750	1
9.563825136612023	8998	1
9.567814207650272	2503	1
9.590054644808744	5211	1
9.662568306010929	2527	1
9.713169398907104	7529	1
9.72120218579235	56	1
9.744535519125684	4972	1
9.749234972677595	3547	1
9.772786885245901	8491	1
9.781256830601093	4978	1
9.811803278688524	6696	1
9.814207650273223	6660	1
9.899672131147542	5270	1
9.931748633879781	8989	1
9.952622950819674	4868	1
10.010109289617487	5011	1
10.04311475409836	4750	1
10.055573770491803	5126	1
10.068579234972677	5942	1
10.07688524590164	8615	1
10.096065573770492	3625	1
10.100655737704917	9273	1
10.106448087431692	3529	1
10.116775956284153	5869	1
10.141530054644807	2738	1
10.170382513661202	9804	1
10.223278688524589	8749	1
10.238032786885247	2799	1
10.254153005464481	6720	1
10.25486338797814	4421	1
10.305409836065575	8005	1
10.357978142076503	3036	1
10.365628415300545	5446	1
10.37601092896175	9686	1
10.439945355191256	9487	1
10.465300546448086	958	1
10.477103825136611	3264	1
10.482076502732241	7720	1
10.518743169398908	2255	1
10.534918032786885	2073	1
10.540983606557377	1583	1
10.55846994535519	5615	1
10.566994535519125	4617	1
10.586502732240437	1002	1
10.626229508196722	1508	1
10.662677595628416	6313	1
10.66344262295082	5057	1
10.673224043715848	6687	1
10.690819672131148	5496	1
10.722131147540983	2226	1
10.72808743169399	832	1
10.750218579234973	9985	1
10.769234972677596	2575	1
10.819508196721312	2793	1
10.890437158469945	2639	1
10.891147540983605	6942	1
10.909234972677595	628	1
10.911092896174864	7868	1
10.91207650273224	3738	1
10.9303825136612	3523	1
10.935901639344262	9634	1
11.06087431693989	5924	1
11.065081967213114	3821	1
11.087540983606559	8430	1
11.092295081967213	7800	1
11.09327868852459	5171	1
11.113224043715846	3251	1
11.139781420765027	6200	1
11.149781420765027	9708	1
11.167868852459016	8139	1
11.168415300546448	778	1
11.185409836065574	9280	1
11.218306010928961	6638	1
11.222295081967214	6194	1
11.252622950819672	8665	1
11.255737704918033	1664	1
11.260928961748634	6518	1
11.268579234972679	2704	1
11.30464480874317	5117	1
11.32360655737705	9650	1
11.332185792349726	5556	1
11.382131147540983	6336	1
11.458306010928961	7795	1
11.465628415300547	4888	1
11.501748633879782	7779	1
11.502131147540982	2881	1
11.580928961748633	7212	1
11.630109289617486	5830	1
11.643387978142076	9053	1
11.651530054644807	2561	1
11.673169398907103	219	1
11.76087431693989	7678	1
11.798196721311475	2544	1
11.834808743169399	5349	1
11.848415300546447	7846	1
11.879617486338798	3510	1
11.911311475409835	9627	1
11.913661202185791	185	1
11.942131147540984	3507	1
11.95863387978142	6854	1
12.005956284153006	9261	1
12.111748633879781	275	1
12.114644808743169	8145	1
12.1248087431694	6368	1
12.145683060109288	7954	1
12.155901639344261	1172	1
12.161530054644809	8513	1
12.197377049180327	6028	1
12.219726775956284	6745	1
12.24	3537	1
12.242513661202187	4149	1
12.250765027322403	6298	1
12.263661202185792	7912	1
12.293934426229509	660	1
12.299398907103825	5079	1
12.316065573770492	9752	1
12.322513661202185	4034	1
12.328360655737704	8831	1
12.37775956284153	8752	1
12.3824043715847	6923	1
12.420710382513661	4584	1
12.48551912568306	7662	1
12.511475409836065	1279	1
12.516393442622949	1143	1
12.523169398907104	456	1
12.588196721311474	1804	1
12.594535519125682	7674	1
12.59497267759563	3565	1
12.628907103825137	3918	1
12.637049180327868	8530	1
12.670710382513661	6026	1
12.701584699453553	9025	1
12.726775956284154	6475	1
12.745628415300548	2777	1
12.768469945355191	8426	1
12.77983606557377	6950	1
12.79136612021858	6492	1
12.813224043715847	1881	1
12.829617486338798	1939	1
12.838797814207648	9748	1
12.844535519125682	3810	1
12.844918032786886	7289	1
12.938306010928962	6878	1
12.962021857923496	2693	1
12.969726775956286	9522	1
13.00896174863388	5102	1
13.010819672131147	9293	1
13.01551912568306	6445	1
13.022076502732242	3298	1
13.068251366120219	147	1
13.07502732240437	4842	1
13.104426229508197	1173	1
13.114098360655738	8746	1
13.12398907103825	5637	0
13.170765027322403	2391	1
13.179071038251365	8859	1
13.260601092896176	5088	1
13.279234972677596	3540	1
13.29174863387978	7698	1
13.294371584699455	4863	1
13.330765027322405	5985	1
13.361420765027322	7458	1
13.367704918032786	728	1
13.371311475409836	7435	1
13.430765027322405	6567	1
13.446120218579235	7285	1
13.474262295081967	5422	1
13.546120218579235	8602	1
13.546939890710384	7666	1
13.55863387978142	5221	1
13.575300546448089	7719	1
13.577049180327869	9275	1
13.586830601092897	3603	1
13.626338797814206	2901	1
13.67431693989071	2657	1
13.727322404371584	7964	1
13.766830601092895	4065	1
13.786885245901638	6001	1
13.828415300546448	2400	1
13.899071038251366	9837	0
14.011311475409835	8620	1
14.015464480874316	571	1
14.020491803278688	5801	1
14.021967213114754	4476	1
14.067322404371584	6359	1
14.142185792349727	1921	1
14.183606557377049	4269	1
14.205956284153006	6899	1
14.209781420765028	9858	1
14.25934426229508	2778	1
14.277322404371585	8363	1
14.295792349726774	8841	1
14.305573770491803	169	1
14.320218579234972	5744	1
14.324699453551913	8068	1
14.337704918032788	6825	1
14.353770491803278	915	1
14.400655737704918	3164	1
14.409071038251366	6303	1
14.413169398907103	9108	1
14.427213114754098	1452	1
14.446120218579233	8286	1
14.476939890710382	7410	1
14.480273224043716	5836	1
14.517540983606557	5930	1
14.538579234972678	4841	1
14.541693989071039	9920	1
14.58	8421	1
14.608743169398908	8359	1
14.60967213114754	4572	1
14.61568306010929	5823	1
14.631530054644807	771	1
14.649781420765027	5182	1
14.658087431693989	6679	1
14.691420765027322	3374	1
14.699453551912569	8898	1
14.71431693989071	2544	0
14.760928961748633	6767	1
14.763825136612022	4227	1
14.765300546448087	7658	1
14.796120218579235	5107	1
14.806885245901638	4701	1
14.864918032786884	4877	1
14.938688524590162	3290	1
14.98207650273224	5905	1
14.989672131147541	3223	1
15.018032786885247	7347	1
15.021530054644808	4960	1
15.03	4991	1
15.030327868852458	5492	1
15.093060109289617	2312	1
15.119289617486338	8788	1
15.142732240437157	7594	1
15.144371584699455	8085	1
15.154207650273223	8348	1
15.168415300546448	9903	1
15.16950819672131	7933	1
15.173551912568305	2813	1
15.24710382513661	8164	1
15.254043715846993	4363	1
15.290109289617487	7794	1
15.316229508196722	1597	1
15.33344262295082	8784	1
15.365464480874316	6457	1
15.380819672131146	4280	1
15.391967213114754	9427	1
15.415409836065574	3129	1
15.42207650273224	8477	1
15.507650273224044	1293	1
15.516830601092895	4778	1
15.539781420765026	4436	1
15.589289617486338	8777	1
15.601366120218579	6556	1
15.602896174863387	7047	1
15.604207650273224	2733	1
15.614808743169398	4940	1
15.66688524590164	3609	1
15.685628415300545	9181	1
15.685901639344262	3964	1
15.716120218579235	6715	1
15.730601092896174	9185	1
15.730819672131148	7374	1
15.739016393442622	4656	1
15.751803278688524	9234	1
15.754043715846993	9894	1
15.755191256830601	9717	1
15.773661202185792	6277	1
15.791693989071037	3154	1
15.796721311475409	6580	1
15.797213114754099	6872	1
15.850819672131149	9739	1
15.873551912568306	7081	1
15.905409836065575	3225	1
15.910327868852459	4597	1
15.93311475409836	7297	1
15.96551912568306	3902	1
15.968743169398907	6552	1
16.02103825136612	2760	1
16.043278688524587	4439	1
16.05224043715847	6850	1
16.07918032786885	515	1
16.101092896174865	4189	1
16.13398907103825	6535	1
16.164262295081965	9507	1
16.202185792349727	6278	1
16.21743169398907	727	1
16.224262295081967	9864	1
16.284535519125683	9899	1
16.337704918032788	5384	1
16.340819672131147	7722	1
16.367923497267757	8525	1
16.382677595628415	9591	1
16.414590163934427	2460	1
16.45054644808743	1200	1
16.52120218579235	7713	1
16.527595628415302	6281	1
16.547431693989072	6643	1
16.555737704918034	3380	1
16.617540983606556	7411	1
16.680819672131147	8326	1
16.692185792349726	6895	1
16.707431693989072	6973	1
16.73726775956284	717	1
16.739071038251367	8597	1
16.751584699453552	4181	1
16.805409836065575	7657	1
16.8220218579235	7111	1
16.82879781420765	7118	1
16.863551912568305	3800	1
16.88437158469945	9261	0
16.88535519125683	4146	1
16.897814207650274	6960	1
16.904590163934426	7436	1
16.911256830601094	918	1
16.95885245901639	8505	1
16.964098360655736	4140	1
16.984371584699453	6239	1
17.03120218579235	8102	1
17.031420765027324	5779	1
17.08737704918033	3477	1
17.12765027322404	97	1
17.13830601092896	3028	1
17.154808743169397	5380	1
17.159508196721312	6782	1
17.17103825136612	2020	1
17.189890710382514	3340	1
17.19382513661202	9531	1
17.2224043715847	9165	1
17.23896174863388	1859	1
17.26360655737705	4805	1
17.30327868852459	6588	1
17.3396174863388	1889	1
17.37016393442623	1186	1
17.382021857923498	3217	1
17.396338797814206	9788	1
17.401639344262293	4706	1
17.482513661202187	6812	1
17.482677595628417	7409	1
17.501584699453552	2964	1
17.510601092896174	7124	1
17.54775956284153	3927	1
17.5672131147541	7553	1
17.619453551912567	5591	1
17.645956284153005	546	1
17.675409836065572	5772	1
17.67655737704918	5470	1
17.703224043715846	6074	1
17.70502732240437	8025	1
17.742131147540984	8506	1
17.756448087431693	6196	1
17.797377049180326	2845	1
17.80890710382514	313	1
17.848142076502732	3199	1
17.8527868852459	5395	1
17.892349726775958	2484	1
17.902131147540985	3132	1
17.911475409836065	989	1
17.928469945355193	1547	1
17.957103825136613	2607	1
18.024644808743172	2996	1
18.02841530054645	2628	1
18.040819672131146	6510	1
18.17295081967213	1042	1
18.220710382513662	5100	1
18.252185792349728	8917	1
18.25775956284153	1391	1
18.262568306010927	2447	1
18.2824043715847	483	1
18.315245901639344	9262	1
18.321967213114753	1572	1
18.35530054644809	7310	1
18.35775956284153	7242	1
18.359562841530057	2897	1
18.436612021857922	7693	1
18.443387978142077	8708	1
18.458743169398904	1515	1
18.481475409836065	4394	1
18.506284153005463	3726	1
18.53366120218579	1423	1
18.55218579234973	1483	1
18.559398907103823	5191	1
18.591092896174864	8904	1
18.6055737704918	79	1
18.61808743169399	9232	1
18.621147540983607	1770	1
18.63983606557377	621	1
18.65573770491803	9308	1
18.702404371584702	5782	1
18.730218579234975	1448	1
18.732240437158467	671	1
18.737158469945356	6449	1
18.751038251366122	4989	1
18.83912568306011	8591	1
18.943825136612023	1087	1
18.961530054644808	2401	1
18.985081967213116	7462	1
19.02021857923497	9020	1
19.05704918032787	2354	1
19.146393442622948	9392	1
19.183879781420764	5078	1
19.23218579234973	5748	1
19.248743169398907	7514	1
19.250273224043717	4757	1
19.25169398907104	9660	1
19.255136612021857	8689	1
19.26688524590164	8907	1
19.26754098360656	2359	1
19.268415300546447	8114	1
19.2824043715847	6033	1
19.31901639344262	3557	1
19.342295081967215	1014	1
19.36885245901639	3549	1
19.375245901639346	344	1
19.41606557377049	5633	1
19.43120218579235	3419	1
19.45284153005464	680	1
19.509234972677596	2427	1
19.514426229508196	3770	1
19.526666666666667	4548	1
19.547431693989072	9085	1
19.59846994535519	4707	1
19.61295081967213	751	1
19.639945355191255	8872	1
19.656338797814207	7475	1
19.71289617486339	5984	1
19.727540983606556	3657	1
19.731803278688524	6461	1
19.738852459016393	4290	1
19.762513661202185	4600	1
19.76551912568306	2231	1
19.775191256830603	9089	1
19.79502732240437	1612	1
19.797322404371585	8875	1
19.830601092896178	5364	1
19.862732240437158	6659	1
19.960928961748632	9323	1
19.963551912568306	3457	1
19.972349726775956	4705	1
19.988743169398905	1557	1
20.001092896174864	2249	1
20.050218579234972	2413	1
20.06327868852459	8798	1
20.07693989071038	4772	1
20.101311475409837	9223	1
20.10945355191257	7697	1
20.126612021857923	1099	1
20.14016393442623	3178	1
20.144918032786887	6505	1
20.16704918032787	8462	1
20.216229508196722	4142	1
20.2872131147541	2872	1
20.300983606557377	457	1
20.301366120218578	190	1
20.379016393442626	5401	1
20.381420765027322	3710	1
20.39464480874317	703	1
20.398579234972676	4294	1
20.403169398907103	9938	1
20.417158469945353	225	1
20.439672131147542	5626	1
20.450273224043716	6130	1
20.46704918032787	9722	1
20.524590163934427	8042	1
20.550928961748635	601	1
20.597103825136614	191	1
20.602131147540984	7681	1
20.606612021857924	1911	1
20.659180327868853	2437	1
20.743169398907103	7164	1
20.794863387978143	5570	1
20.806065573770493	5156	1
20.83213114754098	8287	1
20.874316939890708	1691	1
20.890601092896176	5494	1
20.913770491803277	5947	1
20.93535519125683	7188	1
20.974754098360656	9536	1
21.015792349726773	3749	1
21.01846994535519	1958	1
21.105081967213113	4528	1
21.112513661202186	6404	1
21.124699453551912	8635	1
21.16551912568306	3904	1
21.220218579234974	6117	1
21.235081967213112	3910	1
21.249453551912566	616	1
21.277868852459015	9596	1
21.33775956284153	8825	1
21.39989071038251	5676	1
21.430655737704917	6934	1
21.449617486338795	5609	1
21.473497267759562	4055	1
21.475846994535516	367	1
21.48125683060109	8478	1
21.564262295081967	6562	1
21.566994535519125	6294	1
21.569125683060108	4562	1
21.57092896174863	4541	1
21.57169398907104	6700	1
21.577540983606557	5168	1
21.5872131147541	4976	1
21.60426229508197	4631	1
21.65103825136612	3986	1
21.657158469945355	1070	1
21.680819672131147	7329	1
21.721256830601092	9525	1
21.722622950819673	7238	1
21.773060109289617	1824	1
21.80666666666667	423	1
21.81639344262295	3745	1
21.939672131147542	7824	1
21.953060109289616	5455	1
21.960054644808743	5826	1
21.98918032786885	831	1
22.00174863387978	3420	1
22.02617486338798	6472	1
22.029234972677596	4327	1
22.052295081967213	6921	1
22.135081967213114	6186	1
22.137704918032785	2694	1
22.179890710382512	6884	1
22.186338797814205	6453	1
22.22344262295082	204	1
22.226120218579236	3798	1
22.25655737704918	8088	1
22.270491803278688	6207	1
22.28464480874317	1778	1
22.339672131147537	3198	1
22.41846994535519	6792	1
22.41879781420765	8384	1
22.426010928961748	5224	1
22.440382513661202	3159	1
22.47256830601093	646	1
22.47622950819672	2203	1
22.488852459016393	7848	1
22.50677595628415	7881	1
22.50928961748634	2335	1
22.54535519125683	3448	1
22.560054644808744	9455	1
22.584590163934426	3566	1
22.628852459016393	9286	1
22.63071038251366	6043	1
22.671256830601095	9381	1
22.703879781420763	5240	1
22.71814207650273	1184	1
22.731857923497266	9497	1
22.73606557377049	1468	1
22.744316939890712	4770	1
22.788087431693988	4565	1
22.80765027322404	8754	1
22.83535519125683	8955	1
22.837322404371584	8670	1
22.84672131147541	9031	1
22.863661202185792	8669	1
22.870163934426227	2700	1
22.876994535519124	9677	1
22.880273224043716	3312	1
22.893169398907105	8529	1
22.941530054644808	7936	1
22.94502732240437	3747	1
22.988142076502733	8450	1
23.012950819672128	422	1
23.045081967213115	2979	1
23.080109289617486	6909	1
23.091967213114753	4349	1
23.099672131147543	2962	1
23.102404371584697	6292	1
23.10502732240437	5323	1
23.11207650273224	1455	1
23.142185792349725	7034	1
23.14688524590164	5081	1
23.186448087431696	4186	1
23.24153005464481	7814	1
23.251420765027323	3807	1
23.260928961748633	4329	1
23.27639344262295	3253	1
23.296502732240437	3525	1
23.307868852459016	6377	1
23.317431693989068	2619	1
23.33120218579235	9350	1
23.370218579234972	1415	1
23.375409836065575	6302	1
23.391967213114754	9245	1
23.393551912568306	731	1
23.404371584699454	6802	1
23.40606557377049	1234	1
23.414590163934427	8889	1
23.428688524590164	6806	1
23.4348087431694	2466	1
23.444699453551912	1678	1
23.469453551912565	3826	1
23.49207650273224	7106	1
23.53568306010929	5583	1
23.55622950819672	4463	1
23.56983606557377	1429	1
23.59174863387978	5131	1
23.61502732240437	2574	1
23.648251366120217	3	1
23.6572131147541	2553	1
23.669781420765027	1338	1
23.674207650273225	2739	1
23.68333333333333	2957	1
23.693770491803278	3774	1
23.697650273224045	8119	1
23.6996174863388	131	1
23.699890710382515	6918	1
23.7	1580	1
23.714535519125683	2324	1
23.71502732240437	4718	1
23.731475409836065	3888	1
23.73535519125683	3898	1
23.742732240437157	2519	1
23.760601092896174	6386	1
23.77825136612022	7979	1
23.786939890710382	6675	1
23.79327868852459	8915	1
23.80125683060109	3698	1
23.814098360655738	1616	1
23.8248087431694	5403	1
23.852185792349726	8161	1
23.854699453551913	540	1
23.861366120218577	3148	1
23.88415300546448	2283	1
23.88464480874317	6238	1
23.904535519125684	1277	1
23.904644808743168	8880	1
23.91464480874317	7494	1
23.917377049180324	7368	1
23.933715846994538	9582	1
23.939234972677596	8259	1
23.94672131147541	8398	1
23.959781420765026	5606	1
24.031857923497267	207	1
24.05535519125683	7045	1
24.056830601092898	6907	1
24.06639344262295	7871	1
24.080765027322403	7247	1
24.081475409836067	7097	1
24.083715846994536	6820	1
24.113606557377047	1872	1
24.133333333333333	6667	1
24.14765027322404	5190	1
24.166502732240435	23	1
24.180765027322405	1074	1
24.19535519125683	5552	1
24.19628415300546	6210	1
24.198633879781422	3765	1
24.198907103825135	7790	1
24.217377049180325	2123	1
24.225573770491803	786	1
24.239890710382515	9744	1
24.25431693989071	1414	1
24.262677595628414	3883	1
24.27338797814208	1718	1
24.29295081967213	7359	1
24.294972677595627	9997	1
24.303442622950822	6447	1
24.306065573770493	2	1
24.31464480874317	9640	1
24.320437158469947	3853	1
24.325464480874317	6544	1
24.32934426229508	5241	1
24.330163934426228	4455	1
24.33273224043716	997	1
24.33868852459016	1623	1
24.356120218579235	4377	1
24.359125683060107	9070	1
24.369562841530055	8257	1
24.383114754098358	9041	1
24.383497267759566	8667	1
24.40568306010929	8811	1
24.421584699453554	8486	1
24.421857923497267	6729	1
24.424918032786884	7817	1
24.43857923497268	8685	1
24.439016393442625	7166	1
24.444754098360654	1558	1
24.446502732240436	7407	1
24.448251366120218	5959	1
24.452459016393444	1845	1
24.452513661202186	4193	1
24.4527868852459	7723	1
24.456120218579237	5423	1
24.457650273224044	8701	1
24.4603825136612	7859	1
24.471639344262293	9084	1
24.48819672131148	6883	1
24.50344262295082	2214	1
24.50502732240437	9797	1
24.510054644808744	3756	1
24.51846994535519	7680	1
24.523114754098362	9284	1
24.523333333333333	7624	1
24.535628415300547	9787	1
24.54191256830601	8703	1
24.5424043715847	5849	1
24.543497267759562	3509	1
24.547650273224043	2691	1
24.55726775956284	8364	1
24.561311475409834	8116	1
24.57142076502732	2869	1
24.5724043715847	7712	1
24.573442622950818	9666	1
24.575136612021858	5520	1
24.591639344262294	4404	1
24.591967213114756	1179	1
24.6096174863388	5913	1
24.61229508196721	6224	1
24.630601092896175	8849	1
24.647868852459016	6743	1
24.656448087431695	4882	1
24.6572131147541	1360	1
24.659398907103824	4178	1
24.66415300546448	599	1
24.673715846994536	8494	1
24.678907103825136	7618	1
24.678907103825136	1582	1
24.691748633879783	2066	1
24.707704918032785	9755	1
24.710928961748632	5022	1
24.712404371584697	4306	1
24.712677595628413	6852	1
24.717759562841533	6524	1
24.724644808743168	4248	1
24.725792349726778	4666	1
24.735136612021858	8624	1
24.766502732240436	8512	1
24.777978142076503	5402	1
24.809234972677597	3981	1
24.81169398907104	7736	1
24.822295081967212	6223	1
24.823060109289617	790	1
24.83486338797814	8966	1
24.841420765027323	1608	1
24.84191256830601	7292	1
24.84617486338798	8461	1
24.852021857923496	2304	1
24.852076502732242	7476	1
24.85857923497268	3843	1
24.87295081967213	2678	1
24.896994535519124	7338	1
24.903934426229508	6503	1
24.908524590163935	2980	1
24.913606557377047	9269	1
24.918087431693987	4763	1
24.925191256830598	8658	1
24.93360655737705	9319	1
24.961639344262295	2797	1
24.964262295081966	8325	1
24.972841530054644	3961	1
24.996174863387978	7897	1
24.997704918032788	3005	1
25.003497267759563	2854	1
25.006612021857922	4070	1
25.037868852459017	5934	1
25.060437158469945	3189	1
25.064426229508197	1122	1
25.077814207650274	8128	1
25.083715846994533	3636	1
25.084535519125684	3962	1
25.08497267759563	9544	1
25.08601092896175	6231	1
25.09071038251366	2833	1
25.09431693989071	2606	1
25.095956284153004	551	1
25.104262295081966	1575	1
25.106338797814207	2442	1
25.110710382513663	3785	1
25.12426229508197	1196	1
25.12830601092896	7908	1
25.12989071038251	230	1
25.133551912568304	9498	1
25.133551912568304	7399	1
25.135792349726774	1150	1
25.145464480874317	8122	1
25.17071038251366	3335	1
25.182677595628416	9784	1
25.18693989071038	4187	1
25.190109289617485	5731	1
25.203497267759563	3795	1
25.204043715846996	719	1
25.204808743169398	9850	1
25.206994535519122	4609	1
25.212459016393442	5105	1
25.218907103825135	5382	1
25.220109289617486	8852	1
25.221639344262293	6000	1
25.231748633879782	9761	1
25.23633879781421	9509	1
25.260928961748633	8748	1
25.2648087431694	9359	1
25.26781420765027	7541	1
25.268961748633878	4268	1
25.293387978142075	314	1
25.296994535519126	2976	1
25.29830601092896	1466	1
25.306830601092894	2452	1
25.324426229508198	3956	1
25.32601092896175	6416	1
25.344590163934427	6530	1
25.36398907103825	8901	1
25.36469945355191	1642	1
25.366010928961746	3157	1
25.36918032786885	869	1
25.369234972677596	8465	1
25.370983606557377	1687	1
25.37142076502732	2768	1
25.37142076502732	2681	1
25.379234972677594	6184	1
25.380710382513662	7437	1
25.385136612021856	7155	1
25.38639344262295	4385	1
25.393497267759564	4678	1
25.39655737704918	3339	1
25.40344262295082	2251	1
25.42021857923497	2740	1
25.428360655737706	7244	1
25.431803278688523	1053	1
25.432841530054645	9780	1
25.4651912568306	6432	1
25.49644808743169	8963	1
25.500054644808742	8318	1
25.50453551912568	8172	1
25.51841530054645	4123	1
25.52005464480874	3834	1
25.525300546448086	174	1
25.543661202185792	337	1
25.580218579234973	1870	1
25.585573770491802	4998	1
25.589890710382516	925	1
25.629234972677594	3179	1
25.645245901639345	8879	1
25.659672131147538	794	1
25.66016393442623	4762	1
25.678579234972677	8217	1
25.687978142076503	5822	1
25.691475409836066	5625	1
25.6975956284153	4556	1
25.700765027322404	8548	1
25.712459016393442	3488	1
25.716666666666665	7069	1
25.721967213114755	2490	1
25.748524590163935	3430	1
25.749125683060107	1257	1
25.75	7281	1
25.751366120218577	7183	1
25.751803278688527	9901	1
25.756830601092897	4208	1
25.773060109289617	4953	1
25.77333333333333	8000	1
25.781693989071037	2481	1
25.78967213114754	2057	1
25.810765027322407	1479	1
25.814316939890713	2464	1
25.821202185792348	6073	1
25.82464480874317	4357	1
25.827759562841532	5037	1
25.845573770491804	755	1
25.876612021857923	9709	1
25.897540983606554	9353	1
25.91016393442623	1085	1
25.928360655737706	691	1
25.94950819672131	1545	1
25.950382513661204	9447	1
25.952349726775957	6583	1
25.95415300546448	2531	1
25.959289617486338	4104	1
25.959781420765026	8610	1
25.966393442622948	5205	1
25.966612021857923	8515	1
25.970163934426232	6971	1
25.982732240437155	3985	1
25.984207650273223	2552	1
25.98748633879781	2058	1
25.994043715846995	1652	1
25.9972131147541	8582	1
26.000109289617487	5356	1
26.003661202185793	7466	1
26.00464480874317	6649	1
26.018415300546447	5467	1
26.03005464480874	1304	1
26.0327868852459	1874	1
26.034590163934425	1649	1
26.037540983606558	8334	1
26.066284153005466	3301	1
26.08327868852459	179	1
26.08344262295082	2476	1
26.090928961748634	3867	1
26.095081967213112	2540	1
26.118907103825137	4894	1
26.1224043715847	8637	1
26.139726775956284	7863	1
26.175081967213117	7364	1
26.188360655737704	9438	1
26.190437158469944	6270	1
26.22224043715847	6063	1
26.228743169398907	3884	1
26.232295081967212	7744	1
26.28814207650273	7382	1
26.2948087431694	183	1
26.297868852459015	9889	1
26.30540983606557	6591	1
26.309617486338794	2029	1
26.32967213114754	9149	1
26.32983606557377	2857	1
26.34349726775956	3921	1
26.35360655737705	6661	1
26.355792349726777	2539	1
26.358961748633877	1440	1
26.36590163934426	4611	1
26.366120218579237	4407	1
26.370983606557377	4889	1
26.393005464480876	4197	1
26.393005464480876	6616	1
26.41502732240437	9231	1
26.417650273224044	3365	1
26.422131147540984	4573	1
26.426174863387978	7442	1
26.430874316939892	3387	1
26.452677595628412	7668	1
26.458688524590166	5699	1
26.459289617486338	9383	1
26.459945355191255	7922	1
26.46950819672131	5259	1
26.480273224043714	9425	1
26.504754098360653	9429	1
26.51415300546448	2405	0
26.52863387978142	7007	1
26.542786885245903	4854	1
26.554207650273224	7251	1
26.55551912568306	1439	1
26.555792349726772	5038	1
26.574535519125682	8063	1
26.578469945355188	1322	1
26.581092896174866	6378	1
26.600655737704916	8211	1
26.610437158469946	2420	1
26.61912568306011	2321	1
26.625628415300547	4905	1
26.63005464480874	8200	1
26.65754098360656	4240	1
26.666775956284155	4977	1
26.670218579234973	2329	1
26.687704918032786	5378	1
26.689781420765026	9489	1
26.694918032786884	3398	1
26.697049180327866	3439	1
26.699125683060107	2599	1
26.707486338797814	3500	1
26.70978142076503	9071	1
26.719890710382515	6434	1
26.73142076502732	3357	1
26.73431693989071	6486	1
26.741147540983608	907	1
26.748415300546448	6446	1
26.77311475409836	911	1
26.786994535519124	6912	1
26.81502732240437	4606	1
26.818524590163936	5193	1
26.818579234972674	7366	1
26.83568306010929	6176	1
26.84	6339	1
26.855136612021855	8696	1
26.864262295081968	9944	1
26.86901639344262	7269	1
26.88229508196721	2248	1
26.88551912568306	8020	1
26.917704918032786	3516	1
26.924098360655737	5369	1
26.926721311475408	8948	1
26.93622950819672	1033	1
26.936502732240434	2583	1
26.936830601092897	1037	1
26.944043715846995	7262	1
26.9475956284153	11	1
26.97256830601093	7844	1
26.977540983606556	2993	1
26.981693989071037	3023	1
26.98989071038251	86	1
26.99224043715847	2931	1
26.99349726775956	8366	1
27.000054644808742	92	1
27.010327868852457	9496	1
27.020109289617487	4962	1
27.02469945355191	6083	1
27.027213114754097	2313	1
27.028142076502732	4726	1
27.03404371584699	5627	1
27.046448087431692	5847	1
27.056448087431697	2940	1
27.069945355191255	7918	1
27.070054644808742	6163	1
27.107486338797813	6713	1
27.12125683060109	6986	1
27.135245901639344	2025	1
27.140273224043717	5839	1
27.145956284153005	7272	1
27.15174863387978	4551	1
27.167978142076503	7064	1
27.17295081967213	8162	1
27.184207650273226	6833	1
27.185355191256832	9632	1
27.186612021857922	6353	1
27.196666666666665	6089	1
27.210765027322402	6885	1
27.222295081967214	8561	1
27.222513661202186	1406	1
27.252349726775957	6178	1
27.258196721311478	7727	1
27.26153005464481	7706	1
27.27087431693989	825	1
27.28071038251366	7180	1
27.281311475409836	2946	1
27.28218579234973	6142	1
27.28989071038251	5817	1
27.29158469945355	4158	1
27.313224043715845	3791	1
27.32469945355191	3802	1
27.325846994535517	3278	1
27.32688524590164	2261	1
27.341475409836065	2936	1
27.343278688524588	3013	1
27.34377049180328	7608	1
27.35333333333333	302	1
27.359344262295078	3650	1
27.375245901639346	7245	1
27.386612021857925	4534	1
27.399945355191257	1167	1
27.40551912568306	3697	1
27.430273224043717	809	1
27.447704918032784	9022	1
27.461748633879782	4857	1
27.4644262295082	6257	1
27.47825136612022	3947	1
27.49967213114754	5030	1
27.515573770491805	713	1
27.530601092896177	8135	1
27.544699453551914	9561	1
27.54825136612022	9297	1
27.558142076502733	1215	1
27.56071038251366	8297	1
27.56830601092896	7493	1
27.58743169398907	6602	1
27.588579234972677	9451	1
27.597322404371585	1123	1
27.62207650273224	4458	1
27.622677595628414	9984	1
27.62431693989071	4333	1
27.630874316939888	3601	1
27.631147540983605	6392	1
27.641256830601094	7841	1
27.647814207650274	2984	1
27.652349726775956	1589	1
27.654754098360655	8399	1
27.666120218579234	2981	1
27.674754098360655	415	1
27.68333333333333	2662	1
27.684207650273226	3840	1
27.684754098360656	9528	1
27.69814207650273	929	1
27.721202185792347	7688	1
27.72360655737705	1655	1
27.729781420765026	3288	1
27.75071038251366	3590	1
27.76726775956284	8743	1
27.76792349726776	5760	1
27.784371584699453	7816	1
27.788142076502734	701	1
27.80672131147541	3512	1
27.816994535519125	3589	1
27.83153005464481	9315	1
27.835464480874318	7606	1
27.85087431693989	6800	1
27.875956284153006	170	1
27.886448087431692	1250	1
27.886612021857925	9176	1
27.898032786885246	8733	1
27.918360655737704	6761	1
27.941092896174865	3489	1
27.947814207650275	6955	1
27.94874316939891	4536	1
27.951803278688523	8056	1
27.956393442622954	4449	1
27.965846994535518	6075	1
27.975628415300548	1381	1
27.98207650273224	5867	1
27.98256830601093	6398	1
27.987978142076503	9120	1
27.9996174863388	2840	1
28.009781420765027	9564	1
28.009999999999998	3073	1
28.04825136612022	3392	1
28.08590163934426	3319	1
28.093333333333334	9410	1
28.104644808743167	6106	1
28.112349726775957	8539	1
28.11622950819672	2180	1
28.13841530054645	7563	1
28.150054644808744	2210	1
28.15885245901639	5580	1
28.159508196721312	654	1
28.200819672131146	3248	1
28.218415300546447	7053	1
28.22327868852459	3203	1
28.262131147540984	3426	1
28.265081967213117	8443	1
28.28032786885246	6060	1
28.29153005464481	4567	1
28.291639344262293	12	1
28.294972677595627	8599	1
28.30743169398907	55	1
28.329617486338798	6717	1
28.33497267759563	6286	1
28.338524590163935	7749	1
28.353169398907106	4727	1
28.36	9573	1
28.397814207650274	995	1
28.40486338797814	443	1
28.43207650273224	7546	1
28.439508196721313	5602	1
28.439508196721313	2831	1
28.476502732240437	5486	1
28.486502732240435	9026	1
28.51830601092896	742	1
28.524207650273222	4375	1
28.53234972677596	4954	1
28.57224043715847	1695	1
28.57896174863388	7017	1
28.585464480874318	2918	1
28.58568306010929	2988	1
28.593005464480875	9300	1
28.60573770491803	9998	1
28.612622950819674	8103	1
28.62650273224044	6018	1
28.633169398907103	8278	1
28.633551912568304	6957	1
28.63792349726776	7104	1
28.645956284153005	8212	1
28.659289617486337	5710	1
28.661366120218577	3780	1
28.66174863387978	7298	1
28.668469945355188	2763	1
28.669344262295084	563	1
28.670710382513658	4113	1
28.674371584699454	542	1
28.68021857923497	1294	1
28.70896174863388	1269	1
28.732786885245904	6112	1
28.733661202185793	1943	1
28.74377049180328	4913	1
28.749344262295082	3751	1
28.758306010928962	7335	1
28.770218579234974	8978	1
28.77786885245902	5199	1
28.77989071038251	6362	1
28.78349726775956	9983	1
28.80486338797814	1427	1
28.81196721311475	8837	1
28.812021857923497	1884	1
28.82360655737705	9937	1
28.83497267759563	3137	1
28.843497267759563	5635	1
28.856666666666666	2003	1
28.857049180327866	5961	1
28.86005464480874	634	1
28.88	8499	1
28.88934426229508	6283	1
28.89950819672131	6047	1
28.90191256830601	878	1
28.904316939890712	8934	1
28.911147540983606	9081	1
28.91841530054645	1526	1
28.919945355191256	1308	1
28.929289617486337	5695	1
28.929398907103828	2055	1
28.932786885245903	6575	1
28.939234972677596	2644	1
28.957814207650273	6092	1
28.962404371584697	4710	1
28.982896174863388	1968	1
28.998196721311476	4843	1
28.999071038251365	967	1
29.003114754098362	1252	1
29.045136612021857	3291	1
29.050819672131148	3865	1
29.059562841530052	4636	1
29.062404371584698	8988	1
29.067540983606555	2072	1
29.084699453551913	3847	1
29.126338797814206	3977	1
29.134207650273222	4380	1
29.13868852459016	1828	1
29.141639344262295	1236	1
29.14765027322404	9921	1
29.147704918032787	699	1
29.15737704918033	4577	1
29.169726775956285	7972	1
29.172568306010927	8454	1
29.17306010928962	5596	1
29.184043715846993	8055	1
29.185519125683058	6974	1
29.18879781420765	1598	1
29.20606557377049	4307	1
29.210819672131144	6155	1
29.22901639344262	8699	1
29.233715846994535	5878	1
29.242786885245902	965	1
29.25415300546448	6943	1
29.280163934426227	5969	1
29.281202185792353	5302	1
29.295245901639344	5928	1
29.311475409836063	9024	1
29.333060109289615	4488	1
29.339071038251365	8380	1
29.343169398907104	3021	1
29.35065573770492	197	1
29.35808743169399	2472	1
29.35814207650273	6305	1
29.367213114754097	5975	1
29.377814207650275	4124	1
29.395081967213116	1482	1
29.406120218579233	3983	1
29.42349726775956	7934	1
29.423934426229508	3061	1
29.433442622950817	5512	1
29.434918032786886	5133	1
29.43672131147541	5590	1
29.45	6501	1
29.466284153005464	9329	1
29.473606557377046	6170	1
29.474754098360656	3341	1
29.47677595628415	7205	1
29.491530054644805	8394	1
29.493497267759565	7337	1
29.515245901639346	3329	1
29.52382513661202	4044	1
29.53142076502732	8704	1
29.55989071038251	3674	1
29.568907103825136	5989	1
29.5703825136612	5128	1
29.58622950819672	4672	1
29.586284153005465	9861	1
29.591147540983606	1499	1
29.60016393442623	785	1
29.602622950819672	5298	1
29.604863387978142	1988	1
29.623387978142077	6626	1
29.70622950819672	5445	1
29.714262295081966	8073	1
29.71819672131147	8136	1
29.72120218579235	6688	1
29.735956284153005	6981	1
29.74344262295082	4661	1
29.74360655737705	1260	1
29.755081967213115	4013	1
29.77295081967213	6639	1
29.782131147540984	6926	1
29.791967213114752	9017	1
29.79896174863388	2859	1
29.819617486338796	6171	1
29.823224043715847	7763	1
29.844262295081965	988	1
29.858469945355193	72	1
29.865792349726775	4537	1
29.867431693989072	1758	1
29.878142076502733	1577	1
29.880437158469945	3838	1
29.89617486338798	1973	1
29.902131147540985	6830	1
29.908688524590165	9588	1
29.910983606557373	5507	1
29.92021857923497	4663	1
29.946393442622952	403	1
29.947540983606554	7656	1
29.95158469945355	9585	1
29.96065573770492	1390	1
29.970546448087433	9095	1
29.97415300546448	4788	1
29.97688524590164	5338	1
29.978196721311477	5300	1
29.983715846994535	2728	1
29.994043715846995	469	1
29.994644808743168	7950	1
30.002841530054646	6967	1
30.010601092896174	4266	1
30.018524590163935	4022	1
30.025409836065574	6837	1
30.033224043715844	8823	1
30.039180327868852	6253	1
30.051256830601094	473	1
30.077540983606557	4114	1
30.079234972677593	1757	1
30.080327868852457	7137	1
30.084644808743167	7732	1
30.090655737704918	3595	1
30.100983606557378	1864	1
30.104480874316938	2944	1
30.108797814207648	8393	1
30.126284153005464	7584	1
30.12830601092896	2233	1
30.14622950819672	8981	1
30.151967213114755	7208	1
30.1575956284153	5327	1
30.189289617486338	267	1
30.191311475409837	9277	1
30.194754098360654	2974	1
30.20661202185792	9449	1
30.212185792349725	2554	1
30.229617486338796	4324	1
30.23535519125683	8716	1
30.255245901639345	8017	1
30.258579234972675	8131	1
30.274207650273222	7741	1
30.284316939890708	1212	1
30.28639344262295	7392	1
30.297814207650273	3720	1
30.3072131147541	7312	1
30.310928961748633	3976	1
30.31502732240437	3652	1
30.346065573770492	441	1
30.363551912568305	4641	1
30.366174863387975	6245	1
30.371475409836066	5516	1
30.407322404371584	8157	1
30.428524590163935	5251	1
30.459562841530055	692	1
30.473387978142075	2435	1
30.481475409836065	5265	1
30.490546448087432	8266	1
30.498797814207652	9088	1
30.503715846994535	9517	1
30.54262295081967	928	1
30.54398907103825	3096	1
30.559617486338794	338	1
30.56136612021858	9576	1
30.56448087431694	2767	1
30.568961748633882	4381	1
30.574644808743166	1538	1
30.575792349726775	7507	1
30.593278688524588	6527	1
30.602349726775955	9187	1
30.60306010928962	7320	1
30.60360655737705	5314	1
30.604863387978142	6903	1
30.65464480874317	9860	1
30.656775956284154	5531	1
30.665792349726775	4111	1
30.675901639344264	4063	1
30.677540983606555	744	1
30.67868852459016	2115	1
30.685628415300545	5827	1
30.718415300546447	2627	1
30.72486338797814	6202	1
30.729781420765026	2673	1
30.74415300546448	4680	1
30.745956284153003	924	1
30.748196721311473	5021	1
30.751748633879778	7802	1
30.755245901639345	8821	1
30.769289617486336	7107	1
30.770109289617487	5292	1
30.77573770491803	1631	1
30.78382513661202	1639	1
30.786775956284153	4450	1
30.79415300546448	4771	1
30.794918032786885	8382	1
30.80415300546448	6605	1
30.8072131147541	5352	1
30.812349726775956	7184	1
30.838907103825136	6590	1
30.840601092896172	4780	1
30.860218579234974	5592	1
30.86431693989071	6251	1
30.886994535519126	9580	1
30.889071038251366	1536	1
30.90879781420765	471	1
30.908907103825136	7456	1
30.91224043715847	6188	1
30.912677595628416	1716	1
30.937704918032786	6052	1
30.939836065573772	6969	1
30.983989071038252	3779	1
30.9851912568306	7143	1
30.99415300546448	5261	1
30.999125683060107	9960	1
31.003224043715846	3466	1
31.006830601092897	9646	1
31.00775956284153	1045	1
31.01087431693989	8820	1
31.016994535519125	4670	1
31.023934426229506	3244	1
31.024918032786886	8870	1
31.028415300546445	8869	1
31.051475409836065	2119	1
31.0927868852459	7049	1
31.117322404371585	1635	1
31.123224043715847	6133	1
31.123551912568306	5569	1
31.129234972677597	2783	1
31.164043715846997	9131	1
31.187049180327868	6952	1
31.203005464480874	9191	1
31.210765027322402	1938	1
31.224535519125684	2263	1
31.2503825136612	9743	1
31.25633879781421	2647	1
31.27508196721311	662	1
31.309781420765027	7344	1
31.309945355191257	8002	1
31.312513661202185	545	1
31.31601092896175	2596	1
31.334972677595626	6376	1
31.33928961748634	4914	1
31.339562841530054	5601	1
31.342185792349728	5499	1
31.3448087431694	8579	1
31.345409836065574	4313	1
31.352459016393443	3116	1
31.384098360655738	3473	1
31.388469945355194	3666	1
31.38912568306011	36	1
31.39142076502732	2268	1
31.395683060109288	4786	1
31.425464480874318	2152	1
31.42792349726776	7518	1
31.428032786885247	8521	1
31.44103825136612	6606	1
31.460601092896177	2204	1
31.461967213114754	6541	1
31.462513661202184	1594	1
31.473333333333333	2207	1
31.481366120218578	8533	1
31.48191256830601	24	1
31.484918032786883	4246	1
31.49349726775956	9925	1
31.504972677595628	8311	1
31.506666666666664	9555	1
31.507486338797815	3079	1
31.531967213114754	6455	1
31.537322404371587	7811	1
31.54622950819672	4137	1
31.57	4108	1
31.585409836065573	6385	1
31.585737704918035	3162	1
31.58775956284153	1290	1
31.592896174863387	1915	1
31.606775956284153	2622	1
31.613005464480874	2348	1
31.615573770491803	6961	1
31.6227868852459	6669	1
31.623825136612023	5409	1
31.625464480874314	8320	1
31.633005464480874	9038	1
31.64120218579235	9421	1
31.656666666666666	3935	1
31.68469945355191	81	1
31.703114754098358	3637	1
31.70398907103825	4880	1
31.70956284153005	6025	1
31.725081967213114	3587	1
31.74573770491803	784	1
31.746065573770494	8037	1
31.802459016393442	4386	1
31.80256830601093	6732	1
31.83081967213115	4943	1
31.847759562841528	2926	1
31.85049180327869	7318	1
31.859562841530053	108	1
31.86409836065574	8375	1
31.881475409836067	2244	1
31.883770491803276	3681	1
31.889344262295083	453	1
31.89486338797814	4751	1
31.906994535519125	7525	1
31.928415300546447	5856	1
31.937158469945352	9320	1
31.952185792349724	3849	1
31.955792349726774	1866	1
31.964043715846994	9409	1
31.971967213114752	6061	1
31.98448087431694	6099	1
31.99655737704918	387	1
31.99672131147541	7123	1
31.998306010928964	5417	1
32.0303825136612	979	1
32.038032786885246	4846	1
32.04185792349727	7062	1
32.04393442622951	286	1
32.051366120218574	9951	1
32.06568306010929	322	1
32.079071038251364	8305	1
32.089672131147545	4491	1
32.094153005464484	7075	1
32.09540983606557	9533	1
32.098251366120216	1488	1
32.10300546448087	45	1
32.10781420765027	6020	1
32.11262295081967	3484	1
32.1268306010929	4129	1
32.1403825136612	4016	1
32.155136612021856	4709	1
32.17568306010929	7778	1
32.177868852459014	3362	1
32.186557377049176	2640	1
32.194754098360654	4520	1
32.20087431693989	7739	1
32.21267759562841	208	1
32.22	3600	1
32.231147540983606	2592	1
32.23377049180328	4220	1
32.24344262295082	3379	1
32.243825136612024	1478	1
32.249453551912566	9454	1
32.25896174863388	6400	1
32.2716393442623	3080	1
32.274863387978144	8333	1
32.28207650273224	5357	1
32.290601092896175	3642	1
32.29273224043716	6370	1
32.2955737704918	2851	1
32.30617486338798	8362	1
32.32142076502732	1385	1
32.32180327868852	3352	1
32.326174863387976	5588	1
32.32846994535519	6138	1
32.32863387978142	4694	1
32.34415300546448	6395	1
32.35710382513661	4445	1
32.36174863387978	7966	1
32.36726775956284	5149	1
32.39655737704918	5336	1
32.39710382513661	5031	1
32.39928961748634	5243	1
32.40076502732241	8177	1
32.42546448087432	1808	1
32.43628415300547	2711	1
32.43934426229508	3452	1
32.450765027322404	5647	1
32.45661202185792	6307	1
32.45830601092896	4413	1
32.505409836065574	5008	1
32.506612021857926	297	1
32.535683060109285	8628	1
32.54076502732241	8371	1
32.541693989071035	7737	1
32.543934426229505	6653	1
32.54415300546448	1942	1
32.55092896174863	4485	1
32.552568306010926	6727	1
32.553715846994535	7203	1
32.5575956284153	7256	1
32.56087431693989	1399	1
32.56147540983606	631	1
32.574644808743166	6674	1
32.59092896174863	3058	1
32.59158469945355	4911	1
32.59928961748634	2560	1
32.608032786885246	5387	1
32.61781420765028	9148	1
32.623661202185794	826	1
32.63956284153006	8611	1
32.6448087431694	409	1
32.65071038251366	9781	1
32.6524043715847	5029	1
32.664043715846994	4988	1
32.671530054644805	5897	1
32.67306010928962	8919	1
32.673770491803275	8570	1
32.695136612021855	5799	1
32.69677595628416	2723	1
32.697377049180325	8108	1
32.69950819672131	859	1
32.70273224043716	3737	1
32.708961748633875	3951	1
32.711967213114754	1248	1
32.72382513661202	1517	1
32.730000000000004	1402	1
32.73699453551912	3211	1
32.766284153005465	162	1
32.76808743169399	9335	1
32.80136612021858	2097	1
32.80606557377049	7659	1
32.82098360655738	5416	1
32.84967213114754	8065	1
32.856010928961744	8493	1
32.85808743169399	2995	1
32.88486338797814	9360	1
32.899890710382515	5002	1
32.91054644808743	1715	1
32.91229508196721	8047	1
32.932021857923495	5203	1
32.93775956284153	8855	1
32.938743169398904	548	1
32.95617486338798	3619	1
32.96513661202186	6425	1
32.98163934426229	9430	1
32.98224043715847	715	1
33.00005464480874	3582	1
33.025628415300545	6569	1
33.03409836065574	2853	1
33.05092896174863	4591	1
33.05169398907104	9609	1
33.06262295081967	3761	1
33.074262295081965	2365	1
33.08021857923497	3401	1
33.10404371584699	5996	1
33.110928961748634	2588	1
33.11415300546448	9890	1
33.12612021857924	2185	1
33.15595628415301	9204	1
33.16655737704918	8253	1
33.17912568306011	2669	1
33.19256830601093	9330	1
33.19693989071038	9310	1
33.20497267759563	5519	1
33.20513661202185	9494	1
33.209344262295076	5522	1
33.24628415300546	4973	1
33.250218579234975	5456	1
33.26765027322404	4250	1
33.28229508196721	6476	1
33.29896174863388	7006	1
33.31120218579235	9105	1
33.32448087431694	5237	1
33.32546448087432	4784	1
33.329180327868855	1520	1
33.32945355191257	1930	1
33.342295081967215	4298	1
33.34245901639344	4228	1
33.34448087431694	6431	1
33.36819672131148	6813	1
33.38322404371585	2338	1
33.399890710382515	1035	1
33.4087431693989	3767	1
33.409945355191255	1925	1
33.4224043715847	589	1
33.452185792349724	5553	1
33.457540983606556	4236	1
33.46590163934426	2827	1
33.478852459016395	3490	1
33.48322404371584	3570	1
33.52639344262295	1800	1
33.52896174863388	8041	1
33.53382513661202	4437	1
33.55486338797814	6036	1
33.56174863387978	6452	1
33.578797814207654	4185	1
33.58344262295082	7	1
33.58754098360656	1064	1
33.58803278688524	5073	1
33.59901639344262	3782	1
33.60087431693989	7463	1
33.61256830601093	5230	1
33.61874316939891	6158	1
33.61896174863388	5480	1
33.61939890710383	1268	1
33.63103825136612	4665	1
33.63142076502732	2655	1
33.634480874316935	5340	1
33.63852459016393	9581	1
33.642021857923496	8770	1
33.665956284153005	1524	1
33.66803278688525	6489	1
33.68327868852459	2181	1
33.69956284153005	4234	1
33.711967213114754	4023	1
33.71792349726776	2227	1
33.73016393442623	1081	1
33.730765027322406	5579	1
33.741584699453554	8314	1
33.75349726775956	5549	1
33.7768306010929	7768	1
33.777049180327865	7937	1
33.781530054644804	8853	1
33.78327868852459	5448	1
33.78371584699454	132	1
33.80584699453552	7218	1
33.80617486338797	1993	1
33.82114754098361	4793	1
33.82672131147541	7169	1
33.82852459016394	8738	1
33.83896174863388	3121	1
33.84393442622951	9918	1
33.85251366120219	2454	1
33.87726775956284	7650	1
33.878196721311475	4425	1
33.920928961748636	3716	1
33.92546448087432	4825	1
33.927868852459014	4365	1
33.95060109289617	2087	1
33.95311475409836	1191	1
33.95956284153005	6886	1
33.9675956284153	2411	1
33.978032786885244	121	1
33.99486338797814	1776	1
34.002076502732244	1113	1
34.01295081967213	2830	1
34.01677595628415	7340	1
34.02174863387978	8551	1
34.02808743169399	4194	1
34.028306010928965	7939	1
34.053005464480876	2546	1
34.05907103825136	1422	1
34.07262295081967	9554	1
34.0872131147541	1797	1
34.13846994535519	1506	1
34.17617486338798	5460	1
34.176393442622945	2220	1
34.18076502732241	1450	1
34.19912568306011	1367	1
34.2048087431694	2562	1
34.20825136612022	9152	1
34.22300546448088	7951	1
34.25901639344262	6636	1
34.26759562841529	2890	1
34.26792349726776	549	1
34.27404371584699	4470	1
34.29486338797814	2005	1
34.297377049180334	4300	1
34.298961748633886	3336	1
34.29901639344262	3024	1
34.30912568306011	9847	1
34.324644808743166	539	1
34.32748633879781	5025	1
34.32885245901639	2811	1
34.34	9849	1
34.34464480874317	205	1
34.36087431693989	7235	1
34.3727868852459	1760	1
34.37650273224044	9042	1
34.38169398907104	867	1
34.388961748633875	7420	1
34.395737704918034	7724	1
34.40486338797814	1831	1
34.41131147540984	2230	1
34.42371584699453	3252	1
34.42508196721311	5783	1
34.44191256830601	6963	1
34.45945355191257	2927	1
34.481748633879775	6777	1
34.482896174863384	6199	1
34.483825136612026	7587	1
34.49065573770492	1091	1
34.520765027322405	8932	1
34.54049180327869	4833	1
34.541366120218576	1245	1
34.54890710382514	3805	1
34.55153005464481	9230	1
34.55316939890711	76	1
34.557049180327866	5220	1
34.57606557377049	4024	1
34.58071038251366	2225	1
34.59918032786885	7554	1
34.61289617486339	9208	1
34.61551912568306	2675	1
34.61786885245901	9622	1
34.624863387978145	2212	1
34.69622950819672	3269	1
34.6983606557377	269	1
34.70322404371585	7847	1
34.709016393442624	2950	1
34.72169398907104	9852	1
34.743387978142074	9814	1
34.75016393442623	9479	1
34.753934426229506	3394	1
34.80497267759563	7500	1
34.82786885245901	1379	1
34.82928961748634	8422	1
34.89251366120219	4742	1
34.89595628415301	2353	1
34.90612021857923	2299	1
34.924590163934425	9253	1
34.92737704918033	2301	1
34.940327868852464	3953	1
34.94409836065574	1786	1
34.966120218579235	4679	1
34.97950819672131	4533	1
34.98153005464481	8259	0
34.98732240437158	8402	1
34.994644808743175	130	1
35.00229508196722	392	1
35.004972677595624	8248	1
35.01158469945355	2816	1
35.01469945355191	5324	1
35.018633879781426	7196	1
35.028579234972675	308	1
35.03382513661202	2440	1
35.036502732240436	712	1
35.06262295081967	5661	1
35.07989071038251	6733	1
35.08191256830601	2908	1
35.084426229508196	9376	1
35.08857923497268	3836	1
35.094480874316936	7425	1
35.09907103825137	9130	1
35.09923497267759	2183	1
35.11262295081967	7988	1
35.11453551912568	8054	1
35.136393442622946	8015	1
35.16852459016393	3059	1
35.17508196721311	7861	1
35.20579234972678	2858	1
35.21098360655738	6698	1
35.222021857923494	5134	1
35.22814207650273	3899	1
35.236666666666665	227	1
35.23978142076503	2558	1
35.24863387978142	2671	1
35.254262295081965	5353	1
35.26612021857923	4225	1
35.270765027322405	5574	1
35.272295081967215	6922	1
35.275737704918036	7482	1
35.28967213114754	9345	1
35.29377049180327	7629	1
35.31633879781421	95	1
35.32622950819672	2374	1
35.36387978142077	9402	1
35.38322404371584	5868	1
35.38601092896175	198	1
35.38661202185792	1550	1
35.39590163934426	2706	1
35.39770491803279	6375	1
35.401748633879784	3322	1
35.40415300546448	1065	1
35.41256830601093	288	1
35.41398907103825	2613	1
35.414808743169395	5918	1
35.42540983606557	4758	1
35.426502732240436	9651	1
35.427595628415304	8050	1
35.43371584699454	9653	1
35.47234972677595	6940	1
35.475846994535516	8676	1
35.48327868852459	5145	1
35.49595628415301	2684	1
35.526065573770495	4080	1
35.5268306010929	6572	1
35.53300546448087	9	1
35.534207650273224	7195	1
35.54448087431694	7423	1
35.54704918032787	3268	1
35.561584699453554	9972	1
35.56967213114754	3781	1
35.57786885245901	3913	1
35.58885245901639	1855	1
35.593715846994535	1240	1
35.59874316939891	3009	1
35.60043715846995	1587	1
35.60224043715847	2945	1
35.604972677595626	3423	1
35.606448087431694	9977	1
35.606939890710386	4916	1
35.607923497267755	1400	1
35.61300546448088	3572	1
35.61382513661202	8115	1
35.61453551912568	9393	1
35.626010928961755	7332	1
35.630054644808745	9347	1
35.6339344262295	6500	1
35.64404371584699	3688	1
35.647923497267755	1168	1
35.661475409836065	3934	1
35.67081967213115	9905	1
35.67792349726776	8900	1
35.69333333333333	5367	1
35.696229508196716	7818	1
35.71857923497268	411	1
35.72	6985	1
35.72491803278689	9907	1
35.73010928961749	211	1
35.73590163934426	6284	1
35.737377049180324	9623	1
35.73907103825137	9222	1
35.749890710382516	1519	1
35.76311475409836	5976	1
35.78726775956284	9830	1
35.79737704918033	9831	1
35.8120218579235	3854	1
35.81371584699453	8778	1
35.81726775956284	4967	1
35.827595628415295	6495	1
35.828797814207654	318	1
35.83065573770492	3242	1
35.83092896174864	8355	1
35.832950819672135	5534	1
35.83535519125683	5097	1
35.84415300546448	8414	1
35.84497267759563	5068	1
35.846666666666664	2935	1
35.872513661202184	6589	1
35.910437158469946	6875	1
35.91185792349727	6551	1
35.92737704918033	4855	1
35.93207650273224	7701	1
35.9351912568306	4655	1
35.96546448087431	4673	1
35.9787431693989	3842	1
35.987158469945356	9701	1
35.98836065573771	9265	1
35.99923497267759	7379	1
36.00109289617486	1484	1
36.01748633879781	1910	1
36.018961748633885	1396	1
36.04142076502732	4634	1
36.0444262295082	850	1
36.04551912568306	3209	1
36.04748633879781	1101	1
36.049836065573764	1913	1
36.05289617486339	5646	1
36.06010928961748	1534	1
36.07	8231	1
36.07169398907104	8596	1
36.08	157	1
36.08071038251366	4896	1
36.08420765027322	4657	1
36.089562841530054	4224	1
36.09087431693989	8679	1
36.09273224043716	1305	1
36.10174863387979	1047	1
36.11010928961748	3909	1
36.11377049180328	8352	1
36.13103825136612	6925	1
36.13251366120218	1509	1
36.14546448087432	7431	1
36.16196721311475	7809	1
36.16693989071038	2601	1
36.17398907103825	6105	1
36.17535519125683	3089	1
36.195901639344264	2084	1
36.199726775956286	3593	1
36.20732240437158	6869	1
36.20994535519125	7167	1
36.211967213114754	7762	1
36.21273224043716	8295	1
36.22573770491803	1075	1
36.24327868852459	2784	1
36.25846994535519	5223	1
36.27371584699454	9064	1
36.27650273224044	6418	1
36.284699453551916	6405	1
36.29644808743169	7783	1
36.308087431693984	9282	1
36.317213114754104	1243	1
36.32360655737705	8968	1
36.32366120218579	7974	1
36.33234972677595	714	1
36.3448087431694	4238	1
36.35169398907104	4468	1
36.35693989071038	7879	1
36.360983606557376	8553	1
36.36387978142077	4589	1
36.3755737704918	2323	1
36.38169398907104	7029	1
36.386775956284154	7561	1
36.39371584699454	3337	1
36.39382513661202	425	1
36.40229508196721	9271	1
36.41131147540984	3499	1
36.412622950819674	4660	1
36.4207650273224	7771	1
36.42081967213115	8254	1
36.427213114754096	5953	1
36.43306010928961	9779	1
36.441420765027324	8057	1
36.4451912568306	2013	1
36.455245901639344	5268	1
36.48704918032787	9432	1
36.493879781420766	3912	1
36.49535519125683	5200	1
36.507923497267754	9750	1
36.51530054644808	3792	1
36.51803278688524	9221	1
36.52393442622951	2862	1
36.52655737704918	5781	1
36.52830601092896	9642	1
36.52879781420765	7576	1
36.53174863387978	4681	1
36.53661202185793	3093	1
36.54174863387978	1368	1
36.551803278688524	748	1
36.56180327868852	1430	1
36.56207650273224	606	1
36.57530054644809	9595	1
36.59054644808743	600	1
36.63918032786886	2054	1
36.65344262295082	4418	1
36.668907103825134	507	1
36.68584699453552	584	1
36.687267759562836	807	1
36.687322404371585	7721	1
36.713497267759564	1334	1
36.72901639344262	9178	1
36.74136612021858	3020	1
36.74300546448087	6485	1
36.74972677595629	2174	1
36.75158469945355	8022	1
36.75661202185792	7833	1
36.758032786885245	7852	1
36.77453551912568	1728	1
36.78300546448087	5824	1
36.78710382513661	9207	1
36.808579234972676	9991	1
36.81142076502732	8272	1
36.82907103825137	3155	1
36.83147540983607	7876	1
36.83775956284153	9832	1
36.849999999999994	8723	1
36.85005464480874	5430	1
36.902513661202185	5687	1
36.927540983606555	2250	1
36.93939890710382	6216	1
36.94978142076503	2536	1
36.974754098360656	4364	1
36.9779781420765	4431	1
36.98273224043716	5226	1
36.99262295081967	3954	1
36.99273224043716	2132	1
36.998360655737706	5624	1
36.999781420765025	3081	1
37.00907103825136	2635	1
37.01540983606557	8812	1
37.01803278688524	4525	1
37.01901639344262	9636	1
37.02	5944	1
37.02125683060109	2473	1
37.02655737704918	649	1
37.03027322404372	5498	1
37.067868852459014	9361	1
37.06972677595628	9331	1
37.070928961748635	123	1
37.08617486338798	8566	1
37.09306010928962	1058	1
37.0931693989071	3417	1
37.098142076502725	8323	1
37.10371584699453	3092	1
37.11049180327869	5883	1
37.11459016393442	9735	1
37.12726775956284	4703	1
37.127814207650275	6338	1
37.13464480874317	7665	1
37.13765027322405	4192	1
37.14606557377049	7746	1
37.156612021857924	8267	1
37.18174863387978	8854	1
37.182021857923495	2161	1
37.2020218579235	5537	1
37.20934426229508	3237	1
37.209672131147535	7505	1
37.22	5686	1
37.22530054644808	3299	1
37.23508196721311	2305	1
37.24579234972678	9959	1
37.25213114754098	1647	1
37.25606557377049	3712	1
37.28005464480874	3003	1
37.290218579234974	8084	1
37.3048087431694	5266	1
37.30540983606557	939	1
37.31934426229508	8744	1
37.34306010928962	365	1
37.35409836065574	8636	1
37.36333333333334	7640	1
37.38120218579235	9395	1
37.38584699453551	4186	0
37.41502732240437	9129	1
37.41978142076503	5766	1
37.44153005464481	8914	1
37.47983606557377	9380	1
37.507704918032786	7481	1
37.51989071038251	6347	1
37.52306010928962	6121	1
37.52311475409836	2510	1
37.547322404371585	9087	1
37.54863387978142	1848	1
37.55377049180328	1432	1
37.57562841530055	7370	1
37.576229508196725	6490	1
37.59912568306011	7842	1
37.60508196721311	6123	1
37.629617486338795	760	1
37.63530054644809	1254	1
37.639398907103825	2646	1
37.63978142076503	2275	1
37.653661202185795	1739	1
37.66420765027323	9992	1
37.671639344262296	1210	1
37.67191256830601	7325	1
37.67344262295082	3397	1
37.67639344262295	6120	1
37.69661202185792	1009	1
37.700382513661204	5443	1
37.707486338797814	6751	1
37.73153005464481	1221	1
37.739617486338794	2171	1
37.7479781420765	4635	1
37.78469945355191	4879	1
37.81650273224043	6248	1
37.840327868852455	9668	1
37.84650273224044	7284	1
37.8479781420765	7999	1
37.86005464480874	4621	1
37.86300546448087	4467	1
37.86661202185792	3210	1
37.868797814207646	3310	1
37.86901639344262	3915	1
37.8779781420765	4765	1
37.89224043715847	9914	1
37.89972677595628	7684	1
37.94169398907104	8627	1
37.94508196721311	6412	1
37.95010928961749	5363	1
37.95590163934426	2060	1
37.96295081967213	6999	1
37.96765027322404	9578	1
37.98830601092896	3034	1
38.00901639344262	2355	1
38.0179781420765	9092	1
38.02551912568306	5451	1
38.02568306010929	8814	1
38.026065573770495	7851	1
38.03513661202185	7669	1
38.0539344262295	2102	1
38.05803278688525	6027	1
38.06032786885246	3596	1
38.06245901639344	931	1
38.06469945355191	8839	1
38.069672131147534	8751	1
38.076830601092894	2142	1
38.082185792349726	6441	1
38.09207650273224	9560	1
38.093825136612026	8199	1
38.096448087431696	1142	1
38.104590163934425	4121	1
38.10688524590164	3668	1
38.11010928961748	5245	1
38.111639344262294	113	1
38.11606557377049	6399	1
38.11666666666667	1790	1
38.12978142076503	3872	1
38.13726775956284	3173	1
38.17426229508197	3468	1
38.177978142076505	9462	1
38.20027322404371	8243	1
38.20087431693989	8273	1
38.21049180327869	6849	1
38.216502732240436	6276	1
38.21901639344262	7578	1
38.22972677595629	4303	1
38.232185792349725	2064	1
38.24956284153005	7632	1
38.25601092896175	8910	1
38.25644808743169	985	1
38.2716393442623	9749	1
38.27918032786885	4465	1
38.28256830601093	3207	1
38.28284153005464	3699	1
38.28289617486339	9133	1
38.29180327868852	5977	1
38.29704918032787	908	1
38.29737704918033	3576	1
38.29803278688525	8686	1
38.3103825136612	1621	1
38.32639344262295	4217	1
38.32666666666667	9491	1
38.328852459016396	1769	1
38.33950819672131	5582	1
38.34650273224044	1633	1
38.34726775956284	6585	1
38.34765027322404	1940	1
38.349289617486335	8441	1
38.3527868852459	721	1
38.361639344262294	7415	1
38.368032786885244	1313	1
38.37158469945356	689	1
38.380546448087436	1624	1
38.382349726775956	4959	1
38.389071038251366	7398	1
38.40005464480875	4512	1
38.41306010928962	8796	1
38.41491803278688	3931	1
38.41846994535519	5144	1
38.41918032786885	7085	1
38.41978142076503	5858	1
38.43295081967213	7538	1
38.44229508196722	2311	1
38.45437158469945	7920	1
38.45508196721311	8178	1
38.457540983606556	386	1
38.459999999999994	2384	1
38.46180327868853	8935	1
38.46371584699453	4604	1
38.4648087431694	5808	1
38.471803278688526	4279	1
38.47590163934426	8221	1
38.48967213114754	9337	1
38.49267759562841	1193	1
38.5051912568306	9173	1
38.518852459016394	7465	1
38.520655737704914	9141	1
38.534316939890715	3641	1
38.536502732240436	9073	1
38.538360655737705	8857	1
38.538797814207655	7521	1
38.54147540983606	3286	1
38.54387978142076	8106	1
38.545573770491806	1253	1
38.558306010928966	706	1
38.55912568306011	3350	1
38.567267759562846	8729	1
38.568306010928964	1188	1
38.56846994535519	6406	1
38.58464480874317	8120	1
38.591475409836065	4956	1
38.59513661202186	7015	1
38.59573770491804	9836	1
38.60726775956284	84	1
38.61	3683	1
38.62103825136612	9599	1
38.62344262295082	5236	1
38.62950819672131	5920	1
38.639508196721316	5043	1
38.652513661202185	7858	1
38.657322404371584	8301	1
38.661092896174864	2590	1
38.66125683060109	980	1
38.683934426229506	6648	1
38.68879781420765	3474	1
38.70885245901639	3282	1
38.71770491803279	8918	1
38.74650273224044	4416	1
38.76081967213115	5306	1
38.76633879781421	5722	1
38.76863387978142	4229	1
38.770710382513656	8714	1
38.77732240437158	3433	1
38.78819672131147	4462	1
38.79535519125683	7767	1
38.81393442622951	4919	1
38.81551912568306	500	1
38.825300546448084	1838	1
38.8275956284153	8009	1
38.844808743169395	6930	1
38.84661202185792	5185	1
38.86300546448087	5768	1
38.90540983606557	9738	1
38.90901639344263	3626	1
38.909562841530054	2135	1
38.917486338797815	5755	1
38.91956284153006	3026	1
38.927868852459014	4851	1
38.93185792349727	7837	1
38.951038251366114	368	1
38.953060109289616	2448	1
38.968251366120214	1811	1
38.97595628415301	4195	1
38.97737704918033	3546	1
38.987923497267765	9346	1
39.00486338797814	4003	1
39.00874316939891	8440	1
39.0575956284153	2746	1
39.08010928961748	1591	1
39.084371584699454	9382	1
39.08994535519126	9810	1
39.09770491803278	3615	1
39.100054644808736	7484	1
39.12021857923497	153	1
39.135027322404376	408	1
39.13896174863388	7490	1
39.14890710382514	1314	1
39.151803278688526	4053	1
39.15601092896175	4698	1
39.157759562841534	552	1
39.161202185792355	6344	1
39.16398907103825	4297	1
39.17754098360656	5077	1
39.19049180327868	6380	1
39.20092896174864	7459	1
39.202622950819666	2819	1
39.20956284153005	9795	1
39.21743169398907	4047	1
39.22256830601093	4598	1
39.23459016393442	3664	1
39.23836065573771	5881	1
39.25431693989071	4054	1
39.26049180327869	3487	1
39.2907650273224	5278	1
39.297814207650276	2208	1
39.29792349726776	7005	1
39.30972677595628	3115	1
39.31147540983607	3031	1
39.317103825136606	8331	1
39.335519125683064	5681	1
39.335846994535515	6701	1
39.34306010928962	4739	1
39.356885245901644	379	1
39.36049180327869	7444	1
39.360983606557376	4284	1
39.36945355191257	1736	1
39.38213114754098	8049	1
39.391639344262295	4372	1
39.39300546448088	2314	1
39.405792349726774	3856	1
39.40606557377049	4355	1
39.40765027322404	670	1
39.43551912568306	5743	1
39.452295081967215	9258	1
39.454918032786885	1540	1
39.45699453551912	5864	1
39.45781420765027	2795	1
39.46071038251366	8107	1
39.490437158469945	7286	1
39.49382513661202	3200	1
39.50934426229508	851	1
39.509453551912564	7351	1
39.51601092896175	7798	1
39.5168306010929	6070	1
39.5224043715847	2798	1
39.52437158469945	8285	1
39.53852459016394	6791	1
39.54284153005464	1280	1
39.54306010928962	8772	1
39.545464480874315	2237	1
39.545792349726774	9452	1
39.55021857923497	9338	1
39.574699453551915	5468	1
39.591475409836065	9501	1
39.595245901639345	5852	1
39.595956284153004	864	1
39.615956284153	6831	1
39.62349726775957	4396	1
39.64666666666667	2280	1
39.65338797814207	4109	1
39.6551912568306	4004	1
39.657759562841534	9799	1
39.65945355191256	4426	1
39.66125683060109	9018	1
39.664535519125685	7231	1
39.66655737704918	7776	1
39.67666666666667	495	1
39.69191256830601	6525	1
39.697486338797816	4405	1
39.70153005464481	1286	1
39.704207650273226	3239	1
39.71775956284153	9626	0
39.721803278688526	7079	1
39.722131147540985	5466	1
39.74469945355191	3285	1
39.76196721311476	5911	1
39.771967213114756	395	1
39.77409836065574	4	1
39.77732240437158	8826	1
39.78251366120219	7146	1
39.78524590163934	116	1
39.79431693989071	5174	1
39.7972131147541	978	1
39.798415300546445	180	1
39.80054644808743	816	1
39.8024043715847	7754	1
39.80661202185792	7373	1
39.81087431693989	884	1
39.811256830601096	8383	1
39.81404371584699	6334	1
39.81475409836065	1352	1
39.82595628415301	360	1
39.82639344262295	7799	1
39.82978142076502	7911	1
39.832185792349726	3384	1
39.83704918032787	8075	1
39.857213114754096	3768	1
39.85912568306011	6676	1
39.8651912568306	5260	1
39.86530054644809	2921	1
39.867650273224044	5508	1
39.86819672131148	2457	1
39.86950819672131	5915	1
39.872513661202184	9519	1
39.88010928961749	7849	1
39.88874316939891	7193	1
39.889726775956284	7396	1
39.8948087431694	1152	1
39.896120218579235	5197	1
39.90180327868852	9685	1
39.90497267759562	5040	1
39.909344262295086	7831	1
39.9120218579235	5671	1
39.91655737704918	6655	1
39.92065573770492	8423	1
39.920819672131145	8313	1
39.92770491803279	3458	1
39.93158469945355	280	1
39.940655737704915	4164	1
39.945956284153006	371	1
39.94918032786885	4059	1
39.95092896174863	5263	1
39.95360655737705	5075	1
39.95366120218579	1784	1
39.960546448087435	885	1
39.96071038251366	544	1
39.96229508196721	6905	1
39.9624043715847	7502	1
39.96344262295082	1632	1
39.96928961748633	1569	1
39.97300546448087	9153	1
39.97404371584699	1871	1
39.99185792349727	6448	1
39.99841530054645	2032	1
40.00448087431694	2933	1
40.007650273224044	2614	1
40.00989071038251	875	1
40.011748633879776	4448	1
40.01349726775956	9210	1
40.015901639344264	325	1
40.02846994535519	5208	1
40.02994535519125	9274	1
40.03306010928962	8412	1
40.03732240437158	5792	1
40.040710382513666	3653	1
40.0407650273224	203	1
40.04081967213114	6463	1
40.0579781420765	8829	1
40.05950819672131	9125	1
40.06136612021858	8544	1
40.06666666666666	3837	1
40.076557377049184	5828	1
40.11109289617487	1497	1
40.14256830601093	5986	1
40.14743169398907	782	1
40.151311475409834	4430	1
40.15295081967213	9900	1
40.15502732240437	4031	1
40.156557377049175	9362	1
40.17229508196721	808	1
40.17852459016393	9547	1
40.179125683060114	1723	1
40.18890710382514	4361	1
40.189890710382514	6945	1
40.195191256830604	2513	1
40.198469945355185	5678	1
40.20704918032787	4837	1
40.219890710382515	3354	1
40.22459016393442	8142	1
40.22655737704918	9776	1
40.22857923497268	2164	1
40.23502732240437	6289	1
40.24256830601093	3181	1
40.24573770491803	4265	1
40.24693989071039	3431	1
40.250491803278685	1473	1
40.25196721311475	6684	1
40.25311475409836	1568	1
40.26612021857924	9417	1
40.27688524590164	6692	1
40.28770491803279	9249	1
40.296939890710384	6212	1
40.30158469945355	251	1
40.32295081967213	7670	1
40.323551912568306	9502	1
40.33049180327869	1373	1
40.332131147540984	733	1
40.33633879781421	2591	1
40.3375956284153	3408	1
40.34398907103825	7661	1
40.34415300546448	2629	1
40.34699453551912	4101	1
40.36333333333333	4167	1
40.37032786885246	2176	1
40.3848087431694	6740	1
40.41163934426229	4051	1
40.41683060109289	3167	1
40.41841530054644	7840	1
40.42453551912568	5452	1
40.42672131147541	6783	1
40.42693989071038	6881	1
40.42863387978142	6741	1
40.430983606557376	9439	1
40.435409836065574	3418	1
40.449617486338795	7675	1
40.449672131147544	2603	1
40.45256830601093	4579	1
40.45486338797814	9012	1
40.464262295081966	4869	1
40.467213114754095	3522	1
40.48207650273224	5036	1
40.489016393442625	8023	1
40.501420765027326	3678	1
40.50469945355191	6539	1
40.52469945355191	3197	1
40.54857923497268	7163	1
40.56486338797814	5719	1
40.57109289617486	2376	1
40.57382513661202	8873	1
40.57475409836066	9699	1
40.57486338797814	6848	1
40.57852459016393	9010	1
40.57939890710382	2735	1
40.59404371584699	8327	1
40.60628415300546	2004	1
40.60633879781421	6256	1
40.61945355191257	5850	1
40.636338797814204	1717	1
40.64535519125683	9444	1
40.654371584699454	2267	1
40.66169398907104	3711	1
40.66256830601093	3086	1
40.66284153005465	6946	1
40.66311475409836	7540	1
40.670054644808744	4803	1
40.67661202185792	2870	1
40.67808743169399	1355	1
40.67912568306011	2782	1
40.683661202185796	7663	1
40.68568306010929	6617	1
40.68737704918033	8401	1
40.69349726775956	7402	1
40.70054644808744	9035	1
40.710109289617485	4543	1
40.742568306010924	363	1
40.74426229508197	2118	1
40.75267759562841	1586	1
40.75584699453552	8368	1
40.75819672131148	3378	1
40.75978142076503	593	1
40.762131147540984	16	1
40.78366120218579	6876	1
40.78568306010929	7265	1
40.786830601092895	9304	1
40.79666666666667	3880	1
40.804808743169396	9637	1
40.80868852459016	1694	1
40.80907103825137	8557	1
40.822732240437155	659	1
40.82639344262295	922	1
40.83344262295082	5166	1
40.84688524590164	1320	1
40.8592349726776	5359	1
40.866939890710384	4235	1
40.88814207650273	2730	1
40.89125683060109	1604	1
40.89142076502733	3656	1
40.89377049180328	7083	1
40.913661202185786	493	1
40.91573770491804	5406	1
40.93065573770492	2471	1
40.937704918032786	1066	1
40.94497267759563	991	1
40.9475956284153	6724	1
40.94939890710383	8083	1
40.96262295081967	5487	1
41.016284153005465	3659	1
41.01879781420765	640	1
41.0655737704918	3647	1
41.07027322404372	8279	1
41.082622950819676	9691	1
41.08803278688524	6677	1
41.101202185792346	1618	1
41.1075956284153	214	1
41.10857923497267	1328	1
41.12114754098361	3460	1
41.15081967213115	5228	1
41.16502732240437	5906	1
41.17076502732241	6511	1
41.17158469945355	9540	1
41.17234972677596	8990	1
41.19005464480874	517	1
41.19234972677596	1908	1
41.197814207650275	912	1
41.21060109289617	7278	1
41.22136612021858	1636	1
41.222459016393444	9372	1
41.229125683060104	1318	1
41.240054644808744	7685	1
41.25502732240437	3342	1
41.262185792349726	1563	1
41.2739344262295	4302	1
41.27868852459016	1216	1
41.28333333333334	4887	1
41.284590163934425	7702	1
41.29655737704918	777	1
41.296939890710384	9034	1
41.30060109289617	6433	1
41.300655737704915	244	1
41.3031693989071	7175	1
41.30830601092896	7930	1
41.323060109289614	8188	1
41.33092896174863	1971	1
41.332131147540984	2141	1
41.338797814207645	4552	1
41.34398907103825	8061	1
41.35322404371585	3343	1
41.353387978142074	3818	1
41.36289617486339	6087	1
41.36672131147541	3140	1
41.38322404371585	7786	1
41.386010928961745	7873	1
41.39327868852459	3801	1
41.396830601092894	1919	1
41.40306010928962	1029	1
41.40819672131148	4356	1
41.42628415300547	524	1
41.430601092896175	829	1
41.44224043715847	7035	1
41.44825136612022	59	1
41.45163934426229	2566	1
41.45469945355191	2651	1
41.46169398907104	4304	1
41.4675956284153	1378	1
41.485628415300546	4127	1
41.48775956284153	528	1
41.4983606557377	6983	1
41.50005464480874	5950	1
41.51622950819672	7308	1
41.522677595628416	746	1
41.53142076502732	4839	1
41.53366120218579	4798	1
41.54306010928962	3169	1
41.548032786885244	7314	1
41.55092896174863	8815	1
41.552185792349725	1083	1
41.55240437158469	8834	1
41.552622950819675	1459	1
41.56382513661202	7434	1
41.57404371584699	5941	1
41.58502732240437	6784	1
41.5883606557377	1027	1
41.59284153005464	1853	1
41.59546448087431	9883	1
41.600382513661195	8833	1
41.605300546448085	2080	1
41.61420765027322	1532	1
41.61874316939891	3891	1
41.63579234972677	3744	1
41.649562841530056	6325	1
41.661530054644814	9283	1
41.665245901639345	3553	1
41.66622950819672	7611	1
41.67338797814208	3820	1
41.67983606557377	5264	1
41.69207650273224	2296	1
41.69989071038251	1810	1
41.71617486338798	1952	1
41.71661202185793	2418	1
41.71857923497267	3957	1
41.72486338797814	2695	1
41.73153005464481	7367	1
41.7331693989071	3538	1
41.740437158469945	2672	1
41.75907103825137	1469	1
41.76956284153005	5679	1
41.77923497267759	2789	1
41.792459016393444	4558	1
41.795792349726774	2360	1
41.80934426229508	8577	1
41.813114754098365	1023	1
41.81431693989071	370	1
41.815027322404376	5542	1
41.81628415300546	1834	1
41.82748633879781	144	1
41.842677595628416	5161	1
41.85071038251366	1551	1
41.87612021857924	6754	1
41.89087431693989	4311	1
41.91508196721311	4730	1
41.93819672131148	2843	1
41.94245901639344	9122	1
41.962459016393446	2194	1
41.96584699453552	4447	1
41.96961748633879	2516	1
41.971092896174866	7773	1
41.975901639344265	4608	1
41.97792349726776	8757	1
41.985245901639345	8024	1
41.98612021857924	6734	1
41.987486338797815	3133	1
41.98792349726776	7567	1
41.99114754098361	8909	1
41.99387978142076	9713	1
41.994535519125684	1878	1
41.995956284153	266	1
42.024863387978144	3220	1
42.049562841530054	9147	1
42.051803278688524	1382	1
42.052295081967216	4964	1
42.05459016393442	1599	1
42.057759562841525	5320	1
42.06049180327869	7854	1
42.066721311475405	1088	1
42.070109289617484	1964	1
42.07147540983606	8502	1
42.072131147540986	1999	1
42.07666666666666	536	1
42.07715846994536	9813	1
42.07770491803279	1948	1
42.090437158469946	5143	1
42.09387978142076	58	1
42.09398907103825	3221	1
42.09617486338797	9617	1
42.11	2113	1
42.11306010928961	1460	1
42.11737704918033	2151	1
42.139071038251366	532	1
42.13956284153006	5797	1
42.144371584699456	141	1
42.147923497267755	8605	1
42.18513661202186	7093	1
42.199234972677594	1095	1
42.220983606557375	5637	1
42.223934426229505	8827	1
42.22693989071038	1171	1
42.23426229508197	1995	1
42.235191256830596	6049	1
42.23825136612022	1619	1
42.23945355191257	2342	1
42.24398907103825	1975	1
42.27163934426229	4990	1
42.272185792349724	9770	1
42.2824043715847	4957	1
42.30196721311475	3874	1
42.314207650273225	892	1
42.31584699453552	7548	1
42.31699453551912	2844	1
42.3211475409836	5644	1
42.32453551912569	2156	1
42.33901639344263	100	1
42.34393442622951	2625	1
42.35021857923497	4395	1
42.36387978142076	6889	1
42.3772131147541	8732	1
42.378196721311475	6005	1
42.37879781420765	294	1
42.400273224043715	8018	1
42.401803278688526	330	1
42.40672131147541	3554	1
42.40841530054645	5535	1
42.42289617486339	7983	1
42.422950819672124	4818	1
42.42748633879781	4902	1
42.43234972677596	5860	1
42.43415300546448	8890	1
42.44131147540984	5411	1
42.44306010928962	8737	1
42.446994535519124	7177	1
42.46639344262295	2521	1
42.477267759562835	2585	1
42.48579234972677	992	1
42.48846994535519	6287	1
42.488524590163934	8044	1
42.50207650273224	5630	1
42.51890710382514	6597	1
42.51945355191256	5322	1
42.520491803278695	3504	1
42.52655737704918	8087	1
42.52846994535519	5896	1
42.53562841530054	4497	1
42.53786885245902	9051	1
42.54338797814208	6576	1
42.54912568306011	6069	1
42.550765027322406	5866	1
42.550983606557374	2137	1
42.552513661202184	4264	1
42.55459016393442	8758	1
42.5724043715847	774	1
42.57245901639344	2199	1
42.60579234972678	83	1
42.609398907103824	5614	1
42.610983606557376	394	1
42.614371584699455	5318	1
42.61535519125683	8590	1
42.62366120218579	250	1
42.627486338797816	9077	1
42.63775956284153	7036	1
42.646502732240435	4619	1
42.65530054644808	7941	1
42.67169398907104	6968	1
42.690655737704915	2379	1
42.69136612021858	7058	1
42.692185792349726	3694	1
42.725081967213114	7708	1
42.72639344262295	3857	1
42.728469945355194	833	1
42.74218579234973	6141	1
42.77322404371584	4371	1
42.77497267759563	1007	1
42.7796174863388	6939	1
42.78087431693989	8574	1
42.79120218579235	6004	1
42.83770491803279	1297	1
42.83803278688524	4933	1
42.85322404371585	1247	1
42.86584699453552	8413	1
42.86967213114754	7646	1
42.87382513661203	8452	1
42.8803825136612	2393	1
42.8888524590164	5233	1
42.89054644808743	8720	1
42.89131147540983	6550	1
42.894699453551915	6318	1
42.89497267759563	8791	1
42.92333333333333	9733	1
42.92590163934426	2852	1
42.92967213114754	2917	1
42.96038251366121	1225	1
42.9607650273224	4147	1
42.97032786885246	3969	1
42.97185792349727	46	1
42.99229508196721	7170	1
43.00568306010929	1104	1
43.00639344262295	5880	1
43.01743169398907	6865	1
43.02120218579235	284	1
43.026448087431696	5786	1
43.03158469945355	1935	1
43.05426229508197	2907	1
43.054808743169396	1747	1
43.05644808743169	9472	1
43.057814207650274	7996	1
43.064863387978136	2879	1
43.10524590163934	5187	1
43.113934426229505	452	1
43.117595628415295	1785	1
43.12010928961749	9109	1
43.12344262295082	6402	1
43.14967213114754	9798	1
43.1575956284153	5877	1
43.16393442622951	8224	1
43.17065573770492	9620	1
43.18158469945355	3685	1
43.190327868852464	7589	1
43.21453551912568	6891	1
43.21814207650273	2587	1
43.21901639344262	8865	1
43.22021857923497	1924	1
43.22032786885246	7536	1
43.22726775956284	2274	1
43.23814207650273	6438	1
43.24928961748634	741	1
43.252732240437155	5972	1
43.25661202185792	7406	1
43.266994535519125	5763	1
43.27169398907104	5639	1
43.28049180327869	5178	1
43.302185792349725	611	1
43.323060109289614	7479	1
43.331803278688525	9110	1
43.332786885245895	1772	1
43.335081967213114	6566	1
43.337431693989075	2743	1
43.34120218579235	8317	1
43.3475956284153	1741	1
43.35218579234973	519	1
43.37573770491804	8344	1
43.38021857923498	7223	1
43.40256830601093	8090	1
43.40535519125683	2429	1
43.411475409836065	6442	1
43.41754098360656	6737	1
43.4179781420765	1106	1
43.43142076502732	1435	1
43.43420765027322	3772	1
43.44005464480875	2736	1
43.46333333333333	8168	1
43.46775956284153	2485	1
43.46885245901639	7898	1
43.47092896174863	6860	1
43.47387978142076	5294	1
43.47830601092896	1761	1
43.486721311475414	7139	1
43.49027322404371	7194	1
43.49065573770492	53	1
43.492786885245906	3658	1
43.49469945355191	281	1
43.501584699453545	3142	1
43.50551912568306	5714	1
43.53098360655738	6629	1
43.544371584699455	8353	1
43.546502732240434	3734	1
43.549617486338796	8207	1
43.550273224043714	9990	1
43.55437158469945	3728	1
43.55814207650273	8980	1
43.560054644808744	6148	1
43.580983606557375	8369	1
43.58103825136612	2103	1
43.58426229508197	6573	1
43.59054644808743	9296	1
43.59710382513661	5474	1
43.62540983606557	8165	1
43.62830601092896	7545	1
43.639289617486334	7033	1
43.64622950819672	1126	1
43.659562841530054	4289	1
43.67622950819672	3265	1
43.67633879781421	430	1
43.70956284153006	6304	1
43.72715846994535	5584	1
43.75267759562841	3434	1
43.780437158469944	2498	1
43.78945355191257	2022	1
43.80382513661202	8951	1
43.81945355191257	7637	1
43.82256830601093	4152	1
43.823879781420764	6465	1
43.83584699453552	3978	1
43.83863387978142	8960	1
43.84912568306011	8174	1
43.85666666666667	5280	1
43.86338797814207	569	1
43.864262295081964	7570	1
43.8739344262295	1071	1
43.87639344262295	9318	1
43.890109289617484	252	1
43.900273224043715	1783	1
43.915136612021854	6716	1
43.91535519125683	770	1
43.91846994535519	4438	1
43.91863387978142	7243	1
43.92071038251366	4103	1
43.92666666666666	3863	1
43.93158469945355	4180	1
43.93622950819672	8346	1
43.95912568306011	1843	1
43.959398907103825	5064	1
43.962021857923496	3692	1
43.969453551912565	668	1
43.972841530054644	2315	1
43.97459016393443	7580	1
43.99355191256831	9988	1
44.00142076502732	6785	1
44.001639344262294	7280	1
44.0048087431694	7956	1
44.01540983606557	7747	1
44.03071038251366	2545	1
44.035956284153	1372	1
44.04081967213115	9568	1
44.05382513661202	6007	1
44.06196721311475	934	1
44.07469945355191	8508	1
44.085464480874315	1051	1
44.09907103825137	823	1
44.09994535519125	7000	1
44.101147540983604	2898	1
44.11513661202186	4099	1
44.11612021857923	2188	1
44.11786885245901	7042	1
44.118743169398904	62	1
44.12060109289617	9916	1
44.13136612021858	6697	1
44.13890710382514	1424	1
44.14601092896175	4090	1
44.15945355191257	5649	1
44.160437158469946	8209	1
44.16633879781421	9789	1
44.16699453551912	1896	1
44.170054644808744	4122	1
44.171584699453554	5080	1
44.183989071038255	9192	1
44.19502732240437	6621	1
44.19765027322404	4021	1
44.198142076502734	6847	1
44.20617486338798	3311	1
44.2072131147541	6443	1
44.212786885245905	9583	1
44.228524590163936	1826	1
44.236721311475414	8101	1
44.253661202185796	7290	1
44.25863387978142	2039	1
44.263661202185794	3355	1
44.263989071038246	5206	1
44.27579234972678	9854	1
44.31371584699453	6252	1
44.32360655737705	1912	1
44.33273224043716	6	1
44.333224043715845	1183	1
44.33535519125683	4828	1
44.336994535519125	4387	1
44.343005464480875	9408	1
44.350928961748636	5568	1
44.364262295081964	4687	1
44.39109289617486	4653	1
44.395956284153	4066	1
44.39852459016393	626	1
44.40409836065574	9047	1
44.41234972677596	8840	1
44.426830601092895	6880	1
44.42956284153006	278	1
44.43743169398907	5990	1
44.4375956284153	3243	1
44.44327868852459	3360	1
44.44398907103825	7757	1
44.46732240437158	7239	1
44.47267759562841	7537	1
44.47284153005464	6595	1
44.48010928961749	8862	1
44.48065573770492	2446	1
44.48950819672131	8571	1
44.49469945355192	8403	1
44.49983606557377	9768	1
44.50699453551913	7889	1
44.5135519125683	5841	1
44.514480874316945	4207	1
44.51601092896175	9968	1
44.51857923497268	8928	1
44.522185792349724	7620	1
44.57415300546448	3332	1
44.57448087431694	5791	1
44.586557377049175	3870	1
44.60551912568306	1701	1
44.60737704918032	6762	1
44.61289617486339	8567	1
44.61459016393442	8765	1
44.61535519125683	3405	1
44.616229508196724	7271	1
44.62983606557377	4210	1
44.634207650273225	1187	1
44.64344262295082	7830	1
44.64382513661202	7935	1
44.65584699453552	6657	1
44.66245901639344	1720	1
44.665245901639345	1529	1
44.666065573770496	1698	1
44.669398907103826	5612	1
44.68327868852459	5745	1
44.68819672131148	1336	1
44.71513661202186	4607	1
44.72273224043716	972	1
44.74284153005465	3974	1
44.778688524590166	4734	1
44.77989071038251	5303	1
44.783169398907106	5096	1
44.7892349726776	6760	1
44.795464480874315	7127	1
44.798469945355194	9279	1
44.79967213114754	1573	1
44.80234972677596	1841	1
44.815355191256835	5558	1
44.82027322404372	7753	1
44.823934426229506	6235	1
44.83928961748634	7024	1
44.847158469945356	734	1
44.84775956284153	9471	1
44.84950819672131	4252	1
44.864262295081964	3816	1
44.8696174863388	292	1
44.8755737704918	364	1
44.87568306010929	1947	1
44.89404371584699	2144	1
44.90229508196721	9229	1
44.91546448087431	6137	1
44.91879781420764	8764	1
44.925956284153	1670	1
44.931639344262294	1098	1
44.93961748633879	5127	1
44.947049180327866	6857	1
44.95344262295082	8619	1
44.96573770491803	421	1
44.974754098360656	8927	1
44.9779781420765	7682	1
44.97830601092896	6439	1
44.980273224043714	5321	1
44.982076502732234	9006	1
44.98923497267759	5084	1
44.99857923497268	3835	1
45.00333333333333	8540	1
45.018907103825136	6672	1
45.03021857923497	2968	1
45.033114754098364	7457	1
45.043661202185795	6323	1
45.043934426229505	3404	1
45.048524590163936	3638	1
45.052950819672134	5935	1
45.05994535519125	7448	1
45.07185792349727	2515	1
45.07584699453552	316	1
45.08049180327868	461	1
45.0831693989071	273	1
45.0883606557377	2122	1
45.091038251366115	7037	1
45.095956284153004	4139	1
45.107158469945354	5490	1
45.107267759562845	2014	1
45.116065573770484	881	1
45.12306010928962	428	1
45.12601092896175	6752	1
45.14644808743169	1401	1
45.14972677595628	5806	1
45.14978142076503	9579	1
45.15147540983607	3108	1
45.1527868852459	7731	1
45.15786885245902	436	1
45.166065573770496	9086	1
45.16989071038251	6328	1
45.17584699453552	5051	1
45.18792349726776	8192	1
45.1924043715847	3145	1
45.203005464480874	6775	1
45.204644808743176	2810	1
45.205245901639344	9692	1
45.209071038251366	5158	1
45.21191256830601	6976	1
45.22551912568306	5767	1
45.24508196721311	8012	1
45.26655737704918	8881	1
45.271475409836064	9884	1
45.29672131147541	5050	1
45.30693989071038	5670	1
45.31098360655737	6932	1
45.32448087431694	151	1
45.326885245901636	8804	1
45.32770491803279	9413	1
45.3348087431694	1902	1
45.33715846994535	7774	1
45.341038251366115	2254	1
45.345628415300546	2972	1
45.35666666666666	7012	1
45.36262295081968	6650	1
45.36661202185792	2441	1
45.37284153005464	5511	1
45.38027322404372	401	1
45.38693989071038	5545	1
45.39142076502732	3808	1
45.39693989071038	5070	1
45.405136612021856	4908	1
45.4135519125683	47	1
45.424207650273225	2037	1
45.42579234972678	6422	1
45.4292349726776	3627	1
45.42928961748634	9000	1
45.43502732240437	3302	1
45.435792349726775	8181	1
45.43639344262295	4651	1
45.43683060109289	9542	1
45.43868852459016	3895	1
45.449945355191254	6259	1
45.45147540983607	2826	1
45.45508196721311	4674	1
45.45595628415301	7372	1
45.46972677595628	1258	1
45.4779781420765	8792	1
45.48453551912568	1299	1
45.48726775956284	946	1
45.49136612021858	1375	1
45.498688524590165	3938	1
45.50049180327869	4789	1
45.50311475409836	8446	1
45.50327868852459	4486	1
45.50415300546448	7942	1
45.50748633879781	6327	1
45.521584699453555	8547	1
45.522295081967215	7419	1
45.52431693989071	4891	1
45.52617486338797	2077	1
45.540218579234974	9175	1
45.55726775956284	8783	1
45.56606557377049	22	1
45.56606557377049	9324	1
45.57224043715847	1697	1
45.583278688524594	1883	1
45.585191256830605	2834	1
45.59322404371584	347	1
45.598251366120216	4844	1
45.62978142076502	8762	1
45.639289617486334	6568	1
45.65103825136612	8526	1
45.656994535519125	883	1
45.66153005464481	1332	1
45.66792349726776	3793	1
45.675956284153	7138	1
45.6772131147541	4849	1
45.68180327868852	3741	1
45.68349726775956	7189	1
45.68601092896174	7605	1
45.69366120218579	9059	1
45.69732240437158	4275	1
45.7075956284153	256	1
45.71415300546448	3347	1
45.71617486338798	2330	1
45.72655737704918	4273	1
45.7320218579235	8595	1
45.74256830601093	3684	1
45.74524590163934	9363	1
45.746065573770494	6301	1
45.751912568306004	449	1
45.756557377049184	7237	1
45.75934426229508	1461	1
45.764426229508196	3099	1
45.78016393442623	1751	1
45.78284153005465	7020	1
45.78475409836066	6694	1
45.78972677595628	4938	1
45.806393442622955	2909	1
45.807868852459016	7515	1
45.81540983606558	67	1
45.8175956284153	2372	1
45.819016393442624	224	1
45.82185792349727	3318	1
45.82442622950819	9358	1
45.82546448087431	9811	1
45.8603825136612	1341	1
45.86191256830601	7021	1
45.86655737704918	1857	1
45.86852459016393	4831	1
45.877704918032784	1668	1
45.882349726775956	5567	1
45.88612021857923	5936	1
45.90590163934426	479	1
45.90907103825136	4820	1
45.92956284153006	1867	1
45.930491803278684	2008	1
45.93284153005464	4479	1
45.94032786885246	6770	1
45.94398907103825	4360	1
45.9479781420765	5377	1
45.95355191256831	2371	1
45.95879781420765	2024	1
45.96098360655738	5729	1
45.98551912568306	7157	1
45.99972677595628	3185	1
46.00120218579235	503	1
46.01071038251366	6040	1
46.012841530054644	7866	1
46.046612021857925	3122	1
46.049945355191255	8428	1
46.07595628415301	3892	1
46.08453551912568	5925	1
46.088469945355186	5246	1
46.09918032786886	575	1
46.09945355191257	956	1
46.10382513661202	4997	1
46.112896174863394	5235	1
46.11830601092896	5967	1
46.120327868852456	8662	1
46.13699453551912	1901	1
46.140218579234975	3464	1
46.141311475409836	5954	1
46.159125683060104	7598	1
46.16650273224043	1174	1
46.193005464480876	1953	1
46.19612021857923	9399	1
46.205628415300545	3901	1
46.212786885245905	7179	1
46.21448087431693	8260	1
46.21743169398907	8736	1
46.22890710382514	8337	1
46.23530054644808	9558	1
46.24918032786886	7772	1
46.26300546448087	4397	1
46.26765027322404	7628	1
46.28961748633879	566	1
46.29628415300546	105	1
46.296939890710384	3502	1
46.298469945355194	2504	1
46.32120218579235	994	1
46.32912568306011	1807	1
46.337049180327874	5046	1
46.34087431693989	1961	1
46.346448087431696	7883	1
46.347158469945356	2445	1
46.34978142076503	285	1
46.36972677595629	5692	1
46.37120218579235	868	1
46.38316939890711	4010	1
46.3927868852459	2878	1
46.39437158469945	2219	1
46.40071038251366	4249	1
46.41043715846994	7622	1
46.41617486338798	6230	1
46.441092896174865	9214	1
46.4420218579235	4708	1
46.44448087431694	3052	1
46.447049180327866	1486	1
46.44857923497268	7909	1
46.455683060109294	6780	1
46.45699453551913	7904	1
46.46371584699453	5495	1
46.464644808743174	7294	1
46.48469945355191	7295	1
46.485136612021854	1266	1
46.49852459016393	6554	1
46.49956284153005	7252	1
46.516994535519125	8801	1
46.52437158469945	1634	1
46.52508196721312	1232	1
46.52688524590164	9702	1
46.53918032786885	7870	1
46.55071038251366	6085	1
46.55464480874317	4414	1
46.569125683060115	8171	1
46.57551912568306	5485	1
46.59426229508196	3894	1
46.60901639344262	5932	1
46.6092349726776	8104	1
46.6103825136612	2083	1
46.6144262295082	215	1
46.61562841530054	2938	1
46.618142076502735	1692	1
46.621092896174865	4605	1
46.62617486338797	324	1
46.63513661202185	4570	1
46.64994535519126	0	1
