0.02566295081967213	8879	1
0.14461693989071037	9796	1
0.18003333333333335	9183	1
0.2006377049180328	5131	1
0.22333879781420765	5210	1
0.25444754098360656	6384	1
0.29069726775956284	2874	1
0.30253169398907104	2678	1
0.3896743169398907	6558	1
0.4373912568306011	1351	1
0.6056612021857923	7111	1
0.8381530054644808	4467	1
0.866846994535519	7834	1
0.9269508196721312	4493	1
0.974103825136612	2554	1
1.0467814207650274	5811	1
1.1760327868852458	7292	1
1.3166338797814208	696	1
1.327360655737705	3967	1
1.4453224043715847	4638	1
1.4466284153005464	2607	1
1.4879071038251366	537	1
1.5495519125683062	2654	1
1.6489617486338797	5417	1
1.6511639344262294	5846	1
1.714136612021858	3294	1
1.7222677595628415	5970	1
1.780672131147541	6465	1
1.783344262295082	6442	1
1.788032786885246	941	1
1.86624043715847	8623	1
1.8885300546448087	6884	1
1.9535245901639344	4371	1
1.987366120218579	6169	1
1.9987103825136612	5808	1
2.1289562841530056	2307	1
2.2965136612021855	3074	1
2.3569453551912565	3709	1
2.3843333333333336	6159	1
2.4440546448087432	4814	1
2.6341202185792345	8838	1
2.6613879781420766	9881	1
2.6667103825136613	739	1
2.6798415300546448	7720	1
2.704863387978142	5400	1
2.7064480874316943	2126	1
2.7274316939890713	836	1
2.829338797814208	6254	1
2.848530054644809	843	1
2.865158469945355	1829	1
2.9481912568306012	2453	1
2.9661147540983603	8166	1
2.972863387978142	4909	1
3.0077814207650273	9928	1
3.0740273224043713	9482	1
3.1341420765027324	9945	1
3.2635573770491804	2405	1
3.282704918032787	5411	1
3.3178415300546447	1022	1
3.3494426229508196	2886	1
3.3573005464480876	9934	1
3.4080382513661203	8006	1
3.410049180327869	4010	1
3.4253278688524587	6634	1
3.444344262295082	1944	1
3.454896174863388	9952	1
3.456579234972678	349	1
3.5025956284153	4787	1
3.5094590163934423	6191	1
3.521306010928962	885	1
3.5324207650273225	2621	1
3.545825136612022	7531	1
3.572382513661202	6427	1
3.589726775956284	4181	1
3.6054043715846995	3878	1
3.647437158469945	8205	1
3.6537322404371584	5891	1
3.7429562841530055	321	1
3.7875792349726773	8164	1
3.8006666666666664	5840	1
3.8345464480874316	5977	1
3.8443661202185795	8121	1
3.868622950819672	9777	1
3.8694590163934426	1893	1
3.8925464480874314	716	1
3.9069071038251364	921	1
3.938846994535519	9257	1
4.04244262295082	1282	1
4.049158469945355	9324	1
4.083879781420765	3239	1
4.1273333333333335	7265	1
4.1654371584699454	9603	1
4.221530054644809	4372	1
4.3825901639344265	6684	1
4.449344262295082	1940	1
4.489262295081967	6977	1
4.495267759562842	3889	1
4.511650273224043	6540	1
4.517912568306011	7540	1
4.6213114754098354	8911	1
4.692207650273224	7813	1
4.72155737704918	7087	1
4.739229508196721	133	1
4.745524590163935	4411	1
4.779601092896175	4222	1
4.845054644808743	3868	1
4.873256830601093	4978	1
4.89531693989071	105	1
4.917464480874317	3552	1
4.979568306010929	9321	1
4.99316393442623	9125	1
5.0301967213114755	6111	1
5.103524590163934	3527	1
5.109502732240437	9831	1
5.114333333333333	6785	1
5.15055737704918	3300	1
5.1637650273224045	4370	1
5.186284153005464	5287	1
5.271579234972677	8212	1
5.288737704918033	5016	1
5.323650273224044	7837	1
5.361502732240437	7290	1
5.408978142076503	9464	1
5.480601092896175	2840	1
5.488579234972677	8183	1
5.517650273224044	1807	1
5.517868852459016	2458	1
5.560819672131147	82	1
5.564808743169398	5381	1
5.568688524590164	1749	1
5.591584699453552	3604	1
5.617704918032787	8920	1
5.639617486338798	3771	1
5.6566120218579234	7530	1
5.668633879781421	1689	1
5.69672131147541	9852	1
5.698142076502732	8292	1
5.703715846994536	7051	1
5.713879781420765	4662	1
5.71983606557377	7686	1
5.7250273224043715	441	1
5.750655737704919	897	1
5.756393442622951	5512	1
5.758360655737705	4345	1
5.773661202185792	1680	1
5.825409836065574	7848	1
5.871475409836066	1415	1
5.892295081967213	7546	1
5.915355191256831	1734	1
5.924207650273224	3451	1
5.926284153005464	8874	1
5.949508196721312	4254	1
5.968907103825137	3591	1
5.9855191256830595	2640	1
6.10327868852459	1993	1
6.212950819672131	5610	1
6.2167759562841525	7755	1
6.228524590163935	9678	1
6.240382513661202	8486	1
6.24344262295082	9037	1
6.353715846994535	1922	1
6.368743169398907	8518	1
6.383879781420765	4269	1
6.405081967213115	8538	1
6.464808743169399	9029	1
6.475573770491803	6739	1
6.476174863387978	8191	1
6.483551912568306	6997	1
6.634754098360656	4046	1
6.642513661202186	4584	1
6.666120218579235	3800	1
6.673005464480874	3754	1
6.689617486338798	132	1
6.768524590163935	2788	1
6.79672131147541	1627	1
6.801693989071038	2882	1
6.843551912568306	3631	1
6.864863387978142	6890	1
6.884153005464481	8014	1
6.895300546448087	8528	1
6.91120218579235	6276	1
6.91896174863388	4957	1
6.921256830601093	770	1
6.93983606557377	6415	1
7.056174863387978	3217	1
7.222896174863387	3254	1
7.237540983606557	1072	1
7.257377049180327	1650	1
7.258360655737706	238	1
7.3414754098360655	6067	1
7.431693989071038	741	1
7.456448087431695	4570	1
7.458469945355191	4933	1
7.48568306010929	6041	1
7.499125683060109	5860	1
7.576393442622951	5914	1
7.583224043715847	427	1
7.623715846994535	3102	1
7.671748633879781	5019	1
7.674043715846994	6927	1
7.676994535519126	7827	1
7.718196721311475	9213	1
7.737650273224044	6142	1
7.780655737704918	5929	1
7.8533333333333335	9169	1
7.862622950819672	2289	1
7.869999999999999	9869	1
7.88551912568306	4828	1
7.937486338797814	2509	1
7.97103825136612	3740	1
7.9742076502732235	4288	1
8.005737704918033	9193	1
8.04256830601093	9044	1
8.11535519125683	2772	1
8.214699453551912	7525	1
8.253989071038252	7946	1
8.31032786885246	8303	1
8.328633879781421	8113	1
8.334262295081967	3325	1
8.353661202185792	3343	1
8.354699453551913	9909	1
8.365027322404371	7506	1
8.369562841530055	1392	1
8.412021857923497	2755	1
8.443224043715848	3637	1
8.4648087431694	9240	1
8.497049180327869	1899	1
8.532896174863387	8444	1
8.591475409836066	4854	1
8.608032786885246	4969	1
8.633442622950819	1232	1
8.668415300546448	729	1
8.67327868852459	121	1
8.790000000000001	6727	1
8.841530054644808	2962	1
8.847978142076503	6776	1
8.85120218579235	9920	1
8.874371584699453	6150	1
8.93568306010929	8146	1
9.018579234972679	3694	1
9.026010928961748	6149	1
9.114754098360656	648	1
9.125136612021857	4435	1
9.158961748633878	9195	1
9.202568306010928	8681	1
9.22311475409836	8098	1
9.228633879781421	6617	1
9.260546448087432	8391	1
9.335628415300548	3844	1
9.37639344262295	6749	1
9.428306010928962	992	1
9.447650273224044	8479	1
9.460491803278689	6888	1
9.472459016393442	964	1
9.476994535519125	1899	0
9.479781420765027	2206	1
9.502131147540982	6967	1
9.538852459016393	6556	1
9.539180327868852	3617	1
9.553005464480874	1805	1
9.603442622950821	7879	1
9.634153005464482	7959	1
9.649890710382513	4215	1
9.664972677595628	8801	1
9.704043715846995	2317	1
9.786174863387977	1590	1
9.850546448087432	3713	1
9.901857923497266	2504	1
9.906065573770492	7902	1
9.94049180327869	3159	1
10.001639344262294	2095	1
10.009726775956283	5461	1
10.023879781420765	5636	1
10.040546448087431	8355	1
10.079890710382513	5767	1
10.148469945355192	2271	1
10.166830601092897	8439	1
10.177267759562842	4724	1
10.188087431693988	4944	1
10.202404371584699	6267	1
10.221366120218578	9327	1
10.275956284153004	8312	1
10.322950819672132	8043	1
10.32639344262295	5706	1
10.334043715846994	8773	1
10.355737704918033	7379	1
10.36295081967213	7055	1
10.363770491803278	5321	1
10.37431693989071	5548	1
10.400601092896174	7104	1
10.404972677595627	7907	1
10.406775956284152	6491	1
10.422677595628416	3398	1
10.474918032786887	3321	1
10.503715846994536	4167	1
10.520437158469944	9148	1
10.528032786885246	4981	1
10.544262295081968	7554	1
10.546612021857923	9092	1
10.574590163934426	8204	1
10.5796174863388	6238	1
10.59983606557377	4856	1
10.632950819672132	4620	1
10.700000000000001	7726	1
10.70071038251366	7446	1
10.703770491803278	5494	1
10.793333333333333	9761	1
10.806830601092896	7094	1
10.82655737704918	7939	1
10.863497267759563	8505	1
10.86743169398907	5462	1
10.926775956284153	928	1
10.963497267759562	3968	1
10.971256830601092	7545	1
10.974098360655738	4766	1
10.974426229508197	2763	1
10.991366120218578	451	1
11.010273224043717	7982	1
11.012404371584699	9104	1
11.064918032786885	8614	1
11.093224043715846	2603	1
11.093497267759561	8285	1
11.133661202185792	3912	1
11.164371584699452	5152	1
11.174043715846995	1255	1
11.180546448087432	2168	1
11.200874316939892	7746	1
11.202622950819672	9942	1
11.255409836065573	4452	1
11.273497267759563	5354	1
11.29448087431694	5823	1
11.304316939890711	6310	1
11.328907103825136	3420	1
11.356830601092895	1983	1
11.364535519125683	5559	1
11.371857923497267	8569	1
11.379945355191257	6462	1
11.38431693989071	5476	1
11.398524590163934	8873	1
11.519016393442623	8591	1
11.521038251366122	6958	1
11.537267759562841	7534	1
11.555792349726776	3428	1
11.576612021857924	1317	1
11.59256830601093	1488	1
11.596775956284153	7993	1
11.613497267759563	5996	1
11.649836065573771	9312	1
11.658196721311475	7914	1
11.678142076502732	1479	1
11.709781420765028	9672	1
11.71775956284153	6839	1
11.739999999999998	4591	1
11.753825136612022	7493	1
11.765409836065574	4286	1
11.768907103825136	9447	1
11.774043715846995	5327	1
11.816065573770492	8861	1
11.820874316939891	9078	1
11.880109289617485	4261	1
11.894535519125684	8673	1
11.93207650273224	1448	1
11.964371584699453	4884	1
12.025846994535518	796	1
12.046939890710382	2747	1
12.12153005464481	5943	1
12.194426229508197	8133	1
12.197377049180327	9663	1
12.202677595628415	7767	1
12.25655737704918	8755	1
12.293770491803278	7102	1
12.346120218579234	8258	1
12.374371584699453	2907	1
12.379617486338798	8231	1
12.392841530054644	8918	1
12.402459016393443	1473	1
12.418688524590163	8831	1
12.431584699453552	9891	1
12.461092896174863	2240	1
12.476284153005464	3750	1
12.51120218579235	6257	1
12.533934426229507	9411	1
12.53967213114754	1978	1
12.547213114754099	7822	1
12.563114754098361	8274	1
12.597650273224044	1278	1
12.645901639344261	7603	1
12.685464480874316	5130	1
12.742076502732239	3015	1
12.780437158469946	8655	1
12.793060109289616	3103	1
12.849234972677595	2272	1
12.873989071038253	1550	1
12.890874316939891	6682	1
12.89808743169399	1738	1
12.9075956284153	2144	1
12.91065573770492	3175	1
12.924371584699452	3809	1
12.942295081967213	9994	1
13.01775956284153	5870	1
13.03	1689	0
13.072568306010929	6667	1
13.108579234972678	6063	1
13.12087431693989	8634	1
13.124699453551912	4938	1
13.215464480874315	3243	1
13.230491803278687	7901	1
13.230546448087432	5025	1
13.294918032786885	9117	1
13.295245901639344	9344	1
13.34879781420765	6486	1
13.353551912568307	7316	1
13.37622950819672	5958	1
13.432950819672131	4221	1
13.43775956284153	9542	1
13.479562841530056	8574	1
13.52136612021858	1589	1
13.531967213114754	3618	1
13.568032786885245	4660	1
13.576284153005465	2219	1
13.58606557377049	4600	1
13.619672131147542	3171	1
13.735901639344263	847	1
13.74896174863388	8521	1
13.76464480874317	1389	1
13.810218579234972	4881	1
13.82568306010929	5481	1
13.832732240437158	6578	1
13.854262295081966	7288	1
13.85775956284153	3718	1
13.873715846994534	9001	1
13.899945355191255	1198	1
13.984371584699453	9609	1
14.023879781420765	1218	1
14.027322404371583	2833	1
14.05912568306011	9493	1
14.081256830601092	253	1
14.089508196721312	720	1
14.09087431693989	7045	1
14.130546448087431	1696	1
14.138032786885246	8153	1
14.154863387978143	8974	1
14.214426229508197	3238	1
14.228524590163934	2622	1
14.260546448087432	5758	1
14.262677595628416	4812	1
14.333497267759563	5915	1
14.436120218579235	3556	1
14.43672131147541	732	1
14.652021857923497	3881	1
14.653934426229508	9157	1
14.71174863387978	6705	1
14.784316939890711	2048	1
14.79360655737705	7242	1
14.834754098360657	9886	1
14.877322404371585	9121	1
14.910218579234972	9638	1
14.952349726775957	3210	1
15.01918032786885	7751	1
15.065737704918032	9717	1
15.076775956284154	2182	1
15.125737704918032	6345	1
15.218524590163934	5207	1
15.326448087431693	8816	1
15.328087431693989	5886	1
15.336775956284152	5493	1
15.38	7711	1
15.393661202185793	1560	1
15.403169398907103	4748	1
15.483934426229508	6632	1
15.566666666666666	6312	1
15.623169398907102	4364	1
15.638852459016395	9479	1
15.751092896174862	2666	1
15.833005464480875	5955	1
15.843661202185793	4929	1
15.871092896174863	7522	1
15.973770491803279	1306	1
16.0327868852459	4590	1
16.07071038251366	8062	1
16.073060109289617	5124	1
16.086775956284153	8349	1
16.109398907103827	4673	1
16.128251366120217	6795	1
16.14448087431694	952	1
16.154207650273225	9900	1
16.15601092896175	8221	1
16.223005464480874	9233	1
16.264754098360655	7098	1
16.27535519125683	2212	1
16.281967213114754	9966	1
16.304426229508195	9707	1
16.310983606557375	363	1
16.325136612021858	9342	1
16.338196721311476	7311	1
16.349781420765026	5012	1
16.373224043715847	7422	1
16.373934426229507	7179	1
16.388852459016395	3962	1
16.390601092896173	5061	1
16.394262295081965	3077	1
16.47071038251366	4282	1
16.473169398907103	3852	1
16.47486338797814	9809	1
16.501311475409835	6763	1
16.517322404371583	8532	1
16.523879781420764	9438	1
16.57431693989071	8215	1
16.61016393442623	7532	1
16.67808743169399	9430	1
16.69945355191257	2632	1
16.71639344262295	4709	1
16.718743169398905	9689	1
16.74366120218579	5569	1
16.75016393442623	4952	1
16.763551912568307	6948	1
16.777978142076503	1798	1
16.7848087431694	3885	1
16.802295081967213	8365	1
16.80945355191257	3758	1
16.841147540983606	2366	1
16.888032786885248	5957	1
16.910601092896172	8206	1
16.92568306010929	6841	1
16.98743169398907	6936	1
17.021311475409835	8243	1
17.028743169398908	9859	1
17.031092896174865	4804	1
17.229945355191255	901	1
17.251202185792348	1323	1
17.260163934426227	7664	1
17.364043715846993	877	1
17.410928961748635	2331	1
17.437049180327868	1706	1
17.47382513661202	7904	1
17.52912568306011	3485	1
17.562950819672132	418	1
17.61622950819672	8282	1
17.634262295081967	1272	1
17.682459016393445	8825	1
17.685956284153004	5112	1
17.78590163934426	8516	1
17.79530054644809	9209	1
17.806174863387977	1621	1
17.845792349726775	5168	1
17.893387978142076	4036	1
17.920928961748633	7211	1
17.9348087431694	3848	1
17.95513661202186	7713	1
18.009836065573772	4903	1
18.05639344262295	2612	1
18.06622950819672	5771	1
18.08568306010929	8316	1
18.092349726775957	8128	1
18.14415300546448	8087	1
18.16256830601093	6497	1
18.175956284153006	320	1
18.18464480874317	947	1
18.196775956284153	2841	1
18.20918032786885	3301	1
18.23874316939891	8058	1
18.28568306010929	9185	1
18.294590163934426	7320	1
18.299453551912567	6949	1
18.309836065573773	2844	1
18.317923497267756	7673	1
18.338306010928964	5866	1
18.364535519125685	6326	1
18.38885245901639	9215	1
18.393770491803277	3183	1
18.449781420765024	6708	1
18.478907103825136	9528	1
18.49792349726776	7735	1
18.50775956284153	9510	1
18.564918032786885	3113	1
18.595956284153004	1222	1
18.602841530054647	2581	1
18.653114754098358	8896	1
18.69846994535519	9480	1
18.747322404371584	193	1
18.764262295081966	6464	1
18.765081967213114	4099	1
18.814808743169397	3284	1
18.843825136612022	9488	1
18.858688524590164	8822	1
18.87333333333333	7577	1
19.0051912568306	2262	1
19.008142076502732	1930	1
19.061092896174863	8092	1
19.070546448087434	7454	1
19.101475409836066	8341	1
19.107540983606558	7693	1
19.148469945355192	8696	1
19.157978142076505	870	1
19.194371584699454	2402	1
19.251967213114753	7370	1
19.27224043715847	9355	1
19.333333333333336	1869	1
19.358961748633877	7854	1
19.382513661202186	5756	1
19.39573770491803	5880	1
19.39693989071038	8367	1
19.401639344262296	8042	1
19.412841530054646	9150	1
19.418688524590163	9406	1
19.46344262295082	1381	1
19.50448087431694	2147	1
19.543715846994534	5374	1
19.635355191256828	6696	1
19.65224043715847	8721	1
19.65967213114754	8588	1
19.665300546448087	3826	1
19.670218579234973	3823	1
19.72601092896175	6930	1
19.755464480874316	7819	1
19.765464480874318	4821	1
19.78502732240437	4497	1
19.78617486338798	6787	1
19.814098360655738	1286	1
19.85120218579235	8977	1
19.900655737704916	7674	1
19.92136612021858	7451	1
19.92142076502732	5048	1
19.922568306010927	1180	1
19.923879781420762	9005	1
19.960109289617485	1181	1
19.9848087431694	8174	1
20.02191256830601	1857	1
20.099398907103826	7154	1
20.12857923497268	7917	1
20.147814207650274	5459	1
20.173224043715845	4278	1
20.213934426229507	2656	1
20.236448087431693	1436	1
20.239508196721314	4575	1
20.300327868852456	9059	1
20.326120218579234	3635	1
20.337486338797817	3947	1
20.34726775956284	5716	1
20.415245901639345	5507	1
20.459234972677596	7925	1
20.497213114754096	7225	1
20.499180327868853	7401	1
20.539781420765024	8878	1
20.54415300546448	1982	1
20.58098360655738	2680	1
20.603879781420765	5757	1
20.629672131147544	8398	1
20.682295081967215	7762	1
20.68934426229508	5114	1
20.70950819672131	4801	1
20.752896174863388	7049	1
20.777923497267757	968	1
20.792677595628412	7844	1
20.82502732240437	2308	1
20.845245901639345	487	1
20.894918032786883	3682	1
20.9103825136612	4110	1
20.954754098360656	5961	1
20.970928961748633	4260	1
20.98207650273224	2488	1
21.00262295081967	2012	1
21.042622950819673	7196	1
21.059398907103827	7433	1
21.10677595628415	4439	1
21.12590163934426	3673	1
21.217377049180328	8279	1
21.235409836065575	6677	1
21.243387978142074	9491	1
21.253442622950818	6777	1
21.25426229508197	2314	1
21.309781420765027	8271	1
21.317267759562842	1595	1
21.33775956284153	2419	1
21.36360655737705	8360	1
21.406885245901638	3702	1
21.44912568306011	6472	1
21.518142076502734	1855	1
21.53639344262295	7169	1
21.5751912568306	286	1
21.58273224043716	3051	1
21.605409836065572	8094	1
21.677595628415297	7723	1
21.714426229508195	1535	1
21.72169398907104	4740	1
21.731092896174864	6473	1
21.736174863387976	8291	1
21.759071038251367	7553	1
21.830765027322403	4374	1
21.858469945355193	6206	1
21.87704918032787	2275	1
21.881639344262293	6296	1
21.933825136612022	9211	1
21.953606557377046	1948	1
21.972021857923497	2571	1
21.976666666666667	8504	1
21.99743169398907	2200	1
22.03224043715847	9041	1
22.05912568306011	8267	1
22.060983606557375	1179	1
22.062841530054644	1450	1
22.085245901639343	5409	1
22.14639344262295	3676	1
22.160109289617484	5862	1
22.164207650273223	7752	1
22.179945355191258	32	1
22.19502732240437	4052	1
22.204262295081964	5567	1
22.20879781420765	5250	1
22.210327868852456	8026	1
22.22568306010929	8022	1
22.229508196721312	6440	1
22.237377049180328	3537	1
22.264426229508196	6066	1
22.293060109289616	975	1
22.40814207650273	9367	1
22.41950819672131	8070	1
22.471092896174863	7765	1
22.511475409836066	3533	1
22.55464480874317	9175	1
22.555956284153005	1307	1
22.58530054644809	634	1
22.613551912568305	1331	1
22.61437158469945	7443	1
22.692677595628414	679	1
22.756229508196718	4713	1
22.77136612021858	6569	1
22.781748633879783	9645	1
22.790819672131146	2951	1
22.800218579234972	9590	1
22.8179781420765	2983	1
22.82617486338798	6248	1
22.842295081967215	6081	1
22.896120218579235	8649	1
22.92792349726776	4478	1
22.940928961748636	7396	1
22.946120218579235	3007	1
23.000163934426226	7437	1
23.02857923497268	7184	1
23.0427868852459	1731	1
23.065081967213114	4213	1
23.103169398907102	961	1
23.12431693989071	3736	1
23.132131147540985	4136	1
23.161803278688527	4481	1
23.205573770491803	1995	1
23.208251366120216	8440	1
23.213770491803277	6402	1
23.25677595628415	6270	1
23.26754098360656	519	1
23.274972677595628	4789	1
23.329234972677597	1276	1
23.34584699453552	9786	1
23.3548087431694	0	1
23.358852459016394	2846	1
23.38814207650273	5894	1
23.39273224043716	2631	1
23.405628415300544	1910	1
23.411475409836065	8143	1
23.417923497267758	6261	1
23.42136612021858	5966	1
23.433715846994534	2480	1
23.44142076502732	6992	1
23.442021857923496	5049	1
23.468579234972676	6467	1
23.477759562841527	1584	1
23.508251366120216	1015	1
23.525519125683058	6469	1
23.53704918032787	9308	1
23.584754098360655	6821	1
23.604535519125683	1024	1
23.609945355191257	3374	1
23.648306010928962	5560	1
23.661475409836065	4993	1
23.664590163934427	4069	1
23.66688524590164	437	1
23.667595628415302	4340	1
23.669453551912568	6405	1
23.66989071038251	7616	1
23.688524590163933	8392	1
23.688907103825137	2800	1
23.714535519125683	7420	1
23.718688524590164	8670	1
23.72967213114754	6369	1
23.73158469945355	2709	1
23.740109289617486	955	1
23.75617486338798	5337	1
23.76688524590164	9718	1
23.784535519125683	7928	1
23.786284153005465	1888	1
23.787868852459017	9885	1
23.788579234972676	1711	1
23.796338797814204	6773	1
23.80109289617486	8608	1
23.815956284153007	8904	1
23.83032786885246	2124	1
23.861092896174863	2477	1
23.883169398907103	3249	1
23.886120218579237	9754	1
23.894043715846994	1074	1
23.91579234972678	8962	1
23.92027322404372	5010	1
23.926448087431694	9470	1
23.935737704918033	5254	1
23.944043715846995	3626	1
23.952021857923498	8651	1
23.961693989071037	6193	1
23.97142076502732	7158	1
23.994808743169397	4960	1
23.996830601092896	8409	1
24.000819672131147	5519	1
24.0151912568306	4465	1
24.01704918032787	1200	1
24.021857923497265	5513	1
24.02497267759563	9866	1
24.046448087431695	9876	1
24.051584699453553	3082	1
24.05174863387978	5629	1
24.067267759562842	1320	1
24.075409836065575	6702	1
24.07590163934426	248	1
24.084480874316938	9360	1
24.10071038251366	7703	1
24.108907103825135	3813	1
24.149016393442622	1671	1
24.155027322404372	4171	1
24.17327868852459	7855	1
24.180109289617487	3358	1
24.187267759562843	4314	1
24.187486338797815	704	1
24.190109289617485	3638	1
24.207814207650273	6955	1
24.21540983606557	1127	1
24.217377049180325	6900	1
24.250710382513663	4390	1
24.281803278688525	8150	1
24.307267759562844	414	1
24.314426229508197	6920	1
24.32896174863388	9200	1
24.346939890710384	316	1
24.359071038251365	4950	1
24.364972677595627	3783	1
24.391092896174865	5167	1
24.41415300546448	7084	1
24.437158469945356	5323	1
24.452185792349727	4315	1
24.47191256830601	8726	1
24.49688524590164	1062	1
24.500054644808746	3488	1
24.50469945355191	9443	1
24.505573770491804	4358	1
24.505956284153005	2582	1
24.51344262295082	8770	1
24.51530054644809	4869	1
24.52114754098361	8567	1
24.52502732240437	9184	1
24.526120218579234	1917	1
24.529071038251367	4008	1
24.532841530054643	7147	1
24.540819672131146	3396	1
24.561092896174863	5161	1
24.564262295081967	3259	1
24.566612021857924	7973	1
24.5727868852459	7811	1
24.578852459016392	188	1
24.594918032786882	3571	1
24.604808743169396	8959	1
24.615081967213115	131	1
24.659562841530054	3326	1
24.66502732240437	7276	1
24.676939890710383	7385	1
24.71792349726776	5526	1
24.731530054644807	691	1
24.737486338797815	6011	1
24.740054644808744	8768	1
24.742896174863386	9136	1
24.77584699453552	4027	1
24.791147540983605	547	1
24.79158469945355	4249	1
24.79382513661202	7948	1
24.795245901639344	5001	1
24.810874316939888	5556	1
24.813387978142075	6320	1
24.81584699453552	6477	1
24.81918032786885	9199	1
24.833934426229508	8455	1
24.83551912568306	8095	1
24.84256830601093	6076	1
24.84355191256831	6999	1
24.843661202185793	8261	1
24.845628415300546	5377	1
24.851530054644808	8536	1
24.864754098360656	4458	1
24.870491803278686	9655	1
24.870819672131148	4080	1
24.874098360655736	9091	1
24.896448087431693	3817	1
24.919726775956285	3655	1
24.934535519125685	6014	1
24.95896174863388	9713	1
24.963661202185794	2547	1
24.97065573770492	4560	1
24.97814207650273	9358	1
25.00136612021858	6979	1
25.00174863387978	8657	1
25.004754098360657	4427	1
25.017158469945354	5155	1
25.022459016393444	6845	1
25.02398907103825	2851	1
25.02464480874317	8237	1
25.034754098360658	9667	1
25.041366120218576	6182	1
25.048360655737703	3804	1
25.04978142076503	942	1
25.05497267759563	6446	1
25.069617486338796	9974	1
25.085300546448085	261	1
25.086939890710383	3114	1
25.095081967213115	6621	1
25.10497267759563	4616	1
25.12688524590164	5248	1
25.129617486338798	2726	1
25.172185792349726	8882	1
25.182131147540982	1585	1
25.18770491803279	1371	1
25.190983606557378	2160	1
25.196721311475407	1748	1
25.19825136612022	3797	1
25.219180327868852	753	1
25.244043715846992	448	1
25.249344262295082	2025	1
25.24967213114754	1830	1
25.267540983606555	7264	1
25.273606557377047	3137	1
25.277486338797814	3751	1
25.27879781420765	8595	1
25.28781420765027	4994	1
25.29245901639344	673	1
25.302131147540983	4115	1
25.305300546448088	1990	1
25.30874316939891	7392	1
25.316830601092896	2427	1
25.317759562841527	4557	1
25.32071038251366	792	1
25.33087431693989	8529	1
25.334262295081967	8171	1
25.354972677595626	3770	1
25.366612021857925	844	1
25.368688524590162	3076	1
25.41677595628415	7705	1
25.451420765027322	5521	1
25.466775956284152	5731	1
25.46704918032787	9737	1
25.475464480874315	6608	1
25.479945355191255	9897	1
25.48426229508197	9715	1
25.486612021857923	2714	1
25.496775956284154	9138	1
25.501967213114753	9258	1
25.512185792349726	7860	1
25.512841530054644	496	1
25.548907103825133	6768	1
25.549398907103825	8722	1
25.550983606557377	2589	1
25.551256830601094	4295	1
25.565792349726774	2350	1
25.567322404371584	6778	1
25.57655737704918	8552	1
25.57989071038251	7828	1
25.5975956284153	3660	1
25.598688524590163	7	1
25.619398907103825	3191	1
25.636284153005466	4985	1
25.645245901639345	6825	1
25.653715846994537	2749	1
25.663934426229506	5169	1
25.667486338797815	8520	1
25.668306010928962	5723	1
25.670273224043715	4123	1
25.690054644808743	1000	1
25.69196721311475	3068	1
25.700819672131146	8314	1
25.711693989071037	7774	1
25.721366120218576	5479	1
25.727704918032785	8750	1
25.728032786885247	4017	1
25.7320218579235	9374	1
25.74136612021858	2087	1
25.745737704918035	9202	1
25.75448087431694	4201	1
25.763770491803278	6218	1
25.79710382513661	3029	1
25.805136612021858	4738	1
25.813278688524587	9379	1
25.81896174863388	3059	1
25.820382513661205	8589	1
25.85814207650273	7388	1
25.85896174863388	9984	1
25.87601092896175	7456	1
25.893879781420765	7877	1
25.900983606557375	8702	1
25.902021857923494	8344	1
25.908907103825136	4134	1
25.909289617486337	5176	1
25.919398907103826	3305	1
25.937540983606556	4999	1
25.946010928961748	3218	1
25.95879781420765	6354	1
25.988306010928962	9171	1
25.989781420765027	8790	1
26.003278688524592	4568	1
26.032841530054643	1741	1
26.04174863387978	7415	1
26.04590163934426	2774	1
26.06136612021858	7934	1
26.062950819672132	7250	1
26.06983606557377	4238	1
26.072021857923495	4475	1
26.081693989071038	3525	1
26.089945355191254	5261	1
26.11502732240437	1407	1
26.119617486338797	587	1
26.121693989071037	5084	1
26.12431693989071	6539	1
26.136666666666667	7085	1
26.1448087431694	5601	1
26.152131147540985	9337	1
26.16245901639344	4418	1
26.16256830601093	179	1
26.17431693989071	5342	1
26.18136612021858	6361	1
26.18464480874317	4424	1
26.200601092896175	1854	1
26.276885245901642	2506	1
26.29120218579235	3196	1
26.305628415300546	4930	1
26.333715846994536	4725	1
26.3551912568306	2759	1
26.363442622950817	3430	1
26.391311475409836	4149	1
26.392786885245904	2415	1
26.399508196721314	5952	1
26.4051912568306	7207	1
26.418360655737708	9849	1
26.421147540983608	8580	1
26.42606557377049	3278	1
26.4683606557377	687	1
26.46896174863388	4499	1
26.47142076502732	6022	1
26.499562841530054	2639	1
26.500054644808742	9818	1
26.50415300546448	4401	1
26.523333333333333	4004	1
26.525409836065574	3242	1
26.54322404371585	6167	1
26.55344262295082	4146	1
26.568032786885247	4086	1
26.573278688524592	7150	1
26.575136612021858	7043	1
26.581693989071038	2796	1
26.6024043715847	2683	1
26.606994535519124	3833	1
26.61448087431694	2430	1
26.631857923497268	7056	1
26.63568306010929	2624	1
26.63622950819672	4553	1
26.638306010928964	8135	1
26.6396174863388	1491	1
26.657486338797813	7810	1
26.661639344262294	2459	1
26.662185792349728	7428	1
26.69409836065574	1310	1
26.702896174863387	4992	1
26.719398907103827	7329	1
26.72382513661202	2857	1
26.746557377049182	331	1
26.754426229508198	5764	1
26.76136612021858	5329	1
26.773715846994538	2287	1
26.781475409836066	5492	1
26.786994535519124	1863	1
26.7924043715847	2899	1
26.795136612021857	9893	1
26.819890710382516	4544	1
26.837322404371584	2929	1
26.85934426229508	5990	1
26.868688524590162	6430	1
26.88120218579235	4848	1
26.883606557377046	4836	1
26.884754098360656	7639	1
26.89633879781421	3512	1
26.89775956284153	1241	1
26.90546448087432	3336	1
26.91103825136612	469	1
26.91415300546448	8926	1
26.931420765027323	9741	1
26.934043715846993	5809	1
26.9451912568306	5184	1
26.95229508196721	4113	1
26.95775956284153	4698	1
26.960983606557377	7770	1
26.961748633879782	4782	1
26.9675956284153	9140	1
26.970928961748633	7650	1
26.97098360655738	2019	1
26.975573770491803	9330	1
26.999071038251365	100	1
27.005300546448087	374	1
27.014262295081966	6611	1
27.016666666666666	2016	1
27.01754098360656	3695	1
27.024207650273222	3515	1
27.03327868852459	1646	1
27.058032786885246	3650	1
27.063387978142078	1907	1
27.088579234972677	5228	1
27.10666666666667	6584	1
27.15868852459016	9178	1
27.18617486338798	2341	1
27.20191256830601	1049	1
27.20568306010929	9115	1
27.21590163934426	6769	1
27.22114754098361	9415	1
27.222513661202186	5418	1
27.25049180327869	297	1
27.25879781420765	579	1
27.279781420765026	5711	1
27.288196721311476	3421	1
27.305519125683062	1904	1
27.306775956284152	6189	1
27.31366120218579	7139	1
27.324371584699453	7269	1
27.326393442622948	2924	1
27.331693989071038	9681	1
27.33967213114754	783	1
27.341475409836065	6136	1
27.363661202185792	3181	1
27.373770491803278	6693	1
27.384426229508197	5744	1
27.38448087431694	3983	1
27.40551912568306	5769	1
27.416120218579234	4723	1
27.434754098360656	7406	1
27.45382513661202	5399	1
27.465464480874317	6353	1
27.47825136612022	8350	1
27.488579234972676	2543	1
27.506502732240435	3625	1
27.53136612021858	4000	1
27.54688524590164	8546	1
27.568360655737703	9833	1
27.569180327868853	9387	1
27.586393442622953	5545	1
27.596284153005467	3860	1
27.60644808743169	7789	1
27.608852459016394	2703	1
27.614262295081964	3745	1
27.630437158469945	9474	1
27.633497267759562	7797	1
27.648251366120217	4111	1
27.675628415300547	7976	1
27.678907103825136	2764	1
27.701967213114752	6534	1
27.70344262295082	5039	1
27.713060109289618	3005	1
27.728142076502735	2736	1
27.731366120218578	5987	1
27.753333333333334	1023	1
27.755300546448087	4900	1
27.764918032786888	2463	1
27.774590163934423	4468	1
27.785409836065572	4649	1
27.800163934426227	4398	1
27.801639344262295	9776	1
27.80704918032787	3593	1
27.808688524590163	6365	1
27.810601092896174	4561	1
27.845792349726775	9496	1
27.849999999999998	4285	1
27.858360655737705	6924	1
27.86912568306011	124	1
27.875081967213113	4636	1
27.902076502732243	9451	1
27.92103825136612	6570	1
27.92885245901639	5051	1
27.93021857923497	4353	1
27.961857923497266	7920	1
27.976502732240437	7333	1
27.991092896174862	1732	1
28.000765027322405	1692	1
28.02415300546448	6525	1
28.03087431693989	7528	1
28.063989071038254	5774	1
28.06431693989071	3983	0
28.073715846994535	9802	1
28.082021857923497	6396	1
28.088852459016394	3479	1
28.09989071038251	5397	1
28.11606557377049	3628	1
28.1283606557377	2684	1
28.13016393442623	1388	1
28.134644808743168	7319	1
28.155136612021856	8293	1
28.17726775956284	7074	1
28.179289617486337	176	1
28.18071038251366	16	1
28.194808743169396	4509	1
28.196775956284153	1591	1
28.210819672131148	1841	1
28.213005464480876	8122	1
28.22207650273224	1104	1
28.236065573770492	4399	1
28.240218579234973	3011	1
28.240437158469945	2013	1
28.253770491803277	9016	1
28.270655737704917	7235	1
28.277322404371585	9958	1
28.281639344262295	9370	1
28.29901639344262	3434	1
28.338579234972677	9862	1
28.341803278688523	464	1
28.370601092896173	7402	1
28.371748633879783	670	1
28.373551912568306	7702	1
28.374371584699453	3093	1
28.408142076502735	3684	1
28.414918032786883	3721	1
28.416284153005464	1959	1
28.417868852459016	688	1
28.459453551912567	8184	1
28.479726775956284	3117	1
28.481584699453553	6557	1
28.48371584699453	7511	1
28.50546448087432	6034	1
28.506065573770492	5431	1
28.515136612021855	7337	1
28.54005464480874	2792	1
28.54174863387978	2205	1
28.543661202185792	3248	1
28.54825136612022	2196	1
28.5527868852459	9581	1
28.576830601092894	936	1
28.580109289617486	7026	1
28.593060109289617	6439	1
28.608907103825135	6417	1
28.65502732240437	1700	1
28.65584699453552	8607	1
28.688415300546446	905	1
28.697868852459013	9792	1
28.699234972677594	7717	1
28.70158469945355	5183	1
28.7175956284153	3570	1
28.732841530054642	3746	1
28.74693989071038	4940	1
28.748196721311476	4629	1
28.76754098360656	9839	1
28.78109289617486	1974	1
28.7951912568306	2946	1
28.83136612021858	5819	1
28.83213114754098	7218	1
28.8372131147541	5668	1
28.84879781420765	6069	1
28.85027322404372	9677	1
28.867377049180327	7601	1
28.880819672131146	1682	1
28.893715846994535	2404	1
28.922950819672128	5164	1
28.932185792349724	2433	1
28.936502732240438	4831	1
28.938032786885245	1086	1
28.948688524590164	3141	1
28.9603825136612	6374	1
28.979398907103825	7266	1
29.020382513661204	5598	1
29.031584699453553	6759	1
29.071147540983606	4334	1
29.087868852459017	4634	1
29.093442622950818	9373	1
29.11125683060109	638	1
29.120765027322403	8948	1
29.120928961748632	2494	1
29.123934426229507	1511	1
29.12950819672131	5414	1
29.13049180327869	7886	1
29.148360655737704	8432	1
29.15295081967213	5734	1
29.206939890710384	913	1
29.209180327868854	6431	1
29.216338797814206	1465	1
29.219016393442622	2542	1
29.23136612021858	9463	1
29.236010928961747	1297	1
29.242896174863386	630	1
29.307377049180328	9444	1
29.31792349726776	6284	1
29.330382513661203	2171	1
29.35688524590164	9040	1
29.35912568306011	5781	1
29.365027322404373	2189	1
29.366010928961746	7373	1
29.37765027322404	2556	1
29.378797814207648	4148	1
29.382841530054645	7215	1
29.383879781420767	6307	1
29.407650273224046	4512	1
29.414590163934427	1885	1
29.431311475409835	1708	1
29.45229508196721	1486	1
29.45896174863388	7331	1
29.471256830601092	6733	1
29.48327868852459	3143	1
29.504371584699452	668	1
29.51125683060109	4382	1
29.51950819672131	3200	1
29.524043715846993	3125	1
29.530218579234973	6422	1
29.536010928961748	5281	1
29.557322404371586	9574	1
29.557540983606557	3502	1
29.562404371584698	3564	1
29.56792349726776	8715	1
29.609071038251365	4987	1
29.615191256830602	6488	1
29.626775956284153	740	1
29.633879781420763	1326	1
29.636775956284154	5727	1
29.66224043715847	3769	1
29.66448087431694	5936	1
29.66486338797814	8480	1
29.66912568306011	1289	1
29.67814207650273	2628	1
29.690273224043715	6387	1
29.71633879781421	7626	1
29.71945355191257	8963	1
29.7320218579235	2810	1
29.738196721311475	4366	1
29.739071038251364	5120	1
29.760382513661202	6166	1
29.79021857923497	3762	1
29.792568306010928	6933	1
29.79322404371585	4539	1
29.800218579234972	4480	1
29.80262295081967	3977	1
29.83153005464481	4498	1
29.84677595628415	7859	1
29.856174863387977	1484	1
29.860437158469946	4543	1
29.861311475409835	5490	1
29.864590163934423	1763	1
29.87726775956284	4461	1
29.897650273224045	3659	1
29.91808743169399	2213	1
29.932131147540982	5331	1
29.94032786885246	5573	1
29.970601092896175	5024	1
29.97814207650273	2032	1
29.99420765027322	5995	1
29.998360655737706	1045	1
30.005683060109288	2519	1
30.025628415300545	1439	1
30.0424043715847	2613	1
30.047814207650273	5993	1
30.049125683060108	8965	1
30.049234972677596	4179	1
30.049999999999997	6222	1
30.06502732240437	290	1
30.06644808743169	9932	1
30.08568306010929	4466	1
30.092786885245904	1054	1
30.122021857923496	3540	1
30.12234972677596	6589	1
30.126284153005464	5518	1
30.204207650273226	8083	1
30.22978142076503	9446	1
30.238524590163934	3035	1
30.247158469945354	7984	1
30.272841530054645	6618	1
30.27306010928962	9820	1
30.28054644808743	6972	1
30.29	7926	1
30.309071038251364	2101	1
30.31136612021858	4597	1
30.315136612021856	9960	1
30.329562841530056	6929	1
30.35606557377049	3349	1
30.370437158469944	1689	1
30.376393442622952	5230	1
30.396393442622948	9725	1
30.399234972677597	9735	1
30.402185792349727	3656	1
30.408907103825136	1912	1
30.438032786885245	6049	1
30.441803278688525	5205	1
30.444262295081966	546	1
30.465081967213113	6386	1
30.474535519125684	8086	1
30.48426229508197	216	1
30.486229508196722	2347	1
30.490928961748633	7131	1
30.50224043715847	9513	1
30.504863387978144	7944	1
30.52448087431694	3957	1
30.52606557377049	2555	1
30.540655737704917	5122	1
30.543934426229505	1548	1
30.584426229508196	2060	1
30.60295081967213	6848	1
30.60852459016393	3412	1
30.609890710382512	8307	1
30.659617486338796	2188	1
30.66032786885246	7445	1
30.666557377049177	1140	1
30.680983606557376	4590	0
30.68540983606557	9047	1
30.697049180327866	6505	1
30.728032786885244	8418	1
30.7324043715847	1934	1
30.756830601092897	7986	1
30.757540983606557	1878	1
30.75781420765027	8606	1
30.77464480874317	6781	1
30.786557377049178	3812	1
30.78792349726776	4422	1
30.79945355191257	8118	1
30.805901639344263	4990	1
30.81153005464481	9503	1
30.85054644808743	6131	1
30.909344262295082	3178	1
30.915136612021858	6423	1
30.937923497267757	9832	1
30.957049180327868	7965	1
30.9775956284153	6996	1
30.985956284153005	7743	1
30.99398907103825	5595	1
30.994699453551913	2900	1
31.0075956284153	6290	1
31.019672131147537	985	1
31.02311475409836	5736	1
31.029234972677596	5449	1
31.049672131147542	4661	1
31.06639344262295	7274	1
31.075956284153005	6298	1
31.084207650273225	7109	1
31.088196721311476	2001	1
31.096065573770492	7750	1
31.122459016393442	8779	1
31.169180327868855	812	1
31.17087431693989	9692	1
31.17568306010929	108	1
31.20453551912568	5945	1
31.22158469945355	7123	1
31.221967213114752	7312	1
31.25879781420765	1789	1
31.309781420765027	4454	1
31.323989071038252	7974	1
31.33775956284153	2257	1
31.40158469945355	3471	1
31.416830601092894	6121	1
31.42344262295082	5829	1
31.430382513661204	7175	1
31.434972677595628	6179	1
31.437322404371585	4279	1
31.439071038251367	255	1
31.439289617486338	7188	1
31.44513661202186	6435	1
31.448306010928963	9702	1
31.456010928961746	4917	1
31.473169398907103	237	1
31.476885245901638	277	1
31.482349726775958	18	1
31.4951912568306	8138	1
31.521147540983605	9782	1
31.526284153005463	4565	1
31.53360655737705	6347	1
31.55103825136612	5015	1
31.55344262295082	351	1
31.56191256830601	5843	1
31.563224043715845	5901	1
31.56978142076503	2259	1
31.592950819672133	6042	1
31.613879781420763	7039	1
31.63169398907104	8515	1
31.63530054644809	3832	1
31.67174863387978	4739	1
31.6848087431694	3251	1
31.72311475409836	7539	1
31.729890710382513	4524	1
31.738579234972676	1898	1
31.739945355191256	6211	1
31.747431693989068	2096	1
31.84726775956284	3534	1
31.84896174863388	3062	1
31.851803278688525	1882	1
31.85584699453552	5178	1
31.86409836065574	7588	1
31.874043715846994	6725	1
31.880983606557376	7615	1
31.885027322404373	9728	1
31.889289617486337	4473	1
31.92071038251366	5121	1
31.937868852459015	296	1
31.952896174863387	4526	1
31.959726775956284	6419	1
31.963333333333335	6886	1
31.964207650273224	3192	1
31.968196721311475	810	1
31.97	9251	1
31.986338797814206	8753	1
31.990327868852457	6107	1
32.01005464480875	9619	1
32.064590163934426	3160	1
32.1007650273224	6029	1
32.12846994535519	9729	1
32.141639344262295	3110	1
32.14262295081967	3595	1
32.17655737704918	4918	1
32.19081967213115	5584	1
32.20688524590164	7870	1
32.24049180327869	5499	1
32.24912568306011	3360	1
32.256174863387976	3806	1
32.2755737704918	6612	1
32.29224043715847	5572	1
32.31393442622951	953	1
32.33153005464481	2527	1
32.34590163934426	4880	1
32.34808743169399	6860	1
32.352349726775955	8461	1
32.35710382513661	6509	1
32.40196721311475	2014	1
32.425409836065576	6704	1
32.43415300546448	4100	1
32.44229508196722	1568	1
32.47076502732241	395	1
32.48349726775956	9719	1
32.485956284153005	325	1
32.532732240437156	2516	1
32.53338797814207	8539	1
32.557431693989066	8662	1
32.584426229508196	8401	1
32.6003825136612	8945	1
32.602732240437156	8815	1
32.62196721311475	591	1
32.642021857923496	7630	1
32.67120218579235	3583	1
32.6792349726776	8049	1
32.68420765027322	5192	1
32.72524590163935	1847	1
32.73437158469945	1628	1
32.74131147540984	7116	1
32.74404371584699	7228	1
32.746448087431695	2861	1
32.79010928961748	7689	1
32.836666666666666	5340	1
32.85551912568306	9229	1
32.89437158469945	9418	1
32.90158469945355	4263	1
32.91546448087431	2948	1
32.94857923497268	4347	1
32.98005464480874	6790	1
32.98224043715847	6792	1
33.00710382513661	9244	1
33.01579234972677	4546	1
33.02989071038251	1658	1
33.04224043715847	9097	1
33.04415300546448	9996	1
33.05153005464481	8345	1
33.054098360655736	2553	1
33.05939890710383	9988	1
33.0627868852459	787	1
33.06295081967213	6951	1
33.0651912568306	194	1
33.091475409836065	7117	1
33.09770491803278	3464	1
33.10251366120219	3953	1
33.10256830601093	7421	1
33.102732240437156	2870	1
33.13825136612022	4270	1
33.162568306010925	7110	1
33.16754098360656	7830	1
33.175628415300544	5424	1
33.179071038251365	995	1
33.20770491803279	1831	1
33.213497267759564	8576	1
33.24617486338798	5525	1
33.24699453551913	4043	1
33.24748633879781	7171	1
33.24814207650273	6273	1
33.248688524590165	3907	1
33.257213114754094	8158	1
33.25825136612022	7971	1
33.29333333333334	6157	1
33.31262295081967	4204	1
33.321311475409836	9727	1
33.328415300546446	2852	1
33.33748633879782	8957	1
33.350928961748636	6599	1
33.355409836065576	2976	1
33.36814207650273	561	1
33.40469945355191	4049	1
33.40540983606557	9309	1
33.41398907103825	3375	1
33.42857923497268	6613	1
33.44453551912569	1390	1
33.45628415300546	5212	1
33.458251366120216	6475	1
33.46857923497268	7741	1
33.47978142076503	1951	1
33.4875956284153	8892	1
33.49808743169399	3763	1
33.50120218579235	8260	1
33.50371584699454	639	1
33.50950819672131	6194	1
33.5127868852459	6098	1
33.54939890710383	9910	1
33.557486338797816	7236	1
33.565355191256835	1901	1
33.56879781420765	7277	1
33.58016393442623	8170	1
33.580273224043715	6438	1
33.58612021857923	9871	1
33.59459016393443	3228	1
33.61071038251366	2674	1
33.61289617486339	9280	1
33.63661202185792	2431	1
33.66579234972678	7237	1
33.66699453551912	6689	1
33.66732240437158	2699	1
33.685792349726775	7114	1
33.726229508196724	1686	1
33.74579234972678	8016	1
33.755409836065574	2216	1
33.757704918032786	1966	1
33.75978142076502	882	1
33.76606557377049	8740	1
33.77071038251366	9607	1
33.80584699453552	4063	1
33.806666666666665	6359	1
33.82327868852459	521	1
33.840765027322405	2618	1
33.85830601092896	5802	1
33.89382513661202	303	1
33.950437158469946	2057	1
33.95841530054645	4015	1
33.97983606557377	8602	1
34.02448087431694	1204	1
34.03770491803279	3480	1
34.042131147540985	6988	1
34.042513661202186	9250	1
34.04491803278689	2064	1
34.05874316939891	3271	1
34.06169398907104	8729	1
34.080601092896174	3156	1
34.08262295081967	2807	1
34.099672131147535	950	1
34.14207650273224	1112	1
34.190655737704915	8725	1
34.22540983606557	1636	1
34.23202185792349	8805	1
34.251311475409835	3640	1
34.25819672131147	6471	1
34.28032786885246	1124	1
34.30295081967213	476	1
34.32404371584699	9484	1
34.327322404371586	7217	1
34.32852459016393	2524	1
34.36743169398907	7677	1
34.390928961748635	4365	1
34.41879781420765	6965	1
34.420928961748636	5776	1
34.424535519125676	3973	1
34.44469945355191	1165	1
34.447049180327866	1379	1
34.44737704918033	3132	1
34.4520218579235	7035	1
34.45393442622951	8620	1
34.48295081967213	5798	1
34.485245901639345	7990	1
34.49765027322404	29	1
34.49852459016393	5946	1
34.50672131147541	8840	1
34.510710382513665	9840	1
34.529398907103825	6572	1
34.53262295081967	7334	1
34.54595628415301	3126	1
34.549617486338796	3236	1
34.552185792349725	223	1
34.557759562841525	4627	1
34.55836065573771	3147	1
34.57540983606557	752	1
34.59180327868852	4077	1
34.60185792349727	8776	1
34.614371584699455	4165	1
34.616229508196724	3938	1
34.62120218579235	399	1
34.62918032786885	4867	1
34.6339344262295	2743	1
34.63945355191257	69	1
34.64677595628415	5351	1
34.65081967213114	213	1
34.65595628415301	6719	1
34.67207650273224	8603	1
34.68382513661202	5187	1
34.68513661202186	6294	1
34.69136612021858	8427	1
34.69448087431694	6086	1
34.694754098360654	1781	1
34.69677595628415	4822	1
34.70688524590164	5433	1
34.71513661202185	5355	1
34.73841530054644	9013	1
34.74366120218579	4888	1
34.745355191256834	2210	1
34.76109289617486	1211	1
34.7720218579235	265	1
34.77693989071038	3846	1
34.78174863387978	4436	1
34.785737704918034	4845	1
34.79409836065574	4622	1
34.79491803278688	335	1
34.80027322404372	6960	1
34.80382513661202	5245	1
34.81185792349727	5656	1
34.814863387978136	9762	1
34.848196721311474	1799	1
34.85251366120219	1824	1
34.85786885245901	3603	1
34.85857923497268	9275	1
34.864043715847	779	1
34.88065573770492	8828	1
34.88950819672131	7163	1
34.896885245901636	9553	1
34.902622950819676	8909	1
34.90311475409836	4859	1
34.92928961748633	1776	1
34.960437158469944	4504	1
34.9667213114754	994	1
34.973934426229505	7221	1
34.983005464480875	707	1
34.98846994535519	4500	1
34.99360655737705	8046	1
35.00836065573771	3896	1
35.02606557377049	2670	1
35.0268306010929	6080	1
35.04901639344262	5190	1
35.0724043715847	879	1
35.07377049180328	8897	1
35.07896174863388	2312	1
35.107267759562845	6542	1
35.122185792349725	4375	1
35.174098360655734	486	1
35.17677595628415	3888	1
35.177868852459014	7383	1
35.19322404371585	3033	1
35.20661202185792	8665	1
35.20775956284153	9626	1
35.21672131147541	8021	1
35.22366120218579	4967	1
35.228469945355194	8922	1
35.24606557377049	2675	1
35.24699453551913	7995	1
35.24934426229508	8503	1
35.252349726775954	1454	1
35.258360655737704	434	1
35.262513661202185	2832	1
35.27180327868852	859	1
35.275628415300545	7512	1
35.284262295081966	2170	1
35.28732240437159	7289	1
35.292841530054645	9497	1
35.29868852459017	2026	1
35.30010928961748	3923	1
35.300327868852456	4758	1
35.30808743169399	2706	1
35.30885245901639	6892	1
35.33032786885246	3526	1
35.342896174863384	5735	1
35.35306010928962	509	1
35.36218579234973	832	1
35.37901639344262	7156	1
35.379234972677594	2000	1
35.38431693989071	5603	1
35.42808743169399	761	1
35.43612021857924	7623	1
35.44448087431694	2845	1
35.46633879781421	6668	1
35.47185792349727	4078	1
35.47349726775956	8323	1
35.51092896174863	1288	1
35.5155737704918	7118	1
35.54825136612021	5304	1
35.55338797814208	1281	1
35.56185792349727	3203	1
35.56431693989071	864	1
35.57338797814207	7447	1
35.5772131147541	1996	1
35.59213114754098	1271	1
35.59540983606558	7238	1
35.60475409836065	8333	1
35.62109289617486	8887	1
35.62978142076503	728	1
35.63912568306011	8230	1
35.64180327868853	2685	1
35.6455737704918	2925	1
35.65087431693989	5911	1
35.65677595628415	4915	1
35.665573770491804	1928	1
35.669726775956285	9265	1
35.67748633879781	7219	1
35.704207650273226	5628	1
35.71639344262295	2906	1
35.72038251366121	9076	1
35.7279781420765	9340	1
35.732295081967216	9580	1
35.77021857923497	6779	1
35.77207650273224	8247	1
35.77322404371584	4190	1
35.7735519125683	7358	1
35.77426229508196	9135	1
35.78218579234972	7149	1
35.80120218579235	1939	1
35.803606557377044	8819	1
35.80945355191257	4621	1
35.81136612021858	364	1
35.81185792349727	6195	1
35.81573770491803	4407	1
35.845245901639345	4644	1
35.85841530054645	3941	1
35.862076502732236	7092	1
35.8712568306011	801	1
35.87524590163934	6528	1
35.88065573770492	7364	1
35.88579234972677	8903	1
35.893770491803274	5036	1
35.91289617486339	2412	1
35.92027322404372	9224	1
35.93027322404372	9123	1
35.93234972677595	4618	1
35.94054644808743	5359	1
35.95879781420765	2809	1
35.96169398907104	8720	1
35.96333333333333	7556	1
35.96732240437158	7950	1
35.9744262295082	2591	1
35.992786885245906	6627	1
35.99781420765027	2938	1
36.0068306010929	6301	1
36.00737704918033	9616	1
36.00972677595629	6282	1
36.01672131147541	7649	1
36.025300546448086	5865	1
36.03213114754099	2821	1
36.05234972677596	1666	1
36.06726775956284	9906	1
36.072349726775954	4218	1
36.07459016393443	3225	1
36.10306010928962	7857	1
36.10737704918033	230	1
36.12661202185792	9292	1
36.13814207650273	9031	1
36.14043715846994	9303	1
36.16092896174863	7736	1
36.16622950819672	6337	1
36.186557377049176	9162	1
36.193005464480876	3681	1
36.1972131147541	4155	1
36.20180327868852	1206	1
36.21295081967213	5410	1
36.214972677595625	6865	1
36.21633879781421	6221	1
36.229672131147545	3381	1
36.23010928961749	8437	1
36.23120218579235	8554	1
36.255409836065574	4040	1
36.25573770491803	9993	1
36.25934426229508	2135	1
36.28131147540984	7478	1
36.32890710382513	5845	1
36.33928961748634	8558	1
36.3468306010929	2471	1
36.35229508196721	871	1
36.356010928961744	4162	1
36.3607650273224	217	1
36.36666666666667	166	1
36.36775956284153	7380	1
36.38612021857923	5991	1
36.38912568306011	558	1
36.40010928961748	8235	1
36.404426229508196	7426	1
36.408797814207645	6607	1
36.411475409836065	2450	1
36.416666666666664	7291	1
36.426065573770494	1345	1
36.43491803278688	6240	1
36.46672131147541	342	1
36.47021857923497	6278	1
36.49109289617486	4764	1
36.50125683060109	2045	1
36.520819672131154	2473	1
36.52387978142077	545	1
36.54338797814208	4776	1
36.548469945355194	6237	1
36.54907103825136	9207	1
36.553606557377044	310	1
36.58420765027322	4059	1
36.58830601092897	4120	1
36.59136612021858	9111	1
36.59420765027322	8541	1
36.60453551912568	7678	1
36.6055737704918	8104	1
36.60775956284153	6911	1
36.613442622950814	3665	1
36.61825136612022	9599	1
36.64688524590164	1520	1
36.648415300546446	6579	1
36.65568306010929	861	1
36.68890710382514	3332	1
36.70650273224043	6378	1
36.72912568306011	9174	1
36.74136612021858	1363	1
36.744590163934426	1221	1
36.757704918032786	5978	1
36.838196721311476	5214	1
36.842677595628416	7527	1
36.84983606557377	9649	1
36.85409836065574	1201	1
36.87	5641	1
36.887868852459015	6934	1
36.88819672131147	87	1
36.89508196721311	7814	1
36.911420765027316	4614	1
36.91956284153006	8386	1
36.93289617486339	5426	1
36.935901639344266	7133	1
36.96005464480874	4934	1
36.9707650273224	9028	1
36.97087431693989	9935	1
36.981366120218574	6426	1
36.98207650273224	5260	1
36.98262295081967	4931	1
37.02803278688524	3507	1
37.03628415300546	1811	1
37.04071038251366	2154	1
37.049180327868854	1623	1
37.05224043715847	7472	1
37.05868852459016	1654	1
37.062677595628415	2269	1
37.089234972677595	8811	1
37.123661202185794	8080	1
37.12464480874317	2163	1
37.13464480874317	1773	1
37.14748633879781	2344	1
37.17218579234973	9877	1
37.176010928961745	8465	1
37.17841530054645	6923	1
37.18950819672131	4403	1
37.19683060109289	4153	1
37.200163934426236	1538	1
37.22081967213114	2793	1
37.22306010928962	426	1
37.240109289617486	2850	1
37.247213114754096	7096	1
37.249890710382516	5308	1
37.25497267759563	7278	1
37.25857923497268	2447	1
37.2807650273224	3130	1
37.28158469945355	3516	1
37.28584699453552	1299	1
37.28606557377049	5134	1
37.28704918032787	5083	1
37.30092896174863	4308	1
37.30092896174863	2292	1
37.30431693989071	6726	1
37.33306010928962	2693	1
37.33453551912568	1899	1
37.336994535519125	9214	1
37.34535519125683	9093	1
37.360601092896175	5718	1
37.41628415300546	8227	1
37.42065573770491	421	1
37.421639344262296	881	1
37.428743169398906	7053	1
37.44841530054644	8454	1
37.46896174863388	7740	1
37.470710382513666	9165	1
37.47185792349727	8434	1
37.4879781420765	528	1
37.490109289617486	9775	1
37.49251366120219	3500	1
37.49896174863388	6526	1
37.52295081967213	3945	1
37.53508196721312	6798	1
37.54191256830601	6459	1
37.55420765027322	5191	1
37.564590163934426	7777	1
37.57218579234973	1594	1
37.57912568306011	8136	1
37.58338797814207	7876	1
37.587704918032784	3370	1
37.59693989071038	4983	1
37.5979781420765	8508	1
37.6079781420765	5528	1
37.61743169398907	8793	1
37.637158469945355	3547	1
37.660765027322405	8834	1
37.66224043715847	6710	1
37.6796174863388	2912	1
37.68054644808743	9957	1
37.706830601092896	39	1
37.71890710382514	5660	1
37.720273224043716	6887	1
37.721420765027325	3905	1
37.72633879781421	9961	1
37.75	1437	1
37.76174863387978	1957	1
37.76612021857924	4925	1
37.77234972677596	7134	1
37.78551912568306	1788	1
37.79191256830601	3056	1
37.79677595628415	3513	1
37.7972131147541	2691	1
37.799234972677596	7635	1
37.822459016393445	6061	1
37.83377049180328	4875	1
37.83989071038251	1890	1
37.843825136612026	6832	1
37.858743169398906	8236	1
37.87426229508196	7640	1
37.88180327868852	9260	1
37.90142076502732	9858	1
37.91568306010929	6989	1
37.92311475409836	4318	1
37.92355191256831	2089	1
37.92885245901639	1362	1
37.93562841530055	984	1
37.939125683060105	8632	1
37.94338797814207	4486	1
37.95311475409836	5364	1
37.95469945355191	8997	1
37.961748633879786	3176	1
37.96595628415301	8587	1
37.969781420765024	5197	1
37.98174863387978	9532	1
37.98486338797814	1649	1
37.989344262295084	4416	1
38.010273224043715	7574	1
38.015464480874314	8059	1
38.02896174863388	4550	1
38.056284153005464	1927	1
38.06054644808743	6245	1
38.06136612021858	7802	1
38.077595628415295	8374	1
38.08120218579235	4003	1
38.0831693989071	1375	1
38.09661202185792	9220	1
38.118743169398904	1029	1
38.11928961748634	4737	1
38.13885245901639	7168	1
38.14639344262295	8652	1
38.16699453551912	4588	1
38.176065573770494	4109	1
38.17781420765027	8168	1
38.18726775956284	3954	1
38.191038251366116	4659	1
38.195191256830604	8419	1
38.1979781420765	9268	1
38.23956284153005	6748	1
38.24289617486339	6163	1
38.25147540983606	2979	1
38.2651912568306	4928	1
38.2792349726776	1380	1
38.280437158469944	9756	1
38.295846994535516	744	1
38.298087431693986	9216	1
38.310710382513655	5335	1
38.31218579234973	8197	1
38.31928961748634	7382	1
38.35049180327869	1044	1
38.352677595628414	1554	1
38.35453551912568	2031	1
38.35857923497268	9286	1
38.369836065573764	3426	1
38.372568306010926	2770	1
38.397213114754095	1929	1
38.41169398907104	3168	1
38.41245901639344	2254	1
38.42748633879781	4923	1
38.435737704918026	3974	1
38.45245901639344	6573	1
38.46005464480874	4460	1
38.46431693989071	4393	1
38.46710382513661	923	1
38.47409836065574	6450	1
38.47612021857923	7246	1
38.48579234972678	2778	1
38.487868852459016	1840	1
38.49633879781421	9765	1
38.49699453551912	8340	1
38.502732240437155	5273	1
38.52743169398907	8863	1
38.542131147540985	2812	1
38.54704918032787	3692	1
38.55710382513661	1418	1
38.602021857923496	8295	1
38.63092896174863	9113	1
38.63125683060109	5159	1
38.65426229508197	3508	1
38.67464480874317	7608	1
38.681311475409835	8182	1
38.683551912568305	3484	1
38.699344262295085	5034	1
38.70601092896175	6342	1
38.71224043715847	4106	1
38.71677595628415	6411	1
38.72043715846995	5972	1
38.72486338797814	3842	1
38.76333333333333	5226	1
38.77732240437158	1137	1
38.789508196721314	1672	1
38.79622950819672	3107	1
38.813825136612024	1714	1
38.81650273224044	7698	1
38.82524590163934	4580	1
38.87142076502732	3463	1
38.87158469945356	9437	1
38.881912568306014	6025	1
38.91333333333333	5313	1
38.945519125683056	9163	1
38.94786885245901	3779	1
38.94890710382514	8628	1
38.953060109289616	2050	1
38.961256830601094	6036	1
38.9979781420765	2040	1
39.02027322404371	8310	1
39.02497267759563	5404	1
39.038360655737705	7633	1
39.05125683060109	6424	1
39.05338797814208	3044	1
39.05770491803278	3316	1
39.07409836065574	526	1
39.08229508196722	6214	1
39.08841530054645	6519	1
39.09120218579235	3477	1
39.10163934426229	4275	1
39.11360655737705	5096	1
39.116284153005466	5849	1
39.12103825136612	5533	1
39.13732240437158	4754	1
39.16169398907104	7229	1
39.179125683060114	2577	1
39.20163934426229	4164	1
39.21437158469946	6869	1
39.21945355191257	123	1
39.2379781420765	4868	1
39.24989071038251	5106	1
39.25081967213115	3024	1
39.25590163934426	6659	1
39.26202185792349	7543	1
39.27273224043716	8330	1
39.27551912568306	8040	1
39.278196721311474	6244	1
39.27923497267759	55	1
39.33163934426229	8925	1
39.33207650273224	3536	1
39.33857923497268	5442	1
39.34546448087432	8668	1
39.35147540983606	1164	1
39.352021857923496	8732	1
39.36939890710382	3993	1
39.38060109289618	3895	1
39.39699453551912	9824	1
39.40830601092897	1339	1
39.41584699453552	9154	1
39.4179781420765	358	1
39.4251912568306	8414	1
39.44912568306011	748	1
39.46967213114754	6476	1
39.487049180327865	9393	1
39.488524590163934	9785	1
39.49426229508197	4239	1
39.500601092896176	4756	1
39.50486338797814	7017	1
39.527158469945356	3669	1
39.52814207650273	9912	1
39.546557377049176	173	1
39.54715846994535	9556	1
39.57049180327869	4002	1
39.58677595628416	9540	1
39.60136612021857	9827	1
39.61180327868853	6224	1
39.63218579234973	7825	1
39.65437158469945	3786	1
39.65568306010929	8646	1
39.67584699453552	3816	1
39.68300546448087	4251	1
39.69224043715847	1098	1
39.69775956284153	3782	1
39.71234972677596	9567	1
39.72071038251366	3493	1
39.74404371584699	574	1
39.77207650273224	5090	1
39.77322404371585	5087	1
39.796612021857925	5503	1
39.835519125683064	7680	1
39.84765027322405	8256	1
39.86524590163935	3184	1
39.893551912568306	9290	1
39.898415300546446	7900	1
39.90469945355191	723	1
39.91349726775956	1386	1
39.93530054644808	9021	1
39.972896174863386	7090	1
39.98120218579235	30	1
40.00617486338798	8301	1
40.03573770491803	1784	1
40.04879781420765	8416	1
40.05092896174863	7468	1
40.05972677595628	7386	1
40.06726775956284	6027	1
40.091366120218574	2335	1
40.10874316939891	2650	1
40.11234972677595	4800	1
40.11710382513661	7662	1
40.1227868852459	274	1
40.13065573770491	4333	1
40.1403825136612	9051	1
40.15693989071038	500	1
40.16349726775956	1404	1
40.168142076502726	2277	1
40.170163934426235	2741	1
40.17918032786885	3819	1
40.21005464480874	5759	1
40.211311475409836	6715	1
40.21218579234972	4508	1
40.21841530054645	7115	1
40.223551912568304	721	1
40.231420765027316	604	1
40.24125683060109	7057	1
40.24524590163934	65	1
40.253551912568305	8050	1
40.25371584699454	8735	1
40.256612021857926	6879	1
40.25928961748634	3825	1
40.26633879781421	5853	1
40.26732240437158	7152	1
40.26754098360655	2712	1
40.27803278688525	8331	1
40.282459016393446	6382	1
40.30060109289617	5879	1
40.31737704918032	4344	1
40.33939890710383	1838	1
40.353169398907106	7937	1
40.390163934426226	1110	1
40.39562841530055	9255	1
40.39770491803279	6576	1
40.401420765027325	8194	1
40.406612021857924	4820	1
40.41081967213115	4174	1
40.42693989071038	9738	1
40.44224043715847	9606	1
40.460546448087435	3794	1
40.474754098360656	1139	1
40.48770491803279	652	1
40.49010928961748	4456	1
40.49289617486339	750	1
40.515519125683056	3022	1
40.51874316939891	7796	1
40.55098360655738	4088	1
40.55109289617486	1629	1
40.551475409836065	2175	1
40.55803278688525	6316	1
40.56169398907104	6580	1
40.56672131147541	9179	1
40.57666666666666	2707	1
40.58267759562841	5464	1
40.599726775956285	1321	1
40.60704918032787	379	1
40.63344262295082	2653	1
40.64207650273224	1537	1
40.6492349726776	1895	1
40.655464480874315	7349	1
40.67765027322404	7884	1
40.67781420765027	5899	1
40.679071038251365	3757	1
40.685081967213115	5695	1
40.69344262295081	5932	1
40.7179781420765	1547	1
40.72754098360655	465	1
40.74551912568306	7398	1
40.74841530054645	1792	1
40.75786885245901	1963	1
40.76781420765027	2495	1
40.77874316939891	6019	1
40.786939890710386	9024	1
40.789125683060114	9634	1
40.79267759562841	2568	1
40.79715846994535	3266	1
40.82693989071038	982	1
40.82693989071038	2461	1
40.8331693989071	6857	1
40.836174863387974	4780	1
40.84852459016393	6971	1
40.84961748633879	5452	1
40.88437158469945	4685	1
40.88655737704918	962	1
40.891530054644804	2987	1
40.89180327868852	3413	1
40.90398907103825	5238	1
40.93459016393442	4361	1
40.983278688524585	225	1
40.9883606557377	1046	1
40.99502732240437	4377	1
41.01453551912568	8723	1
41.05273224043716	9568	1
41.07289617486339	2692	1
41.07901639344262	5751	1
41.10415300546448	490	1
41.11868852459016	3495	1
41.13661202185792	4172	1
41.1388524590164	7783	1
41.18371584699453	8234	1
41.206010928961746	6125	1
41.20770491803278	6874	1
41.20770491803278	1556	1
41.23021857923497	8513	1
41.244098360655734	3423	1
41.244153005464476	1414	1
41.250546448087434	467	1
41.257595628415295	2578	1
41.258415300546446	8029	1
41.26601092896175	1820	1
41.26715846994536	5611	1
41.26786885245901	3380	1
41.26896174863388	1864	1
41.27808743169399	595	1
41.30956284153005	9338	1
41.309617486338794	7935	1
41.33491803278688	576	1
41.3796174863388	119	1
41.38109289617486	9844	1
41.408469945355186	3494	1
41.41327868852459	9371	1
41.41754098360656	6247	1
41.434371584699456	2134	1
41.43595628415301	9467	1
41.45316939890711	9499	1
41.45994535519126	7178	1
41.463770491803274	7142	1
41.48322404371585	1528	1
41.48420765027323	3733	1
41.50229508196721	848	1
41.54191256830601	5300	1
41.542513661202186	9527	1
41.588087431693985	993	1
41.59398907103825	6213	1
41.59928961748634	7287	1
41.60131147540984	4489	1
41.6107650273224	4453	1
41.651311475409834	2239	1
41.656666666666666	68	1
41.66	514	1
41.66688524590164	7304	1
41.66950819672131	1114	1
41.67393442622951	4024	1
41.674699453551916	8741	1
41.675737704918035	797	1
41.68513661202186	4352	1
41.68841530054645	5919	1
41.699945355191254	9675	1
41.70366120218579	8813	1
41.71191256830601	6987	1
41.726502732240434	3379	1
41.73726775956284	42	1
41.76306010928962	4921	1
41.76530054644809	7361	1
41.78366120218579	8950	1
41.78486338797814	8980	1
41.786120218579235	3167	1
41.7903825136612	1956	1
41.7963387978142	2507	1
41.79928961748634	9521	1
41.80169398907103	6750	1
41.80284153005464	6481	1
41.83530054644809	1638	1
41.836939890710376	6302	1
41.83781420765027	2351	1
41.841475409836065	6026	1
41.853825136612016	9613	1
41.86568306010928	4805	1
41.86972677595628	5299	1
41.890928961748635	4011	1
41.89535519125683	4995	1
41.897267759562844	2261	1
41.90338797814208	7782	1
41.9303825136612	6588	1
41.932841530054645	3486	1
41.94120218579235	6443	1
41.94661202185792	3409	1
41.954207650273226	1343	1
41.959726775956284	5127	1
41.965956284153	8582	1
41.96868852459016	7646	1
41.972459016393444	894	1
41.98617486338798	2784	1
41.98710382513661	4135	1
41.98743169398907	8954	1
41.989016393442625	9826	1
41.99207650273224	8223	1
41.994153005464476	5692	1
41.996448087431695	5334	1
42.002786885245904	9526	1
42.00825136612022	1133	1
42.02016393442623	1812	1
42.046229508196724	8605	1
42.04857923497268	6548	1
42.049945355191255	4555	1
42.06207650273224	4691	1
42.06289617486339	3268	1
42.072021857923495	8024	1
42.078415300546446	7754	1
42.08371584699454	5649	1
42.09153005464481	4792	1
42.112076502732236	1557	1
42.12825136612022	1903	1
42.13431693989071	9795	1
42.13535519125683	4103	1
42.15415300546448	5730	1
42.1651912568306	9875	1
42.18071038251366	3701	1
42.1811475409836	6535	1
42.198087431693985	5703	1
42.20120218579235	5725	1
42.20366120218579	9748	1
42.204535519125685	4301	1
42.20928961748634	2494	0
42.21655737704918	2354	1
42.22704918032787	1134	1
42.2503825136612	2236	1
42.25978142076502	2136	1
42.26032786885246	9716	1
42.262076502732235	2854	1
42.264754098360655	5195	1
42.27262295081967	5835	1
42.286448087431694	9197	1
42.30114754098361	6672	1
42.31994535519126	828	1
42.32043715846994	86	1
42.325846994535524	1530	1
42.3368306010929	1500	1
42.36704918032787	6043	1
42.36890710382514	5813	1
42.37650273224044	7842	1
42.384535519125684	8856	1
42.40612021857923	3720	1
42.425737704918035	7060	1
42.43251366120219	6175	1
42.44967213114754	4765	1
42.453278688524584	326	1
42.45726775956284	167	1
42.46409836065573	4545	1
42.46967213114754	5999	1
42.48945355191257	4807	1
42.50469945355191	1678	1
42.508415300546446	3404	1
42.523770491803276	6817	1
42.535737704918034	1087	1
42.53628415300547	4291	1
42.55841530054645	2848	1
42.56027322404372	3841	1
42.56245901639344	3522	1
42.56551912568306	7125	1
42.57409836065573	758	1
42.57852459016393	9201	1
42.608032786885246	6196	1
42.61224043715847	3506	1
42.61989071038251	4187	1
42.64398907103825	2131	1
42.66087431693989	2565	1
42.663715846994535	4666	1
42.672677595628414	5057	1
42.67338797814208	8752	1
42.69420765027323	2893	1
42.69486338797814	6006	1
42.69770491803279	6947	1
42.699234972677594	8009	1
42.70016393442623	2860	1
42.703497267759566	7095	1
42.706775956284154	9712	1
42.72355191256831	8656	1
42.73327868852459	8927	1
42.73928961748634	7240	1
42.74103825136612	8445	1
42.74748633879781	5394	1
42.77224043715847	733	1
42.805628415300546	7638	1
42.837322404371584	4637	1
42.84765027322404	3151	1
42.859781420765025	9105	1
42.86273224043716	8250	1
42.87879781420765	8630	1
42.8824043715847	8211	1
42.88344262295082	4769	1
42.89420765027322	8704	1
42.908142076502735	958	1
42.912185792349725	8192	1
42.91808743169399	1718	1
42.921202185792346	3462	1
42.92169398907104	9426	1
42.9292349726776	3152	1
42.94174863387978	4700	1
42.94459016393442	9336	1
42.947049180327866	6844	1
42.96322404371585	4559	1
42.96459016393443	6882	1
42.965081967213116	1298	1
42.96825136612022	8187	1
42.973989071038254	6537	1
42.9748087431694	5268	1
42.98535519125683	8233	1
43.0187431693989	1828	1
43.02142076502732	1131	1
43.02387978142077	9584	1
43.057814207650274	6653	1
43.06273224043716	4842	1
43.06469945355191	3368	1
43.06781420765027	3915	1
43.07311475409836	9587	1
43.07983606557377	8219	1
43.094863387978144	4948	1
43.098579234972675	5086	1
43.112513661202186	4425	1
43.11628415300546	1892	1
43.11934426229508	5262	1
43.12896174863388	7763	1
43.13245901639344	209	1
43.1779781420765	3309	1
43.17863387978142	2957	1
43.18420765027322	1925	1
43.1916393442623	4476	1
43.201857923497265	5947	1
43.20617486338797	219	1
43.213825136612016	8039	1
43.21748633879782	6101	1
43.2192349726776	6745	1
43.24207650273224	2939	1
43.24398907103825	6044	1
43.24606557377049	8710	1
43.27174863387978	1344	1
43.29655737704918	4652	1
43.29825136612021	5796	1
43.30054644808743	8081	1
43.305956284153005	4907	1
43.307759562841525	6533	1
43.33191256830601	5872	1
43.34459016393443	4044	1
43.3503825136612	8325	1
43.35284153005464	172	1
43.36524590163934	7529	1
43.37808743169399	1814	1
43.39327868852459	1061	1
43.419617486338794	5107	1
43.42661202185793	1354	1
43.44530054644809	1690	1
43.485628415300546	5246	1
43.501693989071036	800	1
43.52907103825137	2634	1
43.533169398907106	6811	1
43.5355737704918	6590	1
43.53841530054645	4131	1
43.539180327868856	4872	1
43.541366120218576	8220	1
43.54502732240437	4276	1
43.57710382513661	3281	1
43.587377049180326	6033	1
43.59398907103825	6441	1
43.59650273224043	9159	1
43.60595628415301	5326	1
43.60672131147541	7080	1
43.61628415300546	5655	1
43.62907103825137	1069	1
43.631967213114756	1596	1
43.634918032786885	1108	1
43.64814207650274	1519	1
43.648852459016396	9087	1
43.66644808743169	2843	1
43.67349726775956	5286	1
43.675737704918035	4243	1
43.695136612021855	4484	1
43.699617486338795	4797	1
43.70808743169398	1158	1
43.708579234972674	4307	1
43.714153005464475	6328	1
43.723606557377046	915	1
43.737814207650274	5873	1
43.77830601092896	4119	1
43.78071038251366	768	1
43.81781420765027	2205	0
43.839234972677595	317	1
43.842896174863384	4729	1
43.843825136612026	7620	1
43.85398907103825	9623	1
43.86448087431694	2682	1
43.86863387978142	4474	1
43.87562841530055	9674	1
43.885245901639344	3861	1
43.88612021857923	7661	1
43.89628415300547	1248	1
43.89830601092896	5242	1
43.911584699453556	5386	1
43.929453551912566	171	1
43.94071038251366	2077	1
43.94950819672131	1253	1
43.96224043715847	3443	1
43.99032786885246	9147	1
44.01579234972678	5621	1
44.0172131147541	906	1
44.019234972677594	2263	1
44.06071038251366	8145	1
44.06180327868852	5719	1
44.064863387978136	5080	1
44.082076502732235	6184	1
44.09180327868852	2151	1
44.134972677595634	2655	1
44.14431693989071	5694	1
44.18081967213115	1720	1
44.182950819672136	1955	1
44.1851912568306	1399	1
44.18672131147541	8141	1
44.191912568306016	3716	1
44.2231693989071	3652	1
44.23245901639344	5110	1
44.23540983606558	8905	1
44.240054644808744	2432	1
44.243825136612024	8703	1
44.261803278688525	9328	1
44.26311475409836	3619	1
44.27808743169399	8229	1
44.30311475409836	4947	1
44.309617486338794	6109	1
44.32846994535519	306	1
44.34950819672131	4695	1
44.34983606557377	2928	1
44.36846994535519	6876	1
44.36890710382514	8889	1
44.39743169398907	3667	1
44.40726775956284	7899	1
44.45136612021858	7551	1
44.49584699453552	1256	1
44.49628415300547	404	1
44.51049180327869	8912	1
44.525737704918036	8683	1
44.55606557377049	4572	1
44.55939890710382	6697	1
44.58092896174863	1775	1
44.60775956284153	6021	1
44.61846994535519	1782	1
44.6227868852459	2525	1
44.624043715846994	3270	1
44.63901639344262	127	1
44.6427868852459	5071	1
44.65229508196721	3641	1
44.660437158469946	650	1
44.674098360655734	5639	1
44.692786885245894	116	1
44.693005464480876	1702	1
44.70043715846994	6524	1
44.70628415300546	7721	1
44.72295081967213	8431	1
44.738196721311475	6703	1
44.74409836065574	794	1
44.751584699453545	9476	1
44.757704918032786	6863	1
44.79857923497268	9916	1
44.799180327868854	8803	1
44.80125683060109	60	1
44.80469945355191	3257	1
44.814590163934426	2576	1
44.81579234972678	6687	1
44.823497267759564	1597	1
44.83	9600	1
44.84098360655738	8336	1
44.84180327868852	3917	1
44.853497267759565	9341	1
44.85770491803279	3302	1
44.867322404371585	5032	1
44.88142076502732	6956	1
44.89710382513661	410	1
44.89808743169399	3313	1
44.906994535519125	2811	1
44.91945355191257	4912	1
44.92300546448087	3777	1
44.93814207650273	5523	1
44.93934426229509	5827	1
44.976885245901634	8511	1
44.98502732240437	4578	1
45.01420765027323	9894	1
45.04524590163934	1756	1
45.04830601092896	2388	1
45.07420765027322	9636	1
45.074371584699456	1187	1
45.078797814207654	4871	1
45.08459016393443	2905	1
45.08912568306011	1144	1
45.09655737704918	3784	1
45.11234972677596	6815	1
45.13087431693989	6772	1
45.13387978142077	7252	1
45.14300546448087	1620	1
45.15371584699454	3565	1
45.1627868852459	2186	1
45.16387978142076	6770	1
45.1643169398907	7567	1
45.167814207650274	5659	1
45.19207650273224	415	1
45.193224043715844	6833	1
45.203005464480874	8169	1
45.21704918032787	8458	1
45.22491803278689	6823	1
45.22950819672131	6055	1
45.2320218579235	4697	1
45.241857923497264	3476	1
45.24617486338798	8288	1
45.24710382513661	7505	1
45.25939890710382	5559	0
45.261475409836066	6814	1
45.26857923497268	368	1
45.270437158469946	9409	1
45.28792349726776	432	1
45.29081967213115	252	1
45.310819672131146	3685	1
45.32191256830601	5162	1
45.32606557377049	5170	1
45.32644808743169	4905	1
45.32918032786885	6502	1
45.33016393442623	5626	1
45.34169398907104	4594	1
45.34683060109289	7245	1
45.36125683060109	5675	1
45.376284153005464	9865	1
45.37994535519126	481	1
45.38513661202185	4883	1
45.387868852459015	7760	1
45.38879781420765	8482	1
45.397540983606554	1808	1
45.403989071038254	9593	1
45.41765027322404	7444	1
45.42229508196721	2369	1
45.43584699453552	2046	1
45.46437158469946	5907	1
45.46950819672131	2647	1
45.4748087431694	1617	1
45.479672131147545	4356	1
45.48497267759563	204	1
45.5011475409836	6258	1
45.50360655737705	2300	1
45.50907103825136	117	1
45.512841530054644	5115	1
45.52109289617486	7918	1
45.53994535519126	8661	1
45.558579234972676	9424	1
45.5696174863388	527	1
45.57786885245901	4610	1
45.58273224043716	7891	1
45.59612021857923	7256	1
45.60142076502732	616	1
45.608251366120214	9930	1
45.61147540983607	6970	1
45.613442622950814	2630	1
45.62163934426229	5101	1
45.62765027322405	2328	1
45.629289617486336	2139	1
45.63803278688524	8571	1
45.66387978142076	8677	1
45.67284153005464	4496	1
45.67792349726776	874	1
45.6864480874317	1215	1
45.68814207650273	6251	1
45.68819672131148	9377	1
45.69814207650273	3224	1
45.7124043715847	4874	1
45.71868852459016	6038	1
45.72896174863388	2469	1
45.758743169398905	1940	0
45.77092896174863	2364	1
45.77579234972678	7467	1
45.77781420765027	1926	1
45.78415300546448	8644	1
45.79830601092896	5985	1
45.81049180327869	9151	1
45.81284153005464	9504	1
45.81360655737704	9427	1
45.81497267759563	1004	1
45.81737704918033	4225	1
45.82857923497268	8253	1
45.83606557377049	2092	1
45.83644808743169	5136	1
45.84273224043716	3489	1
45.85333333333333	1965	1
45.85355191256831	8361	1
45.888579234972674	6942	1
45.89333333333333	389	1
45.909617486338796	3879	1
45.90989071038251	8107	1
45.91655737704918	5209	1
45.92218579234973	4613	1
45.92251366120218	7516	1
45.94469945355191	9923	1
45.94868852459016	2748	1
45.951147540983605	9559	1
45.95994535519126	711	1
45.980765027322406	5204	1
45.9887431693989	5231	1
45.998688524590165	5165	1
46.00333333333333	7022	1
46.01289617486339	6564	1
46.01950819672131	6059	1
46.06398907103825	699	1
46.07732240437158	6737	1
46.083278688524594	5881	1
46.09639344262295	7487	1
46.11218579234973	8263	1
46.12398907103825	3310	1
46.12808743169399	6130	1
46.131475409836064	2492	1
46.13644808743169	4541	1
46.15218579234973	3925	1
46.16131147540984	3390	1
46.16224043715847	4625	1
46.16322404371585	7931	1
46.184371584699456	4025	1
46.186557377049176	2133	1
46.19120218579235	2515	1
46.19562841530055	1785	1
46.22081967213114	3810	1
46.22655737704918	3287	1
46.23551912568306	4410	1
46.24185792349727	6858	1
46.253551912568305	2904	1
46.25601092896175	7165	1
46.25819672131148	7148	1
46.2631693989071	4076	1
46.28338797814207	5100	1
46.290273224043716	6873	1
46.292786885245896	3693	1
46.300327868852456	5470	1
46.30459016393443	7655	1
46.30885245901639	2441	1
46.31125683060109	3584	1
46.33540983606557	1722	1
46.33612021857923	5208	1
46.34655737704918	1802	1
46.35568306010929	892	1
46.359781420765025	666	1
46.363551912568305	1742	1
46.3655737704918	9457	1
46.380327868852454	7425	1
46.385956284153	1999	1
46.394699453551915	7839	1
46.411092896174864	2500	1
46.41207650273224	5264	1
46.42469945355191	6910	1
46.429453551912566	4643	1
46.43289617486339	3018	1
46.448196721311476	8933	1
46.45732240437159	2994	1
46.45852459016393	6671	1
46.46267759562841	4896	1
46.463442622950815	8180	1
46.47606557377049	8983	1
46.50781420765027	5338	1
46.50901639344263	2645	1
46.51087431693988	8147	1
46.51715846994536	262	1
46.529781420765026	9221	1
46.540655737704924	1397	1
46.5551912568306	8057	1
46.56486338797814	5539	1
46.566448087431695	353	1
46.58748633879782	5847	1
46.588633879781426	4348	1
46.60098360655738	1852	1
46.60327868852459	1796	1
46.605737704918035	2466	1
46.61054644808743	3790	1
46.6203825136612	5546	1
46.634098360655734	8492	1
46.64535519125683	7374	1
46.649453551912565	7739	1
46.65010928961749	275	1
46.65879781420765	3097	1
46.66049180327869	1393	1
46.68371584699453	3503	1
46.68737704918033	5002	1
46.6931693989071	1604	1
46.69945355191256	6300	1
46.70153005464481	2345	1
46.704480874316936	9323	1
46.70459016393443	3372	1
46.709016393442624	3776	1
46.73016393442623	240	1
46.73387978142077	1783	1
46.752841530054646	4029	1
46.768142076502734	1291	1
46.769945355191254	228	1
46.78672131147541	2187	1
46.78912568306011	6070	1
46.821639344262294	5682	1
46.84431693989071	762	1
46.84918032786885	1135	1
46.86267759562841	520	1
46.8779781420765	1283	1
46.878087431693984	8993	1
46.902896174863386	4510	1
46.912185792349725	749	1
46.92475409836065	7800	1
46.92896174863388	497	1
46.933879781420764	4728	1
46.94043715846995	4337	1
46.94502732240437	233	1
46.94945355191256	7003	1
46.94989071038251	6904	1
46.969890710382515	9965	1
46.972841530054644	3739	1
46.991912568306006	446	1
46.992240437158465	1036	1
47.00153005464481	3939	1
47.016284153005465	3943	1
47.018797814207645	5976	1
47.025355191256835	4860	1
47.0444262295082	9740	1
47.04983606557377	4595	1
47.05060109289617	2169	1
47.055573770491804	7729	1
47.069016393442624	9365	1
47.071693989071036	3909	1
47.07628415300547	3090	1
47.08016393442623	8823	1
47.100928961748636	3793	1
47.10863387978142	7230	1
47.11415300546448	9570	1
47.1211475409836	6232	1
47.13366120218579	6348	1
47.137868852459015	8269	1
47.14267759562841	5279	1
47.14535519125683	159	1
47.14890710382514	5438	1
47.158907103825136	468	1
47.16355191256831	38	1
47.16420765027322	3871	1
47.16797814207651	2982	1
47.168306010928966	6973	1
47.178961748633874	7766	1
47.19633879781421	6706	1
47.20513661202186	4885	1
47.21295081967213	2093	1
47.213551912568306	2593	1
47.221693989071035	2	1
