0.06475027322404371	4871	1
0.20006666666666664	4601	1
0.29158196721311475	8254	1
0.3034453551912568	6674	1
0.3780114754098361	9165	1
0.42439180327868853	3560	1
0.5034322404371585	8557	1
0.6450054644808744	3043	1
0.7063934426229508	2023	1
0.7203169398907103	2552	1
0.7618251366120219	7892	1
0.7726885245901639	1583	1
0.8710218579234972	2797	1
0.9238852459016393	2131	1
0.9522076502732241	8858	1
0.9823278688524589	4047	1
1.012344262295082	3335	1
1.0465136612021857	3456	1
1.0647978142076504	9934	1
1.080792349726776	320	1
1.1370054644808743	9477	1
1.1468196721311474	7677	1
1.1772677595628414	6730	1
1.1921967213114752	9394	1
1.2049289617486338	9549	1
1.2867103825136612	2947	1
1.319568306010929	4434	1
1.383912568306011	1842	1
1.3923879781420765	519	1
1.4264153005464482	1132	1
1.4837322404371585	4233	1
1.4896994535519126	741	1
1.525464480874317	1314	1
1.5257978142076503	2448	1
1.5345464480874318	5265	1
1.598393442622951	6337	1
1.6206775956284152	8415	1
1.7358360655737706	5612	1
1.7869180327868852	9675	1
1.7998907103825137	1482	1
1.9354371584699452	4278	1
1.9919726775956283	9176	1
2.175945355191257	5573	1
2.199453551912568	3493	1
2.2732677595628417	1595	1
2.277213114754098	8577	1
2.343415300546448	2336	1
2.4440983606557376	9074	1
2.4538360655737703	5826	1
2.492983606557377	5828	1
2.494174863387978	6041	1
2.529398907103825	9061	1
2.5740109289617483	2697	1
2.5806448087431693	8298	1
2.585704918032787	7151	1
2.602879781420765	1487	1
2.6045464480874316	6965	1
2.666087431693989	8519	1
2.675726775956284	3733	1
2.687732240437158	980	1
2.7761475409836063	9522	1
2.8040382513661206	352	1
2.8264426229508195	6574	1
2.82927868852459	9730	1
2.870896174863388	3223	1
2.9095846994535517	7947	1
3.0077650273224044	8123	1
3.0145191256830604	4686	1
3.0262677595628413	9154	1
3.1759398907103824	4487	1
3.193693989071038	3292	1
3.2049180327868854	8114	1
3.2262349726775956	3753	1
3.3066448087431692	3412	1
3.3735956284153006	1816	1
3.392081967213115	3812	1
3.3924918032786886	3089	1
3.546945355191257	9191	1
3.6210710382513662	1107	1
3.6230928961748634	9493	1
3.6720163934426227	5918	1
3.7731967213114754	5438	1
3.844453551912568	3367	1
3.90151912568306	7954	1
3.953830601092896	7177	1
3.9746284153005464	6194	1
4.001109289617486	4934	1
4.030295081967213	671	1
4.080234972677595	5431	1
4.098584699453552	4919	1
4.144	9491	1
4.1723278688524585	6218	1
4.173945355191257	2824	1
4.1770054644808745	4315	1
4.207557377049181	3902	1
4.23667213114754	1672	1
4.243327868852459	8536	1
4.280103825136612	8828	1
4.282191256830601	9209	1
4.326245901639345	9107	1
4.336366120218579	6178	1
4.368158469945355	6924	1
4.387573770491803	7335	1
4.3936284153005465	1590	1
4.422010928961749	4032	1
4.436054644808744	5231	1
4.479049180327869	9407	1
4.53551912568306	1434	1
4.5705355191256825	8640	1
4.576491803278689	9020	1
4.605191256830601	7216	1
4.62987431693989	8244	1
4.631901639344262	4634	1
4.681491803278688	7300	1
4.708655737704918	4378	1
4.7893224043715845	2334	1
4.827524590163934	2212	1
4.842453551912568	6547	1
4.888655737704918	1276	1
4.91824043715847	5302	1
4.976907103825137	2095	1
5.149125683060109	9690	1
5.175306010928962	5661	1
5.1855683060109286	661	1
5.198508196721312	2744	1
5.23803825136612	4356	1
5.28607650273224	1051	1
5.313907103825137	5404	1
5.322284153005464	4301	1
5.329267759562842	9414	1
5.331087431693989	4190	1
5.398251366120219	6323	1
5.401792349726776	5512	1
5.554535519125683	2285	1
5.564480874316939	2848	1
5.586666666666666	5835	1
5.612349726775956	2391	1
5.692896174863388	7962	1
5.752185792349726	238	1
5.753879781420765	4877	1
5.754644808743169	9681	1
5.86448087431694	3321	1
5.965245901639344	8874	1
6.095027322404372	895	1
6.121693989071038	8845	1
6.314535519125682	4093	1
6.346775956284152	7008	1
6.368907103825136	7539	1
6.381092896174863	8042	1
6.4190163934426225	9381	1
6.419344262295081	8570	1
6.474371584699454	6021	1
6.504699453551913	1018	1
6.549125683060109	5294	1
6.567650273224044	987	1
6.575245901639344	7522	1
6.666393442622951	9841	1
6.671147540983607	3861	1
6.692076502732241	3183	1
6.7192349726775955	6145	1
6.766284153005465	9801	1
6.8296174863387975	8794	1
6.86224043715847	3507	1
6.88431693989071	6305	1
6.89464480874317	74	1
6.962185792349727	8349	1
6.975464480874317	5557	1
7.0103278688524595	2089	1
7.049398907103825	7748	1
7.169672131147541	3670	1
7.197650273224044	8549	1
7.25103825136612	3307	1
7.257868852459016	218	1
7.2713661202185795	6699	1
7.462841530054645	8200	1
7.467322404371585	6229	1
7.583387978142077	7440	1
7.584699453551912	2392	1
7.65344262295082	4694	1
7.6676502732240435	1516	1
7.712786885245901	5297	1
7.717486338797814	6602	1
7.762459016393443	5020	1
7.832459016393442	3950	1
7.86103825136612	9079	1
7.866010928961748	3101	1
7.882131147540983	5443	1
7.921366120218579	8560	1
7.993989071038251	726	1
8.018579234972677	6077	1
8.04967213114754	5518	1
8.104808743169398	3116	1
8.111147540983605	3610	1
8.12726775956284	9657	1
8.152896174863388	6824	1
8.229726775956284	8441	1
8.236174863387978	1915	1
8.244590163934426	6613	1
8.30207650273224	3422	1
8.333224043715846	7726	1
8.360437158469946	4112	1
8.383661202185792	2341	1
8.447923497267759	5422	1
8.513825136612022	8380	1
8.526994535519124	9127	1
8.533551912568306	9288	1
8.549398907103825	9528	1
8.605464480874318	5477	1
8.618579234972678	8588	1
8.652841530054644	1966	1
8.734590163934426	6059	1
8.757322404371584	1162	1
8.791693989071039	3885	1
8.846830601092897	5102	1
8.918087431693989	4094	1
8.960928961748634	6714	1
8.965573770491805	6489	1
8.970054644808744	4825	1
9.04792349726776	2277	1
9.060491803278689	8702	1
9.193770491803278	9158	1
9.227431693989072	7003	1
9.348852459016394	1934	1
9.369781420765028	885	1
9.374535519125683	740	1
9.441748633879781	969	1
9.452185792349727	6924	0
9.454316939890711	2577	1
9.511147540983607	9904	1
9.548743169398906	7426	1
9.550273224043716	7213	1
9.558469945355192	1509	1
9.567704918032787	2343	1
9.594043715846993	4398	1
9.621639344262295	4396	1
9.623497267759564	6242	1
9.662349726775956	7349	1
9.669562841530055	6606	1
9.751530054644808	369	1
9.768852459016394	5562	1
9.819726775956283	5832	1
9.84016393442623	6806	1
9.85967213114754	3932	1
9.969234972677596	8559	1
9.983169398907103	3822	1
10.014207650273223	1960	1
10.118633879781422	447	1
10.15344262295082	8689	1
10.186174863387977	3906	1
10.227322404371584	3828	1
10.257540983606559	4567	1
10.27863387978142	1688	1
10.323934426229508	1227	1
10.354644808743169	9688	1
10.389562841530054	6657	1
10.414153005464481	2847	1
10.488360655737706	7706	1
10.503005464480875	5399	1
10.510218579234973	435	1
10.554590163934426	8137	1
10.555956284153005	3934	1
10.577213114754098	6561	1
10.594699453551913	6239	1
10.768306010928962	6930	1
10.779289617486338	5816	1
10.811639344262295	7805	1
10.877322404371585	1233	1
10.903606557377048	6659	1
10.919289617486339	5145	1
10.956284153005463	3026	1
10.988797814207649	2470	1
11.01502732240437	9636	1
11.062459016393442	1241	1
11.065081967213114	1479	1
11.107377049180329	680	1
11.107923497267759	3723	1
11.152240437158468	140	1
11.163114754098359	5854	1
11.209398907103825	1176	1
11.2124043715847	3330	1
11.218797814207651	3597	1
11.225792349726776	3499	1
11.267978142076503	1143	1
11.321147540983606	3673	1
11.42262295081967	3364	1
11.424371584699454	8940	1
11.4824043715847	1971	1
11.498142076502733	3645	1
11.513497267759563	1523	1
11.52224043715847	743	1
11.525628415300547	5694	1
11.540163934426229	5984	1
11.547814207650273	7184	1
11.556229508196722	6843	1
11.599890710382514	3420	1
11.663169398907105	5622	1
11.66983606557377	3226	1
11.67535519125683	8071	1
11.709562841530055	4207	1
11.752841530054646	6844	1
11.766612021857924	1245	1
11.773879781420765	9179	1
11.801530054644807	1884	1
11.832240437158468	4906	1
11.853989071038253	8292	1
11.874644808743168	4572	1
11.931530054644808	2941	1
11.962513661202184	5142	1
11.970601092896175	14	1
11.985409836065573	414	1
11.990819672131147	7528	1
11.992349726775956	3561	1
12.02655737704918	9106	1
12.030437158469944	6250	1
12.050765027322404	9848	1
12.055956284153005	9426	1
12.07	8789	1
12.085245901639345	9056	1
12.098688524590164	5418	1
12.104535519125681	607	1
12.116448087431694	7940	1
12.119125683060108	9827	1
12.12415300546448	4767	1
12.126448087431694	1066	1
12.161748633879782	9628	1
12.18639344262295	8719	1
12.194918032786884	1499	1
12.232950819672132	7311	1
12.24775956284153	171	1
12.283060109289618	9099	1
12.28912568306011	7558	1
12.297814207650273	2187	1
12.30704918032787	6320	1
12.36879781420765	3721	1
12.369398907103825	9497	1
12.39448087431694	7809	1
12.403879781420764	9411	1
12.414918032786886	2838	1
12.42967213114754	8381	1
12.45295081967213	4255	1
12.473825136612021	5083	1
12.543442622950819	1303	1
12.56	1311	1
12.56191256830601	1983	1
12.598415300546447	8051	1
12.624262295081966	5225	1
12.626502732240436	6008	1
12.629180327868852	4339	1
12.64726775956284	1943	1
12.662786885245902	2375	1
12.663934426229508	518	1
12.696666666666665	6005	1
12.697704918032786	4692	1
12.708852459016393	7819	1
12.71704918032787	7100	1
12.735737704918034	1595	0
12.760601092896174	712	1
12.77415300546448	9599	1
12.811475409836065	3029	1
12.85551912568306	5440	1
12.863497267759563	3948	1
12.87415300546448	5550	1
12.883497267759562	4821	1
12.885464480874317	1024	1
12.925792349726775	9473	1
12.967868852459016	8231	1
12.973169398907103	8337	1
12.973387978142076	3374	1
12.97830601092896	9038	1
12.980601092896176	4519	1
12.998579234972677	3845	1
13.004863387978142	5651	1
13.013825136612022	7530	1
13.01743169398907	2598	1
13.054098360655738	3553	1
13.060273224043716	8571	1
13.078524590163934	1588	1
13.085846994535519	1124	1
13.106502732240436	7713	1
13.109234972677596	3565	1
13.118360655737705	2360	1
13.133934426229509	419	1
13.169945355191258	6397	1
13.182786885245902	5184	1
13.232841530054644	6725	1
13.239781420765029	5790	1
13.248743169398908	7492	1
13.266338797814209	5317	1
13.332185792349726	2105	1
13.342568306010929	5052	1
13.343551912568307	1258	1
13.34655737704918	8837	1
13.372896174863387	6712	1
13.374699453551912	2714	1
13.380765027322404	9218	1
13.388415300546448	1651	1
13.413169398907105	5173	1
13.41464480874317	4065	1
13.436120218579235	8064	1
13.438469945355191	6916	1
13.459071038251365	7980	1
13.496229508196722	3506	1
13.50950819672131	5315	1
13.526284153005465	3649	1
13.544043715846994	5211	1
13.548360655737705	4376	1
13.549508196721312	9808	1
13.554972677595629	6241	1
13.610765027322405	1453	1
13.68967213114754	5933	1
13.707814207650273	3495	1
13.70912568306011	8583	1
13.728688524590163	4848	1
13.735901639344263	9703	1
13.75344262295082	8397	1
13.767923497267759	5478	1
13.77	8732	1
13.78398907103825	990	1
13.800218579234972	6014	1
13.815081967213116	1261	1
13.820109289617486	234	1
13.823333333333332	3555	1
13.846775956284153	825	1
13.863387978142077	6548	1
13.875792349726776	5465	1
13.895136612021856	7747	1
13.899453551912568	7513	1
13.918688524590163	7656	1
13.951311475409835	1298	1
13.966120218579235	3325	1
13.968743169398907	4034	1
13.96950819672131	1001	1
13.970874316939891	5859	1
13.980437158469947	8074	1
13.98830601092896	2911	1
14.006830601092895	8259	1
14.065409836065575	4079	1
14.066448087431693	9450	1
14.078032786885245	2049	1
14.082295081967214	6053	1
14.101857923497267	3964	1
14.103497267759563	5026	1
14.111803278688525	4171	1
14.130218579234972	2969	1
14.148415300546448	7856	1
14.154262295081967	5482	1
14.154918032786885	8995	1
14.157868852459016	3233	1
14.167213114754098	5879	1
14.215573770491803	7044	1
14.223224043715847	5189	1
14.226939890710383	4565	1
14.23551912568306	9653	1
14.283715846994536	211	1
14.287978142076502	926	1
14.31224043715847	3196	1
14.336065573770492	848	1
14.349344262295082	1225	1
14.352459016393443	8597	1
14.35262295081967	8126	1
14.379234972677596	5972	1
14.412568306010929	2174	1
14.423169398907103	8067	1
14.454207650273224	788	1
14.468743169398907	9296	1
14.470273224043716	448	1
14.490928961748635	2865	1
14.507814207650274	7361	1
14.511748633879781	6125	1
14.535683060109289	442	1
14.539508196721311	9768	1
14.546721311475409	2998	1
14.547868852459017	9082	1
14.576612021857922	1831	1
14.588032786885245	7785	1
14.58983606557377	1440	1
14.594699453551913	9060	1
14.600382513661202	9293	1
14.600437158469946	6905	1
14.607540983606556	6959	1
14.61655737704918	3831	1
14.62825136612022	8466	1
14.63726775956284	3680	1
14.665027322404372	2147	1
14.66830601092896	7478	1
14.691639344262294	8020	1
14.695628415300547	7898	1
14.696448087431692	2764	1
14.696830601092897	691	1
14.723989071038252	3531	1
14.753060109289617	8449	1
14.765846994535519	7550	1
14.776612021857924	3653	1
14.804699453551914	5677	1
14.812677595628417	7561	1
14.824699453551911	8220	1
14.83136612021858	5703	1
14.860601092896175	7332	1
14.874590163934426	8668	1
14.897267759562842	8423	1
14.899726775956283	5771	1
14.900765027322405	637	1
14.914426229508196	9751	1
14.942896174863387	5524	1
14.954535519125683	5603	1
14.96568306010929	4187	1
14.984918032786885	2025	1
14.986775956284152	6016	1
15.008360655737706	6454	1
15.01655737704918	2401	1
15.034918032786885	7629	1
15.035956284153006	622	1
15.057103825136611	1861	1
15.08327868852459	5316	1
15.087978142076503	3640	1
15.099289617486338	2353	1
15.112896174863387	5197	1
15.11551912568306	4471	1
15.117978142076502	9961	1
15.121202185792349	6977	1
15.1327868852459	9284	1
15.133005464480874	9402	1
15.14207650273224	4132	1
15.147814207650272	6155	1
15.222950819672132	773	1
15.250437158469945	6458	1
15.257814207650274	94	1
15.264808743169398	1130	1
15.31136612021858	6531	1
15.314480874316938	2276	1
15.332841530054644	9281	1
15.343606557377049	5510	1
15.35639344262295	9791	1
15.35825136612022	4530	1
15.363989071038253	3725	1
15.391366120218578	4141	1
15.395846994535518	8092	1
15.415956284153005	6296	1
15.416393442622951	7037	1
15.430273224043715	8877	1
15.431475409836066	3241	1
15.481256830601092	8229	1
15.51103825136612	8970	1
15.516612021857924	8866	1
15.529945355191256	2509	1
15.530601092896173	9002	1
15.542240437158469	2129	1
15.587868852459016	255	1
15.620819672131146	5710	1
15.650109289617486	2098	1
15.657923497267758	3564	1
15.65879781420765	8734	1
15.686885245901639	9435	1
15.695737704918033	9476	1
15.713825136612021	5689	1
15.71912568306011	8489	1
15.745956284153005	8278	1
15.819453551912568	8830	1
15.823114754098361	782	1
15.826120218579234	863	1
15.836666666666666	7737	1
15.83896174863388	7690	1
15.852459016393443	957	1
15.916612021857924	4298	1
15.925792349726775	4546	1
15.928688524590163	1930	1
15.94311475409836	2883	1
15.969945355191257	8701	1
15.995792349726777	2564	1
15.997103825136612	8155	1
15.998469945355192	994	1
16.02775956284153	7309	1
16.055081967213113	7672	1
16.077704918032786	1860	1
16.093387978142076	934	1
16.103005464480876	5625	1
16.103879781420765	5888	1
16.122021857923496	5204	1
16.138743169398907	1395	1
16.179726775956283	5506	1
16.197814207650275	2173	1
16.210765027322402	4188	1
16.214153005464482	6312	1
16.2175956284153	9602	1
16.23535519125683	878	1
16.24704918032787	6417	1
16.253825136612022	7789	1
16.30431693989071	9878	1
16.329890710382514	3724	1
16.332185792349726	9419	1
16.338907103825136	9988	1
16.363005464480874	5973	1
16.369289617486338	182	1
16.3755737704918	3253	1
16.46448087431694	6009	1
16.46568306010929	4823	1
16.471803278688526	1936	1
16.47590163934426	4125	1
16.479234972677595	8476	1
16.500109289617484	8385	1
16.55415300546448	7620	1
16.559016393442622	7301	1
16.573387978142076	269	1
16.574426229508195	3651	1
16.582786885245902	8721	1
16.591311475409835	6023	1
16.595027322404373	7923	1
16.608415300546447	7136	1
16.622459016393442	2612	1
16.668306010928962	7377	1
16.681147540983606	9200	1
16.68464480874317	3734	1
16.689726775956284	6576	1
16.689890710382514	7752	1
16.69945355191257	5866	1
16.704535519125685	6529	1
16.707322404371585	3859	1
16.729453551912567	6487	1
16.733661202185793	6372	1
16.773169398907104	8411	1
16.777759562841528	1452	1
16.79	9666	1
16.801311475409836	7837	1
16.806284153005464	932	1
16.844590163934427	10	1
16.853879781420765	5376	1
16.871912568306012	5660	1
16.873224043715847	6418	1
16.875464480874317	2408	1
16.878251366120217	6701	1
16.88879781420765	9971	1
16.89191256830601	7076	1
16.89262295081967	2383	1
16.926939890710383	7849	1
16.92792349726776	3480	1
16.932459016393445	9977	1
16.955136612021857	1458	1
16.965737704918034	5373	1
16.966666666666665	8941	1
16.980765027322406	5498	1
16.990983606557375	3471	1
16.998142076502734	809	1
17.018306010928963	9744	1
17.03054644808743	7937	1
17.033005464480876	7372	1
17.03775956284153	9723	1
17.038852459016393	1197	1
17.045300546448086	6385	1
17.052021857923496	9693	1
17.066775956284154	3174	1
17.072896174863388	431	1
17.078415300546446	8525	1
17.099890710382514	8854	1
17.102841530054643	7754	1
17.103825136612024	2921	1
17.132076502732243	2954	1
17.135300546448086	5176	1
17.14950819672131	2629	1
17.210273224043718	7241	1
17.2275956284153	9217	1
17.24382513661202	5092	1
17.248196721311476	9710	1
17.257923497267758	8421	1
17.26169398907104	5572	1
17.27327868852459	9884	1
17.31256830601093	3599	1
17.330163934426228	3655	1
17.33360655737705	6957	1
17.348469945355188	9908	1
17.363770491803276	9080	1
17.368251366120216	6787	1
17.36896174863388	242	1
17.373060109289618	1945	1
17.387377049180326	8409	1
17.39087431693989	4464	1
17.404207650273225	7410	1
17.40879781420765	6331	1
17.42693989071038	8590	1
17.433825136612022	1839	1
17.445792349726773	295	1
17.45191256830601	7814	1
17.452622950819674	6000	1
17.459562841530055	8708	1
17.48245901639344	7882	1
17.48464480874317	4231	1
17.48693989071038	7983	1
17.487158469945356	2171	1
17.48857923497268	9513	1
17.49	7001	1
17.495027322404372	1683	1
17.49590163934426	5076	1
17.50551912568306	6319	1
17.530382513661202	2345	1
17.54016393442623	2231	1
17.55136612021858	7812	1
17.5520218579235	1411	1
17.562950819672132	7399	1
17.575081967213116	1163	1
17.57540983606557	7520	1
17.579453551912568	6634	1
17.584262295081967	7645	1
17.591147540983606	2079	1
17.614754098360656	5110	1
17.623497267759564	9385	1
17.64967213114754	8394	1
17.65207650273224	1492	1
17.652841530054644	1380	1
17.657158469945355	3594	1
17.665956284153005	8918	1
17.674426229508196	3410	1
17.6824043715847	6177	1
17.709289617486338	1427	1
17.712349726775955	4045	1
17.723879781420763	9449	1
17.724590163934426	6565	1
17.729945355191255	1585	1
17.7527868852459	5333	1
17.75606557377049	7604	1
17.75743169398907	5717	1
17.77431693989071	351	1
17.78327868852459	6648	1
17.811256830601092	535	1
17.81437158469945	6569	1
17.846065573770492	1806	1
17.84967213114754	888	1
17.88065573770492	3159	1
17.8872131147541	845	1
17.889289617486337	9291	1
17.910819672131147	9728	1
17.92464480874317	6805	1
17.92584699453552	3035	1
17.950109289617487	3461	1
17.961420765027324	9243	1
17.96486338797814	2181	1
18.003278688524592	7047	1
18.00803278688525	1650	1
18.01027322404372	7793	1
18.01344262295082	1341	1
18.017650273224046	5262	1
18.018360655737705	4596	1
18.03349726775956	8964	1
18.05142076502732	6046	1
18.06983606557377	3590	1
18.093224043715846	8815	1
18.09677595628415	6377	1
18.0975956284153	2867	1
18.09896174863388	9350	1
18.103497267759565	5638	1
18.19333333333333	1939	1
18.19349726775956	2783	1
18.22846994535519	3478	1
18.230109289617484	5320	1
18.2303825136612	7841	1
18.241147540983608	6499	1
18.275628415300545	5085	1
18.282295081967213	4780	1
18.297759562841527	4924	1
18.3048087431694	6610	1
18.31191256830601	6540	1
18.31191256830601	6332	1
18.318032786885247	5779	1
18.324590163934428	7905	1
18.326065573770492	6286	1
18.340109289617487	5644	1
18.35775956284153	9463	1
18.360710382513663	7722	1
18.36398907103825	4766	1
18.3824043715847	3988	1
18.422841530054647	5538	1
18.435901639344262	3498	1
18.44885245901639	7471	1
18.460765027322402	8422	1
18.52934426229508	5943	1
18.540546448087433	3604	1
18.552677595628413	5474	1
18.564863387978143	5332	1
18.612185792349727	1843	1
18.616502732240438	9788	1
18.63382513661202	5137	1
18.66016393442623	9412	1
18.660819672131147	9773	1
18.674426229508196	3395	1
18.678415300546447	8771	1
18.68464480874317	2013	1
18.69049180327869	198	1
18.69191256830601	9024	1
18.701256830601093	3127	1
18.702841530054645	7171	1
18.70639344262295	763	1
18.7275956284153	2423	1
18.73950819672131	5003	1
18.750928961748635	6219	1
18.76448087431694	6211	1
18.785792349726776	5827	1
18.802295081967213	4355	1
18.839945355191254	4500	1
18.84863387978142	8754	1
18.85551912568306	4067	1
18.866939890710384	6056	1
18.875409836065575	7609	1
18.884754098360656	5090	1
18.88912568306011	266	1
18.926939890710383	2767	1
18.929016393442623	8930	1
18.940273224043718	2966	1
18.961857923497266	4032	0
18.969180327868852	4422	1
18.980218579234972	8551	1
19.000819672131147	1474	1
19.003606557377047	3629	1
19.007103825136614	2823	1
19.02087431693989	2339	1
19.043005464480874	3637	1
19.079890710382514	4803	1
19.083169398907103	5589	1
19.08863387978142	3691	1
19.090874316939892	3986	1
19.09830601092896	7724	1
19.100765027322403	555	1
19.10398907103825	7110	1
19.11841530054645	5758	1
19.119398907103825	6836	1
19.137213114754097	1909	1
19.146666666666665	8537	1
19.153169398907103	3624	1
19.154153005464483	9876	1
19.17743169398907	24	1
19.192459016393443	8693	1
19.208196721311477	754	1
19.22256830601093	7843	1
19.24360655737705	6703	1
19.257978142076503	7774	1
19.276502732240438	8626	1
19.28054644808743	1408	1
19.283715846994536	7607	1
19.309562841530056	3054	1
19.32775956284153	6468	1
19.343278688524588	4435	1
19.384043715846992	1475	1
19.42513661202186	4484	1
19.434754098360656	2751	1
19.443934426229507	6564	1
19.444699453551912	9857	1
19.447540983606558	3177	1
19.469234972677594	9071	1
19.47672131147541	7224	1
19.486994535519123	2203	1
19.502677595628413	9540	1
19.523169398907104	7176	1
19.53928961748634	1193	1
19.550109289617488	5361	1
19.552404371584696	5169	1
19.565737704918032	178	1
19.56677595628415	1308	1
19.59622950819672	6696	1
19.60907103825137	4292	1
19.6403825136612	630	1
19.648360655737704	3007	1
19.684972677595628	9098	1
19.68655737704918	8710	1
19.689071038251367	2454	1
19.699071038251365	8026	1
19.703551912568305	6567	1
19.71590163934426	6771	1
19.732841530054646	7866	1
19.755573770491804	4712	1
19.76344262295082	9095	1
19.771202185792347	6067	1
19.78256830601093	4030	1
19.785245901639346	7040	1
19.78551912568306	6244	1
19.797923497267757	9480	1
19.811639344262293	1999	1
19.828142076502733	9001	1
19.82950819672131	1604	1
19.843278688524588	6993	1
19.874371584699453	1235	1
19.906284153005465	6374	1
19.911420765027323	1455	1
19.915901639344263	1036	1
19.936830601092897	5202	1
19.943606557377052	4072	1
19.951420765027322	9348	1
20.00398907103825	3209	1
20.02	1457	1
20.03087431693989	3165	1
20.042240437158473	8889	1
20.046065573770495	9305	1
20.061311475409838	2093	1
20.064590163934426	6410	1
20.083005464480873	5147	1
20.092131147540982	8932	1
20.093879781420764	3908	1
20.09655737704918	4855	1
20.11453551912568	6335	1
20.125300546448088	2367	1
20.12633879781421	9050	1
20.126666666666665	3839	1
20.137431693989072	6895	1
20.159398907103824	665	1
20.17295081967213	1103	1
20.17590163934426	8613	1
20.192131147540984	9143	1
20.228196721311473	9783	1
20.233497267759564	7206	1
20.245464480874315	8256	1
20.25136612021858	8993	1
20.257540983606557	8262	1
20.26245901639344	271	1
20.285300546448084	2609	1
20.29792349726776	1797	1
20.304754098360657	3409	1
20.306065573770493	4037	1
20.328524590163934	2075	1
20.339945355191258	6894	1
20.34579234972678	9102	1
20.354754098360658	9152	1
20.378907103825135	584	1
20.395956284153005	9567	1
20.41464480874317	5430	1
20.41912568306011	9311	1
20.4503825136612	9842	1
20.45174863387978	7273	1
20.467322404371586	3943	1
20.470765027322404	1301	1
20.47103825136612	4440	1
20.474590163934426	8471	1
20.474754098360652	7959	1
20.491256830601092	7766	1
20.500601092896172	5659	1
20.50415300546448	6481	1
20.506666666666664	5032	1
20.506994535519127	1757	1
20.529726775956284	354	1
20.529945355191256	1552	1
20.53841530054645	2396	1
20.54377049180328	2739	1
20.550983606557374	5546	1
20.551912568306008	3428	1
20.55775956284153	1667	1
20.564371584699455	9825	1
20.57142076502732	6962	1
20.572841530054646	5561	1
20.574207650273223	9947	1
20.57426229508197	4247	1
20.58349726775956	2841	1
20.5879781420765	6604	1
20.59989071038251	8923	1
20.603934426229507	5558	1
20.606775956284153	3881	1
20.610491803278688	9019	1
20.613169398907104	7772	1
20.629890710382515	4215	1
20.63590163934426	3145	1
20.64486338797814	7956	1
20.684590163934427	7393	1
20.69792349726776	1738	1
20.700874316939892	5136	1
20.702076502732243	6813	1
20.736010928961747	4929	1
20.748961748633878	6099	1
20.773005464480875	4717	1
20.792404371584702	7972	1
20.796830601092896	9595	1
20.82360655737705	1789	1
20.83983606557377	497	1
20.857486338797813	4751	1
20.867377049180327	6591	1
20.889398907103825	5454	1
20.896994535519124	3534	1
20.902240437158472	5822	1
20.91918032786885	3914	1
20.96781420765027	8658	1
21.01071038251366	7414	1
21.01158469945355	8817	1
21.031202185792353	2418	1
21.03185792349727	8884	1
21.043114754098358	5961	1
21.07502732240437	7383	1
21.11284153005464	1171	1
21.116010928961746	1530	1
21.136120218579237	3348	1
21.13672131147541	3301	1
21.154590163934426	3783	1
21.15502732240437	3875	1
21.18546448087432	3676	1
21.195081967213117	4710	1
21.21967213114754	2229	1
21.22071038251366	9588	1
21.227814207650272	9164	1
21.242185792349726	4671	1
21.245409836065573	8475	1
21.25726775956284	2837	1
21.27983606557377	7552	1
21.296612021857925	1284	1
21.31032786885246	2248	1
21.31322404371585	5485	1
21.325901639344263	9236	1
21.33377049180328	7004	1
21.340765027322405	7836	1
21.34229508196721	5352	1
21.346120218579234	5062	1
21.36486338797814	8687	1
21.366502732240438	375	1
21.38114754098361	2669	1
21.385081967213114	9609	1
21.39688524590164	8226	1
21.402349726775956	4421	1
21.41087431693989	6980	1
21.415409836065574	4801	1
21.41573770491803	7685	1
21.416830601092897	2815	1
21.457704918032785	30	1
21.460218579234972	2521	1
21.469071038251368	2480	1
21.47103825136612	4123	1
21.472568306010928	715	1
21.479508196721312	6054	1
21.487704918032787	2481	1
21.498961748633878	4416	1
21.50912568306011	8250	1
21.51792349726776	3050	1
21.52677595628415	5765	1
21.5396174863388	3168	1
21.55032786885246	7215	1
21.55377049180328	2965	1
21.57295081967213	1279	1
21.589016393442623	989	1
21.60054644808743	7817	1
21.602131147540984	2316	1
21.616612021857925	4051	1
21.636284153005466	5634	1
21.636338797814204	3708	1
21.64950819672131	8526	1
21.696721311475407	5613	1
21.730710382513664	7821	1
21.73349726775956	8766	1
21.733825136612023	7795	1
21.738688524590163	3936	1
21.743934426229508	8321	1
21.753715846994535	2659	1
21.76437158469945	8774	1
21.792950819672132	9052	1
21.793114754098358	1216	1
21.796448087431692	7030	1
21.802841530054646	6485	1
21.81136612021858	7485	1
21.823224043715847	2287	1
21.829016393442622	7412	1
21.83535519125683	4866	1
21.844043715846993	3995	1
21.854426229508196	9828	1
21.878415300546447	1600	1
21.916448087431693	3557	1
21.931584699453552	544	1
21.940273224043715	3742	1
21.9527868852459	3195	1
21.953606557377046	4359	1
21.954480874316943	8578	1
21.964371584699453	4788	1
21.9675956284153	2059	1
21.994699453551913	4884	1
21.997158469945354	8785	1
22.000655737704918	3465	1
22.012841530054644	8949	1
22.032841530054643	9012	1
22.038306010928963	9945	1
22.052295081967213	2791	1
22.09103825136612	6215	1
22.09469945355191	4837	1
22.106612021857924	5322	1
22.149617486338798	756	1
22.17103825136612	2210	1
22.17256830601093	3740	1
22.17568306010929	5403	1
22.18262295081967	615	1
22.209945355191255	2665	1
22.229890710382513	5212	1
22.23366120218579	6518	1
22.242185792349726	1335	1
22.255573770491804	6313	1
22.25743169398907	7728	1
22.260382513661202	1316	1
22.264863387978142	9004	1
22.26726775956284	7510	1
22.271147540983605	1219	1
22.27857923497268	9551	1
22.29622950819672	3040	1
22.313169398907103	2707	1
22.372896174863385	2494	1
22.383387978142075	8581	1
22.391311475409836	7156	1
22.395846994535518	6931	1
22.41431693989071	8875	1
22.415956284153005	6986	1
22.419398907103826	3190	1
22.421857923497267	9965	1
22.42431693989071	2388	1
22.424754098360655	2835	1
22.426666666666666	705	1
22.427158469945354	305	1
22.433060109289617	8529	1
22.455901639344262	2116	1
22.48896174863388	2640	1
22.490601092896174	7324	1
22.49743169398907	6113	1
22.518852459016394	7413	1
22.533770491803278	4542	1
22.53513661202186	3102	1
22.59469945355191	1246	1
22.598852459016392	7521	1
22.599726775956285	6425	1
22.60377049180328	3687	1
22.608852459016394	8938	1
22.667158469945356	870	1
22.71273224043716	5579	1
22.72617486338798	4791	1
22.73846994535519	7473	1
22.750819672131147	8371	1
22.76349726775956	9537	1
22.78535519125683	9622	1
22.790273224043716	2308	1
22.792896174863387	2644	1
22.81431693989071	9958	1
22.81967213114754	7871	1
22.838251366120218	5095	1
22.858579234972677	7122	1
22.86338797814208	9523	1
22.8672131147541	6394	1
22.869945355191255	9976	1
22.87841530054645	6788	1
22.882732240437157	1295	1
22.919945355191256	6236	1
22.97808743169399	5383	1
23.000437158469943	2959	1
23.021639344262297	7516	1
23.030765027322403	220	1
23.03792349726776	2090	1
23.040928961748634	1048	1
23.047049180327868	395	1
23.05382513661202	2451	1
23.089726775956283	9839	1
23.092950819672133	4675	1
23.098360655737707	5762	1
23.099071038251363	326	1
23.113224043715846	6383	1
23.129234972677597	8556	1
23.145191256830604	8593	1
23.154972677595627	3037	1
23.15830601092896	3119	1
23.181584699453552	2294	1
23.237486338797815	6581	1
23.27896174863388	8361	1
23.31737704918033	3889	1
23.337814207650275	7815	1
23.34786885245902	4699	1
23.393387978142076	9654	1
23.413442622950818	5770	1
23.41650273224044	4505	1
23.422513661202185	1595	1
23.465081967213116	1991	1
23.473661202185795	3923	1
23.522295081967215	2731	1
23.54830601092896	7395	1
23.5503825136612	7553	1
23.551147540983607	8802	1
23.55289617486339	5642	1
23.565409836065573	9679	1
23.59256830601093	4474	1
23.596666666666668	2372	1
23.622404371584697	5590	1
23.628251366120217	6639	1
23.643989071038252	1827	1
23.65590163934426	8016	1
23.689617486338797	7481	1
23.712513661202184	3354	1
23.723278688524587	5480	1
23.755409836065574	2543	1
23.787540983606558	7293	1
23.807322404371583	1223	1
23.838360655737706	7221	1
23.84808743169399	8803	1
23.886775956284154	1747	1
23.89224043715847	1502	1
23.906393442622953	7731	1
23.916830601092897	6638	1
23.919398907103822	7503	1
23.94054644808743	2037	1
23.943551912568307	9586	1
23.964043715846994	8302	1
23.991584699453554	1259	1
23.996338797814207	3854	1
24.01142076502732	78	1
24.012677595628414	2726	1
24.065628415300544	4241	1
24.066448087431695	7429	1
24.066666666666666	7194	1
24.06863387978142	724	1
24.09016393442623	8646	1
24.095628415300546	1165	1
24.095846994535517	4321	1
24.096502732240438	8327	1
24.10885245901639	7827	1
24.110273224043716	3477	1
24.144535519125682	2593	1
24.149945355191257	4413	1
24.183606557377047	1364	1
24.19327868852459	8257	1
24.19426229508197	7061	1
24.20601092896175	3904	1
24.21382513661202	7265	1
24.229016393442624	2295	1
24.23191256830601	2499	1
24.261912568306013	3582	1
24.273114754098362	4639	1
24.281256830601095	7078	1
24.289781420765024	6596	1
24.29327868852459	8389	1
24.303387978142077	9892	1
24.304262295081966	7698	1
24.31158469945355	3135	1
24.326065573770492	7797	1
24.35775956284153	2033	1
24.36775956284153	3172	1
24.406338797814207	5611	1
24.457759562841527	472	1
24.47174863387978	6409	1
24.497650273224043	829	1
24.544371584699455	7099	1
24.577978142076503	6793	1
24.5803825136612	6914	1
24.595245901639345	5706	1
24.62934426229508	7904	1
24.64049180327869	9917	1
24.640983606557377	7196	1
24.648907103825138	7709	1
24.685792349726775	7283	1
24.705956284153004	9910	1
24.72016393442623	9544	1
24.722459016393444	6941	1
24.724863387978143	7640	1
24.746338797814207	9018	1
24.764699453551913	5330	1
24.779344262295083	8005	1
24.781420765027324	9496	1
24.80224043715847	2533	1
24.83584699453552	3051	1
24.839562841530054	6530	1
24.8527868852459	7994	1
24.86453551912568	672	1
24.89934426229508	8726	1
24.901639344262293	6950	1
24.904207650273225	1391	1
24.906338797814204	7166	1
24.924098360655737	9815	1
24.957486338797814	5995	1
24.98967213114754	8506	1
24.990437158469945	2761	1
24.996666666666666	9230	1
25.053770491803277	9557	1
25.073060109289617	6474	1
25.082568306010927	5505	1
25.088743169398906	3271	1
25.088797814207652	6738	1
25.12535519125683	9506	1
25.13825136612022	1224	1
25.16295081967213	8212	1
25.17005464480874	4829	1
25.188852459016392	711	1
25.19792349726776	2523	1
25.201967213114752	6396	1
25.203060109289616	202	1
25.209781420765026	5338	1
25.22295081967213	6220	1
25.22306010928962	4163	1
25.231748633879782	128	1
25.277103825136614	5740	1
25.281420765027324	5158	1
25.292131147540985	4764	1
25.35229508196721	3816	1
25.376229508196722	617	1
25.408688524590165	5398	1
25.41573770491803	6710	1
25.45071038251366	9383	1
25.455901639344262	8756	1
25.49825136612022	3952	1
25.503825136612022	7354	1
25.517103825136612	3141	1
25.531530054644808	4883	1
25.56415300546448	8233	1
25.59295081967213	5801	1
25.602185792349726	1969	1
25.605792349726777	7191	1
25.620655737704915	8698	1
25.646448087431693	5508	1
25.66934426229508	9541	1
25.679016393442623	7432	1
25.692240437158468	4992	1
25.725956284153007	6088	1
25.73125683060109	7913	1
25.797978142076502	5587	1
25.827759562841532	7366	1
25.842185792349724	7622	1
25.842841530054642	6935	1
25.871475409836066	9982	1
25.892295081967212	5797	1
25.895081967213113	6859	1
25.895519125683062	2680	1
25.898907103825135	1668	1
25.905409836065573	2967	1
25.912185792349725	961	1
25.939398907103826	7743	1
25.962677595628413	6381	1
26.00967213114754	919	1
26.011693989071038	3421	1
26.012677595628414	4920	1
26.052076502732238	1105	1
26.069781420765025	5069	1
26.073551912568306	6189	1
26.079945355191256	5570	1
26.09207650273224	5720	1
26.14256830601093	8335	1
26.15306010928962	6407	1
26.157267759562842	978	1
26.170983606557378	4454	1
26.189562841530055	9460	1
26.200874316939892	8769	1
26.221967213114752	1641	1
26.24311475409836	7437	1
26.24644808743169	2062	1
26.247540983606555	9009	1
26.259071038251367	7614	1
26.267868852459017	2126	1
26.3396174863388	381	1
26.34431693989071	4181	1
26.41103825136612	8683	1
26.411748633879782	3558	1
26.435901639344262	9574	1
26.44207650273224	7682	1
26.44934426229508	6904	1
26.48765027322404	8073	1
26.48972677595628	3992	1
26.49934426229508	7572	1
26.513551912568307	8248	1
26.534754098360654	5035	1
26.5503825136612	5992	1
26.598524590163933	707	1
26.614316939890713	6663	1
26.627868852459017	4811	1
26.634590163934426	2871	1
26.63775956284153	4842	1
26.647049180327866	2701	1
26.655628415300544	7314	1
26.665737704918033	4165	1
26.671912568306013	2191	1
26.690163934426227	8763	1
26.70295081967213	9584	1
26.712349726775955	1373	1
26.775409836065574	5936	1
26.78103825136612	5580	1
26.788087431693988	4415	1
26.805245901639346	6688	1
26.81065573770492	7234	1
26.82617486338798	1096	1
26.832622950819673	2709	1
26.860765027322405	2068	1
26.861202185792347	9524	1
26.880928961748634	2566	1
26.902841530054644	6393	1
26.933606557377047	3601	1
26.960819672131148	7145	1
26.973169398907103	2153	1
26.97644808743169	1491	1
26.99158469945355	4599	1
27.00693989071038	6447	1
27.035464480874317	7761	1
27.03606557377049	8265	1
27.036229508196723	4865	1
27.060928961748637	6612	1
27.080382513661203	5768	1
27.082622950819673	4248	1
27.083333333333336	4706	1
27.10158469945355	6543	1
27.11601092896175	4691	1
27.13158469945355	6585	1
27.146393442622948	7770	1
27.161748633879782	5292	1
27.188852459016392	5385	1
27.24863387978142	9168	1
27.254371584699456	4262	1
27.297377049180326	9254	1
27.3051912568306	6096	1
27.33360655737705	7272	1
27.346065573770492	2559	1
27.355956284153006	7917	1
27.368907103825137	4119	1
27.377704918032787	7820	1
27.42120218579235	6707	1
27.424207650273225	6514	1
27.428142076502734	8407	1
27.433224043715846	5024	1
27.434043715846993	1674	1
27.473934426229505	4432	1
27.496174863387978	3524	1
27.497704918032785	2945	1
27.54551912568306	5712	1
27.561475409836067	8439	1
27.567704918032785	5185	1
27.57125683060109	2836	1
27.582786885245902	5569	1
27.59524590163934	5787	1
27.619289617486338	7703	1
27.667322404371586	3706	1
27.67224043715847	1026	1
27.682732240437158	9334	1
27.68606557377049	3980	1
27.702950819672132	8008	1
27.768196721311476	7353	1
27.787540983606558	5559	1
27.803169398907105	70	1
27.813387978142075	2544	1
27.831912568306013	8749	1
27.86289617486339	7039	1
27.863497267759563	1758	1
27.86918032786885	4349	1
27.878415300546447	5950	1
27.88978142076503	7584	1
27.897377049180328	1166	1
27.904043715846996	371	1
27.91245901639344	7333	1
27.913333333333334	8187	1
27.927540983606555	81	1
27.928907103825136	4584	1
27.94896174863388	7504	1
27.954153005464484	5207	1
27.978415300546448	9478	1
27.982622950819675	2770	1
27.988360655737704	6559	1
27.997486338797813	7655	1
28.025956284153004	6260	1
28.05775956284153	7566	1
28.10065573770492	4447	1
28.1068306010929	2055	1
28.11245901639344	2281	1
28.12983606557377	170	1
28.13120218579235	3677	1
28.156502732240437	8059	1
28.1796174863388	2568	1
28.184371584699456	3000	1
28.210218579234972	6283	1
28.22775956284153	7284	1
28.22967213114754	6705	1
28.232131147540983	9371	1
28.235846994535517	1201	1
28.24191256830601	5500	1
28.258142076502732	5996	1
28.263224043715848	1621	1
28.27382513661202	7386	1
28.32021857923497	6302	1
28.33322404371585	7791	1
28.34016393442623	4757	1
28.346994535519123	4576	1
28.35639344262295	6389	1
28.358196721311472	8952	1
28.359726775956286	2084	1
28.368251366120216	335	1
28.370928961748636	4194	1
28.38546448087432	4335	1
28.407158469945355	9221	1
28.42366120218579	2170	1
28.436666666666664	7052	1
28.43918032786885	4329	1
28.455573770491803	8490	1
28.465737704918034	4199	1
28.467486338797816	7291	1
28.489125683060106	2315	1
28.492131147540984	6271	1
28.519945355191258	5396	1
28.52	3739	1
28.528907103825137	8432	1
28.529180327868854	4050	1
28.553224043715844	6929	1
28.558907103825135	3731	1
28.59174863387978	146	1
28.600983606557374	9896	1
28.60349726775956	9997	1
28.60896174863388	8339	1
28.631857923497268	7236	1
28.64207650273224	8354	1
28.648032786885246	2189	1
28.66393442622951	4615	1
28.66535519125683	2694	1
28.68672131147541	4360	1
28.710382513661205	6513	1
28.764371584699454	3187	1
28.780218579234973	6033	1
28.804808743169396	5348	1
28.82622950819672	9173	1
28.850382513661202	7385	1
28.852021857923496	2840	1
28.85344262295082	602	1
28.853825136612024	1438	1
28.874590163934425	5324	1
28.882349726775953	1895	1
28.890983606557377	2485	1
28.891803278688524	9220	1
28.913989071038248	1185	1
28.920491803278686	8885	1
28.922786885245902	6650	1
28.9296174863388	7376	1
28.98573770491803	8280	1
28.997377049180326	5296	1
28.999234972677595	4931	1
29.009945355191256	8780	1
29.021147540983605	612	1
29.04601092896175	9604	1
29.051147540983607	7651	1
29.060874316939888	6292	1
29.063497267759566	2199	1
29.090655737704918	8848	1
29.101967213114754	4265	1
29.11136612021858	5544	1
29.130655737704917	7632	1
29.142622950819675	5640	1
29.146229508196722	4433	1
29.156174863387978	6134	1
29.18606557377049	4155	1
29.20448087431694	1562	1
29.21431693989071	7396	1
29.230109289617484	6293	1
29.26584699453552	9867	1
29.279398907103825	8813	1
29.283387978142077	5567	1
29.294754098360656	5269	1
29.29863387978142	9042	1
29.300437158469947	2573	1
29.33273224043716	7767	1
29.332841530054644	7258	1
29.357158469945357	365	1
29.36185792349727	3034	1
29.367213114754097	3103	1
29.370382513661202	6118	1
29.373879781420765	2130	1
29.375245901639342	8547	1
29.402513661202185	3452	1
29.438032786885245	6092	1
29.450109289617487	6937	1
29.45765027322404	7573	1
29.461366120218578	474	1
29.46311475409836	1792	1
29.464754098360658	5359	1
29.466284153005464	2695	1
29.47021857923497	2624	1
29.4872131147541	8462	1
29.492786885245902	9872	1
29.50431693989071	1470	1
29.5379781420765	6757	1
29.54830601092896	6595	1
29.576612021857922	5646	1
29.580928961748636	9733	1
29.592513661202187	6629	1
29.635081967213114	7853	1
29.63950819672131	1043	1
29.64622950819672	3617	1
29.666120218579234	6907	1
29.668360655737704	2698	1
29.675245901639343	4184	1
29.720601092896175	364	1
29.723224043715845	3080	1
29.74934426229508	6028	1
29.7883606557377	4186	1
29.80639344262295	3887	1
29.834426229508196	8172	1
29.838360655737702	8671	1
29.838688524590165	5741	1
29.84311475409836	2292	1
29.87087431693989	4391	1
29.87486338797814	4400	1
29.914590163934424	3612	1
29.92366120218579	6465	1
29.937377049180327	1485	1
29.94054644808743	7784	1
29.986612021857923	5805	1
29.991912568306013	8618	1
29.99196721311475	1772	1
30.003114754098362	9915	1
30.010546448087428	9893	1
30.01672131147541	5183	1
30.031803278688525	618	1
30.058087431693988	7121	1
30.06393442622951	9264	1
30.069781420765025	3194	1
30.07	8477	1
30.073278688524592	9331	1
30.083879781420762	2919	1
30.09983606557377	8088	1
30.134972677595627	525	1
30.143387978142076	9855	1
30.145245901639345	6764	1
30.150546448087432	5525	1
30.17016393442623	9550	1
30.178251366120218	173	1
30.181311475409835	7554	1
30.205300546448086	9527	1
30.214754098360658	50	1
30.22158469945355	7254	1
30.232896174863388	9874	1
30.274863387978144	6683	1
30.27863387978142	7401	1
30.284098360655737	7362	1
30.300819672131148	7277	1
30.31191256830601	5484	1
30.334863387978142	467	1
30.367540983606556	5834	1
30.3703825136612	5420	1
30.3827868852459	6387	1
30.405792349726777	8408	1
30.417377049180327	9340	1
30.419398907103826	993	1
30.419781420765027	4276	1
30.476010928961745	6792	1
30.505901639344263	3442	1
30.53065573770492	8707	1
30.582513661202185	5594	1
30.58306010928962	6252	1
30.588032786885247	538	1
30.606557377049178	7543	1
30.630819672131146	8795	1
30.64448087431694	1329	1
30.647158469945353	7247	1
30.66726775956284	7953	1
30.697049180327866	8193	1
30.708688524590166	5502	1
30.740273224043715	9242	1
30.762349726775955	1370	1
30.763224043715844	2366	1
30.803661202185793	3445	1
30.80420765027322	2041	1
30.829508196721314	2516	1
30.85207650273224	6111	1
30.853551912568303	9186	1
30.860983606557376	6809	1
30.862021857923498	5501	1
30.879945355191257	8343	1
30.88289617486339	6262	1
30.89502732240437	945	1
30.909945355191258	9745	1
30.9124043715847	4747	1
30.92622950819672	4681	1
30.95409836065574	9387	1
30.963715846994535	2752	1
30.972131147540985	8120	1
30.99415300546448	8745	1
30.995464480874315	1155	1
30.996939890710383	2928	1
31.000273224043717	5106	1
31.01081967213115	8221	1
31.016284153005465	6143	1
31.048743169398907	5957	1
31.049125683060108	6864	1
31.050819672131148	9278	1
31.05639344262295	7058	1
31.05704918032787	8747	1
31.087650273224043	1073	1
31.105956284153006	7458	1
31.11207650273224	3488	1
31.11688524590164	3458	1
31.1227868852459	8915	1
31.141311475409836	8652	1
31.165956284153005	2712	1
31.170218579234973	8324	1
31.21502732240437	3905	1
31.216830601092894	7204	1
31.21950819672131	3619	1
31.224972677595627	6473	1
31.225409836065573	1944	1
31.231092896174864	5025	1
31.232349726775958	5683	1
31.235956284153005	7807	1
31.23950819672131	9423	1
31.251530054644807	6988	1
31.2775956284153	1486	1
31.30945355191257	6774	1
31.32049180327869	1921	1
31.32224043715847	5606	1
31.332513661202185	6526	1
31.347868852459015	5227	1
31.363114754098362	4237	1
31.38191256830601	6763	1
31.398251366120217	6295	1
31.426830601092895	4412	1
31.42950819672131	8271	1
31.451092896174863	4485	1
31.45360655737705	3092	1
31.45830601092896	4755	1
31.46639344262295	7970	1
31.480273224043714	3390	1
31.486284153005464	5608	1
31.5	5219	1
31.533551912568303	4826	1
31.55918032786885	9160	1
31.566284153005462	5698	1
31.587595628415297	1029	1
31.59726775956284	575	1
31.599999999999998	910	1
31.625409836065575	6981	1
31.64344262295082	3759	1
31.65322404371585	4463	1
31.664480874316936	1756	1
31.66622950819672	5684	1
31.71327868852459	5747	1
31.73092896174863	9740	1
31.736612021857923	6970	1
31.80431693989071	3368	1
31.80918032786885	9673	1
31.81169398907104	9641	1
31.81224043715847	675	1
31.816830601092896	3700	1
31.830601092896178	3255	1
31.842459016393445	9208	1
31.84677595628415	808	1
31.868907103825137	9224	1
31.884371584699455	8000	1
31.91016393442623	6618	1
31.916448087431696	8348	1
31.92573770491803	3450	1
31.93021857923497	4018	1
31.936284153005463	1191	1
31.96256830601093	9197	1
31.969781420765027	119	1
31.97054644808743	8001	1
31.97672131147541	5619	1
31.984262295081965	6979	1
31.985245901639345	5626	1
31.993333333333332	7212	1
32.008852459016396	2862	1
32.01415300546448	2812	1
32.01715846994536	4170	1
32.03229508196721	2961	1
32.04524590163935	6406	1
32.05114754098361	6727	1
32.061584699453554	120	1
32.06366120218579	1256	1
32.072349726775954	2134	1
32.075355191256826	2645	1
32.07590163934426	4317	1
32.0803825136612	6544	1
32.092185792349724	6017	1
32.0939344262295	3449	1
32.09459016393443	5232	1
32.09912568306011	4362	1
32.1492349726776	5796	1
32.1968306010929	1620	1
32.21103825136612	3593	1
32.21185792349727	5448	1
32.212349726775955	144	1
32.21284153005465	8905	1
32.215409836065575	8723	1
32.21601092896175	5981	1
32.22595628415301	2565	1
32.24508196721311	6333	1
32.2479781420765	1134	1
32.255409836065574	5947	1
32.2635519125683	4242	1
32.272896174863384	2904	1
32.27464480874317	5586	1
32.292404371584695	4954	1
32.299234972677596	8681	1
32.299617486338796	9870	1
32.30994535519125	9763	1
32.33114754098361	8108	1
32.35606557377049	6736	1
32.36502732240437	8323	1
32.38087431693989	1425	1
32.41983606557377	7289	1
32.42060109289617	2465	1
32.42524590163934	2930	1
32.426448087431694	5141	1
32.4296174863388	7668	1
32.433169398907104	9789	1
32.461256830601094	9952	1
32.46180327868853	408	1
32.469071038251364	7549	1
32.472021857923494	760	1
32.47267759562841	2403	1
32.47453551912568	2879	1
32.485628415300546	2922	1
32.506229508196725	2540	1
32.52836065573771	7830	1
32.535737704918034	5916	1
32.54153005464481	8158	1
32.55502732240437	1443	1
32.57901639344262	3443	1
32.60245901639344	998	1
32.612131147540985	8986	1
32.63065573770492	6423	1
32.63256830601093	9770	1
32.63464480874317	8695	1
32.635628415300545	6506	1
32.655792349726774	9534	1
32.658087431693986	4597	1
32.66355191256831	7850	1
32.664808743169395	7083	1
32.672732240437156	3492	1
32.673825136612024	783	1
32.70781420765027	3844	1
32.71928961748634	2197	1
32.751748633879785	5928	1
32.75229508196721	8959	1
32.75371584699454	1603	1
32.763715846994536	6903	1
32.795846994535516	2165	1
32.80661202185792	3946	1
32.853169398907106	4212	1
32.858251366120214	7488	1
32.863934426229505	8036	1
32.86814207650273	9027	1
32.869234972677596	9094	1
32.87131147540983	2975	1
32.89338797814208	6839	1
32.89901639344262	8791	1
32.91027322404371	4611	1
32.92426229508197	7491	1
32.94207650273224	7691	1
32.95273224043716	952	1
32.9631693989071	5999	1
32.993169398907106	1735	1
32.99710382513661	2748	1
33.01262295081967	1972	1
33.03185792349727	777	1
33.038688524590164	6504	1
33.05382513661202	4822	1
33.059617486338794	377	1
33.06142076502732	8006	1
33.070928961748635	9596	1
33.07382513661202	8387	1
33.08081967213115	1289	1
33.085519125683064	8677	1
33.0968306010929	9642	1
33.115409836065574	7363	1
33.135245901639344	6872	1
33.137540983606556	5766	1
33.14830601092896	6927	1
33.1748087431694	6578	1
33.180928961748634	7759	1
33.1851912568306	4697	1
33.19650273224044	1635	1
33.20426229508197	1721	1
33.21781420765027	9515	1
33.21994535519126	3429	1
33.26153005464481	1711	1
33.27098360655738	7344	1
33.27497267759563	1414	1
33.27923497267759	4808	1
33.28437158469946	9289	1
33.30606557377049	2377	1
33.33387978142076	6012	1
33.36819672131148	3152	1
33.37016393442623	7477	1
33.37191256830601	9890	1
33.37437158469945	6946	1
33.378907103825135	6769	1
33.39251366120219	2031	1
33.396502732240435	666	1
33.41060109289617	1192	1
33.43180327868852	1253	1
33.43912568306011	8595	1
33.47327868852459	7321	1
33.475081967213114	465	1
33.48120218579235	2207	1
33.486666666666665	3842	1
33.49103825136612	4864	1
33.53	1441	1
33.53655737704918	8211	1
33.54081967213115	5963	1
33.55989071038251	5367	1
33.573934426229506	5798	1
33.613934426229505	9189	1
33.6239344262295	7082	1
33.62530054644809	9205	1
33.633497267759566	4509	1
33.63803278688524	4379	1
33.63808743169399	9178	1
33.65639344262295	8853	1
33.66398907103825	7624	1
33.67524590163934	5073	1
33.705628415300545	6441	1
33.708633879781424	1004	1
33.72502732240437	4959	1
33.72644808743169	5673	1
33.72972677595628	4743	1
33.791311475409834	8946	1
33.844426229508194	973	1
33.85016393442623	4113	1
33.86032786885246	5830	1
33.86677595628415	2647	1
33.88732240437159	6594	1
33.892404371584696	8973	1
33.901366120218576	9597	1
33.90415300546448	8886	1
33.90562841530055	7865	1
33.935081967213115	3569	1
33.93852459016394	2322	1
33.978469945355194	2754	1
33.983333333333334	4912	1
33.99437158469945	32	1
34.00065573770492	4431	1
34.012131147540984	847	1
34.02245901639344	5432	1
34.0355737704918	510	1
34.07437158469945	2586	1
34.075792349726775	1082	1
34.09125683060109	6362	1
34.09540983606557	9483	1
34.09661202185792	1102	1
34.09737704918033	982	1
34.09841530054645	2806	1
34.10218579234972	8199	1
34.12661202185792	7628	1
34.14311475409836	7115	1
34.144644808743166	7888	1
34.14863387978142	9066	1
34.17180327868853	142	1
34.20655737704918	2508	1
34.22092896174863	2200	1
34.2272131147541	3320	1
34.24595628415301	3539	1
34.25289617486339	8347	1
34.25715846994535	6704	1
34.263333333333335	3405	1
34.29191256830601	7641	1
34.292459016393444	3411	1
34.31612021857923	7718	1
34.33579234972677	4097	1
34.345628415300546	7486	1
34.35704918032786	4555	1
34.35770491803279	6038	1
34.385245901639344	679	1
34.397923497267755	3345	1
34.40371584699453	585	1
34.40650273224044	6107	1
34.41693989071038	2514	1
34.433497267759556	6954	1
34.437213114754094	5436	1
34.47	3606	1
34.477322404371584	4937	1
34.48147540983606	7758	1
34.48349726775956	6747	1
34.48366120218579	8334	1
34.48491803278688	762	1
34.5427868852459	9626	1
34.546502732240434	8863	1
34.55415300546448	1117	1
34.56251366120218	3341	1
34.58748633879782	6470	1
34.62398907103825	5643	1
34.63218579234972	1357	1
34.64431693989071	1682	1
34.64590163934426	6248	1
34.658907103825136	1536	1
34.68672131147541	1742	1
34.68852459016393	7749	1
34.7043169398907	5017	1
34.70612021857924	8961	1
34.7364480874317	8792	1
34.73879781420765	9937	1
34.764863387978146	9201	1
34.76808743169399	4023	1
34.79633879781421	8368	1
34.816885245901645	4357	1
34.821311475409836	4905	1
34.82513661202186	2067	1
34.82792349726776	3518	1
34.83415300546448	8458	1
34.84431693989071	7464	1
34.848196721311474	2639	1
34.85546448087431	794	1
34.861311475409835	9456	1
34.863169398907104	36	1
34.8772131147541	5804	1
34.89289617486338	9188	1
34.9020218579235	3202	1
34.907814207650276	4957	1
34.9203825136612	6665	1
34.93	3843	1
34.94016393442623	8141	1
34.94218579234973	8370	1
34.96885245901639	9809	1
34.977377049180326	2449	1
34.97781420765027	3235	1
34.97907103825137	7921	1
34.983715846994535	3124	1
34.99213114754098	3869	1
34.99874316939891	2858	1
35.00256830601093	2363	1
35.012185792349726	4164	1
35.01267759562841	8406	1
35.02612021857923	9240	1
35.03136612021858	9900	1
35.03327868852459	7932	1
35.03732240437159	1702	1
35.04524590163935	4638	1
35.04781420765027	9222	1
35.05163934426229	5685	1
35.0568306010929	6102	1
35.05950819672131	4044	1
35.06814207650273	6101	1
35.08333333333333	1955	1
35.08535519125683	327	1
35.10994535519125	8176	1
35.1115300546448	9979	1
35.11218579234973	5195	1
35.13295081967213	1079	1
35.139781420765026	1366	1
35.14584699453552	2594	1
35.15125683060109	4586	1
35.153333333333336	648	1
35.15601092896175	1609	1
35.15644808743169	9949	1
35.15726775956284	9546	1
35.1635519125683	7529	1
35.194426229508196	7051	1
35.19770491803279	8761	1
35.198251366120225	1144	1
35.20174863387978	1992	1
35.206065573770495	643	1
35.21377049180328	2856	1
35.2172131147541	2190	1
35.21786885245901	7173	1
35.21907103825137	2587	1
35.223989071038254	7576	1
35.23284153005464	440	1
35.25180327868852	9632	1
35.2631693989071	4944	1
35.265191256830605	1786	1
35.274098360655735	9488	1
35.27464480874317	1703	1
35.2811475409836	6314	1
35.33262295081967	5994	1
35.33786885245902	7189	1
35.35846994535519	7657	1
35.385628415300545	4243	1
35.401693989071035	8568	1
35.40311475409836	9118	1
35.4279781420765	4834	1
35.433934426229506	5067	1
35.440327868852464	475	1
35.44928961748634	9782	1
35.465027322404374	8801	1
35.47825136612022	4814	1
35.49590163934426	1646	1
35.503224043715846	7563	1
35.524207650273226	4228	1
35.524207650273226	2915	1
35.53841530054645	874	1
35.543606557377046	3304	1
35.55360655737705	8045	1
35.55398907103825	4425	1
35.56846994535519	4961	1
35.640163934426226	8654	1
35.64191256830601	5730	1
35.646120218579235	2631	1
35.64765027322404	8522	1
35.65978142076502	9151	1
35.66459016393442	3329	1
35.66907103825136	7323	1
35.695956284153006	616	1
35.69879781420765	9232	1
35.70672131147541	3099	1
35.75213114754098	9096	1
35.7555737704918	4702	1
35.764371584699454	1937	1
35.809836065573776	4972	1
35.86978142076502	1285	1
35.899890710382515	8737	1
35.90054644808743	8686	1
35.92180327868852	4281	1
35.937650273224044	7155	1
35.94606557377049	8255	1
35.95579234972678	1449	1
35.982185792349725	7403	1
35.9924043715847	5419	1
36.02502732240438	3125	1
36.03967213114754	8921	1
36.04513661202186	1296	1
36.06573770491803	8611	1
36.10360655737705	9854	1
36.12841530054644	9153	1
36.13054644808743	1763	1
36.13584699453552	9800	1
36.13688524590164	9659	1
36.15841530054645	6840	1
36.16448087431694	678	1
36.20693989071039	1755	1
36.21027322404372	9746	1
36.22453551912568	5956	1
36.23726775956284	9665	1
36.24475409836065	7444	1
36.24770491803279	9054	1
36.25475409836065	7541	1
36.25699453551913	412	1
36.26601092896175	95	1
36.274207650273226	429	1
36.30540983606557	9397	1
36.332513661202185	4993	1
36.33333333333333	4617	1
36.34792349726776	7735	1
36.35245901639344	4754	1
36.370273224043714	4838	1
36.38404371584699	8150	1
36.38415300546448	7851	1
36.39480874316939	2115	1
36.39737704918033	5964	1
36.411584699453556	3328	1
36.41530054644809	4549	1
36.429836065573774	2357	1
36.441092896174865	1478	1
36.44775956284153	2741	1
36.450819672131146	2554	1
36.4844262295082	7998	1
36.51704918032787	1402	1
36.530546448087435	4724	1
36.53896174863388	7181	1
36.54322404371585	1426	1
36.54775956284153	7261	1
36.550655737704915	9504	1
36.561639344262296	9610	1
36.62912568306011	6324	1
36.637486338797814	4015	1
36.645737704918034	300	1
36.66579234972678	6998	1
36.67021857923497	8341	1
36.67901639344262	4657	1
36.68185792349727	6232	1
36.68535519125683	4983	1
36.701912568306014	4851	1
36.71568306010929	2351	1
36.71655737704918	7179	1
36.71967213114755	321	1
36.723333333333336	2164	1
36.73464480874317	122	1
36.74327868852459	1323	1
36.751038251366126	1313	1
36.75109289617486	8936	1
36.75491803278688	2151	1
36.764043715846995	6822	1
36.76950819672131	2215	1
36.77185792349727	9235	1
36.782349726775955	6018	1
36.81584699453552	1828	1
36.835573770491806	404	1
36.8544262295082	4143	1
36.86234972677595	5895	1
36.86256830601093	8300	1
36.869180327868854	7961	1
36.87808743169399	7534	1
36.88945355191257	2202	1
36.89098360655738	2939	1
36.89497267759563	1189	1
36.900874316939884	3618	1
36.902841530054644	3983	1
36.91530054644809	8904	1
36.91874316939891	5080	1
36.92300546448088	9886	1
36.9255737704918	558	1
36.929836065573774	644	1
36.946666666666665	9617	1
36.94846994535519	2910	1
36.952677595628415	843	1
36.99338797814208	5597	1
37.01196721311475	4217	1
37.02907103825137	1332	1
37.03617486338798	9918	1
37.0715300546448	191	1
37.075792349726775	8311	1
37.08163934426229	9835	1
37.085956284153006	2943	1
37.09584699453552	7497	1
37.16153005464481	770	1
37.16928961748634	4661	1
37.178743169398906	554	1
37.17918032786885	9139	1
37.17989071038251	5410	1
37.18786885245901	6259	1
37.19081967213115	5343	1
37.21879781420765	3394	1
37.22459016393443	790	1
37.225191256830605	7015	1
37.22901639344262	7088	1
37.230655737704915	7847	1
37.2312568306011	2001	1
37.23803278688525	1244	1
37.24732240437159	2512	1
37.26956284153005	583	1
37.27644808743169	9652	1
37.29786885245902	4492	1
37.31808743169398	355	1
37.330218579234966	4343	1
37.330382513661206	5649	1
37.340382513661204	7013	1
37.341092896174864	5599	1
37.35071038251366	9987	1
37.35704918032787	9680	1
37.36666666666667	4427	1
37.373005464480876	6750	1
37.38153005464481	7642	1
37.39409836065573	1521	1
37.40273224043715	458	1
37.40349726775957	7618	1
37.406229508196716	6546	1
37.441420765027324	3514	1
37.44415300546448	815	1
37.455245901639344	9613	1
37.469453551912565	2658	1
37.474699453551914	2478	1
37.477377049180326	3529	1
37.4920218579235	6433	1
37.49486338797814	5887	1
37.50606557377049	4709	1
37.5224043715847	5985	1
37.54251366120218	5	1
37.55601092896175	5563	1
37.55874316939891	4688	1
37.582841530054644	8214	1
37.58830601092896	5130	1
37.609071038251365	9820	1
37.61005464480874	5882	1
37.62743169398907	7716	1
37.640928961748635	7883	1
37.641366120218585	511	1
37.647540983606554	4341	1
37.655136612021856	718	1
37.66158469945355	1719	1
37.666338797814205	3489	1
37.666721311475406	5059	1
37.6672131147541	6164	1
37.673387978142074	3299	1
37.703825136612025	7046	1
37.704535519125685	758	1
37.705628415300545	4150	1
37.71661202185792	2958	1
37.7312568306011	9739	1
37.740819672131146	2693	1
37.754590163934424	7617	1
37.784043715847	8648	1
37.78961748633879	9169	1
37.799945355191255	6848	1
37.81092896174864	5196	1
37.82868852459016	6478	1
37.87213114754098	8041	1
37.87983606557377	8541	1
37.88366120218579	5583	1
37.90054644808743	6075	1
37.90469945355191	3208	1
37.908087431693986	411	1
37.91978142076503	2876	1
37.92098360655737	8111	1
37.93398907103825	5760	1
37.955956284153004	1813	1
37.98174863387978	5042	1
37.986065573770496	2747	1
37.989344262295084	7708	1
38.005792349726775	8812	1
38.051092896174865	1716	1
38.06437158469946	7252	1
38.06972677595628	3476	1
38.09251366120218	9245	1
38.10060109289617	4352	1
38.122295081967216	4408	1
38.13775956284153	3895	1
38.14180327868853	876	1
38.1872131147541	2332	1
38.190382513661206	7132	1
38.193333333333335	7313	1
38.19398907103825	6722	1
38.213442622950815	2769	1
38.21524590163934	8661	1
38.216065573770486	4266	1
38.22786885245902	3002	1
38.231475409836065	229	1
38.253497267759556	8129	1
38.260983606557375	5753	1
38.261803278688525	9037	1
38.262459016393436	4955	1
38.26338797814208	2674	1
38.28825136612022	737	1
38.292786885245896	1202	1
38.29371584699454	6912	1
38.310109289617486	7404	1
38.335081967213114	9796	1
38.33732240437159	9136	1
38.3375956284153	7984	1
38.33825136612022	471	1
38.36109289617486	920	1
38.36448087431694	6520	1
38.36677595628415	4790	1
38.37693989071038	1037	1
38.37846994535519	6106	1
38.3875956284153	9834	1
38.38945355191257	2657	1
38.39415300546448	5369	1
38.4003825136612	7290	1
38.404426229508196	3205	1
38.44284153005464	5764	1
38.44426229508196	3479	1
38.44683060109289	7696	1
38.4472131147541	6682	1
38.47672131147541	593	1
38.47841530054645	5208	1
38.50420765027322	3552	1
38.5044262295082	260	1
38.54431693989071	8532	1
38.545464480874315	389	1
38.553661202185786	2687	1
38.56213114754098	4405	1
38.57814207650273	7894	1
38.594863387978144	4517	1
38.597431693989066	344	1
38.62863387978142	3941	1
38.63650273224044	8542	1
38.656229508196716	6737	1
38.670054644808744	8434	1
38.67704918032786	7500	1
38.72010928961748	2638	1
38.72163934426229	3448	1
38.74327868852459	4210	1
38.754590163934424	9941	1
38.76158469945355	9760	1
38.768797814207645	7137	1
38.768852459016394	8025	1
38.790491803278684	6846	1
38.80284153005464	7483	1
38.81398907103825	992	1
38.81420765027322	4606	1
38.81879781420765	7371	1
38.83945355191257	4943	1
38.84103825136612	4581	1
38.854207650273224	476	1
38.85792349726776	2906	1
38.89300546448088	933	1
38.91010928961749	3331	1
38.92289617486339	2530	1
38.92322404371585	4451	1
38.95273224043716	264	1
38.954153005464484	4573	1
39.00754098360655	482	1
39.00950819672131	7966	1
39.01726775956284	9587	1
39.033169398907106	9468	1
39.039508196721314	3248	1
39.04710382513661	9562	1
39.05153005464481	5249	1
39.07584699453552	9605	1
39.09655737704918	3657	1
39.09754098360656	2368	1
39.10781420765027	6247	1
39.111366120218584	813	1
39.11262295081967	4986	1
39.11327868852459	6373	1
39.11754098360655	7446	1
39.13967213114754	9416	1
39.13989071038251	3376	1
39.163606557377044	7579	1
39.16366120218579	1753	1
39.16437158469946	2019	1
39.187650273224044	996	1
39.20469945355192	5875	1
39.23060109289617	7988	1
39.231475409836065	9446	1
39.24431693989071	7872	1
39.248688524590165	3278	1
39.25530054644809	6955	1
39.255792349726775	6557	1
39.293114754098355	4892	1
39.298415300546445	4648	1
39.30885245901639	7792	1
39.31540983606558	7305	1
39.319890710382516	4820	1
39.32005464480874	5988	1
39.39109289617486	6168	1
39.40896174863388	2666	1
39.429453551912566	9317	1
39.43087431693989	5045	1
39.43469945355191	5785	1
39.46027322404371	1372	1
39.46770491803279	96	1
39.48748633879781	5149	1
39.49874316939891	4506	1
39.50688524590164	597	1
39.51049180327869	9485	1
39.516994535519125	406	1
39.5179781420765	3289	1
39.53	2844	1
39.53120218579235	5295	1
39.54147540983607	9149	1
39.54743169398907	3063	1
39.54825136612022	6060	1
39.5483606557377	288	1
39.56409836065574	3041	1
39.57262295081967	5111	1
39.574371584699456	693	1
39.576065573770485	8742	1
39.57737704918032	9312	1
39.57912568306011	6605	1
39.582622950819676	8391	1
39.60366120218579	2864	1
39.60857923497267	2300	1
39.62486338797814	3978	1
39.62612021857924	1809	1
39.62841530054645	8013	1
39.63065573770491	125	1
39.6348087431694	7779	1
39.636830601092896	8718	1
39.641311475409836	7907	1
39.64442622950819	730	1
39.65087431693989	3460	1
39.65803278688525	9798	1
39.65825136612022	6341	1
39.66928961748634	1696	1
39.67622950819673	6109	1
39.68	5960	1
39.68185792349726	9358	1
39.686885245901635	6464	1
39.689890710382514	8272	1
39.695846994535515	9380	1
39.696284153005465	4135	1
39.69994535519126	2949	1
39.70344262295082	7689	1
39.707431693989065	8058	1
39.711311475409836	5206	1
39.72371584699454	9840	1
39.72371584699454	2778	1
39.747213114754096	1705	1
39.753825136612015	1840	1
39.75573770491803	2881	1
39.76005464480875	1592	1
39.77054644808743	8826	1
39.77251366120219	2511	1
39.7731693989071	8755	1
39.77666666666667	2221	1
39.79377049180328	2111	1
39.834426229508196	8467	1
39.856448087431694	1446	1
39.87590163934426	9814	1
39.87978142076503	3180	1
39.8851912568306	6074	1
39.88590163934426	4547	1
39.89918032786885	6022	1
39.91879781420765	5242	1
39.92901639344262	4853	1
39.93912568306011	7200	1
39.9420218579235	5907	1
39.947759562841526	5127	1
39.96382513661202	9044	1
39.96710382513661	4660	1
39.97300546448087	3003	1
39.97344262295082	7949	1
39.984043715846994	8553	1
39.99371584699454	2635	1
40.00174863387978	5536	1
40.002349726775954	2839	1
40.00524590163934	5843	1
40.013934426229504	1000	1
40.01885245901639	5493	1
40.028306010928965	5413	1
40.03825136612022	5672	1
40.05879781420765	9364	1
40.07967213114754	6066	1
40.095956284153004	7674	1
40.09726775956284	3664	1
40.14338797814207	1213	1
40.145956284153	1468	1
40.16092896174864	3707	1
40.16879781420765	1833	1
40.204918032786885	5639	1
40.22060109289617	9137	1
40.23601092896175	2273	1
40.24010928961748	6744	1
40.25349726775956	1174	1
40.25371584699454	2501	1
40.25655737704918	1531	1
40.265573770491805	9994	1
40.26606557377049	3581	1
40.27043715846994	580	1
40.28387978142076	9486	1
40.289781420765024	6455	1
40.29180327868852	2498	1
40.2948087431694	8307	1
40.29890710382513	4635	1
40.30049180327868	4417	1
40.313114754098365	8027	1
40.32032786885246	7454	1
40.32224043715847	8161	1
40.364644808743165	4911	1
40.37010928961749	1582	1
40.37934426229508	3118	1
40.37945355191257	9631	1
40.42775956284153	2119	1
40.43650273224044	8621	1
40.44060109289617	828	1
40.449617486338795	4948	1
40.45	1417	1
40.45256830601093	6791	1
40.47622950819672	4759	1
40.47639344262295	6772	1
40.48874316939891	8451	1
40.51366120218579	4449	1
40.514043715846995	2205	1
40.53688524590164	1685	1
40.5527868852459	8751	1
40.580601092896174	9962	1
40.59945355191257	7720	1
40.603879781420765	2432	1
40.630819672131146	506	1
40.63672131147541	1710	1
40.64295081967213	1406	1
40.67191256830601	4095	1
40.67535519125683	6214	1
40.69224043715847	9101	1
40.71994535519126	5259	1
40.7651912568306	6140	1
40.77546448087431	6276	1
40.8072131147541	1807	1
40.82032786885246	9329	1
40.835573770491806	2236	1
40.85748633879781	6997	1
40.86010928961748	8274	1
40.871038251366116	2243	1
40.871092896174865	168	1
40.874426229508195	175	1
40.879999999999995	5009	1
40.88032786885246	6706	1
40.90426229508196	6856	1
40.905081967213114	3298	1
40.93704918032787	2373	1
40.94530054644808	3057	1
40.94841530054645	4736	1
40.95453551912568	5054	1
40.98196721311475	383	1
40.98366120218579	5678	1
40.98508196721312	1205	1
41.008032786885245	9593	1
41.01606557377049	5252	1
41.054153005464485	1236	1
41.05989071038251	9357	1
41.06054644808743	5604	1
41.07267759562841	1543	1
41.078360655737704	2722	1
41.080601092896174	8906	1
41.097923497267765	7551	1
41.10103825136612	8429	1
41.10710382513661	7540	1
41.10846994535519	8050	1
41.11	2417	1
41.110491803278684	6953	1
41.11366120218579	9226	1
41.1148087431694	3544	1
41.11819672131148	5473	1
41.121748633879776	7128	1
41.13469945355191	3530	1
41.13595628415301	7430	1
41.1420218579235	284	1
41.149781420765024	8399	1
41.15109289617486	135	1
41.16426229508197	3246	1
41.16890710382514	9939	1
41.20530054644809	9805	1
41.220601092896175	9145	1
41.223934426229505	7950	1
41.23814207650273	8860	1
41.262131147540984	2437	1
41.272568306010925	1309	1
41.286229508196726	8260	1
41.288688524590164	8149	1
41.29666666666667	3880	1
41.30956284153005	4907	1
41.31327868852459	8967	1
41.31371584699453	2379	1
41.33311475409836	7852	1
41.33344262295082	3526	1
41.342677595628416	6307	1
41.368469945355194	3837	1
41.37196721311476	1879	1
41.374426229508195	8984	1
41.37841530054644	4771	1
41.420109289617486	8279	1
41.42262295081967	5405	1
41.438797814207646	6524	1
41.44562841530055	5347	1
41.45234972677596	8351	1
41.46584699453552	8779	1
41.48344262295082	7578	1
41.50300546448088	6886	1
41.508360655737704	9863	1
41.5179781420765	3546	1
41.52398907103825	7325	1
41.56049180327869	8319	1
41.563770491803275	2331	1
41.58021857923497	9899	1
41.5803825136612	8426	1
41.58076502732241	2051	1
41.60584699453552	9258	1
41.654371584699454	1524	1
41.67109289617486	3047	1
41.68196721311475	6577	1
41.708579234972674	4374	1
41.72333333333333	1139	1
41.72950819672131	5132	1
41.73464480874316	6966	1
41.752459016393445	3198	1
41.760273224043715	9767	1
41.77885245901639	7565	1
41.78032786885246	853	1
41.78513661202186	2732	1
41.7944262295082	4778	1
41.79775956284153	8063	1
41.8424043715847	219	1
41.881530054644806	1781	1
41.8848087431694	2	1
41.88508196721312	6103	1
41.888961748633875	2706	1
41.89054644808743	6184	1
41.892404371584696	7118	1
41.89338797814207	5582	1
41.89748633879781	4306	1
41.9007650273224	1035	1
41.905136612021856	5842	1
41.907704918032785	2473	1
41.93830601092896	5902	1
41.93972677595629	4438	1
41.945956284153006	8682	1
41.951912568306014	1257	1
41.9607650273224	9687	1
41.96136612021858	2387	1
41.968469945355196	4439	1
41.96852459016394	1243	1
41.98010928961749	7405	1
41.98049180327869	3713	1
41.98661202185792	2102	1
41.99147540983606	3603	1
41.99814207650273	4250	1
42.00032786885246	4894	1
42.006229508196725	2502	1
42.02295081967213	9190	1
42.02409836065574	3401	1
42.031967213114754	603	1
42.033497267759564	5224	1
42.038961748633874	391	1
42.04808743169399	6832	1
42.05021857923497	3112	1
42.05027322404372	4515	1
42.058524590163934	8245	1
42.0684699453552	5022	1
42.073169398907105	8203	1
42.07748633879781	3548	1
42.09021857923497	7762	1
42.0920218579235	7139	1
42.1003825136612	6416	1
42.10174863387978	2386	1
42.10409836065573	6600	1
42.12491803278688	8630	1
42.13366120218579	4988	1
42.155846994535516	9598	1
42.15939890710383	5820	1
42.16360655737705	3085	1
42.16437158469945	4108	1
42.16508196721311	2436	1
42.1651912568306	706	1
42.16573770491804	6978	1
42.16841530054645	5277	1
42.17054644808743	8974	1
42.17486338797814	5554	1
42.183661202185796	9984	1
42.19387978142076	4311	1
42.196994535519124	7021	1
42.1979781420765	5100	1
42.203278688524584	8492	1
42.20573770491803	7053	1
42.208579234972674	1994	1
42.218797814207655	8170	1
42.23322404371585	1179	1
42.23448087431694	981	1
42.24950819672131	8878	1
42.24972677595628	3510	1
42.25196721311475	5856	1
42.25306010928962	3998	1
42.25562841530055	713	1
42.256120218579234	2713	1
42.267377049180325	9558	1
42.281256830601095	2688	1
42.28754098360656	5519	1
42.305628415300546	2348	1
42.30622950819672	5049	1
42.31092896174863	8035	1
42.32497267759563	8596	1
42.32524590163934	6440	1
42.33781420765027	2702	1
42.33781420765027	4191	1
42.34032786885246	3100	1
42.340655737704914	7729	1
42.34814207650273	9193	1
42.36431693989071	9213	1
42.37846994535519	8103	1
42.38016393442623	3532	1
42.38497267759563	3730	1
42.38819672131147	8980	1
42.4068306010929	5799	1
42.408032786885244	1817	1
42.410382513661204	5274	1
42.434644808743165	5468	1
42.43907103825136	7036	1
42.44120218579235	3268	1
42.44863387978142	6879	1
42.456830601092896	6265	1
42.46704918032787	468	1
42.46803278688524	2422	1
42.478415300546445	3863	1
42.48087431693989	3137	1
42.48327868852459	3347	1
42.489726775956285	9429	1
42.506830601092894	436	1
42.509890710382514	6402	1
42.52786885245902	8680	1
42.5344262295082	9847	1
42.54387978142076	4197	1
42.55502732240437	3636	1
42.56218579234972	8561	1
42.56349726775956	3571	1
42.577322404371586	4195	1
42.57808743169399	4703	1
42.59136612021858	7140	1
42.59382513661202	250	1
42.59475409836065	6382	1
42.600874316939894	6055	1
42.610491803278684	9064	1
42.61486338797815	3494	1
42.61901639344262	4968	1
42.62530054644809	7223	1
42.633715846994534	4285	1
42.637267759562846	685	1
42.65245901639344	4048	1
42.65754098360656	6310	1
42.66836065573771	1854	1
42.680928961748634	3081	1
42.68125683060109	5463	1
42.69928961748634	7229	1
42.70169398907103	4392	1
42.70928961748634	2299	1
42.709836065573775	9923	1
42.717595628415296	9124	1
42.723606557377046	4288	1
42.73092896174864	2578	1
42.76120218579235	2617	1
42.76546448087432	1653	1
42.79142076502732	6284	1
42.79191256830601	2562	1
42.814098360655734	11	1
42.81841530054645	8218	1
42.819071038251366	1385	1
42.83387978142076	7951	1
42.84174863387978	1965	1
42.844535519125685	5488	1
42.85972677595628	5004	1
42.86726775956284	3500	1
42.88584699453552	1973	1
42.8872131147541	9454	1
42.897923497267755	6354	1
42.91169398907104	1126	1
42.91437158469945	3516	1
42.92524590163934	9645	1
42.93508196721311	9391	1
42.949726775956286	3719	1
42.955300546448086	8382	1
42.963060109289614	2560	1
42.980765027322406	4407	1
42.988087431693984	4318	1
42.98994535519125	8948	1
42.992349726775956	5489	1
43.01185792349727	8362	1
43.02426229508196	1511	1
43.03551912568306	6086	1
43.038688524590164	3086	1
43.041038251366125	5071	1
43.04196721311475	5175	1
43.04639344262295	6127	1
43.06295081967213	5945	1
43.06437158469945	4971	1
43.066721311475405	3319	1
43.09530054644809	7054	1
43.09530054644809	8305	1
43.10322404371585	4804	1
43.10437158469946	907	1
43.12016393442623	2467	1
43.121038251366116	3485	1
43.12349726775956	6048	1
43.13693989071038	244	1
43.14775956284153	2035	1
43.14846994535519	5808	1
43.1560655737705	1327	1
43.15737704918033	2416	1
43.1579781420765	2995	1
43.15863387978142	9015	1
43.16010928961749	7507	1
43.17027322404372	3079	1
43.17327868852459	2201	1
43.174098360655734	6538	1
43.17557377049181	1877	1
43.17978142076503	4156	1
43.20109289617486	7434	1
43.21114754098361	524	1
43.21655737704918	7269	1
43.219125683060106	143	1
43.224262295081964	8085	1
43.24213114754098	6346	1
43.25513661202186	7881	1
43.25781420765028	2415	1
43.31442622950819	1967	1
43.3348087431694	509	1
43.34540983606558	2482	1
43.35513661202186	4847	1
43.362131147540985	3355	1
43.36677595628416	7538	1
43.37284153005465	3197	1
43.376666666666665	3840	1
43.38065573770492	8143	1
43.381038251366114	8819	1
43.3896174863388	9359	1
43.42540983606557	2779	1
43.43234972677595	7476	1
43.45382513661202	3179	1
43.465300546448084	2214	1
43.47349726775956	5051	1
43.477704918032785	3430	1
43.48874316939891	2076	1
43.49781420765027	8136	1
43.49852459016393	1436	1
43.50863387978142	7183	1
43.521967213114756	5462	1
43.52628415300546	8773	1
43.530819672131145	2895	1
43.5351912568306	9256	1
43.54950819672131	5251	1
43.55622950819672	6245	1
43.57781420765027	6290	1
43.58311475409836	4566	1
43.5875956284153	6973	1
43.59710382513661	1739	1
43.59989071038252	8461	1
43.605191256830594	7475	1
43.61792349726776	4655	1
43.63251366120219	6885	1
43.6344262295082	4835	1
43.63819672131147	9328	1
43.64229508196721	1106	1
43.64431693989071	7350	1
43.644699453551915	3322	1
43.6568306010929	43	1
43.658852459016394	7939	1
43.665846994535514	2244	1
43.67349726775956	2313	1
43.701147540983605	7611	1
43.714972677595625	7398	1
43.715956284153	3117	1
43.7192349726776	9989	1
43.73360655737705	2438	1
43.73579234972677	4274	1
43.74065573770492	2897	1
43.75218579234973	1558	1
43.768524590163935	4719	1
43.785956284153	8912	1
43.79207650273224	8196	1
43.79830601092896	4903	1
43.799234972677596	5353	1
43.80054644808743	9462	1
43.80601092896175	9781	1
43.8120218579235	8733	1
43.822349726775954	4445	1
43.82688524590164	8538	1
43.82748633879782	6830	1
43.85054644808743	2704	1
43.866229508196724	914	1
43.871803278688525	9202	1
43.87786885245902	6921	1
43.902131147540985	2719	1
43.90819672131148	3748	1
43.92628415300546	2821	1
43.92928961748634	6898	1
43.93890710382514	8419	1
43.94967213114754	5248	1
43.95464480874317	1662	1
43.956010928961746	4441	1
43.966120218579235	8201	1
43.9744262295082	7678	1
43.980327868852456	5735	1
43.982185792349725	7342	1
43.98846994535519	2980	1
43.99803278688525	8968	1
44.010546448087425	8823	1
44.011803278688525	5031	1
44.015846994535515	8022	1
44.02459016393443	979	1
44.03	4812	1
44.03770491803278	911	1
44.03808743169399	1624	1
44.046612021857925	1097	1
44.067213114754104	8195	1
44.070601092896176	5284	1
44.07098360655738	959	1
44.08043715846994	5070	1
44.0824043715847	696	1
44.0939344262295	9439	1
44.097377049180324	1727	1
44.10005464480874	1886	1
44.10213114754098	4297	1
44.107213114754096	4268	1
44.129344262295085	423	1
44.13021857923498	963	1
44.13704918032787	3064	1
44.142021857923496	4394	1
44.143551912568306	3482	1
44.16021857923497	6246	1
44.16349726775956	6897	1
44.16475409836066	4583	1
44.173879781420766	2549	1
44.182786885245896	4177	1
44.186612021857925	2801	1
44.192185792349726	3148	1
44.19256830601093	802	1
44.20573770491803	915	1
44.21546448087431	5310	1
44.217923497267755	8758	1
44.22010928961749	8447	1
44.23497267759562	8456	1
44.23601092896175	7018	1
44.24349726775956	2757	1
44.24601092896175	5416	1
44.24765027322404	5278	1
44.25087431693989	4554	1
44.25409836065574	5731	1
44.27448087431694	9684	1
44.29142076502732	9283	1
44.300054644808746	4786	1
44.30918032786885	8631	1
44.31584699453552	5001	1
44.319836065573774	1466	1
44.32267759562841	9377	1
44.32486338797815	7545	1
44.334043715846995	9708	1
44.33530054644809	1687	1
44.3468306010929	9925	1
44.359890710382516	3369	1
44.36125683060109	4776	1
44.36726775956284	3686	1
44.36928961748634	6062	1
44.38092896174863	5566	1
44.39311475409836	1378	1
44.43978142076503	7419	1
44.45109289617486	1845	1
44.4516393442623	3459	1
44.45950819672131	3660	1
44.46327868852459	8503	1
44.477814207650276	2381	1
44.48431693989071	2250	1
44.49923497267759	9227	1
44.499781420765025	6756	1
44.50289617486338	8440	1
44.50967213114754	7276	1
44.51573770491803	5357	1
44.51748633879781	5344	1
44.522240437158466	9307	1
44.53431693989071	6501	1
44.53540983606557	3596	1
44.53775956284153	5228	1
44.54136612021858	7603	1
44.54540983606557	313	1
44.54639344262295	7442	1
44.5475956284153	3084	1
44.589344262295086	100	1
44.61109289617486	4556	1
44.621420765027324	9007	1
44.64065573770492	1901	1
44.66295081967213	6225	1
44.66628415300546	9819	1
44.676939890710386	719	1
44.69169398907104	9793	1
44.695901639344264	5313	1
44.70486338797814	8040	1
44.74469945355192	2326	1
44.777759562841524	8856	1
44.77830601092896	1975	1
44.778579234972675	1317	1
44.79540983606557	532	1
44.84180327868852	3587	1
44.84852459016393	6926	1
44.85475409836065	5819	1
44.85786885245901	896	1
44.86387978142076	7180	1
44.86677595628415	6375	1
44.87109289617486	8666	1
44.9207650273224	7930	1
44.92125683060109	9072	1
44.9251912568306	4930	1
44.943606557377045	2650	1
44.952568306010924	1520	1
44.974754098360656	9116	1
44.9920218579235	894	1
44.995737704918035	9829	1
44.997213114754096	3974	1
45.0075956284153	8607	1
45.01704918032787	6148	1
45.02743169398907	9565	1
45.04267759562842	156	1
45.052568306010926	6199	1
45.05437158469945	4236	1
45.06120218579235	6510	1
45.06169398907104	2440	1
45.067158469945355	9948	1
45.06923497267759	3200	1
45.08387978142076	3210	1
45.095628415300546	2833	1
45.10027322404371	5434	1
45.10770491803279	224	1
45.118852459016395	2193	1
45.14590163934426	3741	1
45.14934426229508	9401	1
45.15562841530054	9022	1
45.167049180327865	1379	1
45.16907103825136	4990	1
45.18535519125683	3008	1
45.191038251366116	69	1
45.203825136612025	6492	1
45.20852459016393	3990	1
45.217267759562844	3805	1
45.233333333333334	7381	1
45.233333333333334	116	1
45.23715846994535	6773	1
45.23765027322404	4891	1
45.23994535519126	5048	1
45.24224043715847	9992	1
45.25398907103825	2728	1
45.25404371584699	2991	1
45.26153005464481	5098	1
45.26234972677596	8847	1
45.27366120218579	312	1
45.27994535519126	6923	1
45.28699453551912	5030	1
45.28989071038251	9275	1
45.29071038251366	8428	1
45.296284153005466	2582	1
45.30792349726776	1762	1
45.310874316939895	779	1
45.31098360655737	4409	1
45.33087431693989	1576	1
45.335846994535515	4220	1
45.338907103825136	8117	1
45.35622950819672	6132	1
45.35666666666666	7982	1
45.37267759562841	4784	1
45.40420765027322	5093	1
45.41382513661202	9204	1
45.41508196721312	4010	1
45.41841530054645	5953	1
45.44377049180328	2427	1
45.4496174863388	3525	1
45.45092896174864	8047	1
45.46021857923497	765	1
45.47185792349727	5079	1
45.47901639344262	9041	1
45.49841530054645	8010	1
45.505464480874316	6350	1
45.51792349726776	454	1
45.52311475409836	225	1
45.55147540983606	9570	1
45.552185792349725	7963	1
45.552240437158474	7435	1
45.55464480874316	7251	1
45.559726775956285	3523	1
45.56224043715847	3291	1
45.56579234972678	844	1
45.57453551912568	5238	1
45.58016393442623	7874	1
45.58120218579235	4137	1
45.58163934426229	6842	1
45.5864480874317	7693	1
45.59327868852459	1488	1
45.62420765027323	725	1
45.62989071038251	4730	1
45.65021857923497	6039	1
45.662568306010925	3662	1
45.679398907103824	4656	1
45.69530054644809	6967	1
45.71032786885246	6649	1
45.7372131147541	8517	1
45.7444262295082	9836	1
45.75737704918033	6190	1
45.78103825136612	157	1
45.79371584699454	2426	1
45.799617486338796	997	1
45.816830601092896	7308	1
45.81972677595628	2758	1
45.82491803278689	7069	1
45.830710382513665	6850	1
45.83087431693989	4869	1
45.83295081967213	4762	1
45.8431693989071	2251	1
45.86043715846994	108	1
45.881147540983605	4773	1
45.88327868852459	652	1
45.89180327868853	386	1
45.89360655737705	512	1
45.90142076502732	9182	1
45.901803278688526	6368	1
45.901803278688526	694	1
45.91420765027323	5180	1
45.926448087431694	8060	1
45.945901639344264	3042	1
45.950437158469946	8834	1
45.9539344262295	5757	1
45.96300546448087	6200	1
45.9944262295082	6545	1
45.995027322404376	8402	1
45.997431693989064	9259	1
46.0	6834	1
46.00775956284153	8153	1
46.03732240437159	9310	1
46.043989071038254	5458	1
46.044644808743165	8743	1
46.049125683060105	9932	1
46.05814207650273	8664	1
46.06262295081967	9161	1
46.08273224043716	7811	1
46.10371584699453	6112	1
46.113169398907104	9803	1
46.12163934426229	1952	1
46.13814207650273	3712	1
46.15945355191257	5959	1
46.15950819672131	450	1
46.16950819672131	6495	1
46.17218579234973	1220	1
46.1751912568306	9369	1
46.18218579234973	8862	1
46.19245901639344	1367	1
46.19469945355191	1628	1
46.19814207650273	1217	1
46.23142076502732	3010	1
46.231803278688524	8909	1
46.233989071038245	8685	1
46.243770491803275	9634	1
46.255355191256825	7242	1
46.256174863387976	8628	1
46.27912568306011	4305	1
46.28453551912568	7090	1
46.29333333333333	51	1
46.30311475409836	9404	1
46.304043715846994	5258	1
46.30530054644809	483	1
46.307868852459016	9887	1
46.30857923497268	3907	1
46.32814207650273	5312	1
46.3312568306011	8810	1
46.350819672131145	290	1
46.353442622950816	4161	1
46.35568306010929	2411	1
46.35781420765027	5904	1
46.3603825136612	1071	1
46.36196721311475	8228	1
46.36448087431694	6831	1
46.372622950819675	2369	1
46.37497267759563	2450	1
46.38245901639344	9302	1
46.39295081967213	9170	1
46.39437158469945	3490	1
46.40071038251366	1050	1
46.40677595628415	4224	1
46.40983606557377	9978	1
46.41398907103825	4332	1
46.436557377049176	4397	1
46.437759562841535	9748	1
46.447814207650275	5363	1
46.44989071038251	1360	1
46.451038251366114	111	1
46.465409836065575	8864	1
46.472459016393444	3352	1
46.472896174863386	6035	1
46.48289617486339	6969	1
46.48885245901639	6778	1
46.49355191256831	1302	1
46.500109289617484	2159	1
46.501912568306004	4935	1
46.52743169398907	5628	1
46.5307650273224	9194	1
46.53174863387978	7667	1
46.536830601092895	3473	1
46.53808743169399	9315	1
46.53907103825137	3987	1
46.54256830601093	4832	1
46.543934426229505	8913	1
46.546939890710384	179	1
46.5472131147541	42	1
46.55251366120219	7730	1
46.55693989071038	9913	1
46.56366120218579	3381	1
46.573551912568306	6580	1
46.57923497267759	1830	1
46.59579234972677	1039	1
46.60453551912568	6234	1
46.606830601092895	1826	1
46.613551912568305	4106	1
46.62234972677596	56	1
46.63136612021858	2318	1
46.63846994535519	7042	1
46.642841530054646	5867	1
46.67617486338798	4239	1
46.677978142076505	2070	1
46.68846994535519	9655	1
46.68972677595628	9581	1
46.69661202185792	9466	1
46.703770491803276	8507	1
46.7072131147541	6891	1
46.719562841530056	4363	1
46.73109289617486	2846	1
46.73426229508196	3894	1
46.74016393442623	4385	1
46.74142076502732	2934	1
46.74185792349727	4100	1
46.74748633879781	1123	1
46.752732240437155	9088	1
46.75371584699454	5773	1
46.78131147540984	8576	1
46.79683060109289	2655	1
46.802185792349725	9753	1
46.80743169398907	479	1
46.80912568306011	8482	1
46.826229508196725	9270	1
46.827322404371586	1315	1
46.834153005464486	4792	1
46.836284153005465	9919	1
46.85218579234972	2979	1
46.8592349726776	2226	1
46.86978142076503	7934	1
46.87590163934426	9330	1
46.8760655737705	2420	1
46.87715846994536	5670	1
46.88136612021858	2590	1
46.88907103825136	446	1
46.900983606557375	6643	1
46.90382513661202	2918	1
46.90928961748634	7268	1
46.91098360655737	4895	1
46.93289617486339	9669	1
46.94245901639344	6739	1
46.94568306010929	7900	1
46.952677595628415	728	1
46.95590163934426	4257	1
46.962732240437155	3702	1
46.965355191256826	6120	1
46.967923497267755	3359	1
46.970000000000006	3235	0
46.983005464480875	7433	1
46.98486338797814	6025	1
46.9951912568306	5924	1
46.99918032786885	8503	0
47.002841530054646	5255	1
47.008415300546446	9021	1
47.02311475409836	3681	1
47.02546448087431	6138	1
47.02622950819672	6379	1
47.05464480874317	8574	1
47.05863387978142	2962	1
47.05868852459016	6079	1
47.06956284153005	8954	1
47.07863387978142	3872	1
47.08327868852459	366	1
47.10071038251366	9346	1
47.115464480874316	4880	1
47.11693989071038	5087	1
47.122185792349725	8078	1
47.12273224043715	3136	1
47.12622950819672	40	1
47.132240437158465	4769	1
47.13650273224044	7049	1
47.13896174863388	8722	1
47.14071038251366	3371	1
47.14229508196721	4074	1
47.14333333333333	1550	1
47.14699453551912	5203	1
47.14939890710382	8925	1
47.16535519125683	6223	1
47.169016393442625	5592	1
47.17043715846994	9576	1
47.17934426229508	6985	1
47.19546448087432	1172	1
47.20349726775956	9181	1
47.20737704918032	7699	1
47.20967213114754	2816	1
47.21120218579235	1778	1
47.21371584699453	8277	1
47.21464480874317	6729	1
47.2175956284153	6126	1
47.220601092896175	4824	1
47.22601092896175	9579	1
47.230710382513664	6414	1
47.232513661202184	2660	1
47.23316939890711	5061	1
47.243879781420766	1008	1
47.248360655737706	4203	1
47.25153005464481	7238	1
47.25573770491803	7073	1
47.26043715846994	7796	1
47.281202185792345	6579	1
47.288032786885246	9185	1
47.288797814207655	8163	1
47.29344262295082	5726	1
47.29633879781421	1862	1
47.30972677595628	2956	1
47.31311475409836	2274	1
47.32415300546448	8317	1
47.32431693989071	1698	1
47.32491803278689	3982	1
47.33185792349727	2249	1
47.342622950819674	6136	1
47.360163934426225	9386	1
47.36688524590164	5412	1
47.368087431693986	7114	1
47.391311475409836	12	1
47.39147540983606	9629	1
47.392841530054646	3699	1
47.39459016393443	3138	1
47.39885245901639	4941	1
47.39890710382513	3811	1
47.40245901639344	1829	1
47.404426229508196	7075	1
47.4124043715847	2913	1
47.41431693989071	2166	1
47.4172131147541	4200	1
47.427978142076505	4708	1
47.42857923497268	5354	1
47.43469945355191	6378	1
47.43830601092896	6892	1
47.440273224043715	5303	1
47.45732240437159	1122	1
47.46054644808743	701	1
47.46284153005465	3533	1
47.470983606557375	8811	1
47.478142076502735	5441	1
47.47950819672131	158	1
47.49972677595628	2120	1
47.510655737704916	4134	1
47.51879781420765	5280	1
47.53191256830601	1925	1
47.53928961748634	7275	1
47.546994535519126	9319	1
47.55098360655738	8131	1
47.55989071038252	8978	1
47.569016393442624	7781	1
47.582513661202185	9128	1
47.58535519125683	6080	1
47.593715846994535	2899	1
47.59841530054645	3028	1
47.60606557377049	3775	1
47.60726775956284	6052	1
47.638797814207656	7686	1
47.64989071038251	9306	1
47.653989071038254	239	1
47.66628415300546	9470	1
47.666666666666664	1110	1
47.6672131147541	5860	1
47.67918032786885	1743	1
47.688415300546446	2038	1
47.70606557377049	1528	1
47.7096174863388	2737	1
47.72459016393442	6181	1
47.73185792349727	1918	1
47.73546448087431	9172	1
47.73633879781421	561	1
47.743060109289615	1416	1
47.74448087431694	5871	1
47.75819672131148	9091	1
47.7683606557377	647	1
47.77311475409836	4014	1
47.792404371584695	1212	1
47.80142076502732	6692	1
47.81469945355192	6992	1
47.816338797814204	5927	1
47.824699453551915	172	1
47.831366120218576	9338	1
47.8335519125683	4765	1
47.84459016393443	4008	1
47.85786885245901	9985	1
47.86005464480875	789	1
47.86060109289617	2329	1
47.865956284153	5101	1
47.87420765027323	5876	1
47.881584699453555	5769	1
47.882349726775956	8554	1
47.893497267759564	537	1
47.90229508196721	1351	1
47.922677595628414	6104	1
47.93431693989071	1140	1
47.936557377049176	1848	1
47.94950819672131	5289	1
47.987868852459016	7102	1
47.99344262295082	950	1
47.99442622950819	1919	1
48.00775956284153	5349	1
48.01415300546448	8741	1
48.01601092896175	4147	1
48.01989071038251	403	1
48.02672131147541	8540	1
48.03103825136612	9323	1
48.03519125683059	6316	1
48.05573770491804	9694	1
48.05945355191256	3666	1
48.073879781420764	6411	1
48.080601092896174	7134	1
48.08644808743169	1814	1
48.09366120218579	7257	1
48.110601092896175	2787	1
48.11978142076503	4498	1
48.121693989071034	5823	1
48.12830601092896	1838	1
48.12918032786885	2927	1
48.14043715846994	6507	1
48.14344262295082	3567	1
48.159562841530054	1038	1
48.16868852459016	2763	1
48.19732240437158	8021	1
48.20098360655738	3826	1
48.204207650273226	4663	1
48.206721311475405	5058	1
48.21065573770492	6919	1
48.214590163934425	7914	1
48.23803278688524	5800	1
48.244918032786885	1152	1
48.246775956284154	2618	1
48.251420765027326	4211	1
48.25196721311475	488	1
48.259945355191256	4551	1
48.270710382513656	7336	1
48.271857923497265	5614	1
48.27431693989071	3763	1
48.28032786885246	3764	1
48.306666666666665	3961	1
48.33229508196721	5601	1
48.34196721311475	7326	1
48.34360655737705	3781	1
48.351639344262296	4291	1
48.361366120218584	1519	1
48.40344262295082	7919	1
48.409562841530054	6452	1
48.41049180327869	1489	1
48.42606557377049	1736	1
48.43191256830601	4039	1
48.43475409836065	5998	1
48.44934426229508	7461	1
48.45142076502732	5657	1
48.45349726775956	3481	1
48.46338797814208	5911	1
48.479945355191255	8720	1
48.482568306010926	3382	1
48.488251366120224	297	1
48.495027322404376	2056	1
48.49617486338797	6306	1
48.49781420765027	3451	1
48.49928961748634	5290	1
48.51885245901639	9911	1
48.52579234972677	5174	1
48.54628415300546	3263	1
48.552295081967216	5213	1
48.57830601092896	4731	1
48.58349726775956	8089	1
48.58404371584699	7597	1
48.58650273224044	2395	1
48.59459016393442	3920	1
48.61251366120218	903	1
48.624754098360654	8533	1
48.634918032786885	6833	1
48.64043715846994	8076	1
48.65420765027322	0	1
