0.01637256830601093	8250	1
0.30999125683060114	6060	1
0.3170803278688525	2623	1
0.37693060109289617	2209	1
0.39732021857923494	8512	1
0.5364169398907104	8144	1
0.5725628415300547	7637	1
0.6352786885245901	6316	1
0.752103825136612	2485	1
0.7881475409836065	7645	1
0.9347978142076503	2764	1
1.3367322404371584	3451	1
1.444016393442623	830	1
1.4674426229508197	7136	1
1.5089453551912568	5423	1
1.6269234972677595	5116	1
1.6542896174863386	899	1
1.6865136612021858	9358	1
1.7235355191256831	3783	1
1.7268907103825137	1764	1
1.7620601092896175	8689	1
1.8283387978142076	9738	1
1.8560382513661202	228	1
1.8970655737704918	1546	1
1.929207650273224	6355	1
1.9511693989071037	8623	1
1.9564098360655737	5429	1
1.9858688524590165	6908	1
2.042344262295082	909	1
2.0785136612021855	5241	1
2.146551912568306	8541	1
2.157513661202186	2458	1
2.2424972677595627	9988	1
2.262704918032787	5162	1
2.3268579234972675	9472	1
2.3747650273224044	6558	1
2.385770491803279	2696	1
2.395185792349727	8984	1
2.441535519125683	431	1
2.453704918032787	2472	1
2.454185792349727	6310	1
2.5359180327868853	2329	1
2.5548469945355192	943	1
2.6789016393442626	6763	1
2.7108688524590163	9303	1
2.726661202185792	2585	1
2.7392513661202185	4433	1
2.901021857923497	6739	1
2.9900109289617487	691	1
3.011016393442623	6075	1
3.0647540983606554	1771	1
3.0699890710382514	6029	1
3.0966393442622953	6682	1
3.1086775956284156	1831	1
3.14724043715847	5435	1
3.1660655737704917	3057	1
3.2169617486338797	9388	1
3.368863387978142	8648	1
3.3859508196721313	7400	1
3.397453551912568	1000	1
3.4440601092896173	9412	1
3.474311475409836	5975	1
3.475224043715847	7343	1
3.5173114754098362	5670	1
3.523404371584699	5708	1
3.5414699453551908	1356	1
3.564830601092896	4794	1
3.6803825136612023	802	1
3.692989071038251	7553	1
3.69824043715847	2912	1
3.79872131147541	8071	1
3.8286612021857924	3360	1
3.846617486338798	7794	1
3.858693989071038	5673	1
3.8733989071038253	245	1
3.938005464480874	4136	1
3.971737704918033	2882	1
4.043251366120218	7255	1
4.06783606557377	1649	1
4.097322404371584	805	1
4.155967213114754	296	1
4.2034043715847	6813	1
4.2404863387978144	6441	1
4.339120218579235	9071	1
4.392387978142076	1406	1
4.405661202185792	891	1
4.469349726775956	1101	1
4.470273224043716	1412	1
4.47144262295082	880	1
4.510923497267759	3932	1
4.5669016393442625	6173	1
4.770546448087432	2055	1
4.778699453551912	2729	1
4.820879781420765	2911	1
4.825945355191256	9438	1
4.826486338797814	6799	1
4.831202185792349	4044	1
4.851622950819672	6616	1
4.852650273224044	3746	1
4.858590163934426	8581	1
4.9027267759562845	7012	1
4.909300546448088	7412	1
4.92860655737705	6221	1
4.937994535519125	7799	1
4.945622950819672	1511	1
4.98527868852459	9529	1
5.02063387978142	743	1
5.0732459016393445	9734	1
5.1030765027322404	9499	1
5.173945355191257	2022	1
5.200147540983607	829	1
5.230366120218579	6730	1
5.257486338797814	7577	1
5.303174863387977	9096	1
5.308732240437158	3499	1
5.310224043715847	1894	1
5.334546448087432	3324	1
5.340617486338798	1672	1
5.380688524590164	5703	1
5.386382513661203	4092	1
5.486721311475409	2888	1
5.511530054644809	4748	1
5.518196721311475	2258	1
5.55224043715847	6357	1
5.59207650273224	5411	1
5.650655737704918	938	1
5.694863387978142	5768	1
5.729672131147541	5972	1
5.751693989071038	3711	1
5.756065573770492	7345	1
5.768579234972678	3807	1
5.772349726775957	2972	1
5.78879781420765	8828	1
5.812732240437159	4525	1
5.851912568306011	7226	1
5.874972677595629	9045	1
5.878469945355191	4169	1
5.887049180327868	3630	1
5.982076502732241	6897	1
6.024207650273224	4395	1
6.043114754098361	7800	1
6.049234972677596	7008	1
6.089016393442623	2387	1
6.107704918032787	5891	1
6.115136612021858	9327	1
6.180928961748633	2380	1
6.18983606557377	8797	1
6.309562841530054	2367	1
6.338142076502732	7829	1
6.396502732240437	8495	1
6.440983606557377	17	1
6.444153005464481	5598	1
6.469344262295081	3744	1
6.471530054644808	4309	1
6.490819672131147	8396	1
6.518579234972678	1334	1
6.54655737704918	4666	1
6.568087431693989	9666	1
6.602404371584699	4414	1
6.674480874316941	6636	1
6.735573770491803	7380	1
6.823114754098361	7040	1
6.883825136612022	5447	1
6.891366120218579	2589	1
6.909836065573771	2242	1
6.919617486338797	8373	1
6.981311475409836	5759	1
6.995956284153006	8003	1
6.9979234972677595	6100	1
7.020874316939891	2617	1
7.193114754098361	9743	1
7.196721311475409	3190	1
7.196775956284153	6943	1
7.215464480874317	1787	1
7.230109289617487	3792	1
7.254371584699454	1766	1
7.264535519125682	3004	1
7.322513661202185	8767	1
7.350983606557377	8760	1
7.43863387978142	1561	1
7.445464480874317	2857	1
7.461967213114754	5354	1
7.554590163934426	8451	1
7.559398907103826	9031	1
7.568415300546448	5335	1
7.576666666666667	648	1
7.597923497267759	8521	1
7.612622950819672	5783	1
7.635573770491804	12	1
7.637486338797815	6098	1
7.655573770491803	814	1
7.665081967213115	6688	1
7.742295081967213	4194	1
7.751857923497267	4439	1
7.756448087431694	735	1
7.769125683060109	6214	1
7.778142076502732	3337	1
7.816994535519125	6638	1
7.889234972677595	6677	1
7.909890710382514	8380	1
7.9134972677595625	4519	1
7.998688524590164	6734	1
8.031803278688525	2916	1
8.061967213114754	3958	1
8.165901639344263	2909	1
8.166448087431695	575	1
8.17207650273224	5429	0
8.227540983606557	9170	1
8.253715846994535	50	1
8.298251366120217	5141	1
8.315300546448087	5677	1
8.318852459016393	5229	1
8.4	3662	1
8.43568306010929	80	1
8.49103825136612	7774	1
8.552185792349727	1198	1
8.559617486338798	5046	1
8.56896174863388	2102	1
8.623114754098362	4970	1
8.649289617486339	3466	1
8.685792349726775	4643	1
8.689890710382514	4081	1
8.730710382513662	6038	1
8.733333333333333	5468	1
8.743169398907105	1484	1
8.768415300546447	8703	1
8.776284153005465	9111	1
8.778306010928961	3476	1
8.798415300546448	2486	1
8.828524590163934	7953	1
8.855245901639345	3603	1
8.918360655737706	5538	1
8.922568306010929	2232	1
8.935464480874316	1052	1
9.015300546448087	8423	1
9.027650273224044	3150	1
9.028579234972678	4990	1
9.042841530054645	1624	1
9.067377049180326	7448	1
9.083551912568305	5410	1
9.086174863387978	9152	1
9.109617486338799	9258	1
9.132021857923498	8426	1
9.140491803278689	4507	1
9.295628415300545	6847	1
9.317540983606557	5510	1
9.331038251366119	9237	1
9.362786885245901	7187	1
9.363715846994536	1500	1
9.41174863387978	9051	1
9.435792349726777	8120	1
9.439398907103826	7719	1
9.444371584699452	3691	1
9.470983606557377	5129	1
9.475245901639344	7614	1
9.59639344262295	4856	1
9.623442622950819	9061	1
9.671693989071038	4800	1
9.677377049180327	5751	1
9.74983606557377	9349	1
9.772295081967213	1462	1
9.781803278688523	9110	1
9.80808743169399	6339	1
9.820109289617486	2264	1
9.8551912568306	8637	1
9.911092896174862	5608	1
9.914098360655737	7281	1
9.916666666666666	2608	1
9.92672131147541	1009	1
10.000710382513661	6572	1
10.009180327868853	7183	1
10.043387978142077	5645	1
10.049180327868852	9178	1
10.071530054644809	1711	1
10.084808743169399	1436	1
10.094098360655739	2674	1
10.111967213114754	6119	1
10.180491803278688	3723	1
10.188360655737705	8677	1
10.204043715846995	8881	1
10.211584699453553	9777	1
10.246994535519127	1464	1
10.29950819672131	4678	1
10.348196721311476	2460	1
10.350710382513663	4005	1
10.365737704918033	5094	1
10.410054644808742	3786	1
10.451475409836066	620	1
10.5175956284153	8441	1
10.54846994535519	7907	1
10.559617486338798	8312	1
10.560928961748633	6619	1
10.568524590163934	7439	1
10.598142076502732	144	1
10.65688524590164	3196	1
10.70672131147541	4736	1
10.736393442622951	2980	1
10.771366120218579	5629	1
10.776502732240436	3732	1
10.790000000000001	6684	1
10.80743169398907	2579	1
10.815573770491804	4998	1
10.829344262295082	4670	1
10.855901639344262	1619	1
10.883442622950819	254	1
10.88502732240437	7326	1
10.92896174863388	6171	1
10.931366120218579	5382	1
10.950109289617487	1635	1
10.958524590163933	1357	1
11.008633879781419	1498	1
11.032786885245901	7999	1
11.040054644808743	7084	1
11.11568306010929	6073	1
11.115737704918033	6903	1
11.123551912568304	7342	1
11.198415300546449	1287	1
11.256666666666666	2335	1
11.290218579234974	1995	1
11.310928961748633	7898	1
11.335792349726775	4612	1
11.342459016393443	6926	1
11.38431693989071	8006	1
11.4096174863388	7093	1
11.456830601092895	3727	1
11.50103825136612	3379	1
11.510928961748634	2037	1
11.579016393442622	8100	1
11.700546448087431	6006	1
11.712732240437159	4834	1
11.715081967213115	7589	1
11.73	4967	1
11.737213114754098	8838	1
11.753169398907104	3310	1
11.792076502732241	7296	1
11.796174863387977	3106	1
11.829890710382513	9659	1
11.863715846994536	9118	1
11.900983606557377	9039	1
11.94	1190	1
11.948415300546447	8544	1
12.01169398907104	9483	1
12.016775956284151	8307	1
12.067486338797814	3911	1
12.077814207650274	9167	1
12.086120218579236	4741	1
12.095628415300546	6723	1
12.102622950819672	5355	1
12.150983606557377	7951	1
12.152622950819673	1193	1
12.23464480874317	6838	1
12.246502732240437	1681	1
12.276120218579235	4979	1
12.279617486338799	8733	1
12.294426229508197	2033	1
12.310491803278689	8311	1
12.315027322404372	9994	1
12.318469945355192	8919	1
12.338469945355191	9966	1
12.34344262295082	3254	1
12.426338797814207	7115	1
12.45032786885246	8868	1
12.45655737704918	6495	1
12.60896174863388	4931	1
12.618688524590164	9624	1
12.634972677595629	4225	1
12.635628415300546	6399	1
12.64846994535519	1614	1
12.66830601092896	8028	1
12.69311475409836	9459	1
12.738196721311475	1717	1
12.793060109289616	8335	1
12.89431693989071	2253	1
12.923224043715846	8249	1
12.932622950819672	8969	1
12.957158469945355	5758	1
12.962841530054645	3588	1
13.010491803278688	2082	1
13.030382513661202	5776	1
13.066666666666666	7856	1
13.082349726775956	376	1
13.11497267759563	7171	1
13.121038251366121	3471	1
13.126721311475409	5511	1
13.170437158469944	9847	1
13.199125683060108	5647	1
13.20879781420765	9813	1
13.252349726775956	8532	1
13.301475409836065	9234	1
13.30743169398907	7838	1
13.348633879781419	5622	1
13.358524590163933	9597	1
13.364590163934425	8949	1
13.397978142076502	9043	1
13.451092896174861	5151	1
13.454699453551912	414	1
13.460491803278689	1288	1
13.494371584699453	1880	1
13.500874316939889	9952	1
13.50224043715847	2743	1
13.523715846994536	2366	1
13.557540983606557	7688	1
13.570109289617486	2923	1
13.572896174863388	8124	1
13.606939890710382	3929	1
13.617978142076502	7036	1
13.624754098360654	9827	1
13.629234972677594	9495	1
13.636284153005466	9340	1
13.661967213114753	6755	1
13.700765027322404	6074	1
13.711530054644808	9710	1
13.720163934426228	1950	1
13.72584699453552	5357	1
13.745081967213114	1390	1
13.767377049180327	848	1
13.800382513661203	9591	1
13.817650273224045	4944	1
13.821748633879782	3933	1
13.845956284153004	630	1
13.852349726775955	8223	1
13.879125683060108	8015	1
13.941475409836066	4600	1
13.94344262295082	4546	1
13.970491803278687	635	1
13.991202185792348	2772	1
14.00639344262295	3005	1
14.020273224043715	2375	1
14.051202185792349	9242	1
14.076174863387976	1518	1
14.090218579234971	4173	1
14.212677595628415	3308	1
14.32775956284153	3363	1
14.350601092896174	7347	1
14.353661202185792	3203	1
14.364098360655737	9744	1
14.383661202185793	4022	1
14.385573770491805	5714	1
14.457759562841531	480	1
14.470601092896175	1403	1
14.50071038251366	7575	1
14.515409836065572	5351	1
14.520163934426229	9101	1
14.565901639344263	9786	1
14.586284153005463	4244	1
14.61967213114754	4029	1
14.655846994535517	9415	1
14.708579234972676	6921	1
14.709453551912567	4304	1
14.720983606557375	8125	1
14.726502732240437	8981	1
14.75393442622951	3281	1
14.787759562841531	8935	1
14.795300546448088	7631	1
14.8424043715847	4691	1
14.902295081967212	624	1
14.921475409836065	9392	1
14.980983606557377	3972	1
15.087267759562842	5228	1
15.108306010928962	519	1
15.109016393442623	5859	1
15.11639344262295	6107	1
15.165901639344263	1490	1
15.205136612021859	329	1
15.216557377049181	5760	1
15.216557377049181	1139	1
15.227377049180328	4126	1
15.238688524590163	4934	1
15.27224043715847	1817	1
15.27273224043716	5466	1
15.286284153005465	2025	1
15.290874316939892	3702	1
15.311857923497268	5130	1
15.322295081967212	9418	1
15.345573770491804	3067	1
15.346775956284153	5401	1
15.393114754098361	5721	1
15.413551912568305	5499	1
15.420928961748634	8845	1
15.426448087431693	2656	1
15.428032786885245	2085	1
15.457595628415302	1648	1
15.460054644808743	9625	1
15.484316939890709	7607	1
15.561311475409836	5221	1
15.611311475409835	8913	1
15.63743169398907	1792	1
15.643169398907103	1572	1
15.696830601092895	3973	1
15.701311475409835	9379	1
15.70825136612022	8413	1
15.756994535519127	3833	1
15.77639344262295	7225	1
15.790218579234972	6889	1
15.791803278688525	8049	1
15.809071038251366	9828	1
15.832950819672131	5943	1
15.861803278688525	9818	1
15.889617486338798	8136	1
15.911857923497267	377	1
15.964043715846994	4316	1
15.987486338797815	7130	1
15.999289617486339	3084	1
16.104918032786887	7235	1
16.11322404371585	8417	1
16.117103825136613	6384	1
16.189071038251367	7465	1
16.197486338797813	1359	1
16.213934426229507	1252	1
16.216775956284152	1178	1
16.22497267759563	2108	1
16.269016393442623	5449	1
16.284371584699453	4087	1
16.297158469945355	4910	1
16.3375956284153	4409	1
16.34153005464481	637	1
16.362513661202186	7517	1
16.450710382513662	8859	1
16.45808743169399	5189	1
16.468415300546447	3745	1
16.4879781420765	9843	1
16.56366120218579	6540	1
16.588633879781423	4906	1
16.615573770491803	7664	1
16.63535519125683	4722	1
16.645846994535518	2996	1
16.716284153005464	7984	1
16.71743169398907	5427	1
16.78344262295082	4719	1
16.809890710382515	3889	1
16.83382513661202	9360	1
16.87071038251366	7912	1
16.890218579234972	5573	1
16.89945355191257	3489	1
16.902841530054644	3650	1
16.911420765027323	9871	1
16.922185792349726	1349	1
16.928852459016394	9599	1
16.935245901639345	2615	1
16.96792349726776	6962	1
16.98185792349727	8732	1
17.004207650273223	9017	1
17.077814207650274	565	1
17.08289617486339	3416	1
17.083551912568307	3617	1
17.202950819672132	5529	1
17.216010928961747	2751	1
17.22912568306011	6980	1
17.2444262295082	7070	1
17.342513661202187	9042	1
17.359945355191254	9660	1
17.387923497267757	7429	1
17.434043715846993	7456	1
17.434426229508198	4590	1
17.463715846994532	2966	1
17.49950819672131	9136	1
17.506174863387976	8379	1
17.536994535519128	8111	1
17.55863387978142	4262	1
17.56398907103825	7158	1
17.596666666666664	3568	1
17.650491803278687	5519	1
17.679617486338795	4224	1
17.681967213114753	3232	1
17.70398907103825	7876	1
17.704808743169398	1162	1
17.707103825136613	4288	1
17.720601092896175	7350	1
17.748852459016394	7921	1
17.789071038251365	3465	1
17.795956284153007	6348	1
17.803224043715847	398	1
17.809016393442622	9186	1
17.8127868852459	3422	1
17.816994535519125	7334	1
17.845956284153008	7970	1
17.850054644808743	656	1
17.865027322404373	6320	1
17.882349726775956	5160	1
17.981967213114753	7742	1
17.994098360655737	6317	1
17.99830601092896	9758	1
18.001256830601093	5123	1
18.024644808743172	9760	1
18.028852459016395	8159	1
18.049672131147542	7730	1
18.12136612021858	4695	1
18.132459016393444	9505	1
18.132513661202182	8832	1
18.168852459016392	8616	1
18.17420765027322	4249	1
18.175081967213117	3035	1
18.178633879781422	3022	1
18.20065573770492	8377	1
18.202841530054645	4780	1
18.23486338797814	4094	1
18.236830601092894	2939	1
18.237540983606557	9796	1
18.242677595628415	4340	1
18.247759562841527	4275	1
18.250819672131147	6420	1
18.266174863387977	5804	1
18.279726775956284	6294	1
18.312185792349727	1257	1
18.360054644808745	5408	1
18.37087431693989	9250	1
18.371912568306012	5603	1
18.41273224043716	7732	1
18.429125683060107	1429	1
18.441311475409837	884	1
18.47382513661202	9854	1
18.537486338797812	8731	1
18.5551912568306	6054	1
18.556120218579235	258	1
18.577759562841532	9160	1
18.579726775956285	1970	1
18.68967213114754	3427	1
18.693825136612023	9320	1
18.703551912568305	6255	1
18.724426229508197	2877	1
18.80398907103825	531	1
18.82857923497268	6920	1
18.855628415300547	4159	1
18.909836065573767	6536	1
18.911693989071036	2335	0
18.984535519125682	3036	1
19.04846994535519	436	1
19.11617486338798	7543	1
19.12934426229508	707	1
19.15153005464481	9654	1
19.15568306010929	1376	1
19.183224043715846	4051	1
19.270109289617483	7867	1
19.275628415300545	5749	1
19.282732240437156	2602	1
19.3003825136612	5035	1
19.321693989071036	9316	1
19.380928961748634	3927	1
19.39551912568306	6588	1
19.417158469945356	8091	1
19.417322404371586	5863	1
19.452950819672132	7010	1
19.471693989071035	6153	1
19.51928961748634	9955	1
19.524590163934423	5057	1
19.578360655737708	7594	1
19.60535519125683	6351	1
19.616666666666667	7906	1
19.62934426229508	3083	1
19.64366120218579	7702	1
19.660983606557377	3550	1
19.698251366120218	1138	1
19.736338797814206	6888	1
19.748852459016394	6371	1
19.762185792349726	2247	1
19.83420765027322	4366	1
19.878907103825135	5396	1
19.884207650273222	3276	1
19.918579234972675	9221	1
19.924262295081967	3183	1
19.944808743169396	8687	1
19.96153005464481	4280	1
19.984262295081965	1607	1
20.040273224043712	6117	1
20.087978142076505	2137	1
20.101803278688525	7443	1
20.13	9144	1
20.130765027322404	1018	1
20.14065573770492	9470	1
20.148797814207647	6295	1
20.155901639344265	701	1
20.19344262295082	3983	1
20.19726775956284	9060	1
20.20158469945355	8424	1
20.212349726775958	7303	1
20.25207650273224	4776	1
20.25344262295082	823	1
20.258524590163933	8391	1
20.26590163934426	5771	1
20.320491803278685	4015	1
20.335136612021856	2658	1
20.34803278688525	4285	1
20.373224043715844	5387	1
20.382131147540985	1899	1
20.398032786885246	2293	1
20.42743169398907	1292	1
20.468743169398905	7121	1
20.48	7846	1
20.48551912568306	917	1
20.51054644808743	2042	1
20.54879781420765	8389	1
20.57054644808743	8428	1
20.587158469945354	4902	1
20.635792349726774	3565	1
20.684535519125685	2225	1
20.707978142076502	3330	1
20.808633879781418	1256	1
20.84502732240437	8643	1
20.867377049180327	2419	1
20.889781420765026	4716	1
20.921584699453554	6478	1
21.01273224043716	7405	1
21.05327868852459	7452	1
21.054918032786887	9053	1
21.091530054644807	6008	1
21.10551912568306	489	1
21.20786885245902	9475	1
21.245081967213117	3639	1
21.24655737704918	529	1
21.25934426229508	8406	1
21.292622950819673	768	1
21.298360655737703	3282	1
21.31174863387978	7940	1
21.33065573770492	9098	1
21.344863387978144	1492	1
21.355573770491805	4645	1
21.380655737704917	1248	1
21.40639344262295	7728	1
21.414262295081965	9007	1
21.41792349726776	4835	1
21.4448087431694	4884	1
21.45393442622951	9705	1
21.465628415300547	8829	1
21.48469945355191	6231	1
21.51010928961749	8997	1
21.51103825136612	8503	1
21.52825136612022	2012	1
21.556830601092894	4379	1
21.55934426229508	6427	1
21.601092896174865	7985	1
21.609016393442623	2073	1
21.61	5929	1
21.62120218579235	4986	1
21.62142076502732	2611	1
21.646448087431693	5504	1
21.708087431693986	1266	1
21.70863387978142	6205	1
21.741147540983604	7045	1
21.760054644808744	1823	1
21.789071038251365	5635	1
21.816939890710383	9888	1
21.84448087431694	5007	1
21.861092896174863	2067	1
21.898306010928962	2074	1
21.944480874316938	4344	1
21.94710382513661	5584	1
21.977103825136613	9326	1
21.999071038251365	7708	1
21.999398907103824	4897	1
22.0179781420765	3765	1
22.041256830601096	4153	1
22.076775956284152	567	1
22.08573770491803	3882	1
22.11950819672131	1335	1
22.128087431693988	5550	1
22.130437158469945	8109	1
22.132021857923498	7815	1
22.14846994535519	6574	1
22.157650273224043	8769	1
22.17218579234973	8147	1
22.19032786885246	2336	1
22.290109289617487	8063	1
22.307158469945353	8197	1
22.342131147540986	1530	1
22.348251366120216	2922	1
22.355245901639343	4671	1
22.355956284153006	9102	1
22.389781420765026	4212	1
22.391693989071037	8973	1
22.396174863387976	9716	1
22.42743169398907	987	1
22.43601092896175	1241	1
22.443169398907106	3982	1
22.451256830601093	8016	1
22.47	281	1
22.47322404371585	4364	1
22.512131147540984	7860	1
22.524972677595628	8592	1
22.54158469945355	1897	1
22.573005464480875	5995	1
22.588196721311476	7418	1
22.59535519125683	907	1
22.62054644808743	8340	1
22.63191256830601	7449	1
22.663934426229506	6570	1
22.670163934426228	8937	1
22.73426229508197	7823	1
22.749180327868853	3280	1
22.750983606557377	3097	1
22.76688524590164	6706	1
22.822513661202187	9516	1
22.8375956284153	3396	1
22.84655737704918	2800	1
22.8524043715847	9931	1
22.86846994535519	7572	1
22.882786885245903	3226	1
22.909453551912566	922	1
22.918579234972675	1345	1
22.934918032786886	2194	1
22.93622950819672	8842	1
22.94349726775956	5294	1
22.953005464480874	6486	1
22.955464480874316	9416	1
22.99327868852459	6489	1
23.008743169398905	3050	1
23.03153005464481	5014	1
23.039781420765028	1878	1
23.05054644808743	6426	1
23.05207650273224	8026	1
23.055464480874317	8505	1
23.09830601092896	8201	1
23.109781420765028	5797	1
23.13207650273224	3014	1
23.174480874316938	2779	1
23.21710382513661	3111	1
23.229125683060108	4271	1
23.33404371584699	543	1
23.336502732240437	2488	1
23.34016393442623	3805	1
23.410765027322405	9241	1
23.421147540983608	6955	1
23.4251912568306	7208	1
23.4620218579235	7947	1
23.474644808743168	1960	1
23.480437158469943	3628	1
23.560546448087432	9377	1
23.603278688524593	8073	1
23.604316939890712	1854	1
23.604480874316938	6515	1
23.62846994535519	6526	1
23.629180327868852	5915	1
23.632732240437157	1447	1
23.643934426229507	8968	1
23.65377049180328	4528	1
23.67584699453552	5583	1
23.680109289617487	4092	0
23.693715846994536	9724	1
23.700710382513662	5773	1
23.72617486338798	6851	1
23.735737704918034	6828	1
23.75	3696	1
23.79213114754098	5616	1
23.79590163934426	3309	1
23.80273224043716	3271	1
23.804535519125682	248	1
23.831912568306013	6415	1
23.919617486338794	8066	1
23.922349726775956	3582	1
23.93327868852459	2433	1
23.938251366120216	5802	1
23.9603825136612	5475	1
23.96568306010929	6561	1
23.97174863387978	8812	1
23.988087431693987	4360	1
24.026174863387975	3138	1
24.031147540983607	4903	1
24.061803278688522	9368	1
24.0903825136612	5814	1
24.109726775956286	4838	1
24.15295081967213	3225	1
24.153551912568304	9873	1
24.15868852459016	6675	1
24.169344262295084	6172	1
24.180437158469946	7138	1
24.224262295081967	4210	1
24.233715846994535	2302	1
24.25207650273224	2487	1
24.254535519125685	7102	1
24.295573770491803	7119	1
24.312950819672132	968	1
24.373934426229507	4775	1
24.403060109289616	8305	1
24.403497267759562	1947	1
24.411311475409835	3393	1
24.4303825136612	9185	1
24.461147540983607	1334	0
24.502295081967215	4456	1
24.543060109289616	2106	1
24.61617486338798	2240	1
24.62590163934426	937	1
24.672131147540984	9204	1
24.677486338797813	9050	1
24.69382513661202	5074	1
24.707049180327868	5389	1
24.713661202185794	158	1
24.75863387978142	227	1
24.833005464480877	7437	1
24.84726775956284	9560	1
24.860546448087433	4799	1
24.864972677595627	5406	1
24.87087431693989	9195	1
24.88207650273224	3991	1
24.89918032786885	9917	1
24.904535519125684	7209	1
24.909071038251366	2323	1
24.918196721311478	749	1
24.92125683060109	9567	1
24.93710382513661	4565	1
24.947377049180325	9752	1
24.97863387978142	8824	1
25.031420765027324	4558	1
25.04344262295082	9816	1
25.081693989071038	716	1
25.11191256830601	2678	1
25.126994535519124	8644	1
25.14016393442623	8133	1
25.182185792349724	9982	1
25.240765027322404	8257	1
25.299508196721312	7220	1
25.304918032786887	7848	1
25.305081967213113	8716	1
25.334535519125684	2373	1
25.378961748633877	8445	1
25.388579234972678	1243	1
25.419726775956285	7889	1
25.42584699453552	9957	1
25.48366120218579	1617	1
25.494480874316938	712	1
25.513169398907102	2745	1
25.51349726775956	3551	1
25.54863387978142	4639	1
25.569125683060108	3694	1
25.59120218579235	2788	1
25.598907103825134	3540	1
25.625628415300547	7619	1
25.6327868852459	7496	1
25.634644808743168	6176	1
25.635573770491803	389	1
25.700491803278688	3240	1
25.705081967213115	9224	1
25.730765027322402	415	1
25.738852459016393	7032	1
25.817759562841527	5570	1
25.827103825136614	9331	1
25.84169398907104	1309	1
25.845628415300546	5878	1
25.868579234972678	9592	1
25.874699453551912	169	1
25.954918032786885	2288	1
25.95841530054645	3154	1
25.972131147540985	3230	1
25.991639344262296	4356	1
26.054043715846994	3673	1
26.070819672131147	7133	1
26.130601092896175	6039	1
26.136284153005466	2499	1
26.200983606557376	5716	1
26.241311475409834	7640	1
26.241639344262296	287	1
26.246284153005465	5484	1
26.249781420765025	6528	1
26.290655737704917	579	1
26.302021857923496	2271	1
26.304043715846994	6401	1
26.337103825136612	6973	1
26.359453551912566	758	1
26.377868852459017	139	1
26.383005464480874	2121	1
26.415081967213116	6728	1
26.432896174863387	6870	1
26.446775956284153	771	1
26.452841530054645	4328	1
26.50672131147541	6911	1
26.536994535519124	7292	1
26.553224043715847	6403	1
26.59360655737705	3172	1
26.611038251366118	9980	1
26.6896174863388	2061	1
26.730819672131148	9121	1
26.74502732240437	3273	1
26.76688524590164	6596	1
26.768524590163935	1470	1
26.81639344262295	1208	1
26.858360655737705	4626	1
26.882185792349727	2793	1
26.89874316939891	3719	1
26.900382513661203	8674	1
26.92497267759563	7634	1
26.92497267759563	4430	1
26.94054644808743	3818	1
26.968469945355192	6021	1
26.97830601092896	7915	1
26.99224043715847	4460	1
27.013169398907106	9623	1
27.036994535519124	3399	1
27.050109289617488	8094	1
27.06071038251366	5175	1
27.061584699453554	2914	1
27.109180327868852	5481	1
27.11841530054645	900	1
27.12213114754098	6741	1
27.125792349726776	9899	1
27.139672131147538	9357	1
27.190983606557374	5155	1
27.205191256830602	4443	1
27.230655737704915	9351	1
27.29934426229508	9587	1
27.306065573770493	4403	1
27.378743169398906	268	1
27.40808743169399	3975	1
27.433715846994534	2162	1
27.44191256830601	8624	1
27.45158469945355	2533	1
27.526174863387975	2842	1
27.549071038251366	3947	1
27.54983606557377	6211	1
27.555956284153005	409	1
27.564426229508197	8089	1
27.63918032786885	4478	1
27.663497267759563	7484	1
27.712732240437155	6094	1
27.71934426229508	1785	1
27.726338797814208	8963	1
27.735464480874317	4139	1
27.75655737704918	9300	1
27.784918032786884	3340	1
27.863497267759563	3538	1
27.87054644808743	9482	1
27.90049180327869	1389	1
27.913114754098363	7667	1
27.926174863387978	4489	1
27.944918032786887	9395	1
27.95994535519126	9047	1
27.959999999999997	5153	1
27.98448087431694	5218	1
28.031803278688525	20	1
28.1224043715847	3473	1
28.1551912568306	6334	1
28.156502732240437	4876	1
28.162131147540983	5059	1
28.173005464480873	8275	1
28.175628415300547	1293	1
28.17568306010929	1226	1
28.19464480874317	7346	1
28.246939890710383	7558	1
28.256010928961746	2225	0
28.316994535519125	5429	1
28.330819672131145	7729	1
28.334371584699454	1869	1
28.336721311475408	356	1
28.3451912568306	1169	1
28.40983606557377	3847	1
28.43710382513661	8665	1
28.470819672131146	2040	1
28.49688524590164	1225	1
28.535245901639346	9963	1
28.547486338797814	4455	1
28.549234972677596	1931	1
28.65360655737705	7451	1
28.65502732240437	3674	1
28.6575956284153	3611	1
28.676666666666666	6022	1
28.691475409836066	3736	1
28.711147540983607	5330	1
28.71174863387978	5061	1
28.733825136612023	977	1
28.755573770491804	6001	1
28.778524590163936	9394	1
28.81868852459016	7605	1
28.8424043715847	1793	1
28.891693989071037	7888	1
28.913224043715847	6972	1
28.931639344262297	2626	1
28.941693989071037	1763	1
28.956120218579233	3421	1
29.004043715846993	6967	1
29.042677595628412	1040	1
29.046994535519126	3120	1
29.07524590163934	3614	1
29.07879781420765	5491	1
29.094754098360657	4899	1
29.09551912568306	9255	1
29.11688524590164	9944	1
29.127704918032787	6765	1
29.152240437158472	6268	1
29.207049180327868	4538	1
29.20912568306011	6256	1
29.220928961748633	3587	1
29.245956284153007	8843	1
29.330437158469945	8967	1
29.336830601092895	5660	1
29.340054644808742	2217	1
29.366010928961746	7518	1
29.368688524590162	4426	1
29.410109289617488	5110	1
29.42125683060109	8298	1
29.42918032786885	3089	1
29.43360655737705	8617	1
29.437978142076503	6491	1
29.47448087431694	3345	1
29.492677595628415	3791	1
29.494262295081967	804	1
29.51622950819672	5905	1
29.55486338797814	2393	1
29.55934426229508	7516	1
29.571092896174864	4929	1
29.59224043715847	8029	1
29.606830601092895	2950	1
29.60896174863388	4527	1
29.611639344262297	3501	1
29.68672131147541	5156	1
29.701639344262293	3064	1
29.70502732240437	5649	1
29.7103825136612	4018	1
29.72617486338798	2504	1
29.785573770491805	5620	1
29.81983606557377	5418	1
29.84087431693989	8583	1
29.84956284153005	6324	1
29.858360655737705	440	1
29.87377049180328	5217	1
29.877868852459017	5977	1
29.90573770491803	8051	1
29.908032786885247	1695	1
29.92808743169399	8931	1
29.941311475409833	8418	1
29.94497267759563	4602	1
29.99207650273224	5419	1
29.997486338797813	1986	1
30.0920218579235	765	1
30.141584699453553	7926	1
30.148087431693988	3843	1
30.178360655737706	5374	1
30.19120218579235	1989	1
30.198032786885246	4305	1
30.20830601092896	9669	1
30.24295081967213	6276	1
30.2472131147541	5831	1
30.250109289617487	9064	1
30.257868852459016	9803	1
30.295081967213115	4451	1
30.330273224043715	5473	1
30.338415300546448	5262	1
30.353114754098357	6798	1
30.356120218579235	2796	1
30.36032786885246	9607	1
30.385573770491803	8186	1
30.391202185792352	5595	1
30.392185792349725	4417	1
30.410273224043717	195	1
30.411092896174864	9875	1
30.481857923497266	1085	1
30.52956284153005	9451	1
30.533224043715848	7922	1
30.537213114754095	8323	1
30.542021857923498	5775	1
30.576612021857922	3379	0
30.593333333333334	9628	1
30.59983606557377	3713	1
30.603114754098357	4408	1
30.610218579234974	2535	1
30.613661202185792	7987	1
30.6424043715847	8180	1
30.663224043715847	3810	1
30.689617486338797	6104	1
30.730655737704918	1014	1
30.73655737704918	3703	1
30.779781420765026	847	1
30.870437158469944	9181	1
30.87393442622951	8470	1
30.890928961748635	7624	1
30.916557377049177	5613	1
30.923005464480877	5122	1
30.950437158469942	9175	1
30.968306010928963	3100	1
31.004043715846993	8500	1
31.019344262295082	8629	1
31.02934426229508	3608	1
31.04672131147541	1699	1
31.057759562841532	6480	1
31.15060109289617	2498	1
31.165136612021858	2870	1
31.174754098360655	8525	1
31.212295081967213	7566	1
31.224754098360656	3284	1
31.233114754098363	4892	1
31.23497267759563	2408	1
31.23950819672131	1070	1
31.23989071038251	1347	1
31.251038251366122	6721	1
31.276448087431692	2313	1
31.289453551912565	2114	1
31.302295081967213	6599	1
31.311092896174863	5877	1
31.317049180327867	1118	1
31.32655737704918	6816	1
31.328852459016392	6947	1
31.33693989071038	6928	1
31.370218579234972	4257	1
31.374426229508195	1481	1
31.400655737704916	6573	1
31.46158469945355	8146	1
31.492622950819673	8526	1
31.503606557377047	2732	1
31.51142076502732	7271	1
31.56153005464481	494	1
31.564371584699455	4926	1
31.5727868852459	8376	1
31.610218579234974	2260	1
31.63693989071038	3367	1
31.652677595628415	6628	1
31.65879781420765	1261	1
31.709016393442624	7276	1
31.725956284153003	4311	1
31.731038251366122	1238	1
31.738688524590167	1881	1
31.761857923497267	6035	1
31.761967213114755	4911	1
31.806502732240435	6509	1
31.807704918032787	6766	1
31.80846994535519	2814	1
31.834535519125684	7677	1
31.848743169398908	8652	1
31.87710382513661	6262	1
31.89426229508197	2071	1
31.96071038251366	8654	1
31.979071038251366	902	1
31.98983606557377	7306	1
32.05284153005464	5277	1
32.09502732240437	3959	1
32.09699453551912	2587	1
32.09912568306011	6992	1
32.12491803278689	6530	1
32.1316393442623	8038	1
32.151803278688526	7338	1
32.15196721311475	2926	1
32.18262295081967	5842	1
32.1875956284153	7718	1
32.20459016393443	5918	1
32.21633879781421	9239	1
32.223606557377046	4964	1
32.25032786885246	2112	1
32.28666666666667	657	1
32.28672131147541	690	1
32.301857923497266	2346	1
32.35469945355191	4928	1
32.37092896174863	6659	1
32.37382513661202	9158	1
32.44448087431694	2274	1
32.4644262295082	4531	1
32.54677595628415	2056	1
32.55879781420765	5404	1
32.572404371584696	8860	1
32.62765027322404	1859	1
32.62983606557377	8911	1
32.63448087431694	858	1
32.65273224043716	8402	1
32.66065573770492	5203	1
32.67065573770492	1574	1
32.72071038251366	5646	1
32.72928961748634	4585	1
32.746393442622946	1199	1
32.749781420765025	1088	1
32.79863387978142	4623	1
32.80043715846995	9436	1
32.8275956284153	3592	1
32.876775956284156	8240	1
32.88387978142077	5275	1
32.943715846994536	7968	1
32.953387978142075	7116	1
32.97540983606557	2905	1
32.988524590163934	4182	1
33.0175956284153	8907	1
33.02907103825137	9778	1
33.03967213114754	5219	1
33.040218579234974	6148	1
33.045846994535516	4143	1
33.074590163934424	7349	1
33.08169398907104	2627	1
33.113989071038255	5216	1
33.127377049180325	1606	1
33.16098360655737	6345	1
33.162240437158474	8660	1
33.191038251366116	2670	1
33.218743169398905	3333	1
33.22	8667	1
33.22174863387978	7960	1
33.23092896174863	399	1
33.24371584699453	1072	1
33.27327868852459	5087	1
33.30491803278689	5817	1
33.31021857923497	8982	1
33.317595628415305	9433	1
33.38016393442623	9014	1
33.381857923497265	3121	1
33.38601092896175	9723	1
33.42065573770492	639	1
33.44448087431694	9422	1
33.47306010928962	2616	1
33.49415300546448	6428	1
33.50830601092896	8191	1
33.54344262295082	5807	1
33.55841530054645	9709	1
33.5648087431694	8556	1
33.57333333333333	8277	1
33.58825136612022	5296	1
33.654426229508196	7766	1
33.6548087431694	6308	1
33.66387978142076	5549	1
33.68775956284153	7813	1
33.76158469945355	3867	1
33.76830601092896	5310	1
33.8020218579235	3699	1
33.80644808743169	3775	1
33.81989071038251	7550	1
33.85256830601093	1185	1
33.86786885245901	8844	1
33.87398907103825	9057	1
33.875136612021855	1559	1
33.884480874316935	1841	1
33.910327868852455	9797	1
33.91081967213115	4074	1
33.91852459016393	1941	1
33.926065573770494	6132	1
33.93366120218579	1282	1
33.94868852459016	4334	1
33.94912568306011	5371	1
33.95989071038252	2303	1
34.07808743169399	3401	1
34.146939890710385	3543	1
34.15273224043716	4323	1
34.1627868852459	1489	1
34.165136612021854	4549	1
34.25584699453552	4509	1
34.25846994535519	8848	1
34.29213114754098	4551	1
34.325409836065575	307	1
34.369945355191255	6476	1
34.37939890710383	6839	1
34.4055737704918	7819	1
34.4151912568306	2092	1
34.454426229508194	9788	1
34.46530054644809	9914	1
34.47153005464481	3346	1
34.49622950819673	9313	1
34.51508196721311	8640	1
34.516612021857924	3222	1
34.53224043715847	9153	1
34.54453551912568	5683	1
34.56103825136612	5702	1
34.56956284153005	6868	1
34.57737704918033	2714	1
34.588852459016394	3479	1
34.61710382513661	9954	1
34.6527868852459	5958	1
34.67218579234972	6472	1
34.67229508196721	9434	1
34.691475409836066	2453	1
34.70295081967213	2523	1
34.705956284153004	8069	1
34.77180327868853	6691	1
34.80715846994536	7519	1
34.80989071038251	3279	1
34.849726775956285	5961	1
34.91612021857923	4941	1
34.92180327868853	4866	1
34.93748633879781	5655	1
34.9403825136612	2451	1
34.94054644808743	7074	1
34.966010928961744	8482	1
34.96918032786885	5750	1
35.019999999999996	5169	1
35.0427868852459	7583	1
35.050983606557374	5388	1
35.09158469945355	5073	1
35.12622950819672	2072	1
35.14076502732241	1087	1
35.15426229508196	2835	1
35.1727868852459	2774	1
35.17333333333333	3342	1
35.17393442622951	9809	1
35.23639344262295	2920	1
35.24333333333333	4894	1
35.34010928961749	1781	1
35.34573770491803	7321	1
35.37513661202186	2763	1
35.377486338797816	9100	1
35.38617486338798	1202	1
35.407814207650276	5167	1
35.42267759562842	2955	1
35.425027322404375	4686	1
35.457868852459015	4747	1
35.47431693989071	8127	1
35.498251366120215	5756	1
35.49994535519126	8986	1
35.543661202185795	8149	1
35.551420765027316	5870	1
35.56497267759563	5444	1
35.5875956284153	4106	1
35.64005464480874	4056	1
35.67972677595628	2766	1
35.68153005464481	8076	1
35.688415300546446	3536	1
35.694371584699454	5827	1
35.69950819672131	8425	1
35.7351912568306	2837	1
35.736338797814206	9366	1
35.738142076502726	607	1
35.75289617486339	6862	1
35.7679781420765	5793	1
35.81945355191257	7333	1
35.83021857923497	2399	1
35.831092896174866	9287	1
35.85568306010929	3370	1
35.88065573770492	7551	1
35.910765027322405	8659	1
35.91349726775956	5696	1
35.926885245901644	4454	1
35.93218579234973	1555	1
35.97010928961749	6364	1
35.984153005464485	5440	1
36.03338797814208	4401	1
36.055136612021855	7086	1
36.12109289617486	1815	1
36.14972677595629	5790	1
36.205355191256835	1135	1
36.216830601092894	1916	1
36.2511475409836	4651	1
36.288032786885246	4043	1
36.29781420765027	6996	1
36.30010928961748	8517	1
36.32792349726776	7811	1
36.33584699453552	7317	1
36.34579234972677	5311	1
36.36661202185792	2963	1
36.38355191256831	8738	1
36.40486338797814	838	1
36.43928961748634	3769	1
36.442786885245894	8893	1
36.527431693989065	8415	1
36.56650273224044	7716	1
36.59606557377049	7386	1
36.6155737704918	527	1
36.64136612021858	7174	1
36.64628415300547	1757	1
36.70688524590164	6362	1
36.84983606557377	4070	1
36.85147540983607	4729	1
36.86830601092896	7232	1
36.88622950819672	8460	1
36.91661202185792	1567	1
36.927978142076505	3376	1
36.93601092896175	8564	1
36.94229508196721	5666	1
36.96617486338798	4732	1
36.97054644808743	5157	1
37.01524590163935	6012	1
37.03584699453552	3752	1
37.04120218579234	9321	1
37.04825136612022	9785	1
37.08579234972677	8942	1
37.101147540983604	9019	1
37.11562841530054	6183	1
37.13426229508196	6779	1
37.13732240437159	6432	1
37.140109289617484	7538	1
37.14185792349727	2215	1
37.151693989071035	9414	1
37.154426229508196	2416	1
37.15606557377049	1759	1
37.188415300546446	4523	1
37.205191256830595	4485	1
37.29349726775956	1234	1
37.29896174863388	4806	1
37.32114754098361	1081	1
37.32737704918033	8873	1
37.363442622950814	6767	1
37.374098360655736	5780	1
37.37737704918033	728	1
37.389071038251366	1478	1
37.39688524590164	3003	1
37.42010928961749	1918	1
37.461256830601094	1829	1
37.461311475409836	1056	1
37.470546448087426	4790	1
37.47267759562841	4350	1
37.48245901639344	3414	1
37.483989071038245	526	1
37.49972677595628	7835	1
37.503879781420764	9458	1
37.510601092896174	8542	1
37.64153005464481	582	1
37.67300546448088	4313	1
37.69633879781421	5067	1
37.70366120218579	6954	1
37.705683060109294	990	1
37.711311475409836	5582	1
37.72863387978142	2405	1
37.81295081967213	4312	1
37.819016393442624	3861	1
37.82551912568306	5769	1
37.86639344262295	5239	1
37.89814207650273	6887	1
37.91852459016393	4349	1
37.93710382513661	1174	1
37.94360655737705	9188	1
37.95628415300546	1089	1
37.97043715846995	5909	1
38.01863387978142	6757	1
38.04819672131148	1434	1
38.05530054644809	9672	1
38.059726775956285	7676	1
38.07644808743169	8204	1
38.10322404371585	6052	1
38.12803278688524	8833	1
38.15907103825136	6186	1
38.167377049180324	3171	1
38.16808743169398	4755	1
38.1792349726776	1707	1
38.25967213114754	4488	1
38.28295081967213	2700	1
38.29300546448088	2604	1
38.29628415300546	7514	1
38.34382513661202	4557	1
38.345573770491804	9915	1
38.366174863387975	1472	1
38.3760655737705	2256	1
38.440273224043715	9766	1
38.482622950819675	9115	1
38.496775956284154	8160	1
38.51224043715847	4118	1
38.56710382513661	2606	1
38.588415300546444	2127	1
38.60245901639344	9922	1
38.61327868852459	8647	1
38.61486338797814	2893	1
38.63540983606557	4333	1
38.643989071038256	6769	1
38.64967213114754	6802	1
38.657377049180326	3071	1
38.66497267759563	5532	1
38.66775956284153	4369	1
38.679071038251365	5152	1
38.746885245901645	7763	1
38.76830601092896	5018	1
38.77306010928962	5939	1
38.783497267759564	2508	1
38.786010928961744	4762	1
38.80267759562842	8989	1
38.84158469945355	7167	1
38.84885245901639	2233	1
38.87087431693989	6998	1
38.90551912568306	7731	1
38.90945355191257	2894	1
38.91136612021858	3298	1
38.91420765027322	3052	1
38.99956284153005	7215	1
39.01338797814208	6082	1
39.03327868852459	5729	1
39.043606557377046	4540	1
39.12398907103825	7150	1
39.124535519125686	6138	1
39.13956284153006	4688	1
39.16420765027322	308	1
39.211311475409836	3862	1
39.290983606557376	3548	1
39.29409836065574	2574	1
39.30464480874317	5648	1
39.30606557377049	3941	1
39.310437158469945	7610	1
39.31349726775956	4380	1
39.37	5126	1
39.3824043715847	9139	1
39.38579234972678	8399	1
39.39098360655738	6297	1
39.40010928961749	7401	1
39.4372131147541	609	1
39.45005464480874	9161	1
39.453005464480874	3359	1
39.4727868852459	7195	1
39.51267759562842	379	1
39.51459016393443	6794	1
39.53136612021858	4130	1
39.54267759562841	8793	1
39.54808743169399	8993	1
39.56874316939891	178	1
39.571693989071036	9006	1
39.5868306010929	9850	1
39.6731693989071	9572	1
39.71562841530054	7924	1
39.71606557377049	9983	1
39.72163934426229	1661	1
39.77131147540983	3888	1
39.7783606557377	1076	1
39.788688524590164	9986	1
39.7888524590164	3091	1
39.78890710382513	6398	1
39.7972131147541	1538	1
39.82327868852459	3969	1
39.86180327868853	2636	1
39.890819672131144	9664	1
39.89584699453552	5789	1
39.9207650273224	7211	1
39.950327868852455	5314	1
39.954098360655735	5778	1
39.981803278688524	4547	1
40.003879781420764	6814	1
40.02081967213115	8717	1
40.04415300546447	4448	1
40.09071038251366	2098	1
40.10524590163934	3865	1
40.13120218579235	8081	1
40.141967213114754	3182	1
40.14655737704918	7190	1
40.16765027322404	8788	1
40.17393442622951	5833	1
40.17972677595628	7505	1
40.20262295081967	5569	1
40.209398907103825	2546	1
40.22005464480874	3384	1
40.234043715846994	6097	1
40.247650273224046	3497	1
40.278306010928965	5912	1
40.28661202185792	7080	1
40.321256830601094	3034	1
40.323497267759564	4977	1
40.338852459016394	8567	1
40.34540983606557	8501	1
40.34907103825137	3118	1
40.355737704918035	8827	1
40.378087431693984	9176	1
40.426830601092895	8575	1
40.43852459016394	5384	1
40.466448087431694	8387	1
40.46688524590164	1731	1
40.481584699453556	2280	1
40.52497267759563	3705	1
40.53595628415301	1917	1
40.58409836065574	7075	1
40.62426229508197	730	1
40.64267759562841	7996	1
40.64306010928962	3649	1
40.65273224043716	7229	1
40.65863387978142	5272	1
40.66327868852459	7234	1
40.66377049180328	4258	1
40.66770491803278	6848	1
40.66890710382514	6872	1
40.67601092896175	839	1
40.69743169398907	2169	1
40.710546448087435	8557	1
40.72344262295082	3343	1
40.72765027322404	7604	1
40.7772131147541	3321	1
40.7944262295082	1022	1
40.80508196721311	4030	1
40.838797814207645	6829	1
40.86874316939891	9033	1
40.86874316939891	5820	1
40.873661202185794	2577	1
40.88666666666667	6665	1
40.893551912568306	4871	1
40.931639344262294	1137	1
40.938743169398904	8279	1
40.96781420765027	5535	1
41.02590163934426	4603	1
41.04327868852459	1445	1
41.049672131147545	8765	1
41.06054644808743	2795	1
41.10644808743169	9490	1
41.15524590163934	2157	1
41.20469945355191	8488	1
41.212349726775955	1971	1
41.215737704918034	9035	1
41.22540983606557	3085	1
41.229289617486344	550	1
41.25786885245901	8725	1
41.25967213114754	4533	1
41.26377049180328	4472	1
41.26715846994536	6042	1
41.29109289617486	2484	1
41.32781420765027	2455	1
41.4396174863388	9929	1
41.46726775956284	4468	1
41.470983606557375	2172	1
41.49934426229508	2028	1
41.50896174863388	3564	1
41.521967213114756	2400	1
41.57251366120219	4165	1
41.60409836065573	6236	1
41.62502732240437	214	1
41.63535519125683	3545	1
41.659562841530054	4302	1
41.71016393442623	4384	1
41.73661202185792	2859	1
41.74054644808743	1883	1
41.746065573770494	5286	1
41.759562841530055	6834	1
41.773387978142075	7051	1
41.77688524590164	6906	1
41.828469945355195	4544	1
41.85251366120218	1295	1
41.86267759562841	5887	1
41.864262295081964	5656	1
41.941366120218575	5200	1
42.00371584699453	9856	1
42.00475409836066	5071	1
42.006885245901636	6436	1
42.01513661202186	6886	1
42.035300546448084	4683	1
42.037103825136604	5041	1
42.039180327868856	1497	1
42.04644808743169	3008	1
42.10251366120218	8032	1
42.10300546448088	2266	1
42.133497267759566	2709	1
42.19136612021858	7160	1
42.19885245901639	5199	1
42.215081967213116	6088	1
42.254371584699456	9876	1
42.283551912568306	3506	1
42.327322404371586	1007	1
42.370327868852456	773	1
42.3751912568306	8473	1
42.39005464480874	4847	1
42.41158469945355	9484	1
42.4120218579235	2385	1
42.412622950819674	66	1
42.4127868852459	4327	1
42.42071038251366	3669	1
42.423169398907106	8690	1
42.427595628415304	5252	1
42.42972677595628	6508	1
42.43420765027322	4490	1
42.43890710382514	438	1
42.43896174863388	2091	1
42.450819672131146	7463	1
42.48054644808743	7270	1
42.512896174863386	2676	1
42.513224043715844	8836	1
42.57196721311475	9939	1
42.579945355191256	6479	1
42.5927868852459	6440	1
42.615792349726775	6803	1
42.632622950819666	8977	1
42.63918032786885	213	1
42.64251366120219	7643	1
42.64967213114754	719	1
42.65748633879781	1773	1
42.66234972677596	6265	1
42.674590163934425	9634	1
42.679180327868856	7098	1
42.68825136612021	6926	0
42.69797814207651	3679	1
42.724644808743165	4737	1
42.73650273224043	3452	1
42.78131147540984	5816	1
42.782021857923496	5982	1
42.78295081967213	1119	1
42.831092896174866	5164	1
42.85016393442623	2475	1
42.863224043715846	4080	1
42.866502732240434	5478	1
42.873333333333335	7162	1
42.874754098360654	7252	1
42.89109289617486	6086	1
42.92989071038251	9166	1
42.93939890710382	562	1
42.951530054644806	5470	1
42.96180327868852	3174	1
42.97420765027322	3132	1
42.987377049180324	8515	1
43.004262295081965	5456	1
43.01459016393443	3689	1
43.017486338797816	9497	1
43.03071038251366	3105	1
43.038360655737705	5348	1
43.04196721311475	3881	1
43.06956284153006	3278	1
43.071311475409836	6929	1
43.08573770491803	6061	1
43.107978142076504	3380	1
43.15295081967213	7319	1
43.15650273224044	6062	1
43.17890710382514	950	1
43.22387978142076	6043	1
43.22420765027322	5341	1
43.25983606557377	2898	1
43.260655737704916	1116	1
43.269726775956286	3787	1
43.29147540983607	1992	1
43.29267759562841	3006	1
43.308961748633884	1124	1
43.31819672131148	6336	1
43.34065573770492	4033	1
43.35256830601092	3760	1
43.37540983606557	890	1
43.37726775956284	646	1
43.389781420765026	3999	1
43.41737704918033	6068	1
43.42021857923497	7722	1
43.44786885245902	9259	1
43.48650273224044	7539	1
43.488907103825134	2316	1
43.50846994535519	1833	1
43.51918032786885	5055	1
43.55054644808743	7678	1
43.55983606557377	8905	1
43.56699453551912	898	1
43.61043715846995	2000	1
43.6475956284153	5363	1
43.66185792349727	7647	1
43.664808743169395	599	1
43.66765027322405	1289	1
43.67972677595628	7579	1
43.68715846994536	1938	1
43.703060109289616	627	1
43.71333333333333	7525	1
43.723224043715845	3815	1
43.7251912568306	2775	1
43.72743169398907	4607	1
43.76994535519126	8363	1
43.81792349726776	149	1
43.83972677595628	1589	1
43.84688524590164	1419	1
43.848306010928965	9025	1
43.85972677595628	2868	1
43.865191256830606	2799	1
43.92956284153005	5661	1
43.93513661202186	2409	1
43.935683060109284	2661	1
43.941693989071034	8105	1
43.9607650273224	95	1
43.974754098360656	9668	1
44.044644808743165	9794	1
44.09497267759563	7530	1
44.09939890710382	8253	1
44.11448087431694	1998	1
44.12295081967213	6404	1
44.15043715846995	2748	1
44.172240437158464	9969	1
44.17814207650273	8650	1
44.2324043715847	6651	1
44.25939890710383	9512	1
44.26754098360656	5581	1
44.28912568306011	1551	1
44.32633879781421	7153	1
44.340054644808745	9916	1
44.34754098360656	9403	1
44.34775956284153	1351	1
44.360491803278684	3448	1
44.36109289617486	8715	1
44.364043715847	8224	1
44.364262295081964	4193	1
44.3944262295082	5762	1
44.41956284153005	2752	1
44.41978142076503	166	1
44.453005464480874	9646	1
44.471366120218576	6753	1
44.49683060109289	6804	1
44.51043715846995	4135	1
44.524098360655735	4745	1
44.52590163934426	8443	1
44.53551912568306	7596	1
44.545956284153	4679	1
44.56174863387978	3044	1
44.563005464480874	9531	1
44.58	8178	1
44.5872131147541	2863	1
44.59573770491803	3261	1
44.605628415300544	8190	1
44.61972677595628	5494	1
44.65841530054645	9759	1
44.67770491803279	6067	1
44.69617486338798	9169	1
44.69710382513661	3173	1
44.699726775956286	4819	1
44.7024043715847	4709	1
44.725792349726774	7356	1
44.72650273224044	42	1
44.72928961748634	8766	1
44.732076502732234	3728	1
44.7331693989071	3552	1
44.75901639344262	4152	1
44.773770491803276	1858	1
44.77726775956284	3404	1
44.816010928961745	7955	1
44.82109289617486	3909	1
44.82437158469945	3432	1
44.8296174863388	1450	1
44.8327868852459	2659	1
44.862732240437154	6601	1
44.8827868852459	9798	1
44.900874316939884	7490	1
44.939234972677596	3812	1
44.95327868852459	237	1
45.027923497267764	9011	1
45.058524590163934	1851	1
45.07420765027322	1657	1
45.09612021857924	3978	1
45.115409836065574	2516	1
45.18185792349727	696	1
45.21054644808743	5375	1
45.22775956284153	7161	1
45.23885245901639	9682	1
45.24431693989071	1222	1
45.259890710382514	8273	1
45.2603825136612	4846	1
45.26644808743169	2829	1
45.31109289617486	981	1
45.31377049180328	4526	1
45.32469945355191	9860	1
45.33896174863388	9350	1
45.34890710382514	2769	1
45.361639344262294	1562	1
45.362732240437154	5794	1
45.40721311475409	2384	1
45.421530054644805	4178	1
45.43169398907104	4211	1
45.43229508196721	7368	1
45.45306010928962	6167	1
45.45415300546448	9120	1
45.465792349726776	7966	1
45.5135519125683	2513	1
45.525245901639344	5853	1
45.53852459016394	2929	1
45.56890710382513	4168	1
45.58180327868852	4273	1
45.591092896174864	8580	1
45.60295081967213	6303	1
45.622131147540976	7495	1
45.62295081967213	7545	1
45.62415300546448	1702	1
45.62420765027323	1727	1
45.64071038251366	6058	1
45.651311475409834	6291	1
45.69431693989071	1448	1
45.700765027322404	1825	1
45.717267759562844	845	1
45.726885245901634	3519	1
45.7379781420765	8546	1
45.73825136612022	5979	1
45.739344262295084	957	1
45.74256830601093	2078	1
45.746065573770494	3804	1
45.74633879781421	6118	1
45.76601092896175	1083	1
45.782404371584704	4844	1
45.78748633879781	874	1
45.78792349726776	4743	1
45.79300546448088	3553	1
45.80125683060109	3087	1
45.824153005464474	2148	1
45.88497267759563	4539	1
45.89289617486339	7406	1
45.934371584699456	7355	1
45.93857923497268	9928	1
45.95284153005464	9991	1
46.01071038251366	9277	1
46.082896174863386	9374	1
46.083224043715845	7427	1
46.08825136612022	3078	1
46.15409836065574	3638	1
46.169344262295084	8195	1
46.176775956284146	8165	1
46.187704918032786	7483	1
46.22939890710383	4174	1
46.25967213114754	5854	1
46.267431693989074	3082	1
46.287540983606554	2306	1
46.315628415300544	1997	1
46.3207650273224	7582	1
46.32519125683061	1452	1
46.34792349726776	6277	1
46.3479781420765	2668	1
46.34803278688525	4578	1
46.35808743169399	4125	1
46.360601092896175	515	1
46.3655737704918	2222	1
46.404754098360655	5045	1
46.4083606557377	6836	1
46.40978142076503	7328	1
46.4183606557377	9993	1
46.425191256830594	1442	1
46.44814207650273	7963	1
46.450327868852455	5882	1
46.46786885245902	4177	1
46.469781420765024	3615	1
46.487103825136614	5539	1
46.496065573770494	1844	1
46.55513661202186	3248	1
46.55939890710382	8246	1
46.58814207650273	9026	1
46.593387978142076	9044	1
46.6111475409836	266	1
46.61896174863388	6273	1
46.628196721311475	4764	1
46.63464480874317	5944	1
46.68912568306011	2992	1
46.712732240437155	2104	1
46.718743169398905	6892	1
46.76486338797814	1317	1
46.770765027322405	9288	1
46.78918032786885	8925	1
46.80584699453552	6709	1
46.843387978142076	6213	1
46.84846994535519	353	1
46.96497267759563	2046	1
46.975519125683064	6690	1
46.97650273224044	44	1
46.99398907103826	1444	1
47.009562841530055	7017	1
47.01185792349727	1856	1
47.05043715846995	1155	1
47.10590163934426	3247	1
47.1372131147541	1609	1
47.172732240437156	4138	1
47.176010928961745	4802	1
47.17639344262295	8839	1
47.2136612021858	2259	1
47.2163387978142	8496	1
47.23836065573771	5894	1
47.24382513661202	6484	1
47.24879781420765	2309	1
47.29338797814207	8799	1
47.295792349726774	8314	1
47.29983606557377	7382	1
47.31732240437159	9179	1
47.32628415300547	3313	1
47.355956284153	4101	1
47.40415300546448	8952	1
47.415245901639345	8336	1
47.431639344262294	3194	1
47.43639344262295	653	1
47.45087431693989	4267	1
47.46333333333333	725	1
47.5348087431694	4064	1
47.54333333333334	7470	1
47.544043715846996	5774	1
47.556994535519124	610	1
47.561857923497264	6412	1
47.57065573770492	7383	1
47.59448087431694	2741	1
47.60404371584699	4151	1
47.634098360655734	7137	1
47.63540983606557	5664	1
47.63770491803279	8695	1
47.64535519125683	2541	1
47.65420765027322	5788	1
47.67699453551913	1949	1
47.69207650273224	5196	1
47.7448087431694	127	1
47.753879781420764	1433	1
47.7603825136612	8607	1
47.82054644808743	9829	1
47.84732240437158	9029	1
47.86103825136612	8067	1
47.88295081967213	4187	1
47.88814207650273	9700	1
47.893169398907105	3627	1
47.894316939890714	1905	1
47.90781420765027	7990	1
47.91	8669	1
47.91136612021858	4021	1
47.91868852459016	3090	1
47.923497267759565	6379	1
47.94579234972677	97	1
47.96382513661202	9800	1
47.978852459016395	5077	1
48.00289617486339	4239	1
48.0231693989071	7557	1
48.029781420765026	8395	1
48.04163934426229	5826	1
48.04814207650273	5897	1
48.050327868852456	306	1
48.054808743169396	6246	1
48.06972677595629	7861	1
48.0803825136612	6283	1
48.085027322404365	6633	1
48.11158469945355	4939	1
48.11513661202186	2347	1
48.13562841530055	6473	1
48.198524590163935	7344	1
48.19896174863388	8097	1
48.21846994535519	7822	1
48.2631693989071	727	1
48.273333333333326	7313	1
48.27737704918032	6252	1
48.28371584699453	6722	1
48.29284153005464	5632	1
48.31770491803278	3748	1
48.361366120218584	6657	1
48.397595628415296	9841	1
48.43191256830601	2702	1
48.4675956284153	1316	1
48.46945355191257	312	1
48.476612021857925	709	1
48.48087431693989	304	1
48.51043715846994	2583	1
48.510983606557375	2596	1
48.56879781420765	0	1
48.57972677595629	6011	1
48.58371584699454	2807	1
48.58633879781421	1131	1
48.59590163934426	3101	1
48.598579234972675	6026	1
48.60109289617487	1044	1
48.61868852459016	8847	1
48.632568306010924	5313	1
48.63508196721312	7354	1
48.636010928961745	4347	1
48.64142076502733	8516	1
48.64568306010929	8122	1
48.65300546448088	905	1
48.66437158469945	881	1
48.68153005464481	5342	1
48.68715846994535	2507	1
48.69737704918033	9551	1
48.70234972677596	7181	1
48.70475409836066	4921	1
48.70710382513661	6051	1
48.707923497267764	871	1
48.717540983606554	5566	1
48.7316393442623	5599	1
48.733606557377044	4279	1
48.736338797814206	1312	1
48.73666666666667	4484	1
48.737103825136614	1696	1
48.73879781420764	6681	1
48.746065573770494	3420	1
48.74770491803279	9492	1
48.750491803278685	8184	1
48.75978142076503	4111	1
48.762131147540984	4461	1
48.76983606557377	1054	1
48.773825136612025	6034	1
48.77770491803279	1540	1
48.78136612021858	801	1
48.78322404371585	3372	1
48.8251912568306	6195	1
48.83912568306011	4994	1
48.83945355191257	2317	1
48.84950819672132	193	1
48.8527868852459	4610	1
48.86699453551912	638	1
48.87754098360655	9862	1
48.884535519125684	3187	1
48.88710382513661	8454	1
48.893169398907105	5767	1
48.919398907103826	7925	1
48.92409836065574	6525	1
48.94207650273224	3767	1
48.94349726775956	5955	1
48.95234972677596	5397	1
48.95240437158469	3831	1
48.95666666666666	3860	1
48.96065573770492	7447	1
48.973551912568304	4630	1
48.98497267759563	9142	1
48.99174863387978	5993	1
48.99551912568306	1919	1
49.00606557377049	9639	1
49.02306010928962	7588	1
49.03109289617486	4475	1
49.03502732240437	3314	1
49.03901639344262	2096	1
49.04158469945355	537	1
49.05120218579235	6626	1
49.05661202185792	9790	1
49.05775956284153	6576	1
49.06092896174863	155	1
49.0751912568306	9621	1
49.084371584699454	7188	1
49.085846994535515	7107	1
49.10786885245901	3874	1
49.11005464480874	9518	1
49.12311475409836	2001	1
49.12846994535519	6985	1
49.13169398907104	8934	1
49.13202185792349	7132	1
49.13590163934426	8947	1
49.143169398907105	1062	1
49.160327868852455	4000	1
49.16169398907104	7901	1
49.16508196721311	7787	1
49.18863387978142	1584	1
49.189945355191256	6781	1
49.19693989071038	1726	1
49.20120218579235	9272	1
49.201256830601096	2016	1
49.20387978142077	261	1
49.23672131147541	8959	1
49.23950819672131	7263	1
49.24497267759563	8803	1
49.25459016393443	6166	1
49.25617486338798	2464	1
49.27295081967213	5076	1
49.27743169398907	3914	1
49.27874316939891	6290	1
49.28218579234973	4358	1
49.283879781420765	683	1
49.286120218579235	3533	1
49.329890710382514	3336	1
49.33229508196721	4405	1
49.34699453551912	134	1
49.349726775956285	9260	1
49.35863387978142	4270	1
49.364972677595624	3192	1
49.38174863387977	7617	1
49.39054644808743	6910	1
49.412185792349725	7573	1
49.4435519125683	6748	1
49.448142076502734	1600	1
49.47262295081967	4881	1
49.512185792349726	8955	1
49.51868852459016	9718	1
49.52049180327869	2188	1
49.52366120218579	6488	1
49.552185792349725	1147	1
49.567158469945355	7043	1
49.567595628415305	879	1
49.570218579234975	4900	1
49.57300546448087	5416	1
49.5775956284153	9622	1
49.57972677595629	6642	1
49.609453551912566	3571	1
49.612786885245896	3784	1
49.6279781420765	9443	1
49.63229508196721	4697	1
49.658633879781426	889	1
49.67497267759563	5006	1
49.67803278688525	2213	1
49.69109289617486	7652	1
49.69792349726776	1310	1
49.69983606557377	9171	1
49.704808743169394	1590	1
49.709726775956284	2976	1
49.71885245901639	6198	1
49.72928961748634	8437	1
49.74300546448087	5571	1
49.744590163934426	7218	1
49.74819672131147	8199	1
49.758797814207654	7971	1
49.76010928961749	2856	1
49.77622950819672	5552	1
49.78415300546448	6773	1
49.80125683060109	3326	1
49.832896174863386	6719	1
49.838852459016394	2989	1
49.845355191256836	6475	1
49.85743169398907	4597	1
49.861202185792344	6335	1
49.88109289617486	2688	1
49.91983606557377	7123	1
49.921256830601095	6956	1
49.92360655737705	1675	1
49.923770491803275	2036	1
49.93213114754098	8536	1
49.93327868852459	2389	1
49.94863387978142	1220	1
49.9555737704918	6979	1
49.95885245901639	7508	1
49.97	3667	1
49.97683060109289	1013	1
49.98284153005464	2450	1
49.98617486338798	6704	1
49.98978142076503	3980	1
49.999890710382516	5256	1
50.00584699453552	85	1
50.00595628415301	7630	1
50.006939890710385	4497	1
50.01814207650273	9314	1
50.067868852459014	2512	1
50.093333333333334	8764	1
50.09475409836065	4039	1
50.10065573770491	6053	1
50.114972677595624	6204	1
50.122950819672134	4636	1
50.12956284153005	1680	1
50.15715846994535	1050	1
50.17622950819672	9984	1
50.17748633879781	2983	1
50.18218579234972	1972	1
50.185792349726775	7736	1
50.19174863387978	1493	1
50.19284153005464	3806	1
50.22584699453552	6502	1
50.230273224043714	5170	1
50.232513661202184	5572	1
50.24595628415301	5421	1
50.24814207650273	1339	1
50.24896174863388	3725	1
50.26524590163934	2406	1
50.295464480874315	8897	1
50.30907103825136	6365	1
50.33409836065574	2684	1
50.360273224043716	2537	1
50.39704918032787	3776	1
50.39715846994535	6850	1
50.41765027322404	9820	1
50.42	5121	1
50.425300546448085	4314	1
50.455628415300545	2947	1
50.45765027322405	3080	1
50.45803278688524	4592	1
50.473278688524594	3407	1
50.48120218579235	8168	1
50.5131693989071	3977	1
50.524863387978144	5945	1
50.5475956284153	8630	1
50.557431693989066	7626	1
50.56382513661202	9373	1
50.56770491803278	4424	1
50.568360655737706	1719	1
50.56912568306011	812	1
50.58049180327869	2206	1
50.5835519125683	3255	1
50.587377049180326	2725	1
50.598196721311474	4444	1
50.60781420765027	3850	1
50.63142076502732	3480	1
50.63546448087432	2697	1
50.64808743169399	8782	1
50.66464480874317	4041	1
50.683169398907104	1431	1
50.68819672131148	5970	1
50.68863387978142	3964	1
50.695245901639346	2204	1
50.69857923497268	6801	1
50.699234972677594	2521	1
50.70010928961748	1692	1
50.714043715847	5148	1
50.720163934426225	7914	1
50.730765027322406	9276	1
50.7555737704918	6726	1
50.77639344262295	9091	1
50.78103825136612	976	1
50.79010928961748	2437	1
50.79819672131147	2246	1
50.80289617486339	9463	1
50.853442622950816	2	1
