0.10826448087431693	8737	1
0.15693934426229508	170	1
0.15998415300546448	6224	1
0.1838863387978142	6177	1
0.2734934426229508	2270	1
0.2887262295081967	1310	1
0.30410437158469944	7696	1
0.3247218579234973	4303	1
0.3505256830601093	4411	1
0.3559295081967213	1533	1
0.40371639344262295	150	1
0.44013005464480875	1829	1
0.46478360655737705	9258	1
0.46539945355191253	6259	1
0.5111568306010928	8268	1
0.5263081967213115	422	1
0.6060491803278688	2894	1
0.6141366120218579	4703	1
0.6362841530054644	2627	1
0.6472732240437158	7271	1
0.6609781420765027	4050	1
0.6902349726775956	3378	1
0.6975027322404371	1635	1
0.7057868852459016	7801	1
0.7102732240437158	582	1
0.7190437158469944	6934	1
0.7238196721311475	6033	1
0.7395846994535519	8866	1
0.7575792349726777	6049	1
0.7684918032786886	2168	1
0.809808743169399	3753	1
0.8527213114754097	8648	1
0.8530327868852459	5679	1
0.8721092896174863	6362	1
0.8904754098360657	8763	1
0.896448087431694	9852	1
0.9198142076502732	7177	1
0.9285573770491803	9808	1
1.0061038251366121	7453	1
1.0899344262295083	123	1
1.1015300546448086	9715	1
1.1479562841530055	1026	1
1.162846994535519	4773	1
1.1689071038251366	3936	1
1.1912622950819671	2321	1
1.2053005464480875	21	1
1.2134972677595628	6906	1
1.2273770491803278	8039	1
1.2938251366120217	4166	1
1.3141803278688524	9731	1
1.3362677595628416	944	1
1.4273989071038253	1463	1
1.4354918032786885	4485	1
1.4680273224043716	1769	1
1.486743169398907	2564	1
1.4868032786885246	495	1
1.4979344262295082	6071	1
1.5176065573770492	1471	1
1.527448087431694	8197	1
1.5307923497267761	3053	1
1.553377049180328	9683	1
1.574584699453552	1526	1
1.603256830601093	1346	1
1.603704918032787	6460	1
1.6480655737704917	784	1
1.6743661202185793	5128	1
1.7323387978142075	6108	1
1.7485628415300547	80	1
1.7791420765027322	1681	1
1.7882568306010929	5859	1
1.8113879781420763	9010	1
1.8504699453551914	5333	1
1.8547814207650273	782	1
1.9203825136612023	7549	1
2.012262295081967	9377	1
2.1204262295081966	2273	1
2.1577377049180324	1500	1
2.1579781420765025	1380	1
2.1758633879781417	685	1
2.179125683060109	7448	1
2.268710382513661	9096	1
2.2904043715846996	7708	1
2.302535519125683	5567	1
2.3223333333333334	7554	1
2.345196721311475	2368	1
2.370289617486339	7391	1
2.392382513661202	3586	1
2.4753497267759563	7370	1
2.5467486338797816	1155	1
2.5716557377049183	6068	1
2.593486338797814	2473	1
2.613322404371585	8369	1
2.619158469945355	3444	1
2.6433551912568305	7011	1
2.6582677595628414	6092	1
2.667650273224044	7858	1
2.66920218579235	4302	1
2.678819672131148	4564	1
2.6956284153005465	2840	1
2.70651912568306	1679	1
2.7297595628415303	6347	1
2.7298579234972675	1200	1
2.7575956284153005	6101	1
2.760934426229508	4933	1
2.77703825136612	7559	1
2.7993715846994536	7659	1
2.8228852459016394	3691	1
2.8414644808743166	156	1
2.852808743169399	583	1
2.870267759562841	388	1
2.8812677595628413	876	1
2.884060109289617	4449	1
2.93072131147541	1003	1
2.9362513661202185	6291	1
3.0009016393442622	9772	1
3.0137868852459015	6345	1
3.0285792349726774	8277	1
3.044327868852459	9885	1
3.0987868852459015	1986	1
3.1315737704918036	9209	1
3.133710382513661	9312	1
3.191464480874317	1289	1
3.191606557377049	9612	1
3.1986284153005466	1991	1
3.229726775956284	3534	1
3.234737704918033	3178	1
3.265775956284153	600	1
3.291071038251366	7963	1
3.3189289617486337	6749	1
3.337016393442623	5725	1
3.3535956284153	1532	1
3.3718360655737705	6378	1
3.3798360655737705	4902	1
3.428010928961749	1854	1
3.4293497267759565	470	1
3.479	7898	1
3.5257377049180327	5428	1
3.542224043715847	8478	1
3.549551912568306	2866	1
3.5948743169398907	3543	1
3.623622950819672	7706	1
3.624852459016393	2890	1
3.6408907103825134	7269	1
3.6502841530054644	8358	1
3.683311475409836	1604	1
3.6848797814207646	4954	1
3.7033005464480873	5558	1
3.7227595628415298	7468	1
3.7310437158469947	5601	1
3.7778688524590165	4751	1
3.787229508196721	4260	1
3.814273224043716	7670	1
3.81851912568306	1766	1
3.860825136612022	2852	1
3.878841530054645	216	1
3.880890710382513	4396	1
3.911540983606557	4108	1
4.006382513661202	4113	1
4.066502732240437	450	1
4.137147540983606	7317	1
4.179950819672131	4600	1
4.2109617486338795	5557	1
4.2236448087431695	4654	1
4.280273224043716	5378	1
4.281677595628415	3288	1
4.289579234972678	7673	1
4.299775956284153	3914	1
4.30304918032787	7208	1
4.378617486338798	3598	1
4.415885245901639	2914	1
4.4253497267759565	419	1
4.444846994535519	843	1
4.4664918032786876	4124	1
4.650540983606557	7526	1
4.679021857923497	3080	1
4.688142076502732	2174	1
4.696355191256831	4222	1
4.714972677595628	978	1
4.752169398907103	8326	1
4.7926448087431694	3182	1
4.799469945355192	4532	1
4.801956284153005	3802	1
4.920355191256831	577	1
5.041934426229508	2030	1
5.067661202185793	1344	1
5.1336939890710385	905	1
5.186546448087432	8055	1
5.194606557377049	8402	1
5.257469945355191	7684	1
5.331601092896174	5071	1
5.386256830601093	4520	1
5.552568306010929	2467	1
5.6085792349726775	9967	1
5.6204371584699455	9576	1
5.6675956284153	9524	1
5.6814207650273225	175	1
5.713825136612022	8323	1
5.726939890710383	4332	1
5.737595628415301	6383	1
5.741147540983606	2555	1
5.7686338797814205	9809	1
5.794918032786885	260	1
5.8348633879781415	1326	1
5.8569398907103825	9733	1
5.860928961748634	4269	1
5.871967213114754	9734	1
5.879180327868853	4343	1
5.883661202185793	1594	1
5.905737704918033	2495	1
5.9615300546448085	1250	1
6.0144808743169405	2683	1
6.028251366120219	7058	1
6.126065573770492	2406	1
6.156939890710382	2100	1
6.170218579234972	8036	1
6.177595628415301	7267	1
6.191857923497268	9241	1
6.216994535519126	3776	1
6.277322404371584	7106	1
6.291748633879782	7196	1
6.296010928961748	3477	1
6.322896174863388	3363	1
6.412732240437158	1606	1
6.419617486338798	4198	1
6.419617486338798	8992	1
6.497049180327869	1349	1
6.544644808743169	3762	1
6.583333333333333	6627	1
6.622349726775957	7430	1
6.626065573770491	4583	1
6.7575956284153005	9520	1
6.786885245901639	2810	1
6.841967213114754	987	1
6.887103825136612	5016	1
6.955027322404371	6448	1
7.011256830601092	9558	1
7.04327868852459	3519	1
7.043770491803278	9257	1
7.051311475409836	3821	1
7.156448087431694	9083	1
7.205519125683059	4242	1
7.237923497267759	6148	1
7.264371584699453	4844	1
7.272459016393443	4367	1
7.307158469945355	4757	1
7.3265573770491805	3617	1
7.33327868852459	2388	1
7.353661202185792	2109	1
7.360163934426229	7049	1
7.409453551912568	4115	1
7.459344262295082	788	1
7.478633879781421	343	1
7.479508196721311	5887	1
7.53551912568306	2494	1
7.54431693989071	405	1
7.557978142076503	3499	1
7.6894535519125675	1619	1
7.714535519125683	4968	1
7.714972677595628	5698	1
7.742349726775957	1205	1
7.762786885245902	856	1
7.774371584699453	8796	1
7.788087431693989	7357	1
7.8185792349726775	6216	1
7.863879781420765	6167	1
7.867322404371585	9111	1
7.872786885245902	6110	1
7.912568306010929	4081	1
7.924153005464481	1728	1
7.965464480874316	6130	1
7.986120218579235	5411	1
8.002841530054646	8749	1
8.066666666666666	239	1
8.073169398907103	8907	1
8.106885245901639	7838	1
8.124098360655736	1022	1
8.17568306010929	8912	1
8.192896174863387	2084	1
8.196502732240438	7037	1
8.213934426229509	4092	1
8.214316939890711	5682	1
8.252459016393443	4836	1
8.253005464480875	7416	1
8.261147540983606	4087	1
8.34327868852459	910	1
8.357267759562841	5466	1
8.358360655737705	6610	1
8.363333333333333	6004	1
8.370601092896175	3720	1
8.394754098360655	3233	1
8.409016393442622	4668	1
8.430546448087432	1965	1
8.460601092896175	1784	1
8.479836065573771	4842	1
8.54256830601093	8028	1
8.562131147540985	6489	1
8.59568306010929	5814	1
8.609945355191257	4613	1
8.610601092896175	7886	1
8.6375956284153	5213	1
8.64568306010929	4508	1
8.768415300546447	4851	1
8.774754098360656	1935	1
8.831092896174862	6886	1
8.854371584699454	4634	1
8.86448087431694	9217	1
8.87415300546448	7148	1
8.970710382513662	3079	1
8.973879781420766	8521	1
8.985573770491802	1378	1
9.028032786885245	3641	1
9.047322404371585	1475	1
9.055792349726776	4980	1
9.077158469945354	7928	1
9.093661202185793	3730	1
9.129726775956284	7521	1
9.134043715846994	6283	1
9.139945355191257	2384	1
9.206775956284153	4678	1
9.220601092896175	8805	1
9.223879781420765	9208	1
9.234371584699455	8035	1
9.27584699453552	5516	1
9.281420765027322	2673	1
9.314262295081967	6955	1
9.345081967213114	6827	1
9.406448087431695	8941	1
9.408196721311475	4615	1
9.439125683060109	6828	1
9.453224043715846	7823	1
9.501748633879782	5204	1
9.513333333333332	6406	1
9.518469945355193	2413	1
9.53256830601093	744	1
9.620273224043714	4872	1
9.776448087431694	1270	1
9.789945355191257	8733	1
9.821038251366119	9029	1
9.86191256830601	1704	1
9.938306010928962	7254	1
9.949398907103824	4742	1
9.96	1332	1
9.997540983606557	5613	1
10.004808743169399	1309	1
10.008852459016394	3976	1
10.020819672131147	1615	1
10.026666666666666	7972	1
10.041857923497268	1746	1
10.051967213114754	5341	1
10.083715846994535	2804	1
10.086830601092895	9579	1
10.163278688524588	768	1
10.182513661202186	6692	1
10.203333333333333	764	1
10.217868852459015	9821	1
10.271475409836064	2285	1
10.288469945355192	3139	1
10.293442622950819	9236	1
10.301256830601094	401	1
10.30502732240437	1686	1
10.370437158469944	9021	1
10.38071038251366	7389	1
10.39054644808743	7063	1
10.390601092896175	6234	1
10.411475409836065	6294	1
10.423989071038251	4297	1
10.435573770491802	5678	1
10.475081967213114	8138	1
10.49	2565	1
10.496502732240437	2332	1
10.548852459016393	7333	1
10.549562841530054	1067	1
10.55136612021858	5983	1
10.578688524590165	6707	1
10.599781420765028	1388	1
10.679289617486338	7330	1
10.682349726775955	3569	1
10.789234972677596	8159	1
10.799125683060108	3150	1
10.850546448087432	8045	1
10.853606557377049	1081	1
10.87191256830601	3227	1
10.873442622950819	5489	1
10.89295081967213	1883	1
10.954699453551914	4992	1
11.010819672131147	3278	1
11.048360655737705	5680	1
11.073333333333332	6073	1
11.085300546448089	8570	1
11.090710382513661	5657	1
11.095464480874316	7948	1
11.10743169398907	4702	1
11.133879781420765	7045	1
11.161092896174862	1724	1
11.166229508196722	4214	1
11.217158469945355	3665	1
11.22672131147541	9005	1
11.243551912568305	6207	1
11.26775956284153	4069	1
11.288196721311476	3523	1
11.308469945355192	2699	1
11.32103825136612	1573	1
11.356120218579235	5634	1
11.363879781420763	332	1
11.3948087431694	5272	1
11.452786885245901	5322	1
11.457158469945353	5643	1
11.47535519125683	8048	1
11.525519125683061	4344	1
11.526284153005465	6602	1
11.539726775956284	9765	1
11.55311475409836	5689	1
11.556065573770491	4629	1
11.562841530054646	8522	1
11.601584699453552	757	1
11.649234972677595	6069	1
11.65103825136612	5772	1
11.662185792349726	7950	1
11.67568306010929	3032	1
11.678306010928962	3213	1
11.71688524590164	7010	1
11.779453551912567	1529	1
11.791311475409836	2999	1
11.82983606557377	7895	1
11.831530054644809	3156	1
11.83535519125683	3132	1
11.855027322404371	1212	1
11.860109289617487	2754	1
11.861803278688525	4987	1
11.872677595628415	4395	1
11.893934426229508	6047	1
11.90584699453552	2343	1
11.92087431693989	2002	1
11.943934426229507	8375	1
11.956338797814206	8126	1
11.968415300546448	5527	1
11.987431693989071	2535	1
12.008196721311476	3101	1
12.053442622950818	1064	1
12.054972677595629	6379	1
12.076284153005465	9235	1
12.099180327868853	5547	1
12.109071038251367	8156	1
12.110163934426229	9750	1
12.138907103825137	2072	1
12.229562841530054	6803	1
12.240273224043717	1553	1
12.24431693989071	1143	1
12.254098360655737	8496	1
12.2775956284153	4657	1
12.290273224043716	8939	1
12.299726775956284	7613	1
12.31224043715847	5004	1
12.330655737704918	2970	1
12.400491803278687	4037	1
12.401967213114753	981	1
12.419016393442622	6485	1
12.421912568306011	8372	1
12.426994535519125	999	1
12.428251366120218	4511	1
12.440765027322405	5456	1
12.443606557377048	4310	1
12.474808743169397	1321	1
12.521748633879781	2066	1
12.533661202185792	6700	1
12.537868852459017	5018	1
12.589071038251365	3507	1
12.602677595628416	7979	1
12.615846994535518	4293	1
12.634808743169398	9303	1
12.64398907103825	7552	1
12.716939890710384	7875	1
12.742732240437158	5480	1
12.788142076502732	7853	1
12.841475409836066	7245	1
12.852513661202185	8232	1
12.857103825136612	2214	1
12.91672131147541	7736	1
12.942677595628416	9668	1
12.952622950819672	1516	1
12.960983606557377	3070	1
12.97950819672131	9718	1
12.984535519125682	2687	1
13.022786885245901	5069	1
13.070655737704918	2367	1
13.098032786885245	7234	1
13.11863387978142	7209	1
13.123387978142077	3048	1
13.131147540983607	8824	1
13.149016393442622	3357	1
13.203715846994536	4578	1
13.252021857923497	4575	1
13.281639344262295	528	1
13.330273224043715	2755	1
13.33486338797814	7484	1
13.344754098360655	6363	1
13.371693989071039	5434	1
13.496338797814207	1902	1
13.506612021857922	8489	1
13.529071038251367	5976	1
13.536448087431694	7927	1
13.544918032786885	5783	1
13.59775956284153	5205	1
13.64071038251366	1191	1
13.70639344262295	9962	1
13.721693989071039	6075	1
13.774863387978142	3234	1
13.832732240437158	1447	1
13.841912568306011	5574	1
13.850710382513661	3089	1
13.906338797814206	3496	1
13.926010928961748	5234	1
13.933989071038251	1798	1
13.965628415300547	3788	1
13.973387978142076	996	1
13.982896174863388	4669	1
14.030983606557378	5356	1
14.104808743169398	2955	1
14.12415300546448	2217	1
14.15327868852459	8702	1
14.166666666666666	3403	1
14.184043715846993	7392	1
14.21360655737705	1411	1
14.238688524590165	3902	1
14.248087431693989	3682	1
14.252131147540984	4473	1
14.267486338797815	946	1
14.270437158469946	4378	1
14.297650273224043	3212	1
14.315245901639344	1743	1
14.341311475409835	2164	1
14.36256830601093	3922	1
14.420819672131147	3292	1
14.4472131147541	1239	1
14.571311475409837	5251	1
14.602131147540984	9167	1
14.638469945355192	3921	1
14.640983606557377	8484	1
14.669672131147541	1815	1
14.680765027322403	2996	1
14.71120218579235	2816	1
14.714754098360656	1765	1
14.72535519125683	6288	1
14.74486338797814	7326	1
14.750491803278688	9998	1
14.75393442622951	586	1
14.76431693989071	8753	1
14.92120218579235	3874	1
14.932677595628414	7891	1
14.93273224043716	4860	1
14.943224043715848	9242	1
14.944754098360654	5525	1
14.98	5727	1
15.026557377049182	5929	1
15.060983606557375	1194	1
15.128688524590162	3727	1
15.140819672131146	5616	1
15.246775956284152	5053	1
15.269071038251365	7054	1
15.30792349726776	4845	1
15.310710382513662	1565	1
15.36688524590164	7033	1
15.39016393442623	9340	1
15.415901639344261	8308	1
15.546939890710384	8794	1
15.580765027322405	717	1
15.582459016393443	9315	1
15.588142076502733	469	1
15.58934426229508	5818	1
15.606065573770492	3111	1
15.629617486338798	821	1
15.639125683060108	616	1
15.675081967213114	1054	1
15.70415300546448	2880	1
15.736338797814208	4191	1
15.741475409836065	2636	1
15.755245901639343	6356	1
15.80415300546448	6714	1
15.892240437158469	8541	1
15.954480874316939	7630	1
15.95808743169399	5447	1
16.074098360655736	9343	1
16.116666666666667	5211	1
16.124153005464482	7964	1
16.138579234972678	9608	1
16.146338797814206	3524	1
16.209562841530055	5264	1
16.266502732240436	4777	1
16.323169398907105	2522	1
16.333879781420766	7921	1
16.349945355191256	889	1
16.392131147540983	3391	1
16.41704918032787	8848	1
16.481475409836065	3067	1
16.484590163934428	3795	1
16.508306010928962	4689	1
16.527049180327868	3640	1
16.536284153005465	6165	1
16.545191256830602	4970	1
16.594207650273223	1551	1
16.606174863387977	5462	1
16.625081967213113	6870	1
16.637213114754097	1579	1
16.66207650273224	2264	1
16.745245901639343	8915	1
16.847213114754098	5332	1
16.85606557377049	5564	1
16.87327868852459	3764	1
16.893661202185793	8618	1
16.941803278688525	7990	1
16.95169398907104	7367	1
17.049071038251366	4181	1
17.077704918032786	5926	1
17.08568306010929	1273	1
17.09054644808743	4267	1
17.09912568306011	2137	1
17.118142076502732	4128	1
17.121693989071037	2354	1
17.12628415300546	3868	1
17.153005464480874	6080	1
17.206448087431696	9586	1
17.211912568306012	3819	1
17.217322404371583	9698	1
17.27431693989071	3983	1
17.275409836065574	2500	1
17.29896174863388	8087	1
17.30032786885246	688	1
17.31448087431694	2419	1
17.3227868852459	7434	1
17.325683060109288	3815	1
17.340054644808742	4046	1
17.34245901639344	8513	1
17.365245901639344	6560	1
17.40792349726776	6153	1
17.409562841530054	1918	1
17.44398907103825	2480	1
17.476994535519125	4714	1
17.479945355191255	4168	1
17.515245901639346	5366	1
17.536939890710382	8075	1
17.543661202185792	1145	1
17.545956284153007	1657	1
17.557704918032787	2095	1
17.597704918032786	3827	1
17.629726775956282	8382	1
17.655628415300544	5102	1
17.669617486338797	5801	1
17.700109289617487	5087	1
17.717704918032787	5218	1
17.74382513661202	2476	1
17.801693989071037	3904	1
17.82448087431694	9637	1
17.82540983606557	8704	1
17.833333333333332	9634	1
17.84415300546448	9806	1
17.87502732240437	2832	1
17.880437158469945	1183	1
17.893005464480876	8554	1
17.909562841530054	8756	1
17.91344262295082	3732	1
17.9651912568306	430	1
17.96551912568306	8432	1
17.968032786885246	2788	1
17.988196721311475	4011	1
17.995136612021856	3000	1
18.032131147540984	2937	1
18.035628415300547	9085	1
18.060765027322404	7289	1
18.073551912568306	7790	1
18.075081967213116	1486	1
18.112896174863387	739	1
18.117540983606556	3540	1
18.146502732240435	2570	1
18.17754098360656	2234	1
18.207486338797814	8560	1
18.230874316939893	4513	1
18.230983606557377	9766	1
18.266010928961748	8803	1
18.270273224043716	6314	1
18.323060109289617	5771	1
18.32983606557377	3356	1
18.34174863387978	6211	1
18.378907103825135	8220	1
18.396502732240435	4482	1
18.40081967213115	5429	1
18.417650273224044	2004	1
18.420273224043715	8815	1
18.42306010928962	8088	1
18.423879781420766	9598	1
18.439234972677593	6636	1
18.47967213114754	6926	1
18.49551912568306	782	0
18.507868852459016	2674	1
18.518032786885247	4295	1
18.53224043715847	4223	1
18.532677595628417	1601	1
18.5424043715847	8550	1
18.55207650273224	9020	1
18.568415300546448	6094	1
18.589180327868853	4794	1
18.60158469945355	9493	1
18.60344262295082	8158	1
18.61808743169399	3816	1
18.62704918032787	5805	1
18.713333333333335	6556	1
18.72590163934426	115	1
18.735846994535517	3305	1
18.756448087431696	1815	0
18.77655737704918	1915	1
18.829398907103823	5832	1
18.887704918032785	5274	1
18.88830601092896	2910	1
18.89551912568306	3371	1
18.9248087431694	2563	1
18.94655737704918	3166	1
18.96344262295082	3671	1
18.973551912568304	1631	1
18.990928961748633	5415	1
18.993934426229508	2516	1
19.038360655737705	6754	1
19.038852459016393	6260	1
19.041803278688526	5744	1
19.0427868852459	293	1
19.060765027322404	448	1
19.093879781420767	7693	1
19.157267759562842	4521	1
19.175628415300547	6084	1
19.179781420765025	9039	1
19.1851912568306	5301	1
19.185355191256832	949	1
19.242295081967214	3828	1
19.308524590163934	3034	1
19.3224043715847	4324	1
19.340928961748634	6660	1
19.362677595628416	5167	1
19.384754098360656	1320	1
19.468579234972676	7127	1
19.485683060109288	9910	1
19.48863387978142	286	1
19.497322404371584	7790	0
19.516830601092895	1668	1
19.52655737704918	8948	1
19.53136612021858	4217	1
19.536338797814206	984	1
19.537486338797816	9985	1
19.544590163934426	7508	1
19.560546448087432	4796	1
19.562459016393444	7297	1
19.618524590163933	1231	1
19.644972677595625	9013	1
19.650437158469945	5065	1
19.7579781420765	417	1
19.76382513661202	2186	1
19.772021857923498	8782	1
19.834972677595626	5498	1
19.83622950819672	6915	1
19.895792349726776	5989	1
19.904590163934426	9304	1
19.92327868852459	3659	1
19.951693989071035	9798	1
19.954262295081968	5924	1
20.002295081967215	333	1
20.010874316939887	3210	1
20.047704918032785	9297	1
20.053606557377048	1368	1
20.069890710382513	5979	1
20.071202185792348	8819	1
20.07928961748634	9653	1
20.099234972677593	8291	1
20.102459016393443	2605	1
20.119945355191255	956	1
20.139125683060108	5286	1
20.153333333333332	398	1
20.183770491803276	8758	1
20.20568306010929	2632	1
20.255628415300546	7662	1
20.2727868852459	9572	1
20.277704918032786	9014	1
20.286010928961748	4960	1
20.301366120218578	9387	1
20.30693989071038	6808	1
20.349071038251367	8506	1
20.354043715846995	1653	1
20.374316939890708	2194	1
20.38792349726776	6057	1
20.47360655737705	1674	1
20.477868852459018	3700	1
20.479781420765026	3757	1
20.490327868852457	3361	1
20.49983606557377	5602	1
20.50486338797814	319	1
20.541256830601093	5099	1
20.549945355191255	8443	1
20.573879781420764	7212	1
20.57415300546448	5960	1
20.59377049180328	9644	1
20.61344262295082	9828	1
20.636284153005462	7746	1
20.646229508196722	2579	1
20.65191256830601	8297	1
20.694207650273224	9518	1
20.716666666666665	2993	1
20.737158469945353	7576	1
20.739016393442622	2510	1
20.740655737704916	2887	1
20.762021857923497	7857	1
20.764918032786884	2253	1
20.76530054644809	7187	1
20.768743169398906	8221	1
20.782622950819672	7178	1
20.84393442622951	5157	1
20.865792349726775	6601	1
20.867431693989072	559	1
20.909726775956283	6058	1
20.93633879781421	1473	1
20.941748633879783	2925	1
20.95262295081967	6052	1
20.968142076502733	162	1
20.968196721311475	7220	1
21.025846994535517	8394	1
21.039890710382515	5374	1
21.040273224043716	3886	1
21.044426229508197	6519	1
21.051475409836065	7616	1
21.062021857923497	4864	1
21.07912568306011	6307	1
21.1220218579235	4538	1
21.174535519125683	3442	1
21.243497267759565	7770	1
21.257595628415302	8924	1
21.359289617486336	339	1
21.372295081967213	2539	1
21.399071038251368	6442	1
21.426120218579236	7445	1
21.450382513661204	8330	1
21.463169398907105	3392	1
21.468087431693988	9184	1
21.495136612021856	456	1
21.540601092896175	369	1
21.542677595628415	5713	1
21.621311475409836	572	1
21.63327868852459	9025	1
21.688196721311474	7227	1
21.714371584699453	7583	1
21.722349726775956	554	1
21.74224043715847	8872	1
21.809398907103827	3330	1
21.81311475409836	4633	1
21.87704918032787	5124	1
21.93622950819672	3710	1
21.9903825136612	6909	1
22.012622950819672	9503	1
22.022185792349728	3813	1
22.069016393442624	2107	1
22.1027868852459	7001	1
22.110655737704917	6173	1
22.138688524590165	7870	1
22.16464480874317	7249	1
22.167213114754098	2815	1
22.212513661202188	7473	1
22.22775956284153	3332	1
22.24846994535519	3989	1
22.258688524590166	4778	1
22.28065573770492	3100	1
22.28415300546448	6884	1
22.306830601092894	3951	1
22.330273224043715	1387	1
22.332732240437156	1626	1
22.335409836065573	4805	1
22.343005464480875	5891	1
22.34426229508197	5296	1
22.377103825136615	1006	1
22.389234972677595	3991	1
22.39	6495	1
22.402131147540985	4918	1
22.41863387978142	2991	1
22.446885245901637	6445	1
22.486065573770492	7835	1
22.507377049180327	7590	1
22.514535519125683	5050	1
22.552131147540983	8987	1
22.564535519125684	271	1
22.56513661202186	2483	1
22.572896174863388	2610	1
22.589398907103828	4444	1
22.66972677595628	9459	1
22.674754098360655	2501	1
22.675573770491802	8829	1
22.684699453551914	3127	1
22.693934426229507	9958	1
22.69661202185792	5342	1
22.699125683060107	6418	1
22.70393442622951	8134	1
22.726666666666667	4763	1
22.739071038251364	6718	1
22.75464480874317	402	1
22.77191256830601	5931	1
22.77606557377049	530	1
22.803278688524593	5410	1
22.81601092896175	9589	1
22.83142076502732	7122	1
22.902841530054644	9192	1
22.949562841530053	7700	1
22.959398907103825	7780	1
22.963879781420765	4863	1
22.967650273224045	979	1
23.054754098360654	6423	1
23.056338797814206	1399	1
23.060983606557375	7648	1
23.11846994535519	1980	1
23.167923497267758	8537	1
23.17950819672131	6658	1
23.225136612021856	2553	1
23.250819672131144	5421	1
23.307158469945353	8152	1
23.365245901639344	6429	1
23.367486338797814	645	1
23.380491803278687	113	1
23.38551912568306	2787	1
23.389344262295083	8270	1
23.394535519125686	2288	1
23.394918032786887	8779	1
23.40295081967213	1374	1
23.40879781420765	3142	1
23.430491803278688	6017	1
23.49622950819672	4460	1
23.505737704918033	2339	1
23.538415300546447	6564	1
23.547322404371585	1528	1
23.558524590163934	2432	1
23.56207650273224	845	1
23.613387978142075	7742	1
23.64366120218579	1608	1
23.6631693989071	6405	1
23.66841530054645	6790	1
23.682185792349728	5302	1
23.734043715846994	2768	1
23.75551912568306	9318	1
23.78049180327869	8356	1
23.782240437158467	4287	1
23.802459016393442	3027	1
23.81918032786885	3138	1
23.86398907103825	5143	1
23.900928961748633	6717	1
23.923442622950816	6050	1
23.924535519125683	1962	1
23.925245901639343	828	1
23.928251366120218	8610	1
23.92967213114754	1729	1
23.931639344262294	4489	1
23.947704918032784	8002	1
23.954918032786885	7186	1
23.96497267759563	1031	1
24.027650273224044	3272	1
24.05224043715847	7098	1
24.057267759562844	1903	1
24.09617486338798	1045	1
24.10224043715847	3106	1
24.10224043715847	6907	1
24.10327868852459	8760	1
24.11939890710382	4362	1
24.229562841530054	7455	1
24.249344262295082	6082	1
24.285792349726776	4322	1
24.35344262295082	85	1
24.359234972677598	9918	1
24.376939890710382	5309	1
24.40153005464481	3448	1
24.432185792349724	1071	1
24.523224043715846	1191	0
24.543606557377046	8831	1
24.558469945355192	9019	1
24.584043715846995	2580	1
24.591639344262294	2939	1
24.603715846994533	6806	1
24.61393442622951	4990	1
24.67568306010929	6051	1
24.721475409836064	6043	1
24.727868852459018	9348	1
24.751584699453552	2169	1
24.80896174863388	1623	1
24.83601092896175	9475	1
24.842513661202183	1181	1
24.852021857923496	8904	1
24.857540983606558	70	1
24.876775956284153	6282	1
24.896338797814206	4665	1
24.908907103825136	5840	1
24.96672131147541	5443	1
25.01398907103825	1792	1
25.05366120218579	2733	1
25.058306010928963	3653	1
25.064644808743168	6532	1
25.067540983606555	7361	1
25.081967213114755	5730	1
25.09857923497268	3551	1
25.115519125683058	5318	1
25.12180327868852	3269	1
25.131693989071035	1736	1
25.134316939890713	2886	1
25.158907103825136	7729	1
25.16333333333333	112	1
25.24344262295082	9099	1
25.2672131147541	3629	1
25.350601092896174	301	1
25.354808743169396	7649	1
25.374207650273224	2550	1
25.379781420765028	9708	1
25.386502732240437	8568	1
25.395464480874317	1560	1
25.46743169398907	1905	1
25.47814207650273	3731	1
25.50540983606557	6178	1
25.50786885245902	1802	1
25.543224043715846	6144	1
25.55568306010929	9730	1
25.587486338797813	3683	1
25.58808743169399	9468	1
25.596994535519126	5510	1
25.606666666666666	2720	1
25.61688524590164	9926	1
25.642349726775958	9818	1
25.69497267759563	877	1
25.695464480874318	8371	1
25.75453551912568	4600	0
25.756120218579234	4621	1
25.763333333333332	4949	1
25.779453551912567	1523	1
25.79792349726776	8124	1
25.801366120218578	3579	1
25.813333333333333	9513	1
25.875245901639342	4112	1
25.90306010928962	6694	1
25.948142076502734	443	1
25.97808743169399	1483	1
25.98896174863388	2352	1
25.991147540983608	2051	1
25.994754098360655	8145	1
26.009562841530055	1525	1
26.01808743169399	7820	1
26.09174863387978	5768	1
26.096502732240438	7217	1
26.15021857923497	4013	1
26.185245901639345	637	1
26.18808743169399	4413	1
26.211584699453553	3300	1
26.21672131147541	3839	1
26.234754098360654	5860	1
26.247267759562842	2746	1
26.250874316939893	937	1
26.26497267759563	8634	1
26.271967213114753	6286	1
26.274371584699455	5529	1
26.280327868852456	6918	1
26.30054644808743	855	1
26.32	8179	1
26.32224043715847	9325	1
26.326065573770492	3786	1
26.33775956284153	2859	1
26.344153005464477	3666	1
26.347868852459015	9093	1
26.377103825136615	8812	1
26.38174863387978	7546	1
26.39	9999	1
26.390819672131148	1505	1
26.428032786885243	7282	1
26.467814207650274	7845	1
26.489945355191256	223	1
26.50415300546448	1283	1
26.516830601092895	1138	1
26.528196721311478	8766	1
26.55726775956284	9001	1
26.569398907103825	8830	1
26.57863387978142	4209	1
26.597049180327872	3837	1
26.616775956284155	2552	1
26.63655737704918	7509	1
26.65808743169399	7719	1
26.66327868852459	8243	1
26.713989071038252	8037	1
26.731475409836065	3312	1
26.740327868852457	1603	1
26.74103825136612	3893	1
26.74945355191257	7352	1
26.76136612021858	8687	1
26.764371584699454	4859	1
26.79546448087432	8400	1
26.816338797814204	2076	1
26.84502732240437	8825	1
26.848032786885245	7251	1
26.867158469945355	8718	1
26.878579234972676	7571	1
26.878852459016393	9358	1
26.879781420765024	8593	1
26.90295081967213	916	1
26.90688524590164	5834	1
26.93021857923497	3298	1
26.93579234972678	2439	1
26.93989071038251	4334	1
26.97136612021858	7846	1
27.005464480874316	8989	1
27.007377049180327	3495	1
27.018032786885247	9067	1
27.03693989071038	3387	1
27.047158469945355	3416	1
27.058087431693988	7005	1
27.058524590163934	662	1
27.084098360655737	4250	1
27.08469945355191	2918	1
27.09415300546448	873	1
27.14136612021858	3696	1
27.149071038251364	7446	1
27.159508196721312	6775	1
27.175628415300547	4053	1
27.186666666666667	3158	1
27.24142076502732	5463	1
27.271967213114753	1747	1
27.279617486338797	9220	1
27.294699453551914	2272	1
27.320765027322405	9565	1
27.322131147540983	7728	1
27.322896174863388	2113	1
27.32448087431694	7114	1
27.35622950819672	3343	1
27.35907103825137	909	1
27.370382513661202	3576	1
27.41912568306011	2978	1
27.443934426229507	2277	1
27.450928961748634	2697	1
27.474426229508197	5369	1
27.47967213114754	602	1
27.53983606557377	7637	1
27.570928961748635	995	1
27.57573770491803	1100	1
27.591693989071036	5073	1
27.62743169398907	2024	1
27.629945355191257	35	1
27.63677595628415	924	1
27.668032786885245	2345	1
27.691748633879783	5255	1
27.698469945355193	3177	1
27.73016393442623	5290	1
27.743387978142078	2324	1
27.767868852459014	9611	1
27.774699453551914	6424	1
27.77912568306011	9944	1
27.780819672131148	9094	1
27.790218579234974	3814	1
27.819726775956283	8275	1
27.850054644808743	3388	1
27.855409836065572	6127	1
27.91191256830601	2802	1
27.943224043715844	4100	1
27.948360655737705	8141	1
27.999344262295082	8024	1
28.00262295081967	4116	1
28.075081967213112	1850	1
28.088961748633878	2179	1
28.098907103825137	4230	1
28.121311475409836	9159	1
28.124098360655736	3010	1
28.12568306010929	8586	1
28.169945355191256	2226	1
28.174426229508196	9627	1
28.178196721311473	9287	1
28.18327868852459	7715	1
28.222622950819673	382	1
28.24688524590164	4146	1
28.250983606557377	6251	1
28.336994535519125	3873	1
28.342349726775957	9690	1
28.356174863387977	9145	1
28.363169398907104	9774	1
28.363606557377047	8971	1
28.368142076502732	3635	1
28.40322404371585	1831	1
28.442185792349726	1052	1
28.469398907103823	7121	1
28.483169398907105	2708	1
28.490327868852457	8388	1
28.497650273224043	1874	1
28.52562841530055	3035	1
28.53224043715847	1826	1
28.571584699453553	3884	1
28.619344262295083	7772	1
28.629234972677594	9688	1
28.636502732240437	3445	1
28.63693989071038	6566	1
28.652568306010927	7199	1
28.661475409836065	5700	1
28.665628415300546	3556	1
28.666830601092897	5593	1
28.679180327868853	5952	1
28.686393442622947	9284	1
28.692513661202184	2062	1
28.694535519125683	4909	1
28.722568306010928	9755	1
28.72366120218579	6364	1
28.741147540983604	9075	1
28.74912568306011	5101	1
28.751475409836065	7579	1
28.75224043715847	8524	1
28.803387978142077	2793	1
28.808032786885246	5635	1
28.80874316939891	2338	1
28.83234972677596	5418	1
28.833333333333332	6231	1
28.880054644808745	82	1
28.89551912568306	4402	1
28.929071038251365	4683	1
28.944863387978142	1350	1
28.962021857923496	5077	1
28.962185792349725	8879	1
29.077322404371586	8479	1
29.137158469945355	6807	1
29.153333333333332	2448	1
29.20726775956284	9876	1
29.244863387978143	8674	1
29.25032786885246	8250	1
29.253934426229506	8461	1
29.262404371584697	9374	1
29.278360655737703	6515	1
29.342131147540982	3810	1
29.345792349726775	335	1
29.376830601092895	2506	1
29.400437158469945	4421	1
29.43950819672131	7480	1
29.496284153005462	8233	1
29.506284153005467	2181	1
29.53502732240437	372	1
29.537322404371583	9917	1
29.598032786885245	321	1
29.598852459016395	3961	1
29.657704918032785	782	1
29.6807650273224	4056	1
29.693934426229507	9398	1
29.70327868852459	3537	1
29.71109289617486	3622	1
29.775300546448086	151	1
29.799453551912567	1423	1
29.80628415300546	1465	1
29.815519125683057	1173	1
29.820601092896176	9848	1
29.852568306010927	5520	1
29.888797814207653	955	1
29.93562841530055	3030	1
29.957978142076502	2306	1
29.985628415300546	8182	1
29.986994535519123	8363	1
30.003387978142076	1104	1
30.027103825136614	7819	1
30.030327868852456	7632	1
30.037049180327866	7518	1
30.071202185792348	7369	1
30.075464480874317	4158	1
30.085027322404372	2780	1
30.086338797814207	2704	1
30.119016393442624	1636	1
30.130819672131146	1264	1
30.137049180327868	5653	1
30.149781420765024	3380	1
30.16327868852459	7103	1
30.196120218579235	3319	1
30.20622950819672	8790	1
30.2151912568306	3069	1
30.217923497267762	9900	1
30.222131147540985	2582	1
30.235300546448087	4514	1
30.26251366120219	3145	1
30.27448087431694	4107	1
30.27830601092896	9749	1
30.28792349726776	9967	0
30.308852459016393	5354	1
30.352513661202185	4342	1
30.358961748633877	4470	1
30.362677595628416	6318	1
30.36464480874317	7679	1
30.369016393442624	2325	1
30.442622950819672	7039	1
30.47551912568306	9174	1
30.542786885245903	5756	1
30.55049180327869	1211	1
30.555956284153005	2347	1
30.56311475409836	9381	1
30.578306010928962	7401	1
30.61606557377049	100	1
30.618579234972675	8254	1
30.626448087431694	2144	1
30.66469945355191	9933	1
30.665792349726775	7721	1
30.745245901639347	9814	1
30.789180327868852	8625	1
30.79344262295082	2484	1
30.79950819672131	8151	1
30.80890710382514	2572	1
30.87879781420765	4920	1
30.885628415300545	4139	1
30.905628415300544	7183	1
30.908251366120215	6839	1
30.91524590163934	258	1
30.920218579234973	3969	1
30.94087431693989	2747	1
30.943825136612023	1065	1
30.9496174863388	7179	1
30.96808743169399	1252	1
30.971475409836064	3620	1
30.992459016393443	5570	1
30.993661202185795	4248	1
31.0344262295082	8813	1
31.046502732240437	5384	1
31.10644808743169	9626	1
31.152349726775956	6559	1
31.168360655737704	4118	1
31.200983606557376	4927	1
31.203333333333333	3997	1
31.23879781420765	2845	1
31.280655737704915	9444	1
31.298688524590162	5109	1
31.32245901639344	2821	1
31.435901639344262	6087	1
31.450819672131146	2108	1
31.460928961748632	29	1
31.479617486338796	3379	1
31.494699453551913	5231	1
31.515464480874314	6879	1
31.520109289617483	3204	1
31.539071038251365	6152	1
31.557868852459016	1059	1
31.55918032786885	465	1
31.580874316939887	1185	1
31.59726775956284	2438	1
31.628306010928963	7997	1
31.631256830601092	6640	1
31.634863387978143	5385	1
31.637267759562842	2329	1
31.647650273224045	7336	1
31.671092896174862	7436	1
31.67639344262295	3382	1
31.681420765027323	3354	1
31.689562841530055	3560	1
31.73502732240437	5170	1
31.7355737704918	9286	1
31.753005464480875	1343	1
31.76180327868852	3281	1
31.768907103825136	3469	1
31.773060109289617	3326	1
31.788251366120218	888	1
31.79207650273224	7456	1
31.7996174863388	8959	1
31.812513661202185	3967	1
31.81431693989071	8957	1
31.841092896174864	7922	1
31.843278688524588	1900	1
31.86289617486339	1409	1
31.87366120218579	8236	1
31.882185792349723	7396	1
31.89666666666667	5235	1
31.908524590163935	8473	1
31.979890710382513	813	1
32.00071038251366	4888	1
32.00562841530054	5032	1
32.00655737704918	5668	1
32.02092896174863	2488	1
32.0363387978142	5351	1
32.06404371584699	2250	1
32.07262295081967	3988	1
32.08688524590164	6270	1
32.09693989071038	9912	1
32.098579234972675	1814	1
32.13289617486339	1591	1
32.13366120218579	3498	1
32.14863387978142	9017	1
32.1844262295082	6189	1
32.223278688524594	4965	1
32.23344262295082	9163	1
32.23688524590164	2743	1
32.26530054644809	752	1
32.288360655737705	5126	1
32.30043715846994	1688	1
32.309234972677594	432	1
32.33311475409836	6358	1
32.33693989071038	2257	1
32.36683060109289	1864	1
32.36737704918033	4765	1
32.38704918032787	4270	1
32.40655737704918	7952	1
32.4068306010929	9179	1
32.42448087431694	1123	1
32.436174863387976	9945	1
32.47382513661202	9762	1
32.50639344262295	1898	1
32.53486338797814	3934	1
32.55087431693989	5156	1
32.55163934426229	9438	1
32.55355191256831	912	1
32.56109289617486	6102	1
32.64218579234973	5476	1
32.65677595628415	2945	1
32.67546448087432	2311	1
32.67710382513661	951	1
32.677650273224046	3855	1
32.696284153005465	2670	1
32.71535519125683	5442	1
32.725901639344265	9382	1
32.74486338797814	9577	1
32.75710382513661	4156	1
32.76103825136612	5991	1
32.77120218579235	3609	1
32.77874316939891	8085	1
32.778907103825134	5098	1
32.78732240437159	2652	1
32.7896174863388	9813	1
32.7896174863388	970	1
32.79185792349727	4642	1
32.80874316939891	1520	1
32.875191256830604	3229	1
32.88109289617486	7794	1
32.887868852459015	1957	1
32.920054644808744	5153	1
32.93491803278689	8467	1
32.94005464480875	8614	1
32.97901639344262	5496	1
32.98530054644809	7019	1
32.98551912568306	3582	1
32.98672131147541	3536	1
33.01054644808743	436	1
33.01677595628415	6893	1
33.03814207650273	6860	1
33.03912568306011	6477	1
33.03928961748634	9199	1
33.0527868852459	3723	1
33.06972677595628	378	1
33.089344262295086	1658	1
33.10087431693989	1079	1
33.10295081967213	2983	1
33.10300546448087	2223	1
33.10333333333333	8101	1
33.103497267759565	9883	1
33.10781420765027	7605	1
33.114699453551914	7291	1
33.12377049180328	3980	1
33.17551912568306	493	1
33.189890710382514	4988	1
33.22125683060109	2691	1
33.235956284153005	773	1
33.243879781420766	7449	1
33.24972677595628	5796	1
33.28256830601093	5531	1
33.28704918032787	6499	1
33.29989071038251	3602	1
33.32775956284153	4670	1
33.33573770491803	5469	1
33.3375956284153	3147	1
33.3524043715847	8104	1
33.35699453551913	8566	1
33.36573770491803	6791	1
33.36748633879781	1780	1
33.36775956284153	5886	1
33.36792349726776	6428	1
33.3727868852459	7635	1
33.39032786885246	3962	1
33.40524590163935	6678	1
33.43338797814207	7800	1
33.45366120218579	957	1
33.46830601092896	6696	1
33.48224043715847	2365	1
33.506120218579234	1929	1
33.517377049180325	6140	1
33.51825136612022	1851	1
33.522185792349724	5321	1
33.532786885245905	4274	1
33.54109289617487	8837	1
33.552896174863385	6810	1
33.557486338797816	3097	1
33.589562841530054	3453	1
33.59803278688525	7970	1
33.61683060109289	3256	1
33.65830601092896	2616	1
33.66672131147541	8171	1
33.67672131147541	2279	1
33.67918032786885	6569	1
33.691693989071034	3175	1
33.69256830601093	1955	1
33.70131147540984	786	1
33.715409836065575	8746	1
33.71546448087432	6103	1
33.71841530054645	4088	1
33.73644808743169	1777	1
33.75295081967213	8685	1
33.77311475409836	9559	1
33.78136612021858	5115	1
33.785355191256826	7107	1
33.78595628415301	9678	1
33.79907103825136	2649	1
33.80841530054644	3199	1
33.8155737704918	173	1
33.89147540983606	4043	1
33.90043715846994	6421	1
33.91010928961749	7041	1
33.93502732240437	9904	1
33.9707650273224	8009	1
34.01464480874317	3693	1
34.026010928961746	327	1
34.082841530054644	4826	1
34.08743169398907	6355	1
34.098196721311474	7125	1
34.101584699453554	763	1
34.11524590163934	1832	1
34.12573770491803	9395	1
34.1272131147541	883	1
34.13841530054645	1732	1
34.143060109289614	6196	1
34.14808743169399	8292	1
34.153934426229505	4089	1
34.170928961748636	7733	1
34.18896174863388	4525	1
34.21327868852459	7769	1
34.22486338797815	3709	1
34.2327868852459	9156	1
34.28497267759563	8396	1
34.28754098360656	3074	1
34.30497267759563	6199	1
34.30994535519126	9240	1
34.32103825136612	3879	1
34.34661202185792	7017	1
34.35284153005464	5528	1
34.385245901639344	79	1
34.39404371584699	9986	1
34.39814207650273	9583	1
34.401693989071035	8600	1
34.40857923497268	1556	1
34.40857923497268	9292	1
34.41808743169399	8853	1
34.43005464480874	1535	1
34.43289617486339	8585	1
34.45131147540984	7029	1
34.454207650273226	3077	1
34.47136612021858	1355	1
34.47639344262295	8741	1
34.50289617486339	2659	1
34.50295081967213	4471	1
34.53475409836065	9721	1
34.53912568306011	6911	1
34.559726775956285	9526	1
34.5711475409836	3742	1
34.601202185792346	4149	1
34.609398907103824	5355	1
34.6151912568306	1226	1
34.622076502732234	1501	1
34.63743169398907	3104	1
34.652622950819676	4261	1
34.679180327868856	9168	1
34.6903825136612	678	1
34.696174863387974	2021	1
34.78169398907104	4743	1
34.79267759562841	6125	1
34.796994535519126	6823	1
34.80617486338797	5591	1
34.808907103825135	4764	1
34.81972677595628	2256	1
34.83262295081967	3153	1
34.841475409836065	6920	1
34.842677595628416	9645	1
34.844207650273226	9454	1
34.84775956284153	5830	1
34.855300546448085	5755	1
34.865409836065574	9831	1
34.877704918032784	8898	1
34.89032786885246	5908	1
34.9324043715847	5992	1
34.98923497267759	6172	1
34.99469945355191	8347	1
34.999890710382516	4528	1
35.033060109289615	1869	1
35.037650273224045	360	1
35.06120218579235	963	1
35.06262295081967	1203	1
35.088907103825136	2039	1
35.13174863387978	525	1
35.157814207650276	8786	1
35.16814207650273	2931	1
35.185464480874316	4320	1
35.19770491803279	1012	1
35.20262295081967	8451	1
35.21322404371585	3527	1
35.216830601092894	8781	1
35.23278688524591	2745	1
35.243387978142074	7675	1
35.292131147540985	1858	1
35.31814207650273	4221	1
35.323879781420764	2909	1
35.34775956284153	1036	1
35.3548087431694	8080	1
35.3607650273224	7266	1
35.36442622950819	7781	1
35.38404371584699	9669	1
35.457486338797814	4711	1
35.4655737704918	2926	1
35.49868852459016	1843	1
35.509945355191256	8714	1
35.52803278688525	4623	1
35.62081967213115	5806	1
35.6560655737705	4890	1
35.66655737704918	7216	1
35.700054644808745	1643	1
35.780928961748636	3867	1
35.782076502732245	8162	1
35.82710382513661	1421	1
35.830273224043715	2090	1
35.831748633879776	9551	1
35.894644808743166	7185	1
35.89601092896175	98	1
35.90743169398907	2548	1
35.91426229508197	4666	1
35.91693989071038	8757	1
35.92174863387978	7563	1
35.92262295081967	3950	1
35.9468306010929	9202	1
35.95021857923497	8712	1
35.9648087431694	8580	1
35.99579234972677	7016	1
36.00306010928962	632	1
36.00530054644808	864	1
36.013224043715844	822	1
36.06333333333333	7987	1
36.077759562841536	5352	1
36.10825136612022	7080	1
36.12841530054644	6635	1
36.15010928961748	9480	1
36.15071038251366	2607	1
36.16251366120218	4240	1
36.1627868852459	6030	1
36.175027322404375	6164	1
36.26021857923497	8695	1
36.27830601092896	8701	1
36.30928961748634	4132	1
36.32147540983606	3864	1
36.324043715847	5210	1
36.34677595628415	5361	1
36.381584699453555	9970	1
36.43672131147541	3424	1
36.45092896174864	3651	1
36.47147540983607	1646	1
36.474262295081964	8640	1
36.49234972677595	6112	1
36.49245901639344	8305	1
36.51956284153005	7935	1
36.540983606557376	6957	1
36.54344262295082	4425	1
36.55245901639344	6300	1
36.563387978142075	5162	1
36.57644808743169	1645	1
36.58	1176	1
36.6031693989071	2074	1
36.607978142076504	8362	1
36.61043715846995	1058	1
36.61945355191257	3304	1
36.63415300546448	8955	1
36.63912568306011	5737	1
36.66448087431694	5627	1
36.66912568306011	2843	1
36.683825136612015	5742	1
36.68879781420765	2826	1
36.69825136612022	7669	1
36.70306010928962	743	1
36.70573770491803	8230	1
36.71398907103825	5873	1
36.73306010928962	4057	1
36.77650273224044	2682	1
36.812349726775956	535	1
36.82229508196721	8657	1
36.83377049180328	9327	1
36.83825136612022	2198	1
36.85972677595628	4179	1
36.87579234972678	1478	1
36.89344262295082	2348	1
36.90153005464481	6599	1
36.90371584699454	1266	1
36.90469945355191	8031	1
36.91054644808743	1602	1
36.921530054644805	4377	1
36.92857923497267	3014	1
36.96043715846995	6461	1
36.991857923497264	3331	1
37.000109289617484	5419	1
37.00032786885246	3544	1
37.00846994535519	2811	1
37.00890710382514	8965	1
37.02475409836066	4995	1
37.04786885245902	6933	1
37.07475409836066	7154	1
37.079508196721314	9427	1
37.082185792349726	6896	1
37.110601092896175	6032	1
37.12158469945356	4039	1
37.124426229508195	3293	1
37.1292349726776	507	1
37.14415300546448	4770	1
37.15907103825136	1721	1
37.15972677595629	4707	1
37.17726775956284	5347	1
37.18224043715847	4760	1
37.22081967213114	1080	1
37.24879781420765	4664	1
37.298469945355194	7355	1
37.308524590163934	4561	1
37.37109289617486	8577	1
37.37868852459017	3847	1
37.385027322404376	2916	1
37.415901639344256	9870	1
37.4175956284153	9032	1
37.460491803278686	1136	1
37.471803278688526	7235	1
37.512841530054644	6111	1
37.53961748633879	7594	1
37.54928961748634	1338	1
37.555628415300546	9317	1
37.57633879781421	1435	1
37.5796174863388	7375	1
37.58267759562841	8118	1
37.60475409836065	5562	1
37.63010928961749	650	1
37.63508196721311	5749	1
37.65218579234973	5817	1
37.653606557377046	1102	1
37.67032786885246	7382	1
37.70245901639344	9891	1
37.70387978142077	5090	1
37.708961748633875	8322	1
37.71098360655738	9300	1
37.71229508196721	3290	1
37.74147540983606	4475	1
37.75978142076503	4145	1
37.815300546448086	9384	1
37.90196721311475	9194	1
37.92125683060109	3494	1
37.936557377049176	5677	1
37.94803278688525	2947	1
37.951038251366114	7358	1
37.969890710382515	8020	1
38.008032786885245	3572	1
38.02748633879781	4068	1
38.035792349726776	6644	1
38.053715846994535	8834	1
38.062349726775956	8226	1
38.107158469945354	7044	1
38.11590163934426	1570	1
38.13071038251366	3909	1
38.13426229508197	7083	1
38.143825136612016	1415	1
38.14513661202186	6719	1
38.14983606557377	4506	1
38.15885245901639	9552	1
38.16437158469945	7315	1
38.16989071038251	221	1
38.17207650273224	6455	1
38.19803278688525	9845	1
38.22606557377049	8284	1
38.23005464480874	7110	1
38.23901639344262	8671	1
38.247431693989064	8420	1
38.25677595628415	1950	1
38.271420765027315	8963	1
38.27918032786885	9187	1
38.30502732240437	9139	1
38.3303825136612	7631	1
38.36071038251366	9795	1
38.36459016393442	707	1
38.3683606557377	2474	1
38.371693989071034	9351	1
38.385300546448086	6065	1
38.39819672131148	7305	1
38.42147540983606	9937	1
38.42295081967213	697	1
38.53743169398907	9434	1
38.546721311475416	4308	1
38.576885245901636	8590	1
38.57934426229508	4452	1
38.5872131147541	1043	1
38.592295081967215	8621	1
38.61896174863388	184	1
38.62540983606557	9990	1
38.63251366120218	6613	1
38.63316939890711	5962	1
38.6820218579235	8755	1
38.71546448087432	3852	1
38.73453551912568	659	1
38.73633879781421	613	1
38.751311475409835	911	1
38.756612021857926	2637	1
38.761475409836066	7967	1
38.762950819672135	4390	1
38.76349726775957	1942	1
38.76857923497268	4893	1
38.785300546448084	1382	1
38.78535519125683	9880	1
38.79934426229509	9144	1
38.81972677595628	8900	1
38.82814207650273	4079	1
38.8412568306011	3370	1
38.850928961748636	5650	1
38.87120218579235	9549	1
38.87158469945356	4174	1
38.88398907103825	8269	1
38.938087431693994	3994	1
38.9396174863388	3592	1
38.94245901639344	9614	1
38.98267759562841	3925	1
39.00562841530054	8390	1
39.029781420765026	7464	1
39.03338797814207	9455	1
39.056338797814206	8261	1
39.08153005464481	2255	1
39.08655737704918	5826	1
39.089234972677595	8947	1
39.08939890710383	8911	1
39.09426229508196	6667	1
39.09579234972678	8149	1
39.11907103825136	2800	1
39.133715846994534	9027	1
39.13846994535519	8677	1
39.16803278688525	5844	1
39.20508196721311	9098	1
39.23814207650273	6753	1
39.26103825136612	6578	1
39.28114754098361	8025	1
39.28846994535519	3359	1
39.300327868852456	2246	1
39.30338797814208	3541	1
39.31732240437159	8632	1
39.33622950819672	1821	1
39.336666666666666	8646	1
39.33726775956284	6366	1
39.33841530054645	7043	1
39.340382513661204	4974	1
39.34579234972678	2869	1
39.35677595628415	2157	1
39.36	9172	1
39.362131147540985	1319	1
39.36606557377049	484	1
39.36666666666666	3088	1
39.368087431693986	6339	1
39.4048087431694	3287	1
39.40677595628415	4898	1
39.41606557377049	4576	1
39.41857923497268	4696	1
39.454972677595634	9745	1
39.463770491803274	749	1
39.476939890710376	925	1
39.49655737704918	8976	1
39.51344262295082	6621	1
39.541420765027326	3920	1
39.54978142076503	2633	1
39.56174863387978	778	1
39.56289617486338	4958	1
39.57513661202186	3642	1
39.5935519125683	376	1
39.604972677595626	111	1
39.61885245901639	6826	1
39.64792349726776	1466	1
39.65491803278688	4798	1
39.655956284153	3728	1
39.65781420765027	9117	1
39.65896174863388	3236	1
39.66349726775956	8822	1
39.66546448087431	6208	1
39.69295081967213	1050	1
39.695519125683056	9356	1
39.70142076502732	2668	1
39.709726775956284	3678	1
39.713169398907105	3975	1
39.72639344262295	2520	1
39.75715846994536	2099	1
39.80726775956284	9191	1
39.829945355191256	1158	1
39.85207650273224	9630	1
39.85748633879781	8259	1
39.87469945355191	8257	1
39.89295081967213	5371	1
39.91158469945355	3338	1
39.93371584699453	1836	1
39.93398907103825	2266	1
39.961639344262295	3301	1
39.97185792349727	5168	1
39.97568306010929	7913	1
39.98284153005464	8854	1
40.0075956284153	8776	1
40.00863387978142	5334	1
40.02661202185792	831	1
40.0363387978142	853	1
40.05005464480874	7777	1
40.065628415300544	9423	1
40.0736612021858	8897	1
40.08568306010929	7421	1
40.08677595628415	3889	1
40.12224043715847	6798	1
40.129016393442626	9874	1
40.14098360655738	2888	1
40.15639344262295	783	1
40.23071038251366	7667	1
40.27387978142076	420	1
40.285792349726776	9274	1
40.32382513661202	961	1
40.33289617486339	9330	1
40.35087431693989	1121	1
40.35661202185793	3320	1
40.38622950819672	2012	1
40.38677595628415	3136	1
40.40043715846995	6615	1
40.40989071038251	7864	1
40.41535519125683	7681	1
40.44819672131147	1302	1
40.46322404371584	790	1
40.46693989071038	5550	1
40.51065573770492	591	1
40.540546448087426	3947	1
40.60415300546448	9881	1
40.61939890710382	997	1
40.65928961748634	5019	1
40.680546448087426	9261	1
40.70087431693989	2860	1
40.72174863387978	4195	1
40.7303825136612	8966	1
40.736338797814206	3426	1
40.742677595628415	7018	1
40.75513661202186	2901	1
40.79398907103825	7095	1
40.79562841530055	6333	1
40.796939890710384	1126	1
40.81333333333333	9671	1
40.830655737704916	3225	1
40.8327868852459	805	1
40.83950819672131	2166	1
40.84180327868852	9695	1
40.85770491803279	4877	1
40.872185792349725	7108	1
40.91169398907104	8290	1
40.95464480874317	5173	1
40.986393442622955	9661	1
40.99060109289618	1210	1
40.99650273224044	8090	1
41.00098360655738	6657	1
41.01939890710382	1928	1
41.02404371584699	8102	1
41.02595628415301	9321	1
41.026448087431696	4768	1
41.029016393442625	1773	1
41.03398907103825	2049	1
41.03524590163934	2478	1
41.04147540983607	2240	1
41.05879781420765	4455	1
41.07792349726776	3807	1
41.11513661202186	7065	1
41.158415300546444	3690	1
41.1639344262295	5878	1
41.171912568306006	1717	1
41.19535519125683	6908	1
41.21934426229508	1878	1
41.239726775956285	9875	1
41.243497267759565	2583	1
41.26688524590164	9509	1
41.28994535519126	5898	1
41.29683060109289	9127	1
41.306666666666665	3226	1
41.3424043715847	9538	1
41.38661202185792	2760	1
41.420054644808744	9783	1
41.420928961748636	5770	1
41.43409836065574	1304	1
41.438743169398904	5046	1
41.44087431693989	597	1
41.44765027322405	4244	1
41.476994535519125	6493	1
41.48415300546448	3568	1
41.49355191256831	1789	1
41.5824043715847	7070	1
41.58672131147541	7753	1
41.6092349726776	3550	1
41.61185792349727	7860	1
41.620983606557374	6837	1
41.642349726775954	6865	1
41.65896174863388	6384	1
41.667814207650274	7418	1
41.67535519125683	8079	1
41.69622950819672	922	1
41.706775956284154	5939	1
41.715683060109285	6868	1
41.76683060109289	7188	1
41.769234972677594	5863	1
41.77765027322404	8283	1
41.82311475409836	3271	1
41.84699453551912	4756	1
41.86617486338798	2018	1
41.87114754098361	1671	1
41.87448087431694	6352	1
41.910327868852455	8000	1
41.91327868852459	2185	1
41.92229508196721	1512	1
41.944754098360654	3631	1
41.95010928961748	2379	1
41.95382513661202	5439	1
41.977322404371584	3735	1
42.00409836065574	962	1
42.02256830601093	1799	1
42.02622950819672	6974	1
42.0348087431694	1153	1
42.03743169398907	7318	1
42.07879781420765	1859	1
42.07879781420765	8584	1
42.09475409836065	4247	1
42.10808743169399	7720	1
42.135519125683054	1367	1
42.162896174863384	3317	1
42.16508196721311	8140	1
42.198087431693985	8569	1
42.217978142076504	8636	1
42.22677595628415	7132	1
42.233005464480875	3482	1
42.2579781420765	7520	1
42.265191256830605	4077	1
42.27327868852459	7677	1
42.302568306010926	2167	1
42.308961748633884	2536	1
42.31185792349727	3313	1
42.330163934426224	8341	1
42.337322404371584	7699	1
42.34426229508197	9602	1
42.382349726775956	6960	1
42.39448087431693	1282	1
42.40185792349727	3946	1
42.40551912568306	3454	1
42.41098360655738	5603	1
42.411147540983606	6751	1
42.41770491803278	6877	1
42.41830601092896	2431	1
42.426502732240436	4932	1
42.42956284153005	7741	1
42.43103825136612	2068	1
42.43825136612021	9450	1
42.481857923497266	5867	1
42.48464480874316	746	1
42.50300546448087	2578	1
42.51087431693989	1390	1
42.56841530054645	5912	1
42.570163934426226	5202	1
42.57371584699454	2376	1
42.58103825136612	1710	1
42.594426229508194	7390	1
42.61387978142076	9298	1
42.660382513661204	7210	1
42.665956284153005	1019	1
42.68180327868853	4110	1
42.714207650273224	5905	1
42.770327868852455	4674	1
42.77049180327869	4486	1
42.777431693989065	5685	1
42.820163934426226	4897	1
42.84049180327869	5268	1
42.84546448087431	7062	1
42.85562841530055	7306	1
42.85622950819672	7123	1
42.88426229508197	7977	1
42.92546448087432	9966	1
42.929398907103824	1527	1
42.94404371584699	9456	1
42.947377049180325	6588	1
42.950765027322404	1437	1
42.96136612021858	2732	1
42.97092896174863	4199	1
42.97502732240437	6242	1
42.98	8994	1
42.98945355191257	9896	1
43.045519125683064	4393	1
43.049836065573764	3564	1
43.10950819672131	9657	1
43.11349726775956	5033	1
43.12661202185792	5809	1
43.15928961748634	6272	1
43.15934426229508	4839	1
43.16049180327869	1959	1
43.16535519125683	8271	1
43.17355191256831	1691	1
43.187267759562836	8289	1
43.2127868852459	1825	1
43.288360655737705	2191	1
43.288688524590164	22	1
43.31371584699454	9515	1
43.319836065573774	287	1
43.33939890710382	7045	0
43.371475409836066	640	1
43.37726775956284	9936	1
43.38803278688525	8352	1
43.4087431693989	1605	1
43.42808743169399	2334	1
43.45437158469945	6249	1
43.45540983606557	6360	1
43.4603825136612	2007	1
43.469453551912565	4133	1
43.48081967213115	680	1
43.48579234972677	5986	1
43.4872131147541	159	1
43.49213114754098	4285	1
43.496338797814204	2008	1
43.52245901639344	2650	1
43.554535519125686	5654	1
43.56775956284152	9155	1
43.586666666666666	2949	1
43.60409836065574	839	1
43.61262295081967	9207	1
43.61568306010929	6549	1
43.642404371584696	4518	1
43.646065573770485	8153	1
43.68344262295082	4440	1
43.727595628415294	9328	1
43.74737704918032	741	1
43.78262295081967	34	1
43.79262295081967	9446	1
43.814918032786885	7917	1
43.83245901639344	2952	1
43.85382513661202	4806	1
43.85825136612022	1278	1
43.88273224043716	862	1
43.88950819672131	1470	1
43.906666666666666	9112	1
43.9172131147541	2224	1
43.95125683060109	8333	1
43.9555737704918	774	1
43.95650273224043	1932	1
43.9651912568306	3011	1
43.97010928961749	8735	1
43.97530054644809	7414	1
44.002404371584696	4423	1
44.018961748633885	3355	1
44.04748633879781	1796	1
44.063497267759566	2428	1
44.09349726775956	5583	1
44.12109289617486	5194	1
44.14497267759563	7577	1
44.14868852459016	4659	1
44.15295081967213	8416	1
44.158852459016394	5576	1
44.161092896174864	2402	1
44.23158469945355	9673	1
44.241256830601095	9230	1
44.2668306010929	4940	1
44.28590163934426	1400	1
44.29459016393442	6486	1
44.29989071038251	6226	1
44.30344262295082	6040	1
44.30830601092896	3788	0
44.33907103825137	5222	1
44.34612021857924	1559	1
44.38349726775956	6737	1
44.39032786885245	7971	1
44.395300546448084	1292	1
44.397650273224045	2878	1
44.40868852459017	9043	1
44.432841530054645	4740	1
44.44562841530055	3075	1
44.45202185792349	7149	1
44.5160655737705	765	1
44.519289617486336	8070	1
44.5220218579235	6035	1
44.52234972677596	2781	1
44.5416393442623	6764	1
44.54710382513661	9625	1
44.56469945355191	2753	1
44.58202185792349	7829	1
44.59360655737705	7466	1
44.60617486338798	1665	1
44.608688524590164	1541	1
44.63355191256831	9833	1
44.64486338797814	9662	1
44.66060109289617	7818	1
44.661912568306015	4487	1
44.703497267759566	9440	1
44.70699453551913	8464	1
44.7215300546448	5877	1
44.74409836065574	9648	1
44.75819672131147	6816	1
44.762404371584694	6520	1
44.76825136612022	1255	1
44.77846994535519	8050	1
44.788032786885246	646	1
44.822131147540986	767	1
44.82284153005464	125	1
44.82901639344262	9822	1
44.84191256830601	502	1
44.876284153005464	5706	1
44.8820218579235	6973	1
44.92961748633879	9424	1
44.93420765027322	9981	1
44.93453551912568	6316	1
44.95409836065574	2681	1
44.96284153005464	1801	1
44.96322404371585	6925	1
44.96912568306011	8945	1
44.9712568306011	1677	1
45.00306010928962	6230	1
45.053715846994535	2872	1
45.06131147540984	9036	1
45.064207650273225	4944	1
45.110928961748634	3755	1
45.11846994535519	4134	1
45.12426229508196	8470	1
45.13918032786885	9807	1
45.145956284153	7658	1
45.15234972677596	9879	1
45.15404371584699	1275	1
45.16174863387978	3397	1
45.16994535519125	6299	1
45.20655737704918	5606	1
45.20846994535519	7042	1
45.20928961748634	3559	1
45.215300546448084	872	1
45.23169398907104	7980	1
45.27196721311475	6668	1
45.27497267759563	5195	1
45.29502732240437	5880	1
45.29967213114754	2127	1
45.362841530054645	6516	1
45.37114754098361	4348	1
45.375191256830604	8177	1
45.381147540983605	218	1
45.3944262295082	5684	1
45.42098360655738	7768	1
45.42546448087432	3929	1
45.43786885245901	8386	1
45.44420765027322	2756	1
45.4483606557377	1184	1
45.450765027322404	6160	1
45.453387978142075	3318	1
45.4555737704918	4915	1
45.45590163934426	5734	1
45.48005464480874	3993	1
45.49218579234972	5275	1
45.50775956284153	7397	1
45.539562841530056	4234	1
45.56617486338798	8713	1
45.57568306010929	1996	1
45.57737704918033	8367	1
45.583989071038246	9886	1
45.60524590163935	7298	1
45.61863387978142	7603	1
45.62163934426229	7985	1
45.626666666666665	1730	1
45.6327868852459	3309	1
45.63650273224044	1082	1
45.637431693989065	6036	1
45.67071038251366	1506	1
45.686994535519126	588	1
45.6951912568306	4319	1
45.721366120218576	76	1
45.75344262295082	723	1
45.7611475409836	8137	1
45.763661202185794	1097	1
45.77437158469945	3607	1
45.77846994535519	523	1
45.787978142076504	6738	1
45.79967213114754	2099	0
45.800273224043714	7100	1
45.82185792349727	6739	1
45.825300546448084	6809	1
45.83109289617486	3081	1
45.8348087431694	2940	1
45.88142076502732	6096	1
45.95540983606558	3717	1
45.97207650273224	5812	1
45.97666666666667	4384	1
45.97775956284153	7161	1
45.99994535519126	7144	1
46.02464480874317	5503	1
46.025628415300545	7651	1
46.03644808743169	8044	1
46.045956284153	7128	1
46.050054644808746	5257	1
46.050273224043714	2963	1
46.056721311475414	5951	1
46.06131147540983	2386	1
46.09546448087432	5389	1
46.12617486338797	3170	1
46.12863387978142	1727	1
46.13469945355191	5227	1
46.15863387978142	5639	1
46.16497267759563	7470	1
46.17245901639345	1803	1
46.174972677595626	4392	1
46.17704918032786	1159	1
46.20743169398907	7439	1
46.25218579234972	4828	1
46.257431693989076	904	1
46.25901639344262	1004	1
46.26491803278688	3657	1
46.2668306010929	2861	1
46.2872131147541	8665	1
46.295081967213115	7413	1
46.30169398907104	5724	1
46.309344262295085	3410	1
46.31366120218579	6838	1
46.32486338797814	5344	1
46.383442622950824	347	1
46.39180327868852	2293	1
46.404043715846996	607	1
46.45469945355191	3506	1
46.47857923497268	3643	1
46.488633879781425	2362	1
46.491967213114755	2841	1
46.50103825136612	9022	1
46.502841530054646	7824	1
46.51573770491803	4492	1
46.51584699453552	3463	1
46.54431693989071	6228	1
46.55732240437158	2	1
46.562677595628415	8823	1
46.563770491803275	2651	1
46.57087431693989	3639	1
46.57650273224044	1047	1
46.57819672131147	2722	1
46.57939890710383	3913	1
46.58103825136612	6523	1
46.58928961748634	6146	1
46.5924043715847	6060	1
46.59355191256831	2762	1
46.61387978142076	1298	1
46.62185792349727	506	1
46.63087431693989	8353	1
46.63213114754099	7760	1
46.64633879781421	7668	1
46.65415300546448	1642	1
46.65792349726776	647	1
46.66666666666667	6054	1
46.67453551912568	2518	1
46.676502732240436	1017	1
46.677213114754096	3681	1
46.679836065573774	9193	1
46.684972677595624	7308	1
46.68754098360656	2010	1
46.70387978142077	719	1
46.71251366120219	4236	1
46.71513661202186	8493	1
46.72016393442623	2549	1
46.72049180327869	143	1
46.74207650273224	4804	1
46.77546448087431	9932	1
46.78021857923497	3834	1
46.794262295081964	7747	1
46.807486338797816	1764	1
46.82109289617486	2251	1
46.83644808743169	9135	1
46.83928961748634	8157	1
46.84191256830601	7256	1
46.84661202185792	7258	1
46.849398907103826	4188	1
46.877103825136615	6979	1
46.877814207650275	3522	1
46.885956284153	9190	1
46.888633879781416	983	1
46.8903825136612	8057	1
46.900163934426224	8041	1
46.92568306010929	9963	1
46.93158469945355	801	1
46.93715846994535	907	1
46.93743169398907	4801	1
46.93896174863388	4385	1
46.93928961748634	3345	1
46.953770491803276	1233	1
46.95469945355192	8345	1
46.95770491803278	5017	1
46.960218579234976	622	1
46.96661202185792	147	1
46.97568306010929	2491	1
46.984808743169395	7608	1
46.987759562841525	7003	1
47.017377049180325	1712	1
47.0203825136612	835	1
47.02213114754098	7143	1
47.02311475409836	9556	1
47.03092896174863	4543	1
47.036120218579235	306	1
47.054808743169396	570	1
47.05978142076503	6183	1
47.060109289617486	2703	1
47.06622950819672	6324	1
47.081311475409834	3066	1
47.08464480874317	4299	1
47.085191256830605	7525	1
47.09715846994535	4892	1
47.10262295081967	4608	1
47.10262295081967	2055	1
47.10612021857923	8892	1
47.13316939890711	217	1
47.135355191256835	4122	1
47.14814207650273	5166	1
47.155464480874315	9383	1
47.16650273224043	1353	1
47.16655737704918	941	1
47.171530054644805	4380	1
47.18043715846995	7079	1
47.20568306010929	5265	1
47.20639344262295	6376	1
47.210874316939886	9332	1
47.21180327868853	8840	1
47.22087431693989	7192	1
47.22633879781421	9867	1
47.23289617486339	5723	1
47.2368306010929	5688	1
47.23989071038251	1242	1
47.25978142076503	3374	1
47.26918032786885	8748	1
47.27398907103825	3206	1
47.29459016393443	4463	1
47.31049180327869	8588	1
47.32863387978142	4852	1
47.33371584699453	9553	1
47.33606557377049	558	1
47.34153005464481	7064	1
47.35699453551912	124	1
47.39453551912568	781	1
47.39639344262295	1148	1
47.39852459016394	8098	1
47.4307650273224	3804	1
47.436557377049176	8613	1
47.448469945355185	7723	1
47.45344262295082	5249	1
47.45486338797814	2521	1
47.45612021857923	9074	1
47.45770491803278	5409	1
47.467322404371586	648	1
47.46950819672131	104	1
47.47852459016393	7522	1
47.48601092896175	3713	1
47.491256830601095	2669	1
47.502459016393445	5335	1
47.509180327868854	6836	1
47.52010928961749	3394	1
47.52617486338798	9113	1
47.52792349726776	2078	1
47.53983606557377	7802	1
47.54765027322404	808	1
47.549945355191255	230	1
47.550710382513664	8968	1
47.55114754098361	8923	1
47.55688524590164	8540	1
47.5603825136612	1294	1
47.5655737704918	4667	1
47.57262295081967	5663	1
47.573442622950814	7939	1
47.580546448087425	2427	1
47.589945355191254	4671	1
47.60437158469945	1073	1
47.61256830601093	1023	1
47.62606557377049	126	1
47.64027322404372	4880	1
47.64218579234973	4290	1
47.65601092896175	7248	1
47.657322404371584	7678	1
47.69174863387978	9791	1
47.69327868852459	5022	1
47.69950819672131	1842	1
47.70732240437159	5417	1
47.71775956284153	8631	1
47.737049180327865	7450	1
47.74087431693989	7205	1
47.74262295081967	9866	1
47.74393442622951	6943	1
47.746721311475405	2895	1
47.75311475409836	1970	1
47.76502732240437	8561	1
47.76644808743169	9119	1
47.80661202185792	9894	1
47.81699453551913	8405	1
47.826120218579234	517	1
47.827267759562844	6502	1
47.84650273224044	6647	1
47.850054644808736	3918	1
47.851912568306005	9197	1
47.85551912568306	9810	1
47.85983606557377	4091	1
47.873715846994536	7733	0
47.877103825136615	4786	1
47.877431693989074	6892	1
47.87945355191257	1405	1
47.883387978142075	8032	1
47.90267759562842	6340	1
47.912240437158474	4639	1
47.91284153005464	7958	1
47.91311475409836	3915	1
47.913606557377044	3005	1
47.91579234972677	9849	1
47.91950819672131	7197	1
47.93065573770492	4903	1
47.94650273224044	48	1
47.95781420765027	478	1
47.96103825136612	4624	1
47.97989071038251	4338	1
47.98289617486339	6910	1
47.99972677595628	6150	1
48.0051912568306	9002	1
48.00819672131148	3974	1
48.00972677595628	4397	1
48.01775956284153	2304	1
48.035792349726776	7075	1
48.03814207650273	8940	1
48.04644808743169	3614	1
48.04945355191256	6053	1
48.066393442622946	120	1
48.08377049180328	198	1
48.11672131147541	2327	1
48.11737704918033	3859	1
48.11972677595628	8215	1
48.12196721311475	7783	1
48.124535519125686	5048	1
48.12912568306011	2122	1
48.15464480874317	4488	1
48.15748633879782	8252	1
48.16617486338798	1937	1
48.17311475409836	7897	1
48.179890710382516	9685	1
48.19081967213114	706	1
48.23743169398907	4570	1
48.24431693989071	7257	1
48.2475956284153	7809	1
48.264043715846995	1196	1
48.271857923497265	893	1
48.28448087431694	990	1
48.3024043715847	1106	1
48.31923497267759	6661	1
48.32775956284153	9920	1
48.33125683060109	6308	1
48.334426229508196	726	1
48.353114754098364	9803	1
48.359071038251365	1013	1
48.36229508196721	6181	1
48.36677595628415	3517	1
48.36901639344263	9709	1
48.375245901639346	6882	1
48.37868852459016	1752	1
48.38060109289618	96	1
48.391967213114754	1216	1
48.396502732240435	3699	1
48.40038251366121	4061	1
48.40606557377049	8727	1
48.4087431693989	9742	1
48.41622950819672	5816	1
48.41765027322404	3497	1
48.45666666666666	7975	1
48.46890710382514	2073	1
48.47371584699454	7493	1
48.476939890710376	6310	1
48.48382513661202	5112	1
48.48437158469945	4771	1
48.485956284153005	7796	1
48.5067213114754	6253	1
48.51120218579234	1345	1
48.51573770491803	7902	1
48.56661202185792	9353	1
48.56672131147541	1951	1
48.56901639344262	7223	1
48.56994535519126	4033	1
48.57234972677596	4121	1
48.58382513661202	5775	1
48.58644808743169	5530	1
48.594098360655735	4733	1
48.59497267759563	1308	1
48.5951912568306	4346	1
48.60060109289617	4895	1
48.62491803278688	6605	1
48.642404371584696	1179	1
48.661147540983606	7417	1
48.67120218579235	5930	1
48.67327868852459	8906	1
48.68338797814208	9102	1
48.68939890710383	7636	1
48.70207650273224	7343	1
48.703442622950824	4904	1
48.71256830601093	1649	1
48.71437158469945	4647	1
48.723989071038254	6048	1
48.726502732240434	3866	1
48.727978142076495	794	1
48.739672131147536	4220	1
48.74021857923497	8106	1
48.75366120218579	5412	1
48.75530054644809	9901	1
48.758469945355195	7218	1
48.76863387978142	3460	1
48.771967213114756	5827	1
48.79371584699453	5006	1
48.80163934426229	1687	1
48.82382513661202	3775	1
48.83109289617486	5317	1
48.83289617486339	867	1
48.84650273224044	8072	1
48.86306010928961	7479	1
48.87562841530055	2750	1
48.88327868852459	5403	1
48.88393442622951	8630	1
48.915628415300546	5935	1
48.923442622950816	4656	1
48.929398907103824	9842	1
48.938360655737704	1379	1
48.94284153005464	1215	1
48.94879781420765	1567	1
48.95284153005465	7350	1
48.958688524590166	225	1
48.96142076502732	285	1
48.96207650273224	7171	1
48.96590163934426	7488	1
48.970874316939884	4171	1
48.9848087431694	8016	1
48.989672131147536	4279	1
49.011092896174866	8349	1
49.01295081967213	6677	1
49.03469945355191	8491	1
49.038688524590164	326	1
49.0655737704918	9221	1
49.069071038251366	959	1
49.07147540983606	5468	1
49.07333333333333	9095	1
49.07371584699453	8869	1
49.07513661202186	7204	1
49.081366120218576	5300	1
49.08972677595629	8139	1
49.09060109289617	9073	1
49.105956284153	8612	1
49.12469945355191	3966	1
49.13426229508197	1268	1
49.13513661202186	585	1
49.14486338797814	5327	1
49.14606557377049	9081	1
49.154699453551906	4457	1
49.20098360655738	9406	1
49.205628415300545	2207	1
49.22535519125683	7437	1
49.23584699453552	1952	1
49.238524590163934	3196	1
49.244043715847	8525	1
49.253879781420764	9288	1
49.25573770491803	5245	1
49.265956284153006	3739	1
49.26688524590164	4020	1
49.281748633879786	6969	1
49.288360655737705	7661	1
49.29972677595628	2043	1
49.314207650273225	3259	1
49.32267759562841	1913	1
49.327978142076496	1317	1
49.33377049180327	394	1
49.34196721311475	4104	1
49.343333333333334	7813	1
49.353169398907106	43	1
49.35333333333333	9961	1
49.361202185792344	6905	1
49.36530054644809	7988	1
49.36950819672131	9853	1
49.379726775956286	7615	1
49.385245901639344	9533	1
49.408469945355186	2070	1
49.40972677595628	1783	1
49.41060109289617	1845	1
49.41617486338798	7937	1
49.42147540983606	7507	1
49.42256830601093	4679	1
49.42868852459016	543	1
49.4368306010929	4436	1
49.44393442622951	7034	1
49.45316939890711	9554	1
49.460437158469944	1545	1
49.46661202185793	7313	1
49.47081967213115	738	1
49.473989071038254	1432	1
49.49284153005464	3740	1
49.508360655737704	8084	1
49.514043715846995	9228	1
49.517704918032784	3427	1
49.52535519125683	6752	1
49.52617486338798	6079	1
49.527158469945356	6229	1
49.548743169398904	4246	1
49.56	5876	1
49.56469945355192	599	1
49.56896174863388	2603	1
49.571256830601094	2545	1
49.585956284153006	2227	1
49.61612021857923	4580	1
49.618469945355194	1477	1
49.62524590163934	2680	1
49.627377049180325	6687	1
49.627431693989074	809	1
49.635683060109294	9016	1
49.682076502732244	5357	1
49.68338797814208	8431	1
49.70256830601093	2173	1
49.70546448087432	3490	1
49.707158469945355	4140	1
49.715956284153	8929	1
49.72207650273224	8943	1
49.73136612021858	9372	1
49.73497267759563	364	1
49.74136612021858	1595	1
49.74885245901639	4699	1
49.75284153005464	5288	1
49.7679781420765	1348	1
49.796885245901635	8860	1
49.808579234972676	8450	1
49.81612021857923	4635	1
49.82863387978142	3033	1
49.82928961748633	3046	1
49.832459016393436	8555	1
49.83393442622951	6147	1
49.83825136612021	3450	1
49.85704918032787	7346	1
49.86229508196721	4894	1
49.86830601092896	8565	1
49.87207650273224	4067	1
49.874426229508195	2806	1
49.87775956284153	3414	1
49.894371584699456	280	1
49.89677595628415	2053	1
49.9055737704918	9253	1
49.911857923497266	810	1
49.916010928961754	7774	1
49.91606557377049	1424	1
49.91841530054645	9136	1
49.964262295081966	9802	1
49.96983606557377	8441	1
49.97814207650273	2944	1
49.9824043715847	1995	1
49.9831693989071	88	1
49.99781420765027	6963	1
50.00207650273224	5856	1
50.01087431693989	7854	1
50.02245901639344	7654	1
50.03289617486338	2420	1
50.03748633879781	1408	1
50.039180327868856	4306	1
50.0448087431694	2322	1
50.048743169398904	6256	1
50.052622950819675	3383	1
50.0527868852459	457	1
50.05306010928962	6630	1
50.066830601092896	9865	1
50.073169398907105	6293	1
50.07972677595628	7841	1
50.08054644808743	7244	1
50.082459016393436	1110	1
50.08846994535519	7676	1
50.106502732240436	273	1
50.10792349726776	1509	1
50.11010928961749	8835	1
50.11218579234973	9401	1
50.11612021857923	4305	1
50.14256830601093	5175	1
50.14502732240437	2110	1
50.151311475409834	2838	1
50.15546448087432	3316	1
50.15612021857923	4298	1
50.16131147540983	4593	1
50.16306010928962	1228	1
50.16945355191257	6726	1
50.18185792349727	3061	1
50.19005464480874	8778	1
50.197103825136615	8103	1
50.20169398907103	1985	1
50.20398907103825	158	1
50.20633879781421	762	1
50.20710382513661	5158	1
50.210546448087435	6902	1
50.21551912568306	2028	1
50.2448087431694	9024	1
50.25005464480874	84	1
50.26032786885246	3020	1
50.28049180327869	3986	1
50.29295081967213	5936	1
50.31912568306011	5865	1
50.32956284153005	5615	1
50.339617486338796	3120	1
50.36081967213115	5609	1
50.36672131147541	7995	1
50.36792349726776	6537	1
50.37021857923497	403	1
50.392732240437155	2932	1
50.39551912568306	171	1
50.39562841530054	3465	1
50.405136612021856	2833	1
50.414098360655736	2082	1
50.429781420765025	6804	1
50.446666666666665	8720	1
50.46360655737705	519	1
50.4731693989071	1689	1
50.48153005464481	8548	1
50.48158469945355	2706	1
50.490874316939895	9319	1
50.49333333333333	1521	1
50.50666666666667	5237	1
50.51568306010929	7133	1
50.521857923497265	4653	1
50.52535519125683	8053	1
50.53224043715847	9540	1
50.534699453551916	7259	1
50.54081967213114	1576	1
50.555901639344256	5225	1
50.56704918032787	933	1
50.5727868852459	1624	1
50.574590163934424	2678	1
50.575846994535524	7852	1
50.58256830601093	5110	1
50.598196721311474	9481	1
50.60748633879781	9640	1
50.617759562841535	1186	1
50.620382513661205	4930	1
50.62601092896175	8608	1
50.63065573770492	3375	1
50.640218579234975	1440	1
50.64327868852459	7784	1
50.65622950819672	5269	1
50.66349726775956	8187	1
50.6644262295082	3307	1
50.665136612021854	8459	1
50.68590163934426	1705	1
50.70928961748634	2705	1
50.71032786885246	6416	1
50.710546448087435	3169	1
50.72038251366121	1166	1
50.72273224043716	1953	1
50.7272131147541	4609	1
50.756830601092894	9070	1
50.756939890710385	5229	1
50.75786885245901	8334	1
50.76338797814207	7750	1
50.76448087431694	9812	1
50.7712568306011	5665	1
50.775519125683054	2981	1
50.77737704918032	2728	1
50.77874316939891	8429	1
50.77934426229508	731	1
50.78568306010929	2436	1
50.79245901639344	4901	1
50.8075956284153	7916	1
50.80939890710383	1797	1
50.81393442622951	7491	1
50.820109289617484	4596	1
50.82967213114754	5423	1
50.83398907103825	5903	1
50.83934426229508	3186	1
50.849344262295084	2211	1
50.85142076502732	9672	1
50.85639344262295	5324	1
50.86338797814207	6481	1
50.86442622950819	9486	1
50.86819672131148	9686	1
50.87453551912568	8731	1
50.88131147540983	4588	1
50.88218579234972	8503	1
50.88486338797814	5262	1
50.89693989071038	6872	1
50.90229508196722	1899	1
50.905519125683064	1303	1
50.908469945355186	6225	1
50.90863387978142	5379	1
50.90912568306011	6494	1
50.91021857923497	7911	1
50.91049180327869	6761	1
50.92464480874317	6210	1
50.926448087431694	6577	1
50.92857923497267	6193	1
50.938360655737704	2568	1
50.95852459016394	7947	1
50.96469945355191	4280	1
50.97267759562842	2599	1
50.97387978142076	9561	1
50.98606557377049	5766	1
50.9864480874317	5522	1
50.989344262295084	8828	1
51.009945355191256	8281	1
51.02535519125683	9948	1
51.03027322404371	2976	1
51.04049180327869	7624	1
51.045081967213115	2411	1
51.05491803278689	1517	1
51.066010928961745	3258	1
51.07420765027322	8359	1
51.07622950819672	2193	1
51.076612021857926	4164	1
51.096448087431696	1041	1
51.104207650273224	452	1
51.10573770491803	564	1
51.109071038251365	8774	1
51.11300546448088	2212	1
51.113114754098355	3432	1
51.126775956284156	756	1
51.130437158469945	670	1
51.14491803278688	2377	1
51.146502732240435	3149	1
51.14945355191257	1634	1
51.15743169398907	3646	1
51.17415300546448	9039	0
51.18076502732241	5192	1
51.196994535519124	1738	1
51.21344262295082	8622	1
51.21918032786885	3231	1
51.24218579234973	3849	1
51.2488524590164	6729	1
51.2655737704918	6248	1
51.27191256830601	9537	1
51.29267759562841	2807	1
51.2983606557377	4697	1
51.30726775956284	3195	1
51.30770491803278	6841	1
51.32289617486339	4137	1
51.323497267759564	5092	1
51.33032786885246	8329	1
51.343825136612026	3119	1
51.35120218579235	5901	1
51.3731693989071	2308	1
51.37573770491804	5791	1
51.385737704918036	3457	1
51.39218579234972	7544	1
51.40901639344262	5959	1
51.42431693989071	4715	1
51.43360655737705	4394	1
51.44311475409836	4640	1
51.444043715846995	0	1
