0.03367863387978142	1657	1
0.09539453551912569	4410	1
0.09741147540983607	2202	1
0.09797486338797814	6214	1
0.11975136612021857	876	1
0.12014808743169399	9410	1
0.12454863387978142	6610	1
0.17644754098360657	5219	1
0.2490896174863388	7895	1
0.501303825136612	6690	1
0.5402819672131147	1539	1
0.5639180327868851	7961	1
0.5658415300546448	457	1
0.7432950819672132	1288	1
0.7765573770491804	8035	1
0.822120218579235	8206	1
1.0062513661202186	5950	1
1.0427103825136612	8727	1
1.0536448087431693	7163	1
1.0619508196721312	3100	1
1.1445081967213113	1579	1
1.146448087431694	789	1
1.157808743169399	3526	1
1.2128524590163934	7560	1
1.3055901639344263	1234	1
1.342071038251366	8510	1
1.3732349726775956	6010	1
1.4181693989071038	8044	1
1.4260273224043716	1391	1
1.4381420765027322	3507	1
1.4699398907103827	4941	1
1.4919234972677597	8384	1
1.8084918032786885	3492	1
1.860224043715847	8549	1
1.8865245901639343	8558	1
1.8888032786885245	7933	1
1.890169398907104	348	1
1.9381092896174863	4565	1
2.0856174863387977	9649	1
2.09468306010929	8829	1
2.104404371584699	8536	1
2.134830601092896	9501	1
2.1613715846994537	6256	1
2.1937814207650272	6768	1
2.22948087431694	7388	1
2.3928579234972673	8041	1
2.4017868852459014	859	1
2.41031693989071	2275	1
2.4580273224043716	6471	1
2.517333333333333	8934	1
2.7427377049180324	6803	1
2.757344262295082	1223	1
2.8591475409836065	2210	1
2.9172459016393444	5905	1
2.9314535519125684	5619	1
2.942174863387978	5601	1
3.117590163934426	29	1
3.123065573770492	1501	1
3.152142076502732	4188	1
3.1551912568306006	3629	1
3.1973224043715844	1695	1
3.211879781420765	8882	1
3.2369508196721313	7818	1
3.2400382513661206	3793	1
3.241814207650273	1321	1
3.257087431693989	6569	1
3.2751147540983605	5032	1
3.285005464480874	6941	1
3.325885245901639	8169	1
3.3356174863387977	8187	1
3.3654426229508196	6125	1
3.373868852459016	6355	1
3.402311475409836	8776	1
3.4179125683060105	5599	1
3.4243387978142077	9208	1
3.4320054644808744	8310	1
3.4577213114754097	5326	1
3.5023989071038253	7021	1
3.5405628415300545	2987	1
3.5458196721311475	4129	1
3.5559180327868853	7891	1
3.573366120218579	9480	1
3.6041147540983602	8632	1
3.6173169398907103	2372	1
3.6263224043715847	4149	1
3.706306010928962	752	1
3.7906120218579233	2007	1
3.7978415300546446	8104	1
3.8121092896174864	9254	1
3.8380109289617486	1179	1
3.868901639344262	6138	1
3.9004918032786886	2369	1
3.909934426229508	7465	1
3.938027322404371	9762	1
3.948568306010929	4383	1
3.9905519125683058	9135	1
4.040043715846995	7028	1
4.044666666666667	1747	1
4.069786885245901	8046	1
4.103142076502732	6823	1
4.115087431693989	7870	1
4.128054644808743	3693	1
4.130726775956284	5017	1
4.163065573770492	4457	1
4.206775956284153	2707	1
4.2360765027322405	4274	1
4.306295081967213	2670	1
4.327994535519125	4002	1
4.336737704918033	3476	1
4.353857923497268	6719	1
4.411617486338798	4107	1
4.411912568306011	9999	1
4.414836065573771	642	1
4.420786885245901	4624	1
4.429852459016393	9553	1
4.4314043715847	8969	1
4.4366557377049185	7936	1
4.459978142076503	7749	1
4.467207650273224	8182	1
4.469628415300546	685	1
4.539109289617486	5066	1
4.562661202185792	3464	1
4.59427868852459	6603	1
4.596890710382513	7930	1
4.619120218579235	1639	1
4.621699453551913	2442	1
4.624393442622951	8000	1
4.6381147540983605	150	1
4.67416393442623	5208	1
4.737693989071039	3316	1
4.818158469945355	7608	1
4.824868852459017	6476	1
4.831196721311475	8921	1
4.857786885245901	2353	1
4.8585737704918035	5071	1
4.876693989071038	1819	1
4.900644808743169	2980	1
4.907562841530055	659	1
4.934617486338797	8957	1
4.990661202185792	4102	1
4.998672131147542	7559	1
5.044360655737705	3828	1
5.075349726775956	5735	1
5.077918032786885	8812	1
5.107786885245901	5679	1
5.111956284153005	4088	1
5.126546448087431	25	1
5.136469945355191	4968	1
5.1541147540983605	7935	1
5.155426229508197	2256	1
5.184803278688525	7057	1
5.2059945355191255	9096	1
5.214748633879781	4807	1
5.260306010928962	7177	1
5.267934426229509	1636	1
5.313010928961749	8925	1
5.324010928961749	4071	1
5.399661202185793	5503	1
5.408207650273224	7149	1
5.429393442622951	3914	1
5.460081967213115	9668	1
5.481038251366121	5881	1
5.50688524590164	9289	1
5.543661202185793	6640	1
5.557322404371585	5334	1
5.57344262295082	4789	1
5.574754098360656	6391	1
5.593224043715846	5356	1
5.615027322404371	9752	1
5.639344262295081	1511	1
5.68120218579235	1731	1
5.7186885245901635	4888	1
5.748688524590164	1854	1
5.7749726775956285	723	1
5.792568306010929	1950	1
5.848688524590164	6108	1
5.8748633879781424	9983	1
5.902841530054644	9921	1
5.910765027322404	2279	1
5.95775956284153	5557	1
5.967267759562842	2526	1
6.020437158469945	439	1
6.026830601092896	3766	1
6.049289617486339	2615	1
6.094808743169399	6168	1
6.111147540983606	2467	1
6.11415300546448	1472	1
6.1212568306010935	4779	1
6.136885245901639	1420	1
6.156284153005465	6368	1
6.162568306010929	3681	1
6.186775956284153	5570	1
6.226885245901639	2785	1
6.280601092896175	8901	1
6.337103825136612	9424	1
6.363879781420765	1814	1
6.373060109289617	2476	1
6.392841530054644	8316	1
6.439234972677596	1681	1
6.4424590163934425	836	1
6.448306010928962	2104	1
6.470273224043716	6282	1
6.521530054644808	6442	1
6.646010928961749	5834	1
6.6924043715847	3305	1
6.711584699453552	2568	1
6.726994535519126	8438	1
6.741857923497268	1343	1
6.758907103825136	4903	1
6.7843715846994535	5020	1
6.817814207650272	2979	1
6.829508196721312	9716	1
6.835792349726776	4787	1
6.836010928961748	2701	1
6.851311475409836	3199	1
6.852950819672132	1813	1
6.888469945355191	7777	1
6.895245901639345	9292	1
6.904426229508196	170	1
6.959344262295081	8087	1
7.06103825136612	6668	1
7.063879781420765	7635	1
7.0652459016393445	7549	1
7.071639344262295	9014	1
7.079125683060109	6578	1
7.10535519125683	8416	1
7.1077595628415295	3880	1
7.15224043715847	4892	1
7.155136612021858	6155	1
7.175300546448087	1349	1
7.24191256830601	2564	1
7.242786885245901	9011	1
7.430163934426229	5544	1
7.435136612021858	5214	1
7.467814207650274	9033	1
7.482786885245902	3846	1
7.5340983606557375	1096	1
7.549453551912568	550	1
7.5638797814207654	8161	1
7.592131147540984	9220	1
7.628415300546448	3437	1
7.6438797814207655	6671	1
7.745901639344262	4077	1
7.7578688524590165	6362	1
7.766830601092896	5271	1
7.775628415300546	349	1
7.817431693989071	894	1
7.8514207650273224	3074	1
7.857540983606557	4301	1
7.865901639344262	9083	1
7.898579234972677	4580	1
7.900928961748634	1388	1
7.938961748633879	6075	1
7.974644808743169	2306	1
7.993224043715847	8965	1
7.999945355191257	2958	1
8.0024043715847	8184	1
8.011311475409837	5083	1
8.079234972677595	5750	1
8.08103825136612	4697	1
8.086666666666666	643	1
8.099234972677596	6253	1
8.113825136612022	9624	1
8.141803278688524	4980	1
8.14327868852459	2317	1
8.188251366120218	5351	1
8.204207650273224	5275	1
8.216065573770493	1679	1
8.232677595628415	2574	1
8.26879781420765	5598	1
8.307213114754099	1319	1
8.31431693989071	9037	1
8.349071038251367	5372	1
8.380819672131148	3932	1
8.40087431693989	956	1
8.419398907103824	4296	1
8.43415300546448	4500	1
8.439289617486338	8523	1
8.470382513661201	5442	1
8.50087431693989	707	1
8.52967213114754	6928	1
8.5903825136612	814	1
8.59311475409836	2816	1
8.676448087431694	4894	1
8.709398907103825	1780	1
8.756830601092897	6798	1
8.766338797814207	9952	1
8.796393442622952	4497	1
8.830928961748635	6990	1
8.868579234972678	7521	1
8.88912568306011	9918	1
8.890819672131146	5349	1
8.916775956284154	8447	1
8.91792349726776	1857	1
8.93655737704918	7472	1
8.95032786885246	7526	1
8.972677595628415	3454	1
8.990983606557377	5094	1
8.999562841530054	8673	1
9.013825136612022	6307	1
9.032349726775957	4179	1
9.066994535519125	2005	1
9.067486338797814	8860	1
9.078251366120218	1617	1
9.104754098360656	1409	1
9.112677595628414	9251	1
9.166284153005464	583	1
9.170601092896176	8593	1
9.20568306010929	3116	1
9.225300546448088	9559	1
9.323934426229508	9174	1
9.33896174863388	4174	1
9.348633879781422	8002	1
9.39688524590164	8648	1
9.48	6879	1
9.507486338797813	3370	1
9.50950819672131	970	1
9.522513661202185	500	1
9.552513661202186	1586	1
9.57174863387978	5991	1
9.573715846994537	5162	1
9.587650273224043	7022	1
9.652622950819673	9926	1
9.656666666666666	3309	1
9.671256830601093	7220	1
9.675956284153006	775	1
9.706120218579235	3391	1
9.711584699453551	2840	1
9.729617486338798	3831	1
9.738196721311475	8009	1
9.744590163934426	3794	1
9.745300546448087	5031	1
9.825956284153007	3079	1
9.8427868852459	3993	1
9.885300546448088	8248	1
9.897158469945355	675	1
9.997158469945354	8614	1
10.00311475409836	3494	1
10.015409836065574	8981	1
10.022896174863389	5172	1
10.041803278688525	8820	1
10.049890710382513	1595	1
10.057704918032787	6314	1
10.080382513661203	6463	1
10.093497267759563	6731	1
10.185846994535519	4449	1
10.205191256830602	4749	1
10.231530054644809	3421	1
10.23792349726776	9030	1
10.255628415300547	7658	1
10.26775956284153	2937	1
10.32191256830601	983	1
10.331147540983606	6132	1
10.393387978142076	2329	1
10.431475409836066	8897	1
10.43863387978142	9179	1
10.482513661202185	7554	1
10.488579234972677	7967	1
10.490054644808742	9917	1
10.518306010928962	5090	1
10.544972677595629	1721	1
10.565027322404372	2666	1
10.624426229508197	4911	1
10.661420765027323	1203	1
10.692732240437158	6036	1
10.697103825136614	8268	1
10.704098360655736	5635	1
10.739781420765027	4954	1
10.800218579234974	5216	1
10.824043715846994	2653	1
10.840218579234973	1718	1
10.846830601092897	9393	1
10.856502732240438	6034	1
10.891092896174863	8372	1
10.974371584699453	5766	1
10.999398907103826	4805	1
11.02535519125683	282	1
11.037213114754099	4851	1
11.073060109289617	1776	1
11.078688524590165	5813	1
11.08224043715847	736	1
11.111967213114754	6318	1
11.187759562841531	5342	1
11.221584699453553	7773	1
11.31032786885246	5873	1
11.310765027322404	1943	1
11.311584699453551	3873	1
11.36295081967213	3564	1
11.38120218579235	1622	1
11.39896174863388	2157	1
11.425300546448089	6862	1
11.488469945355192	4667	1
11.530928961748634	1394	1
11.553715846994535	5344	1
11.614262295081968	2785	0
11.616830601092897	8236	1
11.637814207650273	1098	1
11.639617486338798	173	1
11.66464480874317	5004	1
11.673825136612022	6024	1
11.677213114754098	6854	1
11.720983606557377	6821	1
11.772568306010928	7564	1
11.782349726775957	5052	1
11.789125683060108	8362	1
11.800655737704917	3134	1
11.81103825136612	7579	1
11.824371584699454	5644	1
11.844371584699452	5809	1
11.85983606557377	7237	1
11.88743169398907	9396	1
11.897486338797814	9987	1
11.931857923497267	7968	1
11.984699453551912	7596	1
11.987213114754098	1143	1
11.989289617486339	6215	1
12.012131147540984	3645	1
12.0724043715847	4488	1
12.076994535519125	2347	1
12.08120218579235	6064	1
12.085573770491804	3294	1
12.199726775956284	8151	1
12.223060109289618	4561	1
12.292185792349727	3188	1
12.3824043715847	9157	1
12.392349726775956	2866	1
12.41535519125683	831	1
12.420765027322405	8873	1
12.456502732240438	3363	1
12.479289617486337	536	1
12.482021857923497	7468	1
12.520437158469944	8269	1
12.52245901639344	3536	1
12.526830601092895	2510	1
12.560874316939891	6551	1
12.571639344262296	6711	1
12.584262295081967	9205	1
12.593661202185793	7931	1
12.60191256830601	3824	1
12.604754098360655	9945	1
12.621693989071037	2273	1
12.727377049180326	3757	1
12.728961748633878	1556	1
12.745846994535519	1895	1
12.822459016393442	361	1
12.826174863387978	7078	1
12.861475409836064	9020	1
12.889672131147542	5739	1
12.901803278688524	4737	1
12.902021857923495	3976	1
12.905956284153005	3213	1
12.924754098360657	9366	1
12.953606557377048	5211	1
12.963879781420765	3160	1
12.97054644808743	7047	1
12.981639344262295	6886	1
12.98311475409836	4937	1
12.996939890710383	4791	1
13.041857923497268	6547	1
13.052459016393444	7524	1
13.060437158469945	4350	1
13.066010928961749	5777	1
13.07688524590164	5264	1
13.104535519125683	3902	1
13.11775956284153	7734	1
13.12622950819672	4733	1
13.141256830601092	8866	1
13.150491803278689	8987	1
13.16863387978142	1831	1
13.172896174863387	3630	1
13.18415300546448	7348	1
13.196502732240438	2442	0
13.227978142076504	5309	1
13.257158469945356	9956	1
13.265409836065574	7708	1
13.284918032786885	39	1
13.352349726775955	2704	1
13.378743169398907	4636	1
13.395081967213114	1616	1
13.436448087431694	8070	1
13.45950819672131	6406	1
13.56584699453552	5591	1
13.59207650273224	6792	1
13.5948087431694	8080	1
13.656065573770492	5099	1
13.699344262295082	9589	1
13.700765027322404	7851	1
13.704918032786885	9814	1
13.707322404371585	4714	1
13.719453551912569	7514	1
13.769562841530055	7416	1
13.870437158469946	1150	1
13.875464480874317	4322	1
13.876448087431694	4434	1
13.896666666666667	5050	1
13.935464480874318	4308	1
13.990601092896174	4945	1
14.020109289617487	997	1
14.030054644808743	5415	1
14.030546448087433	3000	1
14.034590163934425	6527	1
14.041803278688525	2914	1
14.049726775956284	7754	1
14.138907103825137	7394	1
14.159945355191256	4197	1
14.173169398907103	2057	1
14.202896174863387	7955	1
14.286174863387977	1313	1
14.29136612021858	9113	1
14.357923497267759	9793	1
14.440601092896175	6426	1
14.45808743169399	2495	1
14.493934426229508	2006	1
14.49535519125683	3467	1
14.526612021857922	3081	1
14.538797814207651	8561	1
14.548306010928961	2203	1
14.550601092896175	8738	1
14.553497267759564	5029	1
14.578907103825136	3496	1
14.679781420765027	1690	1
14.722950819672132	7947	1
14.723825136612021	8203	1
14.74398907103825	9601	1
14.808907103825137	9423	1
14.824262295081967	6926	1
14.825464480874317	6797	1
14.846612021857924	8141	1
14.862513661202186	1996	1
14.895628415300546	4486	1
14.929125683060109	1597	1
14.956939890710382	3152	1
14.98672131147541	9274	1
14.989344262295083	3105	1
14.992841530054644	154	1
15.072131147540983	5678	1
15.073770491803277	4012	1
15.087158469945354	9386	1
15.0924043715847	1625	1
15.099016393442623	2985	1
15.14120218579235	7358	1
15.143551912568306	5128	1
15.150601092896174	2442	1
15.186830601092897	1269	1
15.215136612021857	2264	1
15.231092896174863	9230	1
15.265737704918033	9586	1
15.268196721311474	6020	1
15.291857923497268	1864	1
15.30792349726776	3080	1
15.405191256830602	6269	1
15.419071038251365	2536	1
15.43448087431694	5576	1
15.445027322404371	6552	1
15.470655737704918	4995	1
15.478688524590163	5110	1
15.491803278688524	1957	1
15.496502732240437	9993	1
15.501912568306011	9498	1
15.504754098360657	1226	1
15.52087431693989	9355	1
15.571420765027321	7355	1
15.617377049180327	2848	1
15.639781420765026	9772	1
15.669344262295082	1412	1
15.688087431693988	1753	1
15.698907103825137	1634	1
15.710273224043714	1268	1
15.73710382513661	2428	1
15.763169398907104	28	1
15.782131147540982	9782	1
15.787486338797814	1375	1
15.831857923497267	3709	1
15.841967213114755	9276	1
15.850273224043717	3150	1
15.855245901639343	9903	1
15.858688524590164	9682	1
15.945901639344262	8646	1
15.959016393442623	812	1
16.05639344262295	1178	1
16.149234972677593	9556	1
16.162349726775954	2882	1
16.163825136612022	2891	1
16.2075956284153	217	1
16.210765027322402	2461	1
16.213661202185794	6468	1
16.219234972677597	9108	1
16.2551912568306	7552	1
16.28464480874317	5842	1
16.28535519125683	7338	1
16.303879781420765	9443	1
16.33366120218579	9246	1
16.350437158469944	9840	1
16.367704918032786	9949	1
16.420928961748633	5981	1
16.430437158469946	7832	1
16.440983606557378	9629	1
16.46781420765027	8401	1
16.469234972677597	2042	1
16.470327868852458	5833	1
16.493387978142074	5863	1
16.566502732240437	3664	1
16.584699453551913	9696	1
16.587868852459014	4011	1
16.59825136612022	621	1
16.621147540983607	5514	1
16.6575956284153	315	1
16.660928961748635	6714	1
16.676174863387978	7755	1
16.704972677595627	8786	1
16.72830601092896	3298	1
16.75918032786885	3744	1
16.77710382513661	7113	1
16.77846994535519	6991	1
16.79775956284153	1214	1
16.803770491803277	9702	1
16.80950819672131	646	1
16.852459016393443	2209	1
16.86622950819672	1331	1
16.887978142076502	6201	1
16.92398907103825	3361	1
16.927158469945354	223	1
16.955737704918032	6238	1
16.975300546448086	7463	1
16.97639344262295	2860	1
16.98256830601093	2889	1
17.00087431693989	8088	1
17.018633879781422	1406	1
17.023060109289617	6787	1
17.038961748633877	1991	1
17.11191256830601	5723	1
17.19071038251366	8326	1
17.192896174863385	6960	1
17.231475409836065	4008	1
17.262404371584697	8975	1
17.320218579234975	7563	1
17.321038251366122	4400	1
17.328579234972675	9909	1
17.330382513661203	700	1
17.342185792349728	3317	1
17.385573770491803	5775	1
17.401639344262293	4928	1
17.423879781420766	2822	1
17.44158469945355	8181	1
17.441912568306012	6117	1
17.44704918032787	2791	1
17.47382513661202	4909	1
17.500655737704918	256	1
17.54016393442623	176	1
17.569234972677595	6043	1
17.597103825136614	4689	1
17.642677595628413	1093	1
17.698360655737705	4965	1
17.711311475409836	8958	1
17.771256830601093	5311	1
17.816666666666666	1538	1
17.92502732240437	3552	1
17.929453551912566	1047	1
17.934918032786886	9842	1
17.935737704918033	2050	1
17.947158469945354	9927	1
17.94792349726776	7414	1
17.952021857923494	3628	1
17.966612021857923	6644	1
18.009945355191256	7663	1
18.111420765027322	146	1
18.113551912568305	9898	1
18.137704918032785	3367	1
18.14333333333333	3770	1
18.174699453551913	3038	1
18.250109289617487	9196	1
18.27409836065574	416	1
18.277377049180327	8656	1
18.344043715846993	2084	1
18.358743169398906	9252	1
18.4127868852459	3230	1
18.418415300546446	8395	1
18.422349726775956	5273	1
18.496885245901638	5742	1
18.53382513661202	610	1
18.542021857923498	6895	1
18.573224043715847	2786	1
18.575409836065575	6793	1
18.58650273224044	4910	1
18.60502732240437	762	1
18.625956284153006	4442	1
18.627540983606554	8785	1
18.6827868852459	6438	1
18.692021857923496	1862	1
18.722950819672132	1242	1
18.763551912568307	3362	1
18.769945355191254	1664	1
18.786775956284153	5201	1
18.787868852459013	975	1
18.788196721311476	2069	1
18.798415300546445	7824	1
18.803224043715847	5859	1
18.813060109289616	6060	1
18.825081967213112	6518	1
18.838852459016394	1771	1
18.86825136612022	5744	1
18.894207650273223	7433	1
18.89972677595628	9975	1
18.927377049180325	9734	1
18.984480874316937	9781	1
19.02770491803279	6952	1
19.051530054644807	5140	1
19.05398907103825	1615	1
19.08360655737705	6480	1
19.19502732240437	1891	1
19.20360655737705	8333	1
19.270437158469946	5129	1
19.326666666666664	3644	1
19.3696174863388	4326	1
19.38896174863388	7929	1
19.403934426229508	6507	1
19.475191256830602	564	1
19.490000000000002	3652	1
19.49535519125683	9028	1
19.51628415300546	8302	1
19.527377049180327	3936	1
19.53344262295082	5688	1
19.54502732240437	3126	1
19.581967213114755	7080	1
19.600163934426227	4417	1
19.600928961748632	9495	1
19.609945355191257	3910	1
19.625792349726776	3697	1
19.64950819672131	5611	1
19.683606557377047	362	1
19.68857923497268	3532	1
19.74808743169399	6487	1
19.749180327868853	9328	1
19.763879781420766	4880	1
19.772131147540982	3773	1
19.775136612021857	4491	1
19.782841530054647	1486	1
19.815956284153007	5235	1
19.86021857923497	9273	1
19.867103825136613	3565	1
19.883005464480874	6192	1
19.899180327868855	8746	1
19.94349726775956	2728	1
20.042240437158473	6071	1
20.04327868852459	7455	1
20.065956284153007	5939	1
20.07311475409836	910	1
20.07360655737705	9747	1
20.089016393442623	3592	1
20.094098360655735	9713	1
20.10087431693989	5327	1
20.10907103825137	2635	1
20.119453551912567	3349	1
20.158142076502735	6478	1
20.174043715846995	2718	1
20.19065573770492	8361	1
20.19081967213115	1019	1
20.298688524590165	8464	1
20.301311475409836	4877	1
20.319453551912567	3836	1
20.345737704918033	2248	1
20.356065573770493	1553	1
20.36775956284153	4672	1
20.380710382513662	4339	1
20.40846994535519	6190	1
20.41207650273224	9469	1
20.42005464480874	6046	1
20.43125683060109	8625	1
20.53169398907104	7607	1
20.552677595628417	3808	1
20.58262295081967	547	1
20.585464480874318	5408	1
20.60398907103825	770	1
20.664590163934427	8493	1
20.688633879781417	1466	1
20.690983606557378	3967	1
20.725081967213114	6308	1
20.776120218579234	7401	1
20.792185792349727	879	1
20.843879781420764	5161	1
20.884699453551914	5831	1
20.896994535519124	9440	1
20.920710382513658	9910	1
20.924426229508196	3273	1
20.925409836065572	7785	1
20.950601092896175	5359	1
20.96743169398907	9697	1
20.979234972677595	5477	1
21.001693989071036	9183	1
21.04207650273224	7432	1
21.045027322404373	8834	1
21.056994535519127	8797	1
21.066502732240437	596	1
21.068743169398907	9912	1
21.084863387978142	7148	1
21.089289617486337	7612	1
21.119071038251366	1327	1
21.138907103825137	1591	1
21.13934426229508	7058	1
21.14617486338798	4884	1
21.181693989071036	856	1
21.18191256830601	6992	1
21.21273224043716	4288	1
21.21497267759563	8606	1
21.218087431693988	4596	1
21.225573770491803	7253	1
21.241912568306013	563	1
21.249617486338796	2984	1
21.25650273224044	5757	1
21.261420765027324	1952	1
21.328579234972675	6057	1
21.329398907103826	4598	1
21.38054644808743	9118	1
21.406174863387978	8688	1
21.430273224043717	8916	1
21.453551912568308	9362	1
21.493551912568304	8186	1
21.512622950819672	6660	1
21.514262295081966	2693	1
21.52622950819672	1627	1
21.599890710382514	2939	1
21.60103825136612	1164	1
21.690218579234973	1897	1
21.767158469945354	4705	1
21.77229508196721	8285	1
21.797814207650273	3382	1
21.81846994535519	4328	1
21.840655737704918	7489	1
21.89393442622951	8832	1
21.900928961748633	7950	1
21.900983606557375	7435	1
21.9679781420765	8365	1
21.97775956284153	8705	1
22.037049180327866	9770	1
22.042786885245903	5773	1
22.05071038251366	4799	1
22.13174863387978	4702	1
22.141311475409836	4859	1
22.169672131147543	2460	1
22.189781420765026	7231	1
22.21049180327869	9471	1
22.220601092896175	6756	1
22.24224043715847	5869	1
22.249180327868853	3022	1
22.259945355191256	6939	1
22.296284153005463	6415	1
22.308196721311475	2009	1
22.31830601092896	8367	1
22.327704918032786	8193	1
22.332185792349726	6119	1
22.385464480874315	1414	1
22.423497267759565	5743	1
22.435136612021857	2393	1
22.52295081967213	465	1
22.532622950819672	1116	1
22.54185792349727	7480	1
22.5544262295082	4865	1
22.56415300546448	7730	1
22.568688524590165	2691	1
22.578907103825134	4879	1
22.61502732240437	6122	1
22.656338797814207	5145	1
22.682896174863387	9110	1
22.71688524590164	6656	1
22.74983606557377	3523	1
22.786174863387977	4989	1
22.834371584699454	8988	1
22.860601092896175	4294	1
22.869289617486338	5385	1
22.874754098360654	5406	1
22.878852459016393	1387	1
22.89469945355191	676	1
22.898032786885246	6164	1
23.019781420765028	7997	1
23.023770491803276	2058	1
23.031912568306012	4835	1
23.075573770491804	2682	1
23.11398907103825	1261	1
23.128306010928963	8942	1
23.18846994535519	6358	1
23.2348087431694	3011	1
23.3031693989071	9123	1
23.319125683060108	1846	1
23.323715846994535	5217	1
23.326393442622948	6723	1
23.40606557377049	7286	1
23.414098360655736	9626	1
23.426885245901637	7192	1
23.47726775956284	7015	1
23.482622950819675	1376	1
23.490819672131146	4269	1
23.50967213114754	9510	1
23.510273224043715	3453	1
23.54377049180328	446	1
23.64535519125683	4113	1
23.662459016393445	6923	1
23.681475409836068	4261	1
23.694098360655737	6134	1
23.69814207650273	4994	1
23.70448087431694	6730	1
23.760109289617485	8216	1
23.79289617486339	2224	1
23.82103825136612	6317	1
23.86967213114754	4778	1
23.872295081967213	5654	1
23.905027322404372	5661	1
23.905409836065573	9509	1
23.92071038251366	2332	1
23.950710382513662	3293	1
23.97726775956284	6994	1
23.993879781420762	8653	1
24.02273224043716	2286	1
24.02808743169399	9731	1
24.06879781420765	7125	1
24.100765027322407	7572	1
24.180601092896172	3236	1
24.18398907103825	4343	1
24.201803278688523	4607	1
24.208032786885244	6283	1
24.24120218579235	7166	1
24.293169398907104	3616	1
24.311311475409834	1135	1
24.31863387978142	1543	1
24.327540983606557	6653	1
24.335519125683057	239	1
24.42568306010929	517	1
24.429726775956283	3485	1
24.461530054644808	939	1
24.49415300546448	4235	1
24.50016393442623	9262	1
24.503169398907104	9786	1
24.511803278688525	3182	1
24.525573770491803	1970	1
24.562513661202185	3479	1
24.601693989071038	4112	1
24.617377049180327	3887	1
24.691693989071037	6092	1
24.702349726775953	2827	1
24.740327868852457	4250	1
24.76049180327869	8670	1
24.78431693989071	7289	1
24.8020218579235	6568	1
24.811857923497268	314	1
24.84912568306011	3699	1
24.85087431693989	1967	1
24.86978142076503	6455	1
24.87464480874317	766	1
24.884043715846996	4059	1
24.917540983606553	11	1
24.939453551912568	7822	1
24.9448087431694	1754	1
24.964043715846994	1205	1
24.968579234972676	2118	1
24.9951912568306	5567	1
25.013224043715848	981	1
25.02672131147541	6038	1
25.054043715846994	7858	1
25.058688524590163	2321	1
25.062732240437157	2480	1
25.081639344262296	5877	1
25.148852459016393	6734	1
25.162021857923495	7095	1
25.16846994535519	2900	1
25.173387978142074	4134	1
25.20601092896175	5471	1
25.217759562841533	4936	1
25.27502732240437	8463	1
25.294863387978143	2852	1
25.305956284153005	1153	1
25.307704918032787	1733	1
25.360491803278688	8607	1
25.37502732240437	3934	1
25.381639344262297	5860	1
25.383060109289616	5818	1
25.384808743169398	6513	1
25.404699453551913	4366	1
25.45989071038251	821	1
25.50622950819672	6310	1
25.53016393442623	7631	1
25.561803278688526	8128	1
25.56622950819672	6088	1
25.584098360655734	2255	1
25.585628415300548	9309	1
25.628032786885246	3784	1
25.656284153005465	3761	1
25.689999999999998	7763	1
25.696612021857923	4160	1
25.709890710382513	1986	1
25.713770491803277	9591	1
25.746939890710383	5528	1
25.759945355191256	8366	1
25.789016393442623	3613	1
25.807595628415303	9619	1
25.81928961748634	5155	1
25.821202185792348	6179	1
25.832677595628414	8048	1
25.835245901639343	7523	1
25.84256830601093	6196	1
25.862568306010928	67	1
25.866448087431692	3506	1
25.889180327868853	3147	1
25.910327868852455	2072	1
25.92295081967213	1883	1
25.982677595628417	7384	1
25.996721311475408	4178	1
26.00153005464481	6738	1
26.030765027322403	7256	1
26.03344262295082	2221	1
26.060655737704916	6383	1
26.075300546448087	4092	1
26.097267759562843	8690	1
26.107486338797813	6420	1
26.115573770491803	7928	1
26.161912568306008	4890	1
26.215846994535518	7088	1
26.230491803278685	3643	1
26.238032786885245	7375	1
26.25049180327869	1446	1
26.264808743169397	5016	1
26.269945355191254	5593	1
26.292021857923498	1962	1
26.29934426229508	8848	1
26.306229508196722	2657	1
26.39693989071038	1635	1
26.408415300546448	7923	1
26.4175956284153	4503	1
26.42486338797814	9707	1
26.44672131147541	683	1
26.45327868852459	2770	1
26.45688524590164	356	1
26.4672131147541	7987	1
26.47174863387978	5034	1
26.49945355191257	3227	1
26.517868852459017	9452	1
26.5203825136612	1211	1
26.560928961748633	9777	1
26.566174863387978	7453	1
26.604535519125683	7153	1
26.62726775956284	3155	1
26.640218579234972	8840	1
26.682896174863387	6844	1
26.71103825136612	9035	1
26.71289617486339	7957	1
26.75677595628415	795	1
26.766284153005465	3120	1
26.771584699453552	635	1
26.788251366120218	1602	1
26.822131147540986	3919	1
26.83404371584699	4390	1
26.843169398907104	8806	1
26.850928961748632	5433	1
26.856557377049178	2745	1
26.8575956284153	3282	1
26.86054644808743	3984	1
26.894754098360657	9181	1
26.963879781420765	6485	1
26.97448087431694	5997	1
26.976284153005462	7577	1
26.986284153005464	5202	1
27.006284153005463	9234	1
27.037868852459013	4123	1
27.04846994535519	3595	1
27.068306010928964	4419	1
27.073715846994535	8772	1
27.078032786885245	3968	1
27.113497267759563	3145	1
27.12213114754098	4750	1
27.128633879781418	9985	1
27.147868852459016	2738	1
27.15551912568306	4116	1
27.20841530054645	9129	1
27.21983606557377	735	1
27.247322404371584	6350	1
27.259071038251367	9576	1
27.28344262295082	4695	1
27.319726775956283	3139	1
27.371584699453553	1044	1
27.398032786885246	3332	1
27.43431693989071	1368	1
27.45956284153005	5657	1
27.47825136612022	7540	1
27.585792349726773	5628	1
27.63841530054645	5643	1
27.643551912568306	2295	1
27.70360655737705	1095	1
27.71327868852459	7103	1
27.732131147540983	4244	1
27.759398907103826	1365	1
27.88136612021858	763	1
27.882677595628415	4810	1
27.908032786885244	5089	1
27.923005464480873	3727	1
28.007158469945356	9821	1
28.090054644808742	9794	1
28.108032786885246	493	1
28.10950819672131	877	1
28.143005464480872	7405	1
28.146939890710385	5756	1
28.167377049180327	5389	1
28.223497267759562	9526	1
28.242185792349726	1036	1
28.275519125683058	995	1
28.280765027322406	2563	1
28.281530054644808	9564	1
28.287322404371583	8808	1
28.29169398907104	8207	1
28.38032786885246	1411	1
28.418306010928962	405	1
28.418579234972675	9209	1
28.42	595	1
28.441693989071037	1626	1
28.486448087431693	622	1
28.52497267759563	3823	1
28.555628415300546	3827	1
28.564918032786885	8547	1
28.565792349726774	8974	1
28.592841530054645	2404	1
28.601693989071038	7053	1
28.604699453551913	3988	1
28.612896174863387	8813	1
28.62415300546448	8570	1
28.62584699453552	1934	1
28.656448087431695	7628	1
28.661147540983606	3197	1
28.721202185792347	6182	1
28.727049180327867	7769	1
28.729234972677595	4131	1
28.765081967213117	8427	1
28.804207650273224	6799	1
28.824590163934424	6041	1
28.85409836065574	3176	1
28.866448087431692	4756	1
28.869617486338797	7385	1
28.875737704918034	5580	1
28.882513661202186	1177	1
28.89207650273224	6225	1
28.933278688524588	4501	1
28.944480874316938	3945	1
28.949180327868852	9173	1
28.952295081967215	8329	1
28.972677595628415	7258	1
28.99142076502732	7590	1
29.00300546448087	1479	1
29.024426229508197	1232	1
29.030983606557378	4696	1
29.058251366120217	6265	1
29.062841530054644	5603	1
29.10502732240437	4538	1
29.11224043715847	5553	1
29.11775956284153	3234	1
29.140273224043714	8878	1
29.145081967213116	3580	1
29.153715846994533	20	1
29.194535519125683	9304	1
29.218743169398905	9700	1
29.24464480874317	7366	1
29.27191256830601	3747	1
29.311639344262296	5081	1
29.35535519125683	8174	1
29.35950819672131	9631	1
29.375300546448088	6696	1
29.401256830601092	8156	1
29.443551912568303	1646	1
29.469398907103823	1701	1
29.52071038251366	3543	1
29.53464480874317	9444	1
29.536065573770493	8431	1
29.53672131147541	6514	1
29.54775956284153	8522	1
29.566612021857924	5078	1
29.569617486338796	323	1
29.598524590163933	1212	1
29.60502732240437	4572	1
29.611475409836064	7008	1
29.65229508196721	3508	1
29.673387978142074	9481	1
29.684426229508198	6494	1
29.69535519125683	445	1
29.7151912568306	8138	1
29.760163934426227	797	1
29.760327868852457	6330	1
29.775027322404373	6336	1
29.795573770491803	6021	1
29.807868852459013	996	1
29.874098360655736	7744	1
29.939617486338797	8600	1
29.967868852459016	8683	1
30.043333333333333	5700	1
30.059398907103827	701	1
30.06	9876	1
30.074590163934428	2885	1
30.08967213114754	8135	1
30.14448087431694	5597	1
30.15043715846994	1535	1
30.15065573770492	6278	1
30.156612021857924	3576	1
30.1807650273224	1885	1
30.20005464480874	5662	1
30.20885245901639	6810	1
30.2127868852459	8770	1
30.226502732240437	2017	1
30.252349726775957	5236	1
30.257978142076503	3835	1
30.260382513661202	15	1
30.275792349726775	1580	1
30.323278688524592	9303	1
30.324098360655736	2181	1
30.350928961748632	8672	1
30.40978142076503	3281	1
30.412295081967216	6688	1
30.44032786885246	6542	1
30.44136612021858	8642	1
30.441475409836062	5849	1
30.446010928961748	4052	1
30.450983606557376	594	1
30.46415300546448	3072	1
30.472021857923497	2135	1
30.49950819672131	4549	1
30.52224043715847	9938	1
30.532732240437156	3864	1
30.558196721311475	2080	1
30.592732240437158	22	1
30.59693989071038	199	1
30.605737704918035	188	1
30.615573770491803	9710	1
30.62568306010929	807	1
30.628087431693988	771	1
30.662131147540983	1112	1
30.683879781420764	5752	1
30.74535519125683	1869	1
30.749234972677595	8662	1
30.751967213114757	3442	1
30.812240437158472	3222	1
30.814098360655734	2097	1
30.817868852459018	3891	1
30.828360655737704	8284	1
30.86639344262295	2634	1
30.90415300546448	8253	1
30.90551912568306	6354	1
30.922021857923497	8668	1
30.937213114754098	845	1
30.966448087431694	7759	1
30.98415300546448	5434	1
31.002896174863388	6742	1
31.023551912568305	129	1
31.08863387978142	9464	1
31.11224043715847	7765	1
31.12415300546448	7391	1
31.132021857923494	6896	1
31.13754098360656	9817	1
31.187978142076503	6488	1
31.188087431693987	5588	1
31.200327868852458	8122	1
31.203497267759563	9341	1
31.21464480874317	9119	1
31.235956284153005	4238	1
31.2548087431694	1832	1
31.265464480874314	5595	1
31.275956284153004	6872	1
31.2924043715847	274	1
31.305245901639346	9513	1
31.31229508196721	5279	1
31.343224043715846	2352	1
31.35360655737705	4979	1
31.37448087431694	5127	1
31.37655737704918	760	1
31.409508196721312	2076	1
31.412896174863388	8961	1
31.414426229508198	9081	1
31.422513661202185	4158	1
31.452568306010928	3313	1
31.45978142076503	4926	1
31.475081967213114	5301	1
31.482240437158467	3661	1
31.548196721311474	8339	1
31.606885245901637	992	1
31.611639344262294	3286	1
31.632513661202186	7975	1
31.643551912568306	9085	1
31.656502732240437	9172	1
31.691639344262292	6342	1
31.693934426229507	909	1
31.779781420765026	3065	1
31.791639344262293	2197	1
31.807540983606554	3762	1
31.848907103825137	6076	1
31.915792349726775	8043	1
31.924699453551913	1935	1
31.92808743169399	6065	1
31.931803278688523	9797	1
31.972841530054644	3615	1
31.98	593	1
31.988306010928962	2358	1
31.990710382513658	9435	1
32.07229508196721	4915	1
32.088907103825136	187	1
32.09180327868852	7700	1
32.133825136612025	3411	1
32.14677595628415	2628	1
32.15950819672131	7859	1
32.164480874316936	3351	1
32.229344262295086	953	1
32.239726775956285	9670	1
32.244535519125684	927	1
32.246775956284154	1629	1
32.24846994535519	3154	1
32.25693989071038	8824	1
32.26530054644809	9088	1
32.29081967213114	1245	1
32.29748633879782	7995	1
32.31579234972678	5188	1
32.36327868852459	5582	1
32.36754098360656	177	1
32.38945355191257	6082	1
32.4072131147541	5476	1
32.44945355191257	600	1
32.485245901639345	5947	1
32.536065573770486	9739	1
32.55087431693989	741	1
32.59027322404371	8706	1
32.593333333333334	5829	1
32.644043715847	647	1
32.67508196721311	9371	1
32.679508196721315	9144	1
32.70693989071038	2726	1
32.70710382513661	3060	1
32.76754098360656	6452	1
32.78551912568306	4382	1
32.78737704918033	1400	1
32.787923497267755	2492	1
32.789071038251365	1272	1
32.84918032786885	9687	1
32.89218579234973	5942	1
32.93065573770492	9961	1
32.934262295081965	1947	1
32.93710382513661	1063	1
32.97928961748634	7747	1
33.00868852459016	2965	1
33.01508196721311	6386	1
33.038032786885246	9655	1
33.052185792349725	1825	1
33.05387978142076	2292	1
33.06071038251366	4474	1
33.07027322404372	3368	1
33.09344262295082	7329	1
33.10109289617486	1728	1
33.12546448087432	1162	1
33.15595628415301	3866	1
33.2016393442623	3233	1
33.213497267759564	7889	1
33.22918032786885	5184	1
33.241857923497264	522	1
33.306666666666665	1868	1
33.31016393442623	4619	1
33.321639344262294	9284	1
33.33338797814208	8506	1
33.362513661202186	1850	1
33.374426229508195	4186	1
33.44786885245902	1910	1
33.4864480874317	7249	1
33.49551912568306	5429	1
33.50125683060109	681	1
33.52912568306011	8849	1
33.53131147540984	4938	1
33.53475409836066	2496	1
33.54584699453552	6819	1
33.569781420765025	2082	1
33.63469945355191	1362	1
33.6551912568306	892	1
33.733715846994535	262	1
33.735245901639345	4643	1
33.745956284153	1668	1
33.76158469945355	7649	1
33.80978142076503	302	1
33.81251366120218	7002	1
33.82704918032787	7679	1
33.8335519125683	5937	1
33.858251366120214	7695	1
33.863989071038255	1148	1
33.86950819672131	6186	1
33.884590163934426	3702	1
33.89983606557377	9581	1
33.91967213114754	2906	1
33.968743169398905	9400	1
33.99109289617486	4182	1
33.99655737704918	3957	1
34.03032786885246	7389	1
34.03207650273224	7840	1
34.145300546448084	2661	1
34.17016393442623	7670	1
34.2251912568306	8945	1
34.25016393442623	8291	1
34.260218579234966	2584	1
34.27081967213115	7464	1
34.278306010928965	5463	1
34.29262295081968	3969	1
34.30120218579235	5982	1
34.31005464480874	9881	1
34.326174863387976	5751	1
34.33005464480875	2401	1
34.3775956284153	5322	1
34.38595628415301	5900	1
34.39677595628415	9005	1
34.39972677595628	4634	1
34.42071038251366	7351	1
34.42431693989071	7064	1
34.456830601092896	1276	1
34.45737704918033	2263	1
34.4667213114754	1032	1
34.47147540983606	6387	1
34.48928961748634	7673	1
34.49513661202186	8018	1
34.51469945355191	4202	1
34.51693989071038	2571	1
34.548852459016395	9658	1
34.564535519125684	354	1
34.58704918032787	5912	1
34.6075956284153	9163	1
34.649890710382515	6915	1
34.65021857923497	8452	1
34.67136612021857	8394	1
34.68147540983606	2201	1
34.682131147540986	2335	1
34.739726775956285	162	1
34.7488524590164	3912	1
34.76945355191257	2122	1
34.77814207650273	6371	1
34.78245901639344	7632	1
34.89453551912568	8079	1
34.89830601092896	3569	1
34.90535519125683	6244	1
34.90901639344262	3599	1
34.91590163934426	3582	1
34.92885245901639	8320	1
34.94005464480875	2165	1
34.95021857923497	895	1
34.97185792349727	9740	1
35.00125683060109	3819	1
35.00229508196722	9372	1
35.00781420765028	1281	1
35.02612021857923	4982	1
35.05081967213115	1071	1
35.08267759562842	5498	1
35.087377049180326	5158	1
35.08765027322404	9860	1
35.1196174863388	3099	1
35.131967213114756	515	1
35.17540983606557	2448	1
35.179180327868856	2636	1
35.193770491803285	708	1
35.21065573770492	2676	1
35.23153005464481	9250	1
35.241857923497264	6938	1
35.25103825136612	8911	1
35.27617486338798	9783	1
35.334863387978146	5317	1
35.34158469945355	7287	1
35.36196721311475	2922	1
35.36972677595628	4522	1
35.389071038251366	1929	1
35.40125683060109	6373	1
35.42021857923497	9991	1
35.426120218579236	7726	1
35.45726775956284	1195	1
35.45770491803279	7369	1
35.47256830601093	841	1
35.47382513661202	2890	1
35.47989071038251	7731	1
35.49180327868852	1565	1
35.49879781420765	9493	1
35.49972677595628	5923	1
35.51043715846995	8645	1
35.5831693989071	4441	1
35.589999999999996	9365	1
35.64497267759563	4847	1
35.65530054644808	5634	1
35.6583606557377	8352	1
35.66213114754099	6759	1
35.71409836065574	6710	1
35.7431693989071	727	1
35.77699453551912	5005	1
35.796994535519126	3280	1
35.82065573770491	2315	1
35.85382513661202	7079	1
35.863606557377054	5119	1
35.86978142076502	3148	1
35.889289617486334	5252	1
35.89491803278688	2194	1
35.8955737704918	2044	1
35.89814207650274	2777	1
35.93628415300547	5659	1
35.964316939890715	3018	1
35.97901639344262	6145	1
35.98131147540983	4462	1
35.98349726775956	6902	1
35.99579234972677	5901	1
36.00573770491803	2747	1
36.020437158469946	8520	1
36.02453551912568	6977	1
36.05092896174863	4376	1
36.061530054644805	9459	1
36.07360655737705	1436	1
36.09918032786885	8232	1
36.1007650273224	787	1
36.10579234972678	4252	1
36.111639344262294	9483	1
36.11213114754098	1740	1
36.119453551912564	8935	1
36.14005464480874	7426	1
36.176502732240436	5171	1
36.200765027322404	7330	1
36.201475409836064	6722	1
36.24218579234972	3340	1
36.245956284153	7556	1
36.25628415300547	367	1
36.32677595628415	4716	1
36.345519125683055	6199	1
36.34622950819672	3860	1
36.38213114754098	2656	1
36.39218579234972	1006	1
36.39819672131148	6616	1
36.43087431693989	1652	1
36.44169398907104	2253	1
36.478524590163936	8050	1
36.48579234972677	4999	1
36.53699453551912	2553	1
36.53879781420765	4267	1
36.54174863387978	7675	1
36.56289617486339	3555	1
36.632349726775956	9765	1
36.64251366120219	2218	1
36.64349726775956	9388	1
36.670819672131145	6084	1
36.67442622950819	5449	1
36.68748633879782	4552	1
36.695519125683056	8257	1
36.72469945355191	7108	1
36.72939890710383	1145	1
36.78147540983606	3244	1
36.81322404371585	44	1
36.826612021857926	666	1
36.82890710382513	9446	1
36.83415300546448	4992	1
36.86076502732241	9448	1
36.93114754098361	2048	1
36.94874316939891	3625	1
36.990491803278694	109	1
37.01125683060109	1604	1
37.018907103825136	6954	1
37.02196721311475	3366	1
37.02907103825137	1184	1
37.04453551912569	9992	1
37.045573770491806	5209	1
37.04688524590164	4464	1
37.05125683060109	8340	1
37.073497267759564	8784	1
37.08513661202186	1848	1
37.08562841530055	4320	1
37.12316939890711	6142	1
37.125245901639346	9041	1
37.13185792349727	3548	1
37.157322404371584	2806	1
37.199016393442626	6791	1
37.23426229508196	9100	1
37.24786885245902	5482	1
37.2503825136612	584	1
37.28311475409836	2436	1
37.310874316939895	9195	1
37.31174863387978	4993	1
37.32	5494	1
37.38612021857923	745	1
37.39224043715847	4357	1
37.3992349726776	5718	1
37.43289617486339	6713	1
37.449344262295085	7978	1
37.45590163934426	6784	1
37.48005464480874	5041	1
37.502841530054646	6285	1
37.509890710382514	8533	1
37.5575956284153	1010	1
37.569836065573774	8037	1
37.617377049180334	2692	1
37.64890710382514	8811	1
37.65054644808743	8460	1
37.656174863387974	2542	1
37.65846994535519	1433	1
37.67322404371585	4564	1
37.6996174863388	9287	1
37.7148087431694	8480	1
37.72562841530055	4298	1
37.72606557377049	6466	1
37.73770491803278	5909	1
37.748688524590165	2521	1
37.74994535519126	8943	1
37.78300546448087	8982	1
37.789453551912565	9316	1
37.80491803278688	8512	1
37.81245901639344	2631	1
37.82491803278689	312	1
37.840382513661204	1643	1
37.860218579234974	7656	1
37.9135519125683	4790	1
37.93459016393443	4964	1
37.96218579234973	552	1
37.96672131147541	5403	1
37.96715846994535	9480	0
37.975464480874315	4270	1
38.01054644808743	7784	1
38.034207650273224	1351	1
38.05251366120219	7362	1
38.05661202185792	2997	1
38.06174863387979	5423	1
38.06879781420765	3653	1
38.07568306010929	7833	1
38.09994535519126	9405	1
38.10934426229508	7354	1
38.11661202185792	4321	1
38.14819672131148	1809	1
38.17502732240437	3537	1
38.23322404371584	9970	1
38.24131147540984	8896	1
38.25475409836066	398	1
38.260983606557375	6878	1
38.312677595628415	5011	1
38.34852459016393	5439	1
38.399071038251364	521	1
38.438743169398904	3760	1
38.449289617486336	3519	1
38.459781420765026	4528	1
38.51142076502732	5689	1
38.523497267759566	7010	1
38.524043715847	7430	1
38.52562841530055	9665	1
38.56393442622951	2035	1
38.60983606557377	3493	1
38.63245901639344	7052	1
38.64377049180328	1442	1
38.671584699453554	2541	1
38.689672131147546	2234	1
38.70868852459016	9242	1
38.7927868852459	4715	1
38.80950819672131	3798	1
38.83092896174863	7799	1
38.83125683060109	860	1
38.85497267759563	8773	1
38.87049180327869	7451	1
38.894262295081965	8821	1
38.903278688524594	2174	1
38.91928961748634	8283	1
38.95136612021858	9928	1
38.97289617486339	4128	1
38.99289617486339	3229	1
38.993060109289615	9754	1
39.07590163934426	4747	1
39.10060109289617	8766	1
39.106448087431694	3048	1
39.11218579234972	8118	1
39.115355191256825	3753	1
39.13464480874317	1020	1
39.14098360655738	9008	1
39.16202185792349	9270	1
39.17617486338798	2800	1
39.21120218579235	297	1
39.22928961748634	2714	1
39.259180327868854	128	1
39.280874316939894	110	1
39.28142076502733	3318	1
39.285300546448084	4222	1
39.28934426229508	6790	1
39.30879781420765	1013	1
39.33032786885246	9756	1
39.335519125683064	9625	1
39.3355737704918	3121	1
39.33704918032787	6479	1
39.33841530054645	1807	1
39.40513661202186	5361	1
39.41868852459016	280	1
39.43781420765028	4393	1
39.45814207650273	3776	1
39.458633879781424	7109	1
39.49196721311475	2407	1
39.499344262295075	8618	1
39.527158469945356	3772	1
39.53814207650273	2309	1
39.53825136612022	8011	1
39.55131147540983	9990	1
39.56327868852459	8272	1
39.58568306010929	8223	1
39.58803278688524	3854	1
39.61726775956284	7174	1
39.63180327868852	8752	1
39.63344262295082	2342	1
39.64786885245901	1847	1
39.68590163934426	4855	1
39.80907103825137	8781	1
39.85092896174863	8565	1
39.89486338797814	8406	1
39.9116393442623	837	1
39.93267759562841	5801	1
39.94765027322404	4770	1
39.94950819672131	3558	1
39.951147540983605	3058	1
39.99442622950819	8640	1
39.9948087431694	1593	1
40.03879781420765	3214	1
40.050273224043714	1647	1
40.05295081967213	5046	1
40.09836065573771	1455	1
40.1107650273224	5496	1
40.12732240437158	2310	1
40.15344262295082	9127	1
40.164426229508194	7235	1
40.17590163934426	5009	1
40.19081967213114	4327	1
40.19092896174863	6116	1
40.242732240437164	7298	1
40.24322404371585	1332	1
40.25688524590164	4380	1
40.26054644808743	2188	1
40.29032786885246	6743	1
40.29224043715847	6365	1
40.30174863387978	2851	1
40.34245901639344	8590	1
40.3768306010929	6563	1
40.38180327868852	8575	1
40.399781420765024	8353	1
40.42404371584699	6537	1
40.43125683060109	9519	1
40.46065573770492	6210	1
40.46584699453552	9943	1
40.47448087431694	4829	1
40.496010928961745	8028	1
40.50540983606557	7187	1
40.526666666666664	3795	1
40.53409836065574	7807	1
40.53879781420765	3517	1
40.5507650273224	8735	1
40.5527868852459	7817	1
40.559726775956285	4693	1
40.595245901639345	4142	1
40.60699453551912	7913	1
40.62874316939891	6969	1
40.72601092896175	917	1
40.735628415300546	8616	1
40.7492349726776	5993	1
40.78043715846995	4893	1
40.79213114754098	5179	1
40.79792349726776	4273	1
40.80010928961749	9542	1
40.84448087431694	7032	1
40.85016393442623	2528	1
40.855956284153	2391	1
40.86409836065573	1932	1
40.88677595628415	5213	1
40.89142076502733	4402	1
40.89666666666667	4513	1
40.92956284153005	7986	1
40.94311475409836	9523	1
40.95142076502732	1525	1
40.95256830601093	4653	1
40.96218579234972	131	1
40.97765027322404	8074	1
40.985901639344256	3964	1
40.98885245901639	7702	1
40.98989071038251	3149	1
41.00524590163934	817	1
41.00551912568306	3575	1
41.01497267759562	9738	1
41.032786885245905	3285	1
41.05896174863388	311	1
41.10469945355191	480	1
41.105956284153	3204	1
41.120765027322406	3202	1
41.13622950819672	761	1
41.14595628415301	2712	1
41.170054644808744	9245	1
41.19863387978142	9031	1
41.211202185792345	9168	1
41.21174863387978	5440	1
41.23322404371585	4916	1
41.24551912568306	4259	1
41.256120218579234	4023	1
41.26606557377049	8747	1
41.29300546448087	7711	1
41.30715846994535	5561	1
41.32229508196721	2284	1
41.326120218579234	7118	1
41.331803278688525	7506	1
41.34251366120218	9831	1
41.34743169398907	9336	1
41.348688524590166	5198	1
41.37568306010929	2874	1
41.382568306010924	7682	1
41.40338797814207	6755	1
41.40535519125683	1505	1
41.41650273224044	2971	1
41.42956284153005	6069	1
41.44459016393442	7809	1
41.45295081967213	4019	1
41.474644808743165	8355	1
41.50748633879782	3490	1
41.51010928961749	5474	1
41.52109289617486	977	1
41.52109289617486	5156	1
41.54125683060109	5394	1
41.5555737704918	1206	1
41.57251366120219	9887	1
41.57704918032787	114	1
41.663387978142076	5450	1
41.72704918032787	9279	1
41.746448087431695	8180	1
41.75136612021858	9792	1
41.776775956284155	7669	1
41.79360655737705	9880	1
41.80967213114754	2961	1
41.823551912568306	1975	1
41.82409836065574	3971	1
41.831803278688525	2089	1
41.835519125683064	4342	1
41.84300546448087	5396	1
41.86377049180328	4398	1
41.89644808743169	9010	1
41.940273224043715	8914	1
41.98606557377049	8108	1
41.992349726775956	5778	1
41.996448087431695	3112	1
41.9975956284153	6521	1
42.02934426229508	9226	1
42.100874316939894	4586	1
42.10377049180328	1465	1
42.10896174863388	1299	1
42.13770491803279	7059	1
42.15191256830601	4959	1
42.16688524590164	2508	1
42.22005464480875	2750	1
42.22081967213115	5093	1
42.23978142076503	7750	1
42.25103825136612	7790	1
42.26	8165	1
42.283114754098364	3997	1
42.2836612021858	4827	1
42.29393442622951	5519	1
42.29655737704918	2272	1
42.297377049180334	3647	1
42.32103825136612	6066	1
42.33	3320	1
42.35027322404372	2266	1
42.35781420765027	4525	1
42.35896174863388	9878	1
42.4164480874317	7761	1
42.421584699453554	8505	1
42.43573770491803	7024	1
42.44469945355191	958	1
42.45273224043716	9574	1
42.4783606557377	6921	1
42.47967213114754	1058	1
42.49426229508197	9207	1
42.51267759562841	8085	1
42.51311475409835	1523	1
42.52617486338798	7909	1
42.549180327868854	360	1
42.62573770491803	5125	1
42.648852459016396	562	1
42.654371584699454	952	1
42.66109289617486	3025	1
42.67016393442623	6276	1
42.684644808743165	2147	1
42.684699453551914	9565	1
42.692622950819676	1890	1
42.69612021857924	387	1
42.705901639344255	1735	1
42.71530054644809	4623	1
42.72251366120218	5940	1
42.736284153005464	5207	1
42.74655737704918	7837	1
42.763715846994536	6233	1
42.783551912568306	8345	1
42.80814207650273	391	1
42.80830601092896	2813	1
42.81174863387978	8196	1
42.84415300546448	40	1
42.85442622950819	9755	1
42.87431693989071	6971	1
42.88808743169399	2910	1
42.898360655737704	7474	1
42.9220218579235	5980	1
42.931366120218584	3141	1
42.994590163934426	843	1
43.035792349726776	4067	1
43.05967213114754	2385	1
43.08196721311475	3903	1
43.08606557377049	2078	1
43.1051912568306	1477	1
43.11918032786885	3027	1
43.13273224043716	1484	1
43.13704918032787	8139	1
43.16191256830601	921	1
43.22939890710382	9745	1
43.23726775956285	6379	1
43.24639344262295	7322	1
43.25896174863388	2739	1
43.28513661202186	1248	1
43.286557377049185	197	1
43.30349726775956	9288	1
43.305245901639346	4408	1
43.31103825136612	7242	1
43.350163934426234	503	1
43.37016393442623	8375	1
43.37639344262295	3732	1
43.38540983606558	3738	1
43.38918032786886	4515	1
43.39136612021858	9271	1
43.40928961748634	4526	1
43.43174863387978	7504	1
43.435355191256825	2088	1
43.5168306010929	1125	1
43.55437158469945	3063	1
43.580382513661206	3516	1
43.608633879781415	8903	1
43.6220218579235	9122	1
43.63398907103825	5126	1
43.67103825136612	1708	1
43.67661202185793	6392	1
43.709781420765026	4745	1
43.73956284153005	449	1
43.767377049180325	1126	1
43.771147540983605	1132	1
43.81262295081967	8741	1
43.83918032786885	2793	1
43.84814207650273	8130	1
43.85185792349726	8856	1
43.9127868852459	899	1
43.932950819672136	3053	1
43.98972677595628	5769	1
43.99950819672131	4534	1
44.01901639344262	9801	1
44.07043715846994	848	1
44.08	1235	1
44.08420765027322	6112	1
44.09278688524591	2010	1
44.10655737704918	4652	1
44.119234972677596	6558	1
44.152513661202185	3191	1
44.209016393442624	4043	1
44.22710382513661	7418	1
44.23065573770492	1065	1
44.298797814207646	5733	1
44.31442622950819	6222	1
44.329508196721314	7296	1
44.38065573770492	1797	1
44.40650273224043	9922	1
44.45180327868852	4220	1
44.45546448087431	2696	1
44.47196721311475	6968	1
44.499398907103824	7438	1
44.51256830601093	4952	1
44.57262295081967	2208	1
44.63579234972678	8676	1
44.63650273224044	3353	1
44.6803825136612	8140	1
44.68437158469945	8360	1
44.69448087431694	8572	1
44.707978142076506	5578	1
44.72896174863388	4271	1
44.742076502732246	6474	1
44.78453551912568	9647	1
44.79049180327869	3266	1
44.80693989071038	9978	1
44.85420765027322	8007	1
44.861693989071036	2179	1
44.88535519125683	1502	1
44.924207650273225	2805	1
44.96114754098361	7786	1
45.0075956284153	634	1
45.01726775956284	7487	1
45.02169398907103	7983	1
45.02234972677596	6301	1
45.03344262295082	3848	1
45.03852459016393	2561	1
45.04043715846994	4621	1
45.0848087431694	7147	1
45.1144262295082	8825	1
45.125136612021855	7048	1
45.127814207650275	6087	1
45.14704918032787	8249	1
45.15595628415301	3833	1
45.15857923497268	370	1
45.179781420765025	9326	1
45.23344262295082	5365	1
45.264754098360655	7982	1
45.28743169398907	7574	1
45.30584699453552	4814	1
45.31475409836065	3756	1
45.32027322404372	4866	1
45.32754098360656	2826	1
45.33759562841529	5067	1
45.369508196721306	1872	1
45.41863387978142	3893	1
45.43349726775956	5101	1
45.458306010928965	7887	1
45.46071038251366	1258	1
45.466830601092894	5341	1
45.480273224043714	7714	1
45.48661202185792	1787	1
45.49475409836065	2856	1
45.525245901639344	5709	1
45.5351912568306	2694	1
45.5675956284153	7629	1
45.57628415300546	4334	1
45.63284153005465	7578	1
45.64437158469945	8062	1
45.6707650273224	3803	1
45.672240437158464	6360	1
45.69535519125683	2344	1
45.71661202185792	8057	1
45.727377049180326	6978	1
45.732185792349725	3920	1
45.73267759562841	4967	1
45.77732240437158	2012	1
45.784863387978135	5792	1
45.81404371584699	6593	1
45.814480874316935	6983	1
45.83551912568306	6669	1
45.87950819672131	7272	1
45.90907103825136	9742	1
45.91349726775957	2525	1
45.91846994535519	8468	1
45.960819672131144	9732	1
46.009890710382514	9981	1
46.043224043715846	2624	1
46.10437158469945	737	1
46.12043715846995	2597	1
46.12092896174863	8012	1
46.12311475409836	9062	1
46.13912568306011	1545	1
46.14726775956284	3573	1
46.155792349726774	2532	1
46.16142076502732	5755	1
46.169836065573776	7307	1
46.18863387978142	7011	1
46.20765027322404	516	1
46.282349726775955	5826	1
46.33989071038251	2809	1
46.3720218579235	7007	1
46.40459016393442	5914	1
46.4275956284153	5055	1
46.430983606557376	7640	1
46.4544262295082	5897	1
46.473551912568304	629	1
46.47846994535519	7005	1
46.48224043715847	7408	1
46.54617486338798	9613	1
46.55437158469945	5287	1
46.57377049180328	4506	1
46.58103825136612	3444	1
46.58568306010929	2729	1
46.5875956284153	5996	1
46.59606557377049	9650	1
46.6055737704918	4721	1
46.606830601092895	7267	1
46.64666666666667	6346	1
46.657322404371584	5971	1
46.679398907103824	4832	1
46.68032786885246	9382	1
46.723224043715845	7133	1
46.73163934426229	2061	1
46.733333333333334	6345	1
46.73464480874317	4340	1
46.74781420765027	2605	1
46.779726775956284	5737	1
46.79879781420765	6740	1
46.86666666666666	3675	1
46.90153005464481	6351	1
46.91284153005464	8421	1
46.95174863387978	9951	1
46.96896174863387	8636	1
47.02907103825137	4199	1
47.031967213114754	171	1
47.068961748633875	4576	1
47.08918032786885	2832	1
47.10666666666666	9524	1
47.10737704918033	9192	1
47.12721311475409	6055	1
47.19120218579235	9950	1
47.210928961748635	7551	1
47.220218579234974	3276	1
47.243169398907106	3916	1
47.258469945355195	2004	1
47.3211475409836	4604	1
47.327213114754095	0	1
47.343333333333334	6011	1
47.3455737704918	8417	1
47.35841530054645	5584	1
47.37491803278688	8270	1
47.38207650273224	8971	1
47.383442622950824	2054	1
47.38628415300546	8014	1
47.387923497267764	9138	1
47.39158469945355	2547	1
47.394316939890714	5622	1
47.3951912568306	7131	1
47.413715846994535	3733	1
47.414535519125685	6914	1
47.41530054644809	3720	1
47.420054644808744	2618	1
47.42595628415301	8111	1
47.428306010928964	2350	1
47.42967213114754	3657	1
47.45322404371584	9186	1
47.45546448087432	2430	1
47.45704918032787	7948	1
47.45704918032787	4460	1
47.46415300546448	6290	1
47.46857923497268	6567	1
47.471748633879784	8003	1
47.487103825136614	704	1
47.48726775956284	2507	1
47.48836065573771	4795	1
47.49065573770491	6788	1
47.50699453551912	7036	1
47.54453551912568	265	1
47.54972677595628	8409	1
47.5507650273224	2818	1
47.57710382513661	5521	1
47.5848087431694	7217	1
47.58978142076502	7188	1
47.59426229508196	2212	1
47.5955737704918	1600	1
47.60677595628415	7867	1
47.60934426229508	8511	1
47.618032786885244	3540	1
47.64366120218579	658	1
47.64907103825137	7677	1
47.659125683060104	6924	1
47.66043715846994	4375	1
47.66131147540983	4527	1
47.67054644808743	4470	1
47.70497267759563	6325	1
47.72825136612022	6661	1
47.73016393442623	7447	1
47.73016393442623	9499	1
47.73081967213115	6825	1
47.73163934426229	4024	1
47.744863387978135	9776	1
47.74617486338798	4031	1
47.748688524590165	6361	1
47.76120218579235	5518	1
47.764644808743164	520	1
47.769617486338795	889	1
47.775628415300545	9590	1
47.79420765027322	2392	1
47.80087431693989	2427	1
47.808579234972676	7965	1
47.82382513661202	252	1
47.82808743169399	9540	1
47.83650273224044	5895	1
47.8412568306011	6218	1
47.85207650273224	2697	1
47.86049180327869	2246	1
47.865846994535524	1127	1
47.87087431693989	4610	1
47.899453551912565	2664	1
47.90054644808743	8237	1
47.90945355191256	6807	1
47.93606557377049	343	1
47.94765027322404	9069	1
47.94934426229508	85	1
47.960109289617485	2041	1
47.98830601092896	6703	1
47.98950819672131	5430	1
47.992349726775956	2684	1
47.995628415300544	2814	1
48.00808743169399	9724	1
48.01885245901639	4292	1
48.02065573770492	2141	1
48.02584699453552	9692	1
48.02617486338798	1158	1
48.0272131147541	9415	1
48.03032786885246	8064	1
48.09907103825137	1086	1
48.10098360655738	8926	1
48.10262295081967	6255	1
48.10622950819672	3181	1
48.10655737704918	7170	1
48.10972677595628	6261	1
48.11901639344263	6692	1
48.124098360655736	6353	1
48.13284153005464	8437	1
48.13387978142076	5683	1
48.144043715847	3010	1
48.14846994535519	6419	1
48.15464480874317	4881	1
48.16349726775956	9819	1
48.16546448087431	9437	1
48.17666666666667	8545	1
48.184699453551914	4216	1
48.19453551912568	5573	1
48.19633879781421	8247	1
48.200765027322404	1200	1
48.216885245901636	9347	1
48.229562841530054	7274	1
48.230054644808746	6299	1
48.23131147540984	1873	1
48.23737704918033	6562	1
48.23956284153006	9114	1
48.241639344262296	2953	1
48.26874316939891	7633	1
48.29568306010929	7710	1
48.29792349726776	6659	1
48.29928961748634	3868	1
48.30262295081967	2378	1
48.30524590163934	8261	1
48.31092896174864	9178	1
48.323442622950814	8227	1
48.32639344262295	3538	1
48.32934426229508	3815	1
48.33486338797814	2516	1
48.33786885245902	4161	1
48.35404371584699	4898	1
48.356120218579235	4014	1
48.363169398907104	2794	1
48.38180327868852	9698	1
48.4220218579235	3358	1
48.43032786885246	7056	1
48.431584699453545	1264	1
48.43267759562841	6469	1
48.43672131147541	613	1
48.4627868852459	8404	1
48.47153005464481	6625	1
48.510163934426224	4384	1
48.514043715846995	7789	1
48.51704918032787	4839	1
48.524644808743176	3420	1
48.53781420765028	7198	1
48.56912568306011	7610	1
48.569890710382516	2240	1
48.57852459016393	6007	1
48.58469945355191	8986	1
48.58530054644809	5427	1
48.628524590163934	7150	1
48.63387978142076	9681	1
48.648415300546446	1696	1
48.67950819672131	5	1
48.680546448087426	4550	1
48.70814207650273	9608	1
48.70896174863388	1015	1
48.72092896174863	7402	1
48.728142076502735	8396	1
48.74136612021858	6450	1
48.746830601092896	3977	1
48.74792349726776	5724	1
48.77606557377049	3591	1
48.79185792349727	1977	1
48.79726775956284	579	1
48.8012568306011	2976	1
48.8155737704918	3005	1
48.83868852459017	679	1
48.84349726775956	8709	1
48.84486338797814	705	1
48.872185792349725	2807	1
48.876994535519124	6904	1
48.905846994535516	427	1
48.922622950819665	2163	1
48.923060109289615	5882	1
48.926557377049186	9188	1
48.940983606557374	5260	1
48.950437158469946	4422	1
48.97530054644809	71	1
48.976174863387975	3117	1
48.976612021857925	9577	1
48.982622950819675	1898	1
48.987814207650274	3829	1
48.990382513661196	3095	1
48.99726775956284	6098	1
49.00469945355191	9743	1
49.00885245901639	1765	1
49.03693989071038	9862	1
49.04213114754098	7121	1
49.04262295081967	1554	1
49.04551912568306	2336	1
49.08377049180328	8243	1
49.08562841530054	1775	1
49.088196721311476	6517	1
49.0883606557377	508	1
49.09098360655737	1711	1
49.092568306010925	3958	1
49.09644808743169	2511	1
49.10142076502732	4508	1
49.10229508196721	6662	1
49.11535519125683	2388	1
49.12387978142076	5192	1
49.12863387978142	518	1
49.13540983606558	3463	1
49.14551912568306	8771	1
49.148415300546446	4521	1
49.15765027322404	3787	1
49.160437158469946	5876	1
49.163715846994535	1671	1
49.16803278688525	374	1
49.18147540983607	3007	1
49.19431693989071	871	1
49.20289617486339	2647	1
49.236338797814206	1443	1
49.25038251366121	2883	1
49.25420765027322	8790	1
49.2624043715847	9203	1
49.262896174863386	6101	1
49.26377049180328	388	1
49.26710382513661	5970	1
49.28453551912568	4658	1
49.2851912568306	3218	1
49.30912568306011	916	1
49.311912568306006	5798	1
49.33016393442623	3904	1
49.33382513661202	8661	1
49.34103825136612	4228	1
49.342622950819674	2740	1
49.362131147540985	3333	1
49.36622950819672	3341	1
49.376284153005464	4155	1
49.381202185792354	6298	1
49.39327868852459	6643	1
49.46617486338798	1949	1
49.47322404371585	6873	1
49.48049180327869	2517	1
49.51633879781421	3415	1
49.51726775956284	523	1
49.52306010928962	9061	1
49.533442622950815	4001	1
49.53765027322404	5225	1
49.54087431693989	8368	1
49.57748633879781	4475	1
49.615792349726775	5023	1
49.619617486338804	6571	1
49.6279781420765	984	1
49.631912568306014	9408	1
49.63540983606558	1666	1
49.644371584699456	8895	1
49.64846994535519	7238	1
49.6631693989071	8739	1
49.671256830601095	1791	1
49.71590163934426	7994	1
49.72142076502732	8	1
49.722896174863386	6999	1
49.72715846994536	5531	1
49.72775956284153	8483	1
49.72786885245902	5652	1
49.73387978142076	8779	1
49.744043715847	9855	1
49.76792349726776	9296	1
49.77387978142077	6104	1
49.77857923497268	1946	1
49.795081967213115	6695	1
49.79650273224044	8392	1
49.79830601092896	174	1
49.80349726775956	6554	1
49.80792349726776	2462	1
49.810546448087436	5313	1
49.82590163934426	2527	1
49.826502732240435	1325	1
49.82775956284153	3083	1
49.8448087431694	9079	1
49.86109289617487	9632	1
49.863278688524595	5669	1
49.86857923497267	8592	1
49.86918032786885	3640	1
49.87311475409836	1054	1
49.875464480874314	5024	1
49.877377049180325	5487	1
49.88420765027322	3306	1
49.885683060109294	8078	1
49.896885245901636	6712	1
49.90672131147541	9470	1
49.92163934426229	5696	1
49.93125683060109	8665	1
49.94409836065574	8095	1
49.94693989071038	947	1
49.95284153005464	3125	1
49.95295081967213	6670	1
49.95650273224044	1542	1
49.96704918032787	4465	1
49.9748087431694	3324	1
49.979945355191255	5791	1
49.98327868852459	6794	1
49.98923497267759	3428	1
50.0051912568306	247	1
50.00748633879782	1361	1
50.01431693989071	7331	1
50.02234972677595	8962	1
50.028142076502725	671	1
50.039836065573766	867	1
50.04049180327869	2395	1
50.04142076502732	2969	1
50.0475956284153	1698	1
50.05087431693989	3403	1
50.06775956284153	7757	1
50.10273224043716	4768	1
50.11382513661202	7875	1
50.14327868852459	4554	1
50.145737704918034	6490	1
50.157322404371584	8644	1
50.17049180327869	6913	1
50.183661202185796	9162	1
50.194371584699454	5781	1
50.21109289617486	6352	1
50.22158469945355	6197	1
50.2496174863388	590	1
50.257704918032786	955	1
50.26311475409835	5802	1
50.26311475409835	1568	1
50.263715846994536	1903	1
50.28934426229508	4109	1
50.290218579234974	8381	1
50.30918032786885	3680	1
50.3127868852459	2817	1
50.31765027322405	7470	1
50.325409836065575	5087	1
50.32896174863388	8667	1
50.33333333333333	4060	1
50.3548087431694	9474	1
50.354972677595626	8218	1
50.37043715846994	942	1
50.38273224043716	3813	1
50.40524590163935	8787	1
50.41251366120218	2177	1
50.43393442622951	5210	1
50.444371584699454	8439	1
50.462404371584704	4127	1
50.46710382513661	7407	1
50.46983606557377	6245	1
50.47781420765027	4559	1
50.48513661202186	2821	1
50.48989071038252	5231	1
50.496010928961745	8687	1
50.508743169398905	7828	1
50.52475409836065	937	1
50.52765027322404	7189	1
50.53103825136612	1557	1
50.54120218579235	9678	1
50.551475409836065	8194	1
50.621092896174865	4461	1
50.66726775956284	1594	1
50.67344262295082	1590	1
50.68125683060109	8567	1
50.696174863387974	9545	1
50.7003825136612	6311	1
50.72306010928961	3714	1
50.72513661202186	3626	1
50.73032786885246	4106	1
50.7316393442623	7857	1
50.73688524590164	9746	1
50.73857923497268	1926	1
50.75737704918033	1628	1
50.762131147540984	4495	1
50.7644262295082	4352	1
50.7855737704918	6776	1
50.79939890710382	9488	1
50.80005464480874	8143	1
50.80016393442623	4867	1
50.80060109289617	9653	1
50.81322404371584	9541	1
50.83497267759563	9802	1
50.83765027322404	2870	1
50.857540983606555	3892	1
50.85775956284153	527	1
50.858743169398906	4760	1
50.86360655737705	5073	1
50.86530054644809	3132	1
50.868087431693986	4577	1
50.890928961748635	6271	1
50.894699453551915	7992	1
50.9003825136612	1291	1
50.90748633879781	8109	1
50.910655737704914	1221	1
50.94081967213115	8183	1
50.942622950819676	5407	1
50.942896174863385	7683	1
50.98693989071038	6753	1
51.00185792349726	53	1
51.0172131147541	7101	1
51.02169398907104	4319	1
51.03131147540984	6704	1
51.04704918032787	9315	1
51.04765027322404	3043	1
51.064918032786885	7159	1
51.0835519125683	9277	1
51.08945355191257	8123	1
51.1	2846	1
51.113551912568305	6163	1
51.13409836065574	1379	1
51.15153005464481	9199	1
51.15415300546448	978	1
51.17437158469945	6395	1
51.18551912568306	7051	1
51.19207650273224	1665	1
51.22234972677595	5457	1
51.23327868852459	2875	1
51.250601092896176	591	1
51.25081967213114	5499	1
51.2836612021858	3059	1
51.28398907103825	7952	1
51.31841530054645	2031	1
51.3248087431694	2470	1
51.330163934426224	3883	1
51.333278688524594	8199	1
51.33978142076503	2908	1
51.36333333333334	4662	1
51.37530054644809	4602	1
51.38885245901639	3424	1
51.406885245901634	7201	1
51.42071038251366	4070	1
51.42229508196721	334	1
51.454207650273226	4963	1
51.464153005464475	7114	1
51.469125683060106	3684	1
51.47114754098361	4950	1
51.49032786885246	4883	1
51.50415300546448	2215	1
51.50486338797814	3336	1
51.5120218579235	3082	1
51.51989071038251	4420	1
51.52191256830601	7722	1
51.53590163934426	7383	1
51.538743169398906	4794	1
51.54743169398907	4917	1
51.5483606557377	2243	1
51.552950819672134	5538	1
51.55464480874317	7283	1
51.55830601092896	1759	1
51.57371584699454	8893	1
51.58	5841	1
51.58349726775956	4388	1
51.586612021857924	5839	1
51.59775956284153	8651	1
51.602677595628414	4494	1
51.62043715846995	5796	1
51.63874316939891	7035	1
51.65655737704918	3685	1
51.664043715846994	2190	1
51.67803278688525	6733	1
51.68666666666667	2753	1
51.69267759562842	5142	1
51.719781420765024	5103	1
51.72267759562841	2538	1
51.744480874316935	2836	1
51.753934426229506	8532	1
51.75846994535519	5250	1
51.76191256830601	3355	1
51.78049180327869	2659	1
51.8016393442623	5966	1
51.815300546448086	6550	1
51.81830601092896	4027	1
51.8248087431694	2259	1
51.8603825136612	6898	1
51.87043715846995	9960	1
51.871420765027324	951	1
51.8720218579235	9431	1
51.88349726775956	7829	1
51.89333333333333	1011	1
51.901038251366124	6150	1
51.903333333333336	5470	1
51.92300546448087	96	1
51.92535519125683	1066	1
51.92546448087432	4487	1
51.926830601092895	8851	1
51.940655737704915	8707	1
51.94464480874316	4543	1
51.94770491803279	193	1
51.9483606557377	1204	1
51.94841530054645	3114	1
51.95590163934426	9680	1
51.95994535519125	1353	1
51.974754098360656	1939	1
51.98322404371584	432	1
51.983715846994535	5740	1
52.00431693989071	554	1
52.03360655737705	9604	1
52.06316939890711	2502	1
52.06316939890711	2345	1
52.07038251366121	8066	1
52.07147540983606	6047	1
52.072841530054646	5695	1
52.07295081967213	2830	1
52.07803278688524	4754	1
52.09573770491803	2741	1
52.10551912568306	9614	1
52.126338797814206	5175	1
52.129344262295085	4677	1
52.13453551912568	5269	1
52.14120218579235	6934	1
52.142076502732245	1397	1
52.15606557377049	3472	1
52.16502732240437	9401	1
52.19377049180328	3483	1
52.210928961748635	1230	1
52.23617486338798	6324	1
52.24814207650273	2238	1
52.255409836065574	3190	1
52.25644808743169	8698	1
52.257923497267754	7869	1
52.27196721311475	9950	0
52.28890710382514	4649	1
52.29311475409836	6674	1
52.30021857923497	4498	1
52.30267759562842	4166	1
52.30366120218579	9693	1
52.30721311475409	2016	1
52.31174863387978	3792	1
52.32010928961749	9866	1
52.335081967213114	7400	1
52.33879781420765	1119	1
52.34497267759563	5221	1
52.356120218579235	30	1
52.35704918032787	7787	1
52.37043715846995	4080	1
52.377486338797816	5686	1
52.37956284153005	9785	1
52.381147540983605	6356	1
52.40158469945355	9104	1
52.40404371584699	1471	1
52.407103825136616	6629	1
52.41191256830601	6497	1
52.41551912568306	2073	1
52.4220218579235	488	1
52.4372131147541	8767	1
52.439234972677596	1644	1
52.44081967213115	9895	1
52.450054644808745	7743	1
52.47540983606557	5248	1
52.48322404371584	5037	1
52.51459016393442	1966	1
52.52010928961749	7264	1
52.521584699453555	100	1
52.54142076502732	3109	1
52.55939890710382	7001	1
52.56316939890711	6313	1
52.56737704918033	9610	1
52.58983606557377	4463	1
52.59918032786885	7083	1
52.60125683060109	5513	1
52.60950819672131	9331	1
52.618524590163936	9048	1
52.62726775956284	3736	1
52.63218579234972	9307	1
52.63349726775956	8753	1
52.64644808743169	3650	1
52.64896174863388	3486	1
52.6527868852459	1034	1
52.65491803278688	2548	1
52.65655737704918	273	1
52.679071038251365	3906	1
52.6879781420765	5467	1
52.70295081967213	5305	1
52.7075956284153	1307	1
52.71125683060109	8603	1
52.722131147540985	5111	1
52.7364480874317	6846	1
52.7420218579235	5354	1
52.78333333333333	4921	1
52.78732240437159	7508	1
52.79978142076503	1131	1
52.81	9727	1
52.82295081967213	3385	1
52.83065573770492	8498	1
52.83387978142076	8892	1
52.84469945355191	1389	1
52.868743169398904	668	1
52.882295081967214	8288	1
52.88814207650273	9099	1
52.89420765027322	3549	1
52.8955737704918	7766	1
52.8992349726776	3115	1
52.90453551912569	4512	1
52.912185792349725	6750	1
52.91349726775957	6717	1
52.92885245901639	316	1
52.94786885245902	8229	1
52.96300546448087	1049	1
52.96967213114755	7856	1
52.9924043715847	230	1
52.99431693989071	6423	1
52.9979781420765	9485	1
53.0	6726	1
53.00043715846994	429	1
53.00453551912568	448	1
53.04551912568306	1546	1
53.05655737704918	8504	1
53.06218579234973	9051	1
53.076120218579234	2119	1
53.09092896174864	9002	1
53.10256830601093	2792	1
53.10437158469946	5681	1
53.1103825136612	6481	1
53.118743169398904	3837	1
53.13207650273224	6153	1
53.1407650273224	5715	1
53.17808743169399	6940	1
53.19065573770492	6920	1
53.2111475409836	8898	1
53.21262295081967	3329	1
53.21568306010929	4258	1
53.218360655737705	5007	1
53.22857923497268	1959	1
53.23606557377049	4344	1
53.242076502732246	3778	1
53.25737704918033	8369	1
53.27054644808744	3722	1
53.28584699453552	5138	1
53.291311475409834	9267	1
53.29928961748634	3806	1
53.324316939890714	3603	1
53.32699453551913	507	1
53.32939890710382	1551	1
53.3324043715847	7017	1
53.33453551912568	6110	1
53.359398907103824	3535	1
53.36142076502732	9667	1
53.36234972677596	7428	1
53.37792349726776	6842	1
53.380546448087436	4616	1
53.38983606557377	4335	1
53.3903825136612	7609	1
53.39885245901639	4315	1
53.42027322404372	7223	1
53.435901639344266	7943	1
53.43754098360655	8539	1
53.43907103825137	2328	1
53.44530054644809	7621	1
53.483333333333334	6291	1
53.48366120218579	8126	1
53.48879781420765	3073	1
53.49065573770492	6543	1
53.49256830601093	1237	1
53.49710382513661	3528	1
53.50251366120219	7826	1
53.50262295081967	8390	1
53.51387978142076	5082	1
53.51825136612022	7326	1
53.53169398907104	3639	1
53.536939890710386	444	1
53.53803278688524	2001	1
53.54005464480874	5413	1
53.555956284153	9671	1
53.55655737704918	3790	1
53.5572131147541	6449	1
53.559016393442626	2736	1
53.57639344262295	2265	1
53.57901639344262	5550	1
53.595628415300546	6515	1
53.60967213114754	5262	1
53.62005464480874	8671	1
53.623278688524586	232	1
53.62650273224044	3783	1
53.6375956284153	4541	1
53.64213114754099	4480	1
53.653661202185795	5556	1
53.655464480874315	885	1
53.656666666666666	1306	1
53.66131147540984	345	1
53.6675956284153	7581	1
53.6724043715847	8017	1
53.67885245901639	2774	1
53.68683060109289	9013	1
53.701857923497265	4293	1
53.70983606557377	490	1
53.73098360655738	6632	1
53.73901639344262	6280	1
53.74338797814208	9417	1
53.74732240437159	4144	1
53.750218579234975	592	1
53.752076502732244	8552	1
53.75398907103825	6077	1
53.78005464480874	4039	1
53.78393442622951	1103	1
53.784863387978135	5609	1
53.784972677595626	2045	1
53.786010928961744	7717	1
53.804863387978145	9214	1
53.811639344262296	3691	1
53.821639344262294	3432	1
53.82284153005464	7365	1
53.82983606557377	3448	1
53.83103825136612	8328	1
53.84163934426229	8298	1
53.845956284153004	4792	1
53.853879781420765	5717	1
53.858415300546454	8920	1
53.869180327868854	731	1
53.876666666666665	1746	1
53.878907103825135	5358	1
53.88065573770491	5437	1
53.92103825136612	4472	1
53.927868852459014	2438	1
53.94202185792349	839	1
53.954535519125685	4739	1
53.960437158469944	2593	1
53.96322404371585	8225	1
53.990765027322404	6443	1
53.99398907103825	63	1
53.997540983606555	1931	1
53.998306010928964	7534	1
53.99956284153005	7077	1
54.00562841530054	4138	1
54.00644808743169	6435	1
54.02469945355191	3390	1
54.029016393442625	3274	1
54.03442622950819	229	1
54.04114754098361	5952	1
54.043934426229505	3397	1
54.04420765027322	7528	1
54.059726775956285	6166	1
54.061639344262296	1023	1
54.0675956284153	8937	1
54.07043715846995	2096	1
54.08453551912568	9931	1
54.08650273224044	1491	1
54.11136612021858	5614	1
54.12103825136612	8173	1
54.140218579234975	5624	1
54.16087431693989	5480	1
54.163770491803284	7509	1
54.16885245901639	7232	1
54.19273224043716	990	1
54.194863387978145	3133	1
54.19513661202186	7295	1
54.200382513661204	6195	1
54.203770491803276	4683	1
54.208196721311474	5154	1
54.2255737704918	5626	1
54.248251366120215	9363	1
54.26207650273224	9572	1
54.27027322404372	1917	1
54.28655737704918	7211	1
54.29754098360655	2626	1
54.30879781420765	1676	1
54.31147540983607	9818	1
54.319781420765025	5416	1
54.34344262295082	2663	1
54.34546448087432	2	1
