0.05702513661202186	1871	1
0.14284918032786886	9726	1
0.15603879781420765	7801	1
0.23073224043715845	3533	1
0.26067486338797813	6004	1
0.31822513661202184	5594	1
0.3249229508196721	110	1
0.3609027322404371	3261	1
0.44026229508196724	3498	1
0.4574497267759563	6595	1
0.6120601092896174	6228	1
0.616743169398907	5911	1
0.6178524590163935	1698	1
0.6193169398907103	7993	1
0.6903715846994535	2777	1
0.7775245901639344	1732	1
0.7991420765027323	4400	1
0.8850109289617487	2860	1
0.9002185792349727	123	1
0.928743169398907	6516	1
1.0553551912568306	6105	1
1.1027486338797814	7521	1
1.1649726775956284	715	1
1.2490928961748633	9985	1
1.3435081967213114	3949	1
1.359289617486339	1219	1
1.5224918032786887	6875	1
1.5372622950819672	6616	1
1.550912568306011	9798	1
1.5885573770491803	3458	1
1.613983606557377	1459	1
1.615054644808743	8630	1
1.6515027322404372	904	1
1.653639344262295	1039	1
1.6540710382513661	3014	1
1.7215573770491803	8130	1
1.7597978142076502	8197	1
1.7737650273224042	4706	1
1.834032786885246	7708	1
1.8500491803278687	2808	1
1.8609781420765028	1872	1
1.8947049180327868	6745	1
1.9051584699453552	8020	1
2.0394918032786884	7056	1
2.063928961748634	9135	1
2.0654808743169397	2698	1
2.103989071038251	4012	1
2.1096830601092895	4330	1
2.1612622950819675	3264	1
2.1892404371584697	1955	1
2.3575245901639343	1220	1
2.396502732240437	5740	1
2.409349726775956	2142	1
2.4624699453551915	2778	1
2.4900491803278686	6183	1
2.494196721311475	2624	1
2.5466338797814205	6058	1
2.6016120218579233	2753	1
2.6461092896174865	4416	1
2.664568306010929	9190	1
2.693934426229508	9078	1
2.7274043715846994	4685	1
2.767513661202186	6224	1
2.8035081967213116	6521	1
2.8963005464480878	4789	1
2.9204754098360652	2903	1
2.9780601092896175	2585	1
2.978513661202186	5382	1
3.024655737704918	8488	1
3.103021857923497	7751	1
3.1071311475409833	798	1
3.111393442622951	5203	1
3.1392459016393444	5886	1
3.362628415300547	7250	1
3.3758688524590164	7125	1
3.3865081967213113	8533	1
3.414693989071038	8759	1
3.431726775956284	296	1
3.461644808743169	139	1
3.4715300546448087	6738	1
3.4787377049180326	4992	1
3.518606557377049	1733	1
3.6141256830601094	2494	1
3.614655737704918	3764	1
3.6272841530054647	4733	1
3.6481092896174863	8038	1
3.6974426229508195	3482	1
3.7377868852459013	4592	1
3.744103825136612	7032	1
3.7494262295081966	8588	1
3.7537377049180325	9865	1
3.92251912568306	2095	1
3.963071038251366	3180	1
3.9869562841530053	1726	1
3.995830601092896	4534	1
4.083819672131147	6150	1
4.119524590163935	177	1
4.133202185792349	9299	1
4.218459016393442	7799	1
4.227382513661202	3503	1
4.2382786885245896	814	1
4.244868852459017	9469	1
4.268557377049181	7656	1
4.2796448087431695	8030	1
4.29348087431694	6864	1
4.371114754098361	4078	1
4.390557377049181	2907	1
4.418311475409836	2283	1
4.556568306010929	4969	1
4.623606557377049	7931	1
4.725912568306011	6255	1
4.758661202185793	958	1
4.782010928961748	9606	1
4.7920765027322405	8866	1
4.807639344262295	1934	1
4.808344262295082	5344	1
4.86796174863388	4580	1
4.881327868852458	8892	1
4.893524590163935	7814	1
4.954131147540984	2782	1
4.981355191256831	5858	1
4.989245901639345	2682	1
4.995065573770492	2997	1
4.999923497267759	8839	1
5.0175191256830605	9846	1
5.088775956284153	4154	1
5.096639344262295	9788	1
5.119426229508196	390	1
5.166065573770491	4551	1
5.17075956284153	517	1
5.1949836065573765	8178	1
5.198956284153005	7726	1
5.254568306010929	3037	1
5.260732240437158	2507	1
5.271879781420765	5304	1
5.291191256830601	2504	1
5.293475409836066	4845	1
5.303005464480874	6721	1
5.305732240437158	3711	1
5.323120218579235	3061	1
5.350890710382513	8288	1
5.483934426229508	8674	1
5.569890710382514	8676	1
5.5801639344262295	6570	1
5.603387978142076	4723	1
5.6551912568306015	4736	1
5.7186885245901635	4784	1
5.7830054644808735	1941	1
5.878415300546448	8085	1
5.997978142076502	9097	1
5.999508196721312	4291	1
6.025027322404372	8267	1
6.037158469945355	932	1
6.092513661202185	2639	1
6.194754098360655	2563	1
6.206666666666667	662	1
6.225409836065573	8154	1
6.3469945355191255	6337	1
6.359016393442623	7714	1
6.3817486338797815	6483	1
6.410546448087431	8343	1
6.473989071038251	2161	1
6.4844262295081965	6179	1
6.516229508196721	213	1
6.587213114754099	7265	1
6.628743169398907	1881	1
6.673387978142077	9615	1
6.690765027322405	8112	1
6.702021857923497	5822	1
6.70327868852459	8291	1
6.742076502732241	2029	1
6.755409836065574	8500	1
6.758032786885246	1133	1
6.794972677595628	6297	1
6.8094535519125685	8273	1
6.825027322404372	2792	1
6.851311475409836	9119	1
6.86535519125683	6882	1
6.903770491803279	5707	1
6.908360655737705	5258	1
6.940437158469946	3826	1
6.945573770491803	9747	1
6.961748633879781	4641	1
7.023224043715847	8036	1
7.057377049180327	5429	1
7.121967213114754	5223	1
7.151530054644809	1649	1
7.202841530054645	7635	1
7.246830601092896	3377	1
7.290983606557377	8973	1
7.3006557377049175	7401	1
7.3020218579234974	1554	1
7.306448087431694	3454	1
7.337213114754099	8576	1
7.357814207650273	2870	1
7.420655737704918	4218	1
7.423224043715846	3456	1
7.432404371584699	3767	1
7.432459016393442	2967	1
7.4750273224043715	1335	1
7.501366120218579	8595	1
7.552950819672131	4109	1
7.6675956284153	8	1
7.707158469945355	1386	1
7.720218579234973	1692	1
7.727431693989071	564	1
7.739016393442623	2569	1
7.782076502732241	7524	1
7.8158469945355185	4619	1
7.825245901639344	8829	1
7.843060109289618	9350	1
7.860054644808743	9740	1
7.866448087431694	6562	1
7.891857923497267	8698	1
7.910983606557377	5916	1
8.016284153005465	838	1
8.030218579234973	8645	1
8.063770491803279	6965	1
8.093387978142076	7151	1
8.117704918032786	3055	1
8.121857923497267	2611	1
8.172295081967214	7519	1
8.178907103825138	1402	1
8.19743169398907	1292	1
8.211092896174863	8605	1
8.260273224043715	3073	1
8.266065573770492	4305	1
8.270928961748634	9063	1
8.289180327868852	1476	1
8.29688524590164	4566	1
8.333770491803278	1189	1
8.370437158469946	9255	1
8.376994535519126	5009	1
8.378524590163934	4795	1
8.399016393442624	5184	1
8.40743169398907	5933	1
8.425901639344263	917	1
8.474699453551912	8126	1
8.50327868852459	6802	1
8.541038251366121	5195	1
8.551256830601094	2689	1
8.551803278688524	7925	1
8.651475409836067	3076	1
8.666666666666666	9702	1
8.698142076502732	6573	1
8.70103825136612	1787	1
8.703551912568306	6355	1
8.71639344262295	7348	1
8.74655737704918	7935	1
8.76087431693989	4407	1
8.764371584699452	9194	1
8.836448087431693	7891	1
8.867704918032787	8587	1
8.869453551912567	1654	1
8.957377049180328	1693	1
9.006830601092897	2197	1
9.063879781420766	1618	1
9.100983606557378	2876	1
9.11311475409836	8387	1
9.136502732240437	6395	1
9.161256830601094	7523	1
9.170109289617486	8864	1
9.22622950819672	8106	1
9.297158469945355	7162	1
9.310765027322404	2489	1
9.315409836065573	9144	1
9.344754098360655	5456	1
9.356065573770492	2924	1
9.406448087431695	6635	1
9.419234972677597	5546	1
9.426502732240436	6997	1
9.432404371584699	8439	1
9.482513661202185	5349	1
9.674535519125682	9184	1
9.722677595628415	6095	1
9.738360655737704	4513	1
9.775901639344262	2958	1
9.779344262295082	5449	1
9.939071038251367	3208	1
10.025409836065574	5832	1
10.095409836065574	2775	1
10.106120218579234	7616	1
10.121420765027322	9516	1
10.171748633879782	3030	1
10.17448087431694	7289	1
10.179125683060109	7426	1
10.203005464480874	2920	1
10.230273224043716	7101	1
10.233989071038252	8338	1
10.275737704918033	9342	1
10.38311475409836	9132	1
10.400382513661201	8365	1
10.400437158469945	4116	1
10.407486338797813	9545	1
10.413169398907103	2487	1
10.413661202185793	2917	1
10.41617486338798	6640	1
10.421530054644808	8740	1
10.548633879781422	9717	1
10.587650273224044	6380	1
10.647540983606557	8575	1
10.700546448087431	9362	1
10.705464480874317	8792	1
10.721693989071039	5931	1
10.861693989071037	3298	1
10.912131147540983	5173	1
10.912295081967214	2527	1
10.93	6994	1
10.95398907103825	7440	1
10.962786885245901	2969	1
10.974754098360656	8246	1
11.01431693989071	4731	1
11.085191256830601	6258	1
11.12311475409836	9038	1
11.196939890710382	1744	1
11.197814207650273	7106	1
11.21071038251366	7112	1
11.261803278688525	4888	1
11.27775956284153	2071	1
11.291475409836064	3225	1
11.373879781420765	4982	1
11.390928961748633	4899	1
11.43863387978142	1474	1
11.470054644808743	5782	1
11.536666666666667	7188	1
11.55879781420765	9906	1
11.634426229508197	4251	1
11.642185792349727	3627	1
11.648579234972678	5502	1
11.652732240437158	5694	1
11.669617486338797	780	1
11.673497267759563	4437	1
11.674207650273223	3513	1
11.679125683060109	3678	1
11.711530054644808	18	1
11.71191256830601	1582	1
11.722131147540983	5641	1
11.722513661202186	8679	1
11.73655737704918	6608	1
11.780928961748634	3574	1
11.821912568306011	2930	1
11.823879781420764	8816	1
11.832732240437158	3080	1
11.88792349726776	8390	1
11.902896174863388	1031	1
11.94688524590164	5776	1
11.947486338797813	6399	1
11.956284153005464	2346	1
11.991803278688524	5310	1
12.043333333333333	1512	1
12.046994535519126	7485	1
12.047650273224043	6859	1
12.057704918032787	7006	1
12.07295081967213	3963	1
12.123825136612021	8078	1
12.138087431693988	9020	1
12.161256830601092	259	1
12.240273224043717	1460	1
12.26344262295082	5113	1
12.265956284153006	6937	1
12.328469945355192	3069	1
12.338469945355191	235	1
12.398306010928962	6775	1
12.398579234972676	2701	1
12.430601092896175	677	1
12.436994535519126	2093	1
12.465573770491803	2233	1
12.475409836065573	1137	1
12.487103825136613	7023	1
12.51289617486339	471	1
12.521202185792351	8767	1
12.531366120218578	3953	1
12.549234972677596	4772	1
12.569945355191257	4081	1
12.614535519125683	3483	1
12.662349726775957	315	1
12.682076502732238	4200	1
12.751748633879782	2909	1
12.765464480874318	713	1
12.769344262295082	5386	1
12.779890710382514	4901	1
12.811967213114754	765	1
12.818032786885245	3487	1
12.879781420765028	3621	1
12.890819672131146	9294	1
12.90464480874317	8618	1
12.920819672131147	9773	1
12.95103825136612	9337	1
12.968579234972678	6160	1
13.013333333333334	1781	1
13.038579234972676	7358	1
13.09617486338798	7820	1
13.128797814207651	3695	1
13.142404371584698	5863	1
13.152185792349727	2770	1
13.164699453551911	339	1
13.193169398907102	1499	1
13.21327868852459	5418	1
13.26142076502732	5941	1
13.277978142076503	426	1
13.27879781420765	3605	1
13.287650273224042	4752	1
13.297377049180328	35	1
13.312841530054644	7973	1
13.321639344262294	3251	1
13.336065573770492	1155	1
13.341475409836065	8691	1
13.365792349726775	9632	1
13.382295081967213	3017	1
13.401693989071038	4704	1
13.473224043715847	7800	1
13.474153005464482	582	1
13.474699453551912	7203	1
13.483278688524589	3250	1
13.604972677595628	2725	1
13.618360655737703	7527	1
13.624644808743168	6746	1
13.645464480874317	1498	1
13.646010928961749	8720	1
13.653169398907103	3528	1
13.658852459016392	7794	1
13.65950819672131	4332	1
13.688251366120218	5562	1
13.690273224043716	6068	1
13.7324043715847	9339	1
13.767868852459017	4868	1
13.796284153005464	5948	1
13.814863387978143	3690	1
13.871530054644808	6103	1
13.886666666666667	6369	1
13.894371584699453	8007	1
13.92393442622951	8196	1
13.9524043715847	8693	1
13.974043715846996	7777	1
14.005191256830601	4568	1
14.01120218579235	4636	1
14.020054644808743	7473	1
14.069781420765025	5393	1
14.07	1390	1
14.070874316939891	8247	1
14.077267759562842	5739	1
14.095464480874316	2340	1
14.132732240437159	3671	1
14.160655737704918	8175	1
14.16207650273224	831	1
14.193770491803278	7096	1
14.274535519125683	4577	1
14.28049180327869	145	1
14.2924043715847	1927	1
14.30087431693989	6181	1
14.327431693989071	2652	1
14.364480874316941	7653	1
14.368142076502732	8272	1
14.381202185792349	4203	1
14.399781420765027	5126	1
14.417486338797815	8667	1
14.427213114754098	6433	1
14.432841530054645	3817	1
14.439071038251365	4545	1
14.441857923497267	4462	1
14.450163934426229	7304	1
14.490054644808742	3589	1
14.530983606557376	569	1
14.552677595628415	6401	1
14.560765027322404	9322	1
14.590819672131149	5004	1
14.59792349726776	7992	1
14.614098360655738	9487	1
14.616174863387977	7021	1
14.618360655737705	2153	1
14.631202185792349	6671	1
14.63415300546448	9518	1
14.652786885245902	8066	1
14.681584699453552	9370	1
14.683387978142077	9785	1
14.709234972677596	4452	1
14.746120218579234	5988	1
14.75295081967213	5563	1
14.774699453551912	2127	1
14.774972677595628	7529	1
14.780382513661202	6755	1
14.780765027322404	402	1
14.802185792349727	5073	1
14.818196721311475	4823	1
14.82158469945355	2893	1
14.848743169398908	6408	1
14.854863387978142	7943	1
14.864426229508197	2136	1
14.877322404371585	7826	1
14.891092896174863	2641	1
14.927650273224044	6963	1
14.961857923497268	8746	1
14.973770491803277	8212	1
14.989890710382515	3278	1
15.002568306010929	7658	1
15.009344262295082	9384	1
15.060491803278689	2916	1
15.141530054644809	6072	1
15.148360655737704	5869	1
15.149726775956283	3508	1
15.156666666666666	3169	1
15.181147540983607	9250	1
15.187814207650273	2758	1
15.189289617486338	6690	1
15.210273224043716	6358	1
15.246666666666666	8765	1
15.259508196721312	4497	1
15.2751912568306	3097	1
15.30016393442623	6947	1
15.319289617486339	9452	1
15.35469945355191	4160	1
15.362568306010928	9625	1
15.364808743169398	9160	1
15.374371584699453	8128	1
15.381475409836066	5905	1
15.433333333333334	1609	1
15.440655737704919	7671	1
15.469726775956284	4126	1
15.483606557377048	3221	1
15.504590163934425	1218	1
15.525683060109289	5316	1
15.540382513661202	8664	1
15.55568306010929	2630	1
15.612513661202186	3101	1
15.624098360655736	7730	1
15.643005464480876	7941	1
15.669234972677597	1419	1
15.67448087431694	3208	0
15.687377049180329	9853	1
15.735081967213114	1227	1
15.770218579234973	2700	1
15.77087431693989	857	1
15.771803278688525	8062	1
15.801256830601092	8690	1
15.802459016393442	6477	1
15.80311475409836	6235	1
15.806338797814208	3906	1
15.82568306010929	3181	1
15.849781420765026	1633	1
15.855683060109289	3916	1
15.884863387978141	1186	1
15.90360655737705	4060	1
15.92224043715847	5593	1
15.951202185792349	7249	1
16.022349726775957	1522	1
16.050273224043714	1173	1
16.054098360655736	2090	1
16.075683060109288	2994	1
16.0879781420765	5908	1
16.114972677595627	1691	1
16.130765027322404	4421	1
16.191857923497267	2060	1
16.19710382513661	8517	1
16.230819672131148	6084	1
16.23846994535519	516	1
16.262459016393443	790	1
16.338579234972677	8648	1
16.344043715846993	9858	1
16.368196721311474	5180	1
16.368688524590166	4039	1
16.36885245901639	9424	1
16.413387978142076	7506	1
16.463606557377048	6054	1
16.468852459016393	3982	1
16.495409836065573	5053	1
16.52344262295082	9448	1
16.536448087431694	8779	1
16.55071038251366	7149	1
16.573333333333334	8987	1
16.581693989071038	9325	1
16.618524590163933	6670	1
16.658797814207652	3774	1
16.659071038251366	3154	1
16.686284153005467	8928	1
16.71289617486339	579	1
16.72016393442623	1906	1
16.78344262295082	8351	1
16.7875956284153	2169	1
16.80666666666667	878	1
16.80879781420765	9684	1
16.818579234972677	4219	1
16.82426229508197	7068	1
16.84863387978142	1596	1
16.85551912568306	2996	1
16.85945355191257	6680	1
16.890218579234972	5984	1
16.898743169398905	1290	1
16.916666666666664	5158	1
17.017486338797813	4459	1
17.02983606557377	5829	1
17.03967213114754	6475	1
17.092131147540982	671	1
17.102131147540984	1339	1
17.12158469945355	3222	1
17.17071038251366	4495	1
17.17125683060109	4013	1
17.17726775956284	7844	1
17.18224043715847	8655	1
17.254918032786886	5577	1
17.257704918032786	6403	1
17.264371584699454	8773	1
17.301530054644807	8483	1
17.31830601092896	3457	1
17.334863387978142	3703	1
17.354426229508196	9412	1
17.38830601092896	9344	1
17.44382513661202	4023	1
17.466830601092898	6591	1
17.48049180327869	202	1
17.491092896174862	6270	1
17.51010928961749	8344	1
17.51054644808743	6404	1
17.512021857923497	5826	1
17.541420765027322	7078	1
17.579836065573772	6161	1
17.60934426229508	4535	1
17.642896174863388	3994	1
17.6807650273224	5697	1
17.718633879781418	9768	1
17.72448087431694	2649	1
17.730710382513664	4798	1
17.74071038251366	6262	1
17.760546448087428	7098	1
17.80743169398907	9154	1
17.812295081967214	8979	1
17.815519125683057	8152	1
17.828688524590167	5865	1
17.860109289617483	6031	1
17.860601092896175	9916	1
17.889726775956284	5628	1
17.943661202185794	2788	1
17.992295081967214	5921	1
18.004371584699452	3806	1
18.005628415300546	6359	1
18.057978142076504	4857	1
18.075245901639345	2604	1
18.17846994535519	710	1
18.185300546448087	5049	1
18.18639344262295	1867	1
18.20398907103825	1333	1
18.222021857923497	3746	1
18.224863387978143	2239	1
18.225628415300545	8679	0
18.237868852459016	1591	1
18.26896174863388	4771	1
18.293934426229505	6598	1
18.299726775956284	5157	1
18.30256830601093	501	1
18.32174863387978	1487	1
18.33453551912568	5900	1
18.364262295081968	5328	1
18.37109289617486	3032	1
18.402677595628415	1725	1
18.44349726775956	1890	1
18.45448087431694	7201	1
18.45781420765027	2245	1
18.47655737704918	6061	1
18.494754098360655	6748	1
18.498579234972677	2464	1
18.54431693989071	3255	1
18.59415300546448	6420	1
18.600928961748632	3946	1
18.62273224043716	7259	1
18.624153005464482	3399	1
18.6551912568306	9749	1
18.670109289617486	1877	1
18.69513661202186	6847	1
18.717650273224045	9627	1
18.733442622950818	166	1
18.751475409836065	6272	1
18.76103825136612	3890	1
18.767322404371583	6352	1
18.818360655737703	694	1
18.821639344262294	793	1
18.823551912568306	6769	1
18.83426229508197	4127	1
18.859945355191257	8602	1
18.864426229508197	7170	1
18.902732240437157	7766	1
18.946612021857923	4313	1
18.986939890710385	8532	1
19.073715846994535	9411	1
19.08950819672131	6144	1
19.15644808743169	4460	1
19.157650273224043	7163	1
19.19360655737705	5967	1
19.276284153005463	1167	1
19.313387978142075	9918	1
19.346994535519126	4847	1
19.39120218579235	9039	1
19.435027322404373	5662	1
19.476939890710383	1100	1
19.480437158469943	3306	1
19.482841530054646	2760	1
19.493169398907106	46	1
19.532131147540984	1920	1
19.539234972677594	599	1
19.577431693989073	5411	1
19.588743169398906	1344	1
19.60907103825137	7963	1
19.61841530054645	3337	1
19.63	7686	1
19.675573770491802	5552	1
19.68568306010929	5748	1
19.688852459016395	7079	1
19.696612021857923	6225	1
19.712021857923496	4594	1
19.713224043715847	6180	1
19.7272131147541	9467	1
19.75016393442623	9043	1
19.761311475409837	1826	1
19.778524590163936	2965	1
19.793224043715846	7380	1
19.80928961748634	6543	1
19.850437158469944	2274	1
19.861967213114756	6554	1
19.884754098360656	855	1
19.892295081967212	9046	1
19.91054644808743	4728	1
19.923387978142078	3794	1
19.926775956284153	8708	1
19.972185792349727	656	1
20.04814207650273	6209	1
20.071256830601094	3592	1
20.081311475409834	8304	1
20.149180327868855	4048	1
20.152513661202185	3058	1
20.155081967213114	8231	1
20.169726775956285	2427	1
20.177540983606555	6866	1
20.232185792349725	9754	1
20.26327868852459	1042	1
20.279890710382514	4239	1
20.280218579234973	7414	1
20.32814207650273	4616	1
20.333661202185795	7694	1
20.337540983606555	9040	1
20.341147540983606	3867	1
20.399945355191257	8428	1
20.42065573770492	8520	1
20.429890710382516	9920	1
20.468142076502733	5172	1
20.525409836065574	8265	1
20.531475409836062	6683	1
20.540546448087433	287	1
20.541092896174863	7997	1
20.556065573770493	2561	1
20.578032786885245	3428	1
20.582021857923497	1793	1
20.650765027322404	4949	1
20.663005464480875	3494	1
20.69153005464481	4424	1
20.755737704918033	7922	1
20.77174863387978	140	1
20.77398907103825	2324	1
20.774699453551914	1802	1
20.82879781420765	6347	1
20.83010928961749	1120	1
20.836557377049182	869	1
20.852622950819672	6292	1
20.85398907103825	9002	1
20.85983606557377	756	1
20.901311475409837	7353	1
20.908032786885247	7298	1
20.909945355191255	4805	1
20.983661202185793	9548	1
20.983879781420764	3609	1
20.99142076502732	5138	1
21.007431693989073	4348	1
21.009180327868854	5348	1
21.034699453551912	5206	1
21.045956284153007	3951	1
21.05087431693989	8108	1
21.09901639344262	8345	1
21.113715846994538	4530	1
21.11568306010929	1657	1
21.13726775956284	2243	1
21.169562841530052	1843	1
21.184262295081968	5825	1
21.224699453551914	8872	1
21.25256830601093	6345	1
21.280327868852456	9558	1
21.283442622950822	6906	1
21.298196721311477	7743	1
21.347868852459015	5306	1
21.349398907103822	2338	1
21.373114754098363	3925	1
21.378524590163934	1696	1
21.379016393442623	1779	1
21.400109289617486	1850	1
21.416612021857926	8984	1
21.420054644808744	7179	1
21.461967213114754	804	1
21.48087431693989	9287	1
21.534207650273224	9024	1
21.556448087431693	7674	1
21.57726775956284	3819	1
21.58863387978142	5643	1
21.600437158469948	7791	1
21.622131147540983	8263	1
21.637049180327868	5919	1
21.651475409836067	78	1
21.70639344262295	9954	1
21.713770491803277	8074	1
21.76497267759563	9821	1
21.7679781420765	8944	1
21.797158469945355	5443	1
21.823278688524592	7572	1
21.836502732240437	3299	1
21.8372131147541	85	1
21.887650273224043	147	1
21.888579234972674	9400	1
21.890819672131144	3237	1
21.896612021857923	5709	1
21.909508196721312	7247	1
21.926994535519125	8271	1
21.97360655737705	8459	1
21.986229508196722	5885	1
22.0324043715847	9438	1
22.060765027322404	4865	1
22.095956284153008	6035	1
22.112568306010928	593	1
22.132349726775956	697	1
22.206338797814208	7150	1
22.241311475409834	6975	1
22.270765027322405	685	1
22.306229508196722	4110	1
22.325300546448087	9422	1
22.341475409836065	3196	1
22.364207650273222	5024	1
22.386065573770495	3324	1
22.408579234972677	6273	1
22.43382513661202	5596	1
22.458852459016395	9009	1
22.521803278688523	4034	1
22.52857923497268	988	1
22.543169398907104	1204	1
22.625737704918034	8607	1
22.664043715846994	8994	1
22.726120218579236	6687	1
22.73153005464481	2645	1
22.74049180327869	396	1
22.749016393442623	5440	1
22.759344262295084	5341	1
22.778524590163933	5090	1
22.784535519125683	6515	1
22.78950819672131	2555	1
22.794918032786885	1625	1
22.7972131147541	8270	1
22.807540983606557	9511	1
22.81169398907104	7579	1
22.831693989071038	3961	1
22.879945355191257	8063	1
22.88513661202186	5712	1
22.88622950819672	4064	1
22.899890710382515	7954	1
22.963333333333335	1492	1
22.9803825136612	7903	1
23.00655737704918	9203	1
23.02431693989071	3642	1
23.02710382513661	8354	1
23.069562841530054	2870	0
23.101803278688525	2949	1
23.104426229508196	1701	1
23.113333333333333	8530	1
23.141748633879782	6819	1
23.16928961748634	9192	1
23.17377049180328	6557	1
23.241693989071038	5811	1
23.245464480874315	6851	1
23.27098360655738	8715	1
23.272677595628416	7336	1
23.28912568306011	6835	1
23.295573770491803	7669	1
23.302841530054643	8943	1
23.310983606557375	5110	1
23.34486338797814	8316	1
23.410819672131147	5538	1
23.44224043715847	5487	1
23.460491803278686	1428	1
23.467868852459013	6277	1
23.491639344262293	1674	1
23.539234972677594	1067	1
23.548743169398907	9052	1
23.585245901639343	351	1
23.643551912568306	4280	1
23.650273224043715	9491	1
23.676557377049182	9679	1
23.68295081967213	8749	1
23.703005464480874	7573	1
23.716939890710385	9851	1
23.77896174863388	6596	1
23.819726775956283	8457	1
23.8448087431694	7841	1
23.86415300546448	8137	1
23.896448087431693	4439	1
23.901475409836063	5007	1
23.919562841530055	4763	1
23.922459016393443	7261	1
23.949234972677594	653	1
23.9648087431694	7116	1
23.97153005464481	6892	1
23.990218579234973	2524	1
23.993005464480873	9218	1
24.00934426229508	8562	1
24.048196721311474	7180	1
24.08726775956284	1791	1
24.129234972677597	7558	1
24.13868852459016	1	1
24.14814207650273	434	1
24.150273224043715	9281	1
24.165956284153005	6826	1
24.167103825136614	3402	1
24.17360655737705	8118	1
24.17535519125683	5963	1
24.195300546448088	618	1
24.219180327868852	8012	1
24.223551912568308	4448	1
24.224808743169397	9758	1
24.22672131147541	7756	1
24.227650273224043	3742	1
24.229398907103825	6390	1
24.233606557377048	6491	1
24.238087431693987	4839	1
24.24229508196721	4596	1
24.243333333333336	6666	1
24.249453551912566	2024	1
24.268360655737705	8638	1
24.27786885245902	5237	1
24.27825136612022	1788	1
24.283497267759564	5259	1
24.291475409836064	4932	1
24.293333333333333	6739	1
24.309071038251364	1822	1
24.31245901639344	1669	1
24.31366120218579	4820	1
24.333333333333332	5439	1
24.33420765027322	5775	1
24.339234972677595	206	1
24.35967213114754	2011	1
24.38158469945355	7323	1
24.388360655737706	1139	1
24.399562841530056	674	1
24.4075956284153	5836	1
24.408360655737706	9560	1
24.418142076502733	7845	1
24.418524590163933	1294	1
24.43912568306011	7715	1
24.461311475409833	7102	1
24.471092896174863	7267	1
24.475300546448086	9075	1
24.47655737704918	1060	1
24.49551912568306	6121	1
24.499453551912566	7351	1
24.505191256830603	1807	1
24.50584699453552	7634	1
24.518743169398906	132	1
24.52688524590164	4912	1
24.537486338797816	2132	1
24.544590163934426	5107	1
24.54879781420765	218	1
24.55349726775956	1089	1
24.55650273224044	6877	1
24.558306010928963	3424	1
24.5720218579235	8758	1
24.59704918032787	2279	1
24.59726775956284	1559	1
24.597322404371585	5234	1
24.60415300546448	654	1
24.606775956284153	3351	1
24.622568306010926	3527	1
24.62448087431694	3129	1
24.648743169398905	9329	1
24.65661202185792	6714	1
24.666229508196718	9215	1
24.669071038251367	8068	1
24.671693989071038	8546	1
24.67590163934426	6023	1
24.691311475409837	5600	1
24.70786885245902	2255	1
24.708907103825137	4633	1
24.70945355191257	6816	1
24.719398907103823	5793	1
24.72513661202186	2654	1
24.736666666666665	5271	1
24.73743169398907	4517	1
24.738306010928962	8402	1
24.749234972677595	9890	1
24.761311475409833	9595	1
24.77672131147541	5071	1
24.78639344262295	8342	1
24.792131147540985	6238	1
24.82584699453552	374	1
24.82688524590164	7130	1
24.835245901639347	5345	1
24.839016393442623	8472	1
24.84021857923497	6828	1
24.84393442622951	1857	1
24.845628415300546	1234	1
24.857704918032784	3492	1
24.86912568306011	2399	1
24.87071038251366	8692	1
24.87366120218579	6261	1
24.889562841530054	3807	1
24.895846994535518	8232	1
24.899781420765027	7665	1
24.902677595628415	5150	1
24.903060109289616	253	1
24.91448087431694	5253	1
24.91469945355191	7909	1
24.917377049180327	8934	1
24.918196721311478	7352	1
24.91841530054645	9654	1
24.935191256830603	2488	1
24.947213114754096	5606	1
24.980655737704918	5147	1
24.99530054644809	2055	1
25.003114754098362	3410	1
25.00366120218579	8519	1
25.00650273224044	652	1
25.006830601092894	2032	1
25.01032786885246	2450	1
25.012404371584697	5182	1
25.014535519125683	5747	1
25.019016393442623	4235	1
25.028961748633883	3944	1
25.032459016393442	6658	1
25.099234972677596	7124	1
25.10688524590164	8201	1
25.11032786885246	7313	1
25.124153005464482	109	1
25.140273224043714	5282	1
25.147486338797815	6728	1
25.149945355191257	5091	1
25.15207650273224	7437	1
25.160928961748635	3534	1
25.16262295081967	9816	1
25.177486338797813	6098	1
25.187759562841528	9923	1
25.192076502732238	6146	1
25.20655737704918	6220	1
25.226721311475412	4325	1
25.229071038251366	2944	1
25.23486338797814	6094	1
25.235464480874313	7611	1
25.24879781420765	7189	1
25.251803278688527	8510	1
25.2524043715847	3077	1
25.27103825136612	4197	1
25.290163934426232	445	1
25.293715846994537	5893	1
25.29693989071038	7477	1
25.30590163934426	6662	1
25.327213114754098	7850	1
25.346994535519126	2952	1
25.357868852459017	3229	1
25.363770491803276	1943	1
25.368032786885244	1348	1
25.368852459016395	7493	1
25.371311475409836	9335	1
25.385737704918032	4656	1
25.40983606557377	4021	1
25.414972677595628	7683	1
25.422185792349726	581	1
25.42415300546448	7696	1
25.43688524590164	4259	1
25.44196721311475	4180	1
25.445245901639346	3356	1
25.45054644808743	3132	1
25.4603825136612	7394	1
25.485081967213112	5930	1
25.48874316939891	2101	1
25.501256830601093	9396	1
25.52606557377049	9879	1
25.52912568306011	2802	1
25.53912568306011	1329	1
25.54830601092896	9493	1
25.551857923497266	5274	1
25.5551912568306	5937	1
25.559016393442622	4630	1
25.564043715846996	8799	1
25.56825136612022	1607	1
25.585409836065576	2000	1
25.60120218579235	4019	1
25.609071038251365	8031	1
25.624535519125683	4858	1
25.637923497267757	9538	1
25.650163934426228	1935	1
25.667377049180327	1706	1
25.679562841530057	2268	1
25.695136612021855	6493	1
25.726994535519125	2525	1
25.759617486338797	3505	1
25.76071038251366	6456	1
25.76153005464481	5371	1
25.7751912568306	7436	1
25.78065573770492	4058	1
25.78327868852459	673	1
25.867978142076502	9450	1
25.89273224043716	1233	1
25.89633879781421	5868	1
25.919890710382514	9238	1
25.9327868852459	7821	1
25.935573770491803	1362	1
25.95437158469945	6045	1
25.955846994535516	4747	1
25.956721311475413	28	1
25.987158469945356	5824	1
25.987868852459016	6943	1
25.98814207650273	3220	1
25.99377049180328	9886	1
26.003333333333334	4074	1
26.008907103825138	7013	1
26.02464480874317	7967	1
26.030437158469947	8938	1
26.060327868852458	480	1
26.06868852459016	3504	1
26.085191256830598	9948	1
26.09262295081967	531	1
26.10967213114754	3573	1
26.110218579234974	8469	1
26.113114754098362	9318	1
26.117759562841528	8243	1
26.11994535519126	6853	1
26.14125683060109	4456	1
26.15830601092896	2252	1
26.17655737704918	3319	1
26.213825136612023	4999	1
26.221967213114752	3217	1
26.24295081967213	4063	1
26.26213114754098	5904	1
26.26743169398907	382	1
26.310273224043716	8441	1
26.315464480874315	356	1
26.333606557377045	5027	1
26.336284153005465	4477	1
26.397540983606557	6246	1
26.402131147540985	9769	1
26.41224043715847	2330	1
26.419945355191256	2082	1
26.422841530054647	7164	1
26.42622950819672	8022	1
26.42726775956284	8918	1
26.44295081967213	7218	1
26.455136612021857	4599	1
26.474535519125684	20	1
26.47814207650273	3827	1
26.48103825136612	5317	1
26.491693989071038	977	1
26.496338797814207	4612	1
26.497814207650272	3303	1
26.497868852459018	9993	1
26.505300546448087	6974	1
26.51049180327869	6656	1
26.556284153005464	526	1
26.562622950819673	7722	1
26.567486338797814	8490	1
26.570109289617488	9253	1
26.581366120218576	9336	1
26.582185792349726	7338	1
26.586065573770494	4178	1
26.58874316939891	8475	1
26.60136612021858	6176	1
26.601639344262296	7626	1
26.6048087431694	3012	1
26.639344262295083	8453	1
26.643989071038252	8711	1
26.645081967213113	6282	1
26.654098360655738	9458	1
26.669781420765027	2779	1
26.68775956284153	1990	1
26.70431693989071	7379	1
26.722404371584698	6409	1
26.72262295081967	1337	1
26.736939890710385	558	1
26.750928961748635	1244	1
26.79546448087432	196	1
26.798032786885244	5181	1
26.822404371584696	7915	1
26.829562841530052	5683	1
26.831311475409837	4398	1
26.833715846994536	9914	1
26.843879781420767	7624	1
26.85081967213115	6053	1
26.860273224043713	5718	1
26.868524590163936	9509	1
26.915683060109288	6631	1
26.919398907103826	3818	1
26.92344262295082	1963	1
26.93726775956284	6985	1
26.983224043715847	4983	1
27.021912568306007	2562	1
27.081803278688522	8699	1
27.0903825136612	9512	1
27.104535519125683	8952	1
27.122404371584697	3499	1
27.150655737704916	4029	1
27.202732240437157	6983	1
27.229398907103825	6722	1
27.2348087431694	4161	1
27.235136612021854	3153	1
27.239234972677593	7668	1
27.250601092896172	9229	1
27.267158469945358	138	1
27.292021857923498	8391	1
27.30092896174863	6480	1
27.318688524590165	6169	1
27.32912568306011	5390	1
27.33688524590164	9737	1
27.337868852459014	6221	1
27.349180327868854	3743	1
27.3503825136612	6011	1
27.351092896174862	5780	1
27.363060109289616	7613	1
27.37	6921	1
27.378032786885246	3155	1
27.390109289617484	5850	1
27.44464480874317	4852	1
27.464590163934425	5357	1
27.5075956284153	384	1
27.523551912568305	3940	1
27.52912568306011	3620	1
27.530218579234973	8011	1
27.55065573770492	8065	1
27.559890710382515	9026	1
27.561475409836067	4444	1
27.564207650273225	2531	1
27.596612021857922	3615	1
27.597322404371585	9565	1
27.606393442622952	9720	1
27.613442622950817	4440	1
27.624371584699453	8024	1
27.631256830601092	1225	1
27.66169398907104	9564	1
27.676338797814207	545	1
27.704754098360656	7278	1
27.732021857923495	4777	1
27.741147540983608	2835	1
27.746666666666666	4920	1
27.772841530054645	1493	1
27.775300546448086	906	1
27.77863387978142	1817	1
27.787540983606558	5638	1
27.81142076502732	611	1
27.817213114754097	3937	1
27.825081967213112	7039	1
27.828251366120217	6117	1
27.837486338797813	6547	1
27.838196721311476	9123	1
27.847377049180327	3395	1
27.855081967213113	7067	1
27.863169398907104	2697	1
27.875409836065575	3408	1
27.877814207650275	5699	1
27.913224043715847	3131	1
27.928415300546447	6013	1
27.94087431693989	8444	1
27.947814207650275	8233	1
27.957814207650273	7940	1
27.95934426229508	9868	1
27.995409836065573	2121	1
28.027158469945356	8363	1
28.03120218579235	7311	1
28.06590163934426	7219	1
28.069562841530054	305	1
28.072295081967216	5265	1
28.094590163934427	2038	1
28.10382513661202	3599	1
28.112568306010928	8013	1
28.121803278688525	8545	1
28.141748633879782	8367	1
28.14688524590164	7535	1
28.162021857923495	6229	1
28.178360655737702	7962	1
28.19158469945355	7873	1
28.19863387978142	7186	1
28.2144262295082	2688	1
28.22005464480874	6727	1
28.240273224043715	1169	1
28.24289617486339	913	1
28.26256830601093	6839	1
28.279071038251363	3072	1
28.296830601092896	6387	1
28.306229508196722	6660	1
28.31158469945355	7908	1
28.31754098360656	8841	1
28.334043715846995	3277	1
28.33497267759563	967	1
28.335956284153006	8800	1
28.34092896174863	3474	1
28.391092896174865	6522	1
28.41469945355191	3335	1
28.450874316939892	1197	1
28.474699453551914	5715	1
28.477704918032785	6187	1
28.502896174863388	8914	1
28.504754098360657	3991	1
28.517322404371587	8008	1
28.51950819672131	5269	1
28.579562841530056	6459	1
28.58846994535519	6447	1
28.603770491803278	6495	1
28.604207650273224	6205	1
28.623551912568306	4447	1
28.627158469945357	1199	1
28.642240437158467	6152	1
28.64879781420765	4300	1
28.670710382513658	8230	1
28.674918032786884	4567	1
28.678907103825136	2111	1
28.684043715846993	2010	1
28.688688524590162	6501	1
28.695409836065572	9772	1
28.702185792349727	2951	1
28.729562841530054	5163	1
28.74639344262295	8707	1
28.784918032786884	5557	1
28.80814207650273	3532	1
28.816120218579236	5839	1
28.822185792349728	9657	1
28.851639344262292	5193	1
28.855464480874314	2019	1
28.85967213114754	348	1
28.870382513661202	7830	1
28.885956284153004	1267	1
28.889562841530054	8207	1
28.89431693989071	8624	1
28.952677595628415	5243	1
28.966010928961747	5153	1
28.970819672131146	2416	1
28.971256830601092	9856	1
28.972185792349727	7929	1
28.972568306010928	3481	1
28.972841530054644	6989	1
28.98431693989071	7916	1
28.996174863387978	3444	1
29.015519125683056	8725	1
29.01879781420765	1127	1
29.02169398907104	7536	1
29.035901639344264	1631	1
29.038524590163934	386	1
29.040327868852458	6396	1
29.053770491803277	8120	1
29.058852459016393	4298	1
29.075846994535517	1928	1
29.08174863387978	7287	1
29.09	5350	1
29.109562841530053	4406	1
29.113661202185792	6067	1
29.116994535519126	9159	1
29.122295081967213	8600	1
29.122732240437156	9682	1
29.128032786885246	1653	1
29.15054644808743	9230	1
29.157650273224046	8947	1
29.159180327868853	1712	1
29.164371584699456	9056	1
29.183770491803276	8395	1
29.185901639344262	9047	1
29.208196721311474	9316	1
29.243005464480873	4814	1
29.244590163934426	5840	1
29.246338797814207	9100	1
29.247103825136612	1154	1
29.25622950819672	636	1
29.277049180327868	142	1
29.28398907103825	5453	1
29.31584699453552	8609	1
29.323661202185793	3283	1
29.324371584699453	3754	1
29.331803278688525	6206	1
29.331803278688525	9962	1
29.35136612021858	8766	1
29.36617486338798	1870	1
29.369726775956284	1399	1
29.37158469945355	5120	1
29.378579234972676	9668	1
29.38153005464481	5459	1
29.394590163934428	9459	1
29.446775956284153	8427	1
29.448633879781422	6535	1
29.463606557377048	8756	1
29.469016393442622	2006	1
29.469234972677597	925	1
29.476120218579233	7647	1
29.47792349726776	9789	1
29.50054644808743	9042	1
29.518360655737705	420	1
29.530218579234973	8683	1
29.548743169398907	8340	1
29.566830601092896	1304	1
29.586338797814204	7639	1
29.594644808743165	1613	1
29.608032786885246	4712	1
29.612349726775953	2597	1
29.68464480874317	4876	1
29.686338797814205	2402	1
29.692513661202184	2859	1
29.69841530054645	3372	1
29.701857923497265	3853	1
29.72551912568306	3280	1
29.726448087431695	1912	1
29.748743169398907	1854	1
29.761803278688525	3087	1
29.774207650273226	1229	1
29.786448087431694	9191	1
29.794535519125684	1637	1
29.79639344262295	3997	1
29.82464480874317	8380	1
29.832185792349726	5728	1
29.834863387978142	5667	1
29.857158469945357	6731	1
29.863879781420767	8096	1
29.87032786885246	5766	1
29.872240437158467	9059	1
29.874918032786884	6376	1
29.885136612021856	4281	1
29.886994535519122	3374	1
29.89224043715847	5536	1
29.899016393442622	9515	1
29.913060109289617	2388	1
29.93726775956284	8185	1
29.939289617486338	7161	1
29.956994535519126	5086	1
29.966612021857923	4895	1
29.984098360655736	4672	1
30.006120218579234	2666	1
30.036010928961748	1398	1
30.046502732240437	2600	1
30.047431693989072	9093	1
30.049016393442624	5581	1
30.062185792349727	7816	1
30.06846994535519	5589	1
30.0775956284153	6678	1
30.080273224043715	3150	1
30.08431693989071	7644	1
30.090983606557376	7598	1
30.10606557377049	1151	1
30.13661202185792	1093	1
30.187049180327868	8969	1
30.19704918032787	778	1
30.20879781420765	7089	1
30.209344262295083	2078	1
30.212131147540983	5462	1
30.213333333333335	9543	1
30.22770491803279	5517	1
30.241038251366117	621	1
30.247158469945354	8819	1
30.259562841530055	5676	1
30.26398907103825	9155	1
30.28573770491803	9904	1
30.29672131147541	9820	1
30.310163934426228	796	1
30.311256830601092	3289	1
30.315573770491802	5870	1
30.31672131147541	3219	1
30.320928961748635	5144	1
30.329945355191256	9688	1
30.33792349726776	8449	1
30.365573770491803	9441	1
30.378196721311475	8165	1
30.38551912568306	3195	1
30.402185792349727	9220	1
30.40825136612022	8468	1
30.420163934426228	8393	1
30.444043715846995	9149	1
30.447704918032787	1462	1
30.45415300546448	7176	1
30.49010928961749	8701	1
30.491803278688526	8717	1
30.50540983606557	9115	1
30.517322404371583	7062	1
30.52185792349727	6461	1
30.533060109289618	1616	1
30.586939890710383	4986	1
30.588087431693985	7663	1
30.588415300546448	4337	1
30.59896174863388	1749	1
30.61032786885246	4053	1
30.636448087431695	7619	1
30.643879781420765	8857	1
30.65672131147541	5089	1
30.672677595628414	4615	1
30.725300546448086	4283	1
30.761693989071038	3279	1
30.762404371584697	7876	1
30.771038251366118	9080	1
30.7779781420765	2378	1
30.78360655737705	6565	1
30.795081967213115	5127	1
30.79546448087432	5050	1
30.811475409836063	6312	1
30.814207650273225	2314	1
30.82693989071038	3562	1
30.84120218579235	8814	1
30.84846994535519	7989	1
30.864918032786886	8563	1
30.865191256830602	3323	1
30.86896174863388	2002	1
30.901857923497268	4356	1
30.920655737704916	5773	1
30.925245901639347	425	1
30.932841530054645	4479	1
30.934699453551914	6917	1
30.9351912568306	3001	1
30.955901639344262	8166	1
31.023770491803276	615	1
31.025901639344262	3193	1
31.02912568306011	6378	1
31.03377049180328	8964	1
31.041803278688526	7391	1
31.042185792349727	6797	1
31.053224043715847	1798	1
31.063224043715845	8190	1
31.075792349726775	2892	1
31.08295081967213	9566	1
31.092185792349728	2926	1
31.10333333333333	5400	1
31.10945355191257	2237	1
31.111857923497265	8808	1
31.129726775956286	8287	1
31.14054644808743	4210	1
31.148469945355192	6093	1
31.153333333333332	414	1
31.161475409836065	8898	1
31.161967213114753	6472	1
31.17191256830601	7480	1
31.18901639344262	7390	1
31.21502732240437	8644	1
31.22814207650273	2608	1
31.23245901639344	9252	1
31.238087431693987	4742	1
31.242076502732242	3636	1
31.242622950819673	549	1
31.264098360655737	3581	1
31.283060109289618	8955	1
31.29191256830601	3506	1
31.301038251366123	852	1
31.309781420765027	9839	1
31.310218579234974	5033	1
31.310765027322404	548	1
31.319289617486337	7969	1
31.323333333333334	2313	1
31.35775956284153	7109	1
31.391530054644807	7262	1
31.418032786885245	8101	1
31.42775956284153	4544	1
31.42983606557377	4553	1
31.43606557377049	6699	1
31.462732240437155	6795	1
31.476775956284154	3042	1
31.48311475409836	8606	1
31.489945355191256	5339	1
31.490983606557375	9482	1
31.49639344262295	8559	1
31.520710382513663	2377	1
31.52672131147541	5085	1
31.540983606557376	4841	1
31.541803278688526	4483	1
31.55262295081967	3285	1
31.55896174863388	7377	1
31.578032786885245	7344	1
31.594316939890707	754	1
31.61775956284153	5407	1
31.62311475409836	3928	1
31.623661202185794	3272	1
31.633005464480874	1265	1
31.648907103825135	9436	1
31.657486338797813	8666	1
31.663497267759563	680	1
31.69639344262295	4640	1
31.705409836065574	5035	1
31.706502732240438	5384	1
31.711967213114754	9504	1
31.7151912568306	1262	1
31.71726775956284	6894	1
31.718852459016393	8410	1
31.72174863387978	9893	1
31.72672131147541	8730	1
31.73606557377049	6574	1
31.749125683060107	2318	1
31.76103825136612	8820	1
31.767650273224042	1774	1
31.769344262295082	7594	1
31.77087431693989	9863	1
31.777322404371585	7946	1
31.784098360655737	7215	1
31.803387978142077	3065	1
31.820273224043717	5778	1
31.826120218579238	9599	1
31.832349726775956	6767	1
31.84453551912568	5501	1
31.854262295081966	8064	1
31.87497267759563	873	1
31.895792349726776	8424	1
31.89825136612022	4451	1
31.90825136612022	3903	1
31.92377049180328	9179	1
31.924699453551913	3346	1
31.94874316939891	2434	1
31.958743169398907	1239	1
31.966830601092894	9786	1
31.98032786885246	540	1
31.996174863387978	4696	1
31.998852459016394	247	1
32.003224043715846	5746	1
32.00409836065574	995	1
32.04010928961749	7081	1
32.040601092896175	357	1
32.0479781420765	3334	1
32.05163934426229	3514	1
32.0596174863388	9033	1
32.09644808743169	1991	1
32.10366120218579	2730	1
32.11584699453552	4209	1
32.1379781420765	7408	1
32.13956284153005	2556	1
32.160327868852455	9612	1
32.16907103825137	1301	1
32.17710382513661	7595	1
32.211967213114754	3394	1
32.243387978142074	3910	1
32.24808743169399	707	1
32.303005464480876	3917	1
32.31666666666666	4431	1
32.325081967213116	8641	1
32.34049180327869	6558	1
32.3427868852459	403	1
32.3427868852459	4241	1
32.360601092896175	9205	1
32.41896174863388	2793	1
32.4424043715847	6051	1
32.46535519125683	3901	1
32.46945355191257	6553	1
32.48693989071038	3970	1
32.50158469945355	1932	1
32.526010928961746	9272	1
32.536830601092895	6178	1
32.543661202185795	8377	1
32.54491803278688	5816	1
32.55207650273224	6108	1
32.60704918032787	2244	1
32.63136612021858	8171	1
32.65748633879782	8102	1
32.65978142076503	947	1
32.660327868852455	7217	1
32.681311475409835	2395	1
32.70098360655738	9202	1
32.72114754098361	3405	1
32.7379781420765	2955	1
32.738907103825134	2655	1
32.79120218579235	486	1
32.81846994535519	4151	1
32.84907103825137	8634	1
32.92672131147541	1058	1
32.95060109289618	9361	1
33.02874316939891	6582	1
33.03562841530054	998	1
33.0403825136612	6487	1
33.0524043715847	4039	0
33.055573770491804	5603	1
33.066448087431695	5520	1
33.08387978142076	2190	1
33.1	3565	1
33.155081967213114	6320	1
33.157103825136616	4776	1
33.17125683060109	2236	1
33.17333333333333	3245	1
33.175956284153	7160	1
33.176010928961745	3705	1
33.20584699453552	7238	1
33.252131147540986	2452	1
33.27010928961749	2174	1
33.28174863387978	6520	1
33.28688524590164	8139	1
33.29825136612022	9686	1
33.300273224043714	7263	1
33.30284153005464	3216	1
33.35584699453552	5601	1
33.356830601092895	7388	1
33.36825136612022	9382	1
33.370273224043714	2748	1
33.43404371584699	4401	1
33.44688524590164	2135	1
33.45060109289617	9257	1
33.457868852459015	9619	1
33.46311475409836	6089	1
33.4831693989071	1818	1
33.48775956284153	2269	1
33.491857923497264	2567	1
33.50218579234973	6807	1
33.509180327868854	7154	1
33.53027322404372	7051	1
33.549180327868854	3140	1
33.551803278688524	8697	1
33.55207650273224	6750	1
33.56890710382514	5428	1
33.57398907103825	1256	1
33.59535519125683	5199	1
33.599344262295084	4503	1
33.602021857923496	3586	1
33.60327868852459	7583	1
33.62579234972677	469	1
33.62655737704918	8302	1
33.6279781420765	311	1
33.650655737704916	4824	1
33.69535519125683	4698	1
33.699726775956286	2647	1
33.71021857923497	8016	1
33.71513661202186	5702	1
33.73612021857924	83	1
33.74699453551912	9638	1
33.76010928961749	640	1
33.764043715846995	7593	1
33.775245901639344	970	1
33.804153005464485	5233	1
33.80912568306011	7769	1
33.81158469945355	4813	1
33.81284153005465	4939	1
33.81737704918033	8879	1
33.836666666666666	188	1
33.84568306010929	9189	1
33.86633879781421	787	1
33.86666666666667	5465	1
33.8735519125683	9095	1
33.92224043715847	6020	1
33.92972677595628	5873	1
33.948196721311476	7606	1
33.95770491803279	4962	1
33.976994535519125	8080	1
33.99021857923498	4724	1
34.00562841530055	3389	1
34.03147540983607	2431	1
34.03147540983607	836	1
34.081748633879776	7966	1
34.08486338797814	8752	1
34.10442622950819	6586	1
34.11245901639344	6451	1
34.12344262295082	5672	1
34.12885245901639	1805	1
34.14748633879781	7181	1
34.150655737704916	3687	1
34.15120218579235	3397	1
34.1724043715847	1008	1
34.19191256830601	8937	1
34.21562841530055	3554	1
34.22169398907104	824	1
34.222950819672135	8072	1
34.229344262295086	2963	1
34.2368306010929	6579	1
34.27081967213115	6650	1
34.27262295081967	244	1
34.27459016393443	3112	1
34.29229508196721	7252	1
34.30081967213115	2576	1
34.33846994535519	4810	1
34.34497267759563	54	1
34.35830601092896	2230	1
34.36907103825137	1549	1
34.39650273224044	9898	1
34.40387978142077	2908	1
34.41628415300546	4339	1
34.41879781420765	8293	1
34.41918032786885	385	1
34.42846994535519	8202	1
34.453497267759566	8573	1
34.470655737704924	9168	1
34.47863387978142	5978	1
34.493442622950816	8319	1
34.4988524590164	1839	1
34.504262295081965	9591	1
34.51311475409836	6846	1
34.516666666666666	3730	1
34.525300546448086	7958	1
34.53857923497268	7375	1
34.58562841530055	1446	1
34.608633879781415	6592	1
34.64415300546448	1547	1
34.64754098360656	2206	1
34.648852459016396	9987	1
34.69420765027323	7397	1
34.71065573770491	1695	1
34.744590163934426	9345	1
34.752404371584696	2927	1
34.75726775956284	9260	1
34.758032786885245	8140	1
34.82677595628415	8467	1
34.838196721311476	9226	1
34.84923497267759	6872	1
34.86677595628415	9777	1
34.9	6030	1
34.90218579234973	9787	1
34.91901639344262	5518	1
34.92382513661202	3404	1
34.931311475409835	9418	1
34.94715846994536	5721	1
34.952568306010924	5482	1
34.95918032786885	240	1
35.01644808743169	2968	1
35.01978142076502	6194	1
35.03120218579235	4025	1
35.044754098360656	7121	1
35.06442622950819	8018	1
35.0924043715847	4091	1
35.11562841530055	8379	1
35.14497267759563	4352	1
35.15087431693989	3439	1
35.18502732240437	1298	1
35.198196721311476	2113	1
35.2151912568306	5133	1
35.21699453551912	2626	1
35.23366120218579	9842	1
35.25043715846995	5970	1
35.27071038251366	9933	1
35.278251366120216	2167	1
35.288360655737705	9803	1
35.29049180327869	3026	1
35.30284153005464	6508	1
35.33896174863388	2103	1
35.37267759562841	7212	1
35.381202185792354	8032	1
35.4124043715847	8781	1
35.41655737704918	8585	1
35.41907103825137	2729	1
35.42169398907104	845	1
35.42218579234972	2834	1
35.42300546448087	6940	1
35.43306010928961	826	1
35.450054644808745	9416	1
35.46901639344262	4677	1
35.47486338797815	8046	1
35.479234972677595	4542	1
35.48153005464481	1371	1
35.497868852459014	6726	1
35.51497267759563	6055	1
35.51918032786885	12	1
35.52661202185792	3540	1
35.545573770491806	8049	1
35.55874316939891	2686	1
35.58032786885246	7009	1
35.589234972677595	8896	1
35.59366120218579	7465	1
35.60737704918033	4584	1
35.61830601092896	6695	1
35.618852459016395	5526	1
35.63852459016393	1104	1
35.63879781420765	6050	1
35.642021857923496	795	1
35.64360655737705	7706	1
35.645409836065575	9964	1
35.683879781420764	8452	1
35.6879781420765	6603	1
35.72726775956284	1423	1
35.73245901639344	9027	1
35.7339344262295	3576	1
35.76191256830601	4098	1
35.79666666666666	8258	1
35.80136612021858	1381	1
35.8048087431694	4100	1
35.81885245901639	2751	1
35.82027322404372	8732	1
35.82655737704918	8722	1
35.831748633879776	3381	1
35.850928961748636	2838	1
35.867704918032786	2891	1
35.87338797814208	9435	1
35.9011475409836	3662	1
35.9103825136612	8266	1
35.96524590163934	505	1
35.96934426229508	4193	1
35.98043715846995	3466	1
35.98584699453552	6424	1
35.98710382513661	38	1
36.00786885245902	8161	1
36.008360655737704	2265	1
36.01010928961748	5410	1
36.036448087431694	8447	1
36.0411475409836	5550	1
36.05846994535519	5913	1
36.06579234972678	2738	1
36.067049180327864	7014	1
36.08251366120219	1784	1
36.092568306010925	2735	1
36.10901639344262	1666	1
36.11677595628416	794	1
36.117704918032786	3475	1
36.13803278688525	8993	1
36.15590163934426	4674	1
36.16502732240437	1937	1
36.176120218579236	1069	1
36.201147540983605	533	1
36.21262295081967	528	1
36.21551912568306	8946	1
36.23497267759562	2444	1
36.24338797814208	9378	1
36.29300546448087	3393	1
36.315355191256835	2415	1
36.334644808743164	8719	1
36.33857923497268	2656	1
36.346010928961746	1113	1
36.35065573770492	41	1
36.358360655737705	4335	1
36.36333333333334	737	1
36.38109289617486	6374	1
36.381584699453555	1530	1
36.384918032786885	9423	1
36.42366120218579	4242	1
36.44453551912569	6789	1
36.48142076502732	5639	1
36.49273224043716	524	1
36.50715846994535	5786	1
36.572404371584696	2795	1
36.580382513661206	8736	1
36.58879781420765	5358	1
36.58928961748634	3939	1
36.58928961748634	8460	1
36.598961748633876	5812	1
36.59983606557377	4468	1
36.60546448087432	6354	1
36.61595628415301	5497	1
36.62163934426229	6360	1
36.62568306010929	3192	1
36.62732240437159	2833	1
36.63213114754098	9088	1
36.655136612021856	4432	1
36.68748633879782	7734	1
36.71453551912568	8060	1
36.72612021857923	9761	1
36.72857923497268	5066	1
36.72928961748634	6134	1
36.73431693989071	6626	1
36.74174863387978	1311	1
36.749781420765025	2077	1
36.8027868852459	5682	1
36.808087431693984	5478	1
36.815355191256835	4558	1
36.81666666666667	7780	1
36.839945355191254	9446	1
36.8416393442623	6371	1
36.86907103825136	3536	1
36.870273224043714	6134	0
36.909945355191255	1978	1
36.91814207650273	8656	1
36.9451912568306	3559	1
36.94617486338798	75	1
36.98191256830601	4131	1
36.99338797814208	3049	1
37.067868852459014	8320	1
37.078633879781414	3249	1
37.0907650273224	7305	1
37.13284153005465	9118	1
37.16426229508197	1015	1
37.170382513661195	2021	1
37.20311475409836	6538	1
37.23010928961749	9903	1
37.23841530054645	4202	1
37.25568306010929	3707	1
37.2568306010929	2446	1
37.281639344262295	5838	1
37.28617486338798	8275	1
37.299234972677596	2607	1
37.3096174863388	3270	1
37.31224043715847	4996	1
37.31737704918033	9437	1
37.348633879781424	7113	1
37.36650273224044	6388	1
37.37382513661202	5632	1
37.376284153005464	7010	1
37.3779781420765	942	1
37.39453551912569	1820	1
37.39546448087432	7334	1
37.41437158469945	4125	1
37.42546448087432	3417	1
37.45049180327869	9582	1
37.4779781420765	8392	1
37.51852459016393	4973	1
37.52874316939891	7253	1
37.563387978142075	6999	1
37.60103825136611	885	1
37.64601092896175	4532	1
37.67475409836066	3694	1
37.694426229508196	9232	1
37.71071038251366	7345	1
37.711256830601094	468	1
37.71371584699453	771	1
37.73387978142077	3644	1
37.73978142076503	8529	1
37.742349726775956	7248	1
37.750546448087434	9279	1
37.78639344262295	8189	1
37.797267759562835	7977	1
37.80617486338798	8473	1
37.81284153005464	4961	1
37.81322404371585	541	1
37.813387978142075	9012	1
37.814535519125684	6007	1
37.84650273224044	7874	1
37.86327868852459	8089	1
37.87491803278689	9834	1
37.88918032786885	8281	1
37.91382513661202	4026	1
37.9227868852459	4948	1
37.92448087431694	8953	1
37.92743169398907	5139	1
37.92814207650273	3273	1
37.93622950819672	2634	1
37.93715846994535	8906	1
37.967213114754095	9050	1
37.978524590163936	2483	1
37.98868852459017	5432	1
37.99092896174863	5128	1
37.99846994535519	6365	1
38.013278688524586	7011	1
38.02316939890711	6604	1
38.025628415300545	3043	1
38.025956284153004	6813	1
38.034863387978135	95	1
38.046612021857925	1526	1
38.056338797814206	3745	1
38.07967213114755	9724	1
38.096338797814205	345	1
38.09885245901639	3739	1
38.11945355191257	4090	1
38.1335519125683	7129	1
38.13661202185793	6499	1
38.143825136612016	1144	1
38.15568306010929	6143	1
38.17699453551913	7126	1
38.18972677595628	1750	1
38.19754098360656	3945	1
38.20180327868852	1140	1
38.215081967213116	5322	1
38.228797814207645	2287	1
38.25404371584699	3829	1
38.286502732240436	2063	1
38.29311475409836	5664	1
38.30081967213115	4103	1
38.37398907103825	7144	1
38.37535519125683	4886	1
38.39032786885246	330	1
38.392459016393445	1353	1
38.39928961748634	2746	1
38.42666666666667	392	1
38.433114754098355	5046	1
38.43469945355191	8419	1
38.4603825136612	2637	1
38.47415300546448	2096	1
38.47912568306011	8021	1
38.49147540983606	3246	1
38.508415300546446	8121	1
38.50972677595629	584	1
38.509890710382514	6200	1
38.518907103825136	6806	1
38.519234972677594	7247	0
38.522568306010925	8876	1
38.52289617486339	8333	1
38.536010928961744	4647	1
38.53732240437158	6973	1
38.55415300546448	7716	1
38.565245901639344	1051	1
38.579562841530056	1495	1
38.58120218579235	949	1
38.58207650273224	1583	1
38.587377049180326	4819	1
38.60775956284153	3188	1
38.620655737704915	6421	1
38.62185792349727	4166	1
38.657322404371584	2264	1
38.65846994535519	5770	1
38.65950819672131	9428	1
38.659617486338796	338	1
38.6616393442623	4924	1
38.700437158469946	4918	1
38.718415300546454	6976	1
38.735245901639345	3704	1
38.751366120218584	7025	1
38.7683606557377	3788	1
38.76934426229508	3722	1
38.77584699453552	7363	1
38.78726775956284	6669	1
38.796557377049176	7054	1
38.79754098360655	8569	1
38.813825136612024	6572	1
38.83562841530055	9309	1
38.839999999999996	704	1
38.84098360655738	2282	1
38.85224043715847	9185	1
38.855737704918035	5042	1
38.85967213114754	9141	1
38.87502732240437	409	1
38.892459016393445	5268	1
38.90147540983606	5920	1
38.91655737704918	7901	1
38.919016393442625	6330	1
38.930710382513666	4910	1
38.954153005464484	9966	1
38.96032786885246	2325	1
38.974316939890706	5365	1
38.98169398907103	2602	1
38.9979781420765	2574	1
39.00103825136612	8405	1
39.01005464480875	1738	1
39.011912568306016	3813	1
39.01644808743169	1809	1
39.02120218579235	8240	1
39.0248087431694	4267	1
39.02956284153006	3542	1
39.035792349726776	5356	1
39.05415300546448	5174	1
39.07185792349726	4094	1
39.08273224043716	5980	1
39.08327868852459	8709	1
39.09174863387978	2276	1
39.100437158469944	7241	1
39.10409836065573	9660	1
39.11344262295082	1729	1
39.12311475409836	4138	1
39.15792349726776	6468	1
39.20065573770492	8625	1
39.21814207650274	2612	1
39.23765027322405	2363	1
39.242240437158465	7643	1
39.24699453551912	8833	1
39.27803278688525	2648	1
39.299234972677596	2615	1
39.31349726775956	6367	1
39.32863387978142	8433	1
39.33327868852459	7256	1
39.35366120218579	4862	1
39.36071038251366	5244	1
39.36404371584699	2445	1
39.36710382513661	3292	1
39.45021857923498	4890	1
39.4527868852459	9815	1
39.4636612021858	2411	1
39.47338797814208	4320	1
39.485628415300546	6702	1
39.504043715847	8635	1
39.50540983606557	7347	1
39.50830601092896	6139	1
39.51497267759563	4361	1
39.52508196721312	74	1
39.53311475409836	366	1
39.548032786885244	969	1
39.55377049180328	3844	1
39.573497267759564	496	1
39.57934426229508	1976	1
39.580655737704916	2551	1
39.58371584699453	8153	1
39.5872131147541	6779	1
39.60163934426229	4835	1
39.60672131147541	9330	1
39.617978142076495	4701	1
39.62393442622951	7300	1
39.63120218579235	3145	1
39.65754098360655	3125	1
39.66087431693989	770	1
39.66792349726776	1469	1
39.66874316939891	5696	1
39.67743169398907	2327	1
39.691475409836066	4974	1
39.70513661202186	3144	1
39.72218579234973	3078	1
39.72775956284153	7990	1
39.752459016393445	7770	1
39.75502732240437	1825	1
39.757267759562836	9473	1
39.7631693989071	2231	1
39.78300546448087	3369	1
39.790273224043716	5065	1
39.7907650273224	9426	1
39.800382513661205	2443	1
39.816448087431695	7210	1
39.82595628415301	1134	1
39.82786885245902	7586	1
39.87103825136612	2163	1
39.90125683060109	6956	1
39.90748633879782	8076	1
39.95016393442623	3432	1
39.9527868852459	1899	1
39.96568306010929	5461	1
39.98530054644809	5446	1
39.99371584699454	7368	1
40.014644808743164	2849	1
40.02945355191257	5426	1
40.03568306010929	6735	1
40.047704918032785	6801	1
40.05491803278689	6904	1
40.07841530054645	4644	1
40.08650273224044	2424	1
40.09267759562841	7088	1
40.09590163934426	7599	1
40.0968306010929	6014	1
40.10371584699454	8399	1
40.14655737704918	297	1
40.15792349726776	7551	1
40.15928961748634	3708	1
40.18573770491803	3871	1
40.186174863387976	7750	1
40.19448087431694	7225	1
40.20688524590164	8047	1
40.24896174863388	5753	1
40.26584699453552	1349	1
40.26846994535519	8878	1
40.2848087431694	792	1
40.29879781420765	4322	1
40.308196721311475	3980	1
40.32120218579235	8327	1
40.35251366120218	1404	1
40.38136612021858	8163	1
40.382677595628415	9355	1
40.38322404371585	1322	1
40.391311475409836	5745	1
40.39934426229508	6902	1
40.41907103825137	3314	1
40.44453551912568	1598	1
40.44579234972678	3859	1
40.45770491803278	4976	1
40.50852459016394	6810	1
40.5216393442623	5471	1
40.53191256830601	8400	1
40.532459016393446	2358	1
40.53311475409836	9804	1
40.55726775956284	7283	1
40.56693989071038	630	1
40.597103825136614	2947	1
40.60147540983606	6643	1
40.61224043715847	6110	1
40.62	2568	1
40.62087431693989	8883	1
40.63612021857924	4659	1
40.65038251366121	3857	1
40.68125683060109	7815	1
40.68191256830601	2433	1
40.68311475409836	6652	1
40.68945355191257	8660	1
40.692622950819676	2505	1
40.69901639344262	9254	1
40.705573770491796	7600	1
40.705737704918036	8981	1
40.71677595628415	5761	1
40.717540983606554	5395	1
40.72420765027322	7172	1
40.72595628415301	7367	1
40.740054644808744	1801	1
40.76950819672131	5895	1
40.771202185792355	3571	1
40.78770491803279	4442	1
40.79907103825136	5537	1
40.8079781420765	4522	1
40.80945355191257	266	1
40.818579234972674	4257	1
40.827650273224044	5995	1
40.85142076502732	8123	1
40.85661202185793	4285	1
40.88109289617486	742	1
40.88939890710382	7463	1
40.89120218579235	6240	1
40.89852459016394	5791	1
40.90256830601093	6713	1
40.91327868852459	7315	1
40.91661202185792	1044	1
40.93245901639344	306	1
40.9344262295082	4579	1
40.9611475409836	4050	1
40.96295081967214	709	1
40.98060109289618	8976	1
40.992295081967214	5388	1
41.02409836065574	2717	1
41.024426229508194	5249	1
41.036010928961744	4173	1
41.0448087431694	1081	1
41.05573770491804	2581	1
41.07945355191257	2636	1
41.13109289617486	2948	1
41.14568306010929	2936	1
41.14737704918033	2541	1
41.15	3895	1
41.22622950819672	7864	1
41.23125683060109	7091	1
41.241857923497264	4093	1
41.25114754098361	7673	1
41.267704918032784	9490	1
41.268087431693985	8017	1
41.273770491803276	5585	1
41.3072131147541	8862	1
41.307431693989066	4214	1
41.30885245901639	9494	1
41.31846994535519	2726	1
41.32234972677596	2326	1
41.351256830601095	9121	1
41.35748633879781	4872	1
41.37765027322404	9069	1
41.386448087431695	2025	1
41.38928961748634	8222	1
41.457868852459015	7980	1
41.482568306010926	5125	1
41.485136612021854	623	1
41.5375956284153	8916	1
41.54535519125683	604	1
41.54907103825136	383	1
41.55103825136612	8705	1
41.55612021857923	7562	1
41.55704918032787	7807	1
41.558524590163934	4923	1
41.56185792349727	2690	1
41.56540983606557	6793	1
41.57781420765027	7327	1
41.59863387978142	462	1
41.623715846994536	7994	1
41.625573770491805	6484	1
41.63027322404371	8661	1
41.63650273224043	3706	1
41.65366120218579	5851	1
41.689234972677596	313	1
41.69125683060109	1200	1
41.70360655737705	6555	1
41.720163934426225	8920	1
41.722786885245895	6986	1
41.72333333333333	3998	1
41.73770491803279	6363	1
41.756502732240435	5556	1
41.75786885245901	5131	1
41.76868852459016	3655	1
41.795027322404366	1288	1
41.7975956284153	9915	1
41.845956284153004	8382	1
41.858306010928956	2889	1
41.879344262295085	7226	1
41.90639344262295	8672	1
41.906666666666666	5387	1
41.924590163934425	5792	1
41.929071038251365	8887	1
41.930983606557376	5227	1
41.93409836065574	9656	1
41.93453551912568	2575	1
41.956010928961746	1478	1
41.96896174863388	6006	1
41.98573770491803	1009	1
42.042896174863394	9172	1
42.05092896174863	5477	1
42.054426229508195	8825	1
42.06535519125683	3814	1
42.07562841530054	9670	1
42.08852459016393	9057	1
42.093770491803284	3960	1
42.09846994535519	1097	1
42.11857923497268	7193	1
42.12579234972677	408	1
42.127431693989074	298	1
42.12765027322404	877	1
42.13284153005464	263	1
42.134480874316935	8948	1
42.146120218579235	2226	1
42.150710382513665	7544	1
42.190765027322406	460	1
42.19644808743169	9932	1
42.204098360655735	870	1
42.20907103825136	711	1
42.21841530054645	1816	1
42.22415300546448	4254	1
42.22907103825137	1049	1
42.23142076502732	2140	1
42.24136612021858	9873	1
42.24950819672131	5281	1
42.26344262295082	2184	1
42.29661202185792	1033	1
42.31819672131148	5108	1
42.31819672131148	6305	1
42.32349726775956	2864	1
42.332896174863386	492	1
42.375901639344264	7237	1
42.37688524590164	2799	1
42.38868852459016	7498	1
42.42016393442623	561	1
42.44032786885246	3463	1
42.47939890710382	6296	1
42.48284153005464	5843	1
42.50732240437158	5044	1
42.51114754098361	5405	1
42.53464480874317	2595	1
42.53622950819672	2710	1
42.558524590163934	3142	1
42.56136612021858	9019	1
42.56540983606557	8803	1
42.57693989071038	954	1
42.58371584699454	4774	1
42.590710382513656	1063	1
42.59606557377049	1496	1
42.60387978142076	9066	1
42.61524590163934	1408	1
42.632622950819666	6485	1
42.63704918032787	7299	1
42.66153005464481	2941	1
42.67098360655738	5887	1
42.67218579234972	6744	1
42.673825136612024	6783	1
42.69349726775957	809	1
42.70890710382513	7138	1
42.717540983606554	5994	1
42.73054644808743	7501	1
42.73327868852459	346	1
42.76426229508196	1786	1
42.77836065573771	1435	1
42.78032786885245	2868	1
42.80021857923497	8073	1
42.81109289617486	1910	1
42.811639344262296	1707	1
42.8207650273224	6377	1
42.82901639344262	4850	1
42.83857923497268	9186	1
42.839125683060104	7136	1
42.866557377049176	625	1
42.878306010928966	9251	1
42.8963387978142	4118	1
42.93005464480875	6342	1
42.95251366120218	6672	1
42.954207650273226	701	1
42.960437158469944	8010	1
42.972513661202186	837	1
42.97371584699454	5220	1
42.988524590163934	5039	1
42.99857923497268	6945	1
43.024918032786886	1276	1
43.028579234972675	3329	1
43.05366120218579	2544	1
43.06327868852458	378	1
43.07715846994536	7570	1
43.08907103825137	7359	1
43.09874316939891	1112	1
43.104590163934425	8688	1
43.11650273224044	728	1
43.14830601092896	2721	1
43.19934426229508	3759	1
43.20027322404371	5134	1
43.20207650273224	7983	1
43.21295081967213	9306	1
43.216939890710385	2462	1
43.21710382513661	886	1
43.225901639344265	714	1
43.231147540983606	6576	1
43.23754098360656	1752	1
43.243497267759565	4744	1
43.24469945355191	6211	1
43.248251366120215	6696	1
43.25513661202186	7522	1
43.266994535519125	3602	1
43.27508196721311	6827	1
43.28672131147541	922	1
43.30601092896175	1467	1
43.325956284153	9790	1
43.335956284153	3852	1
43.35114754098361	405	1
43.35125683060109	2258	1
43.35300546448087	9209	1
43.36530054644808	5700	1
43.37387978142077	2321	1
43.38464480874317	7554	1
43.395355191256826	5171	1
43.40256830601093	1983	1
43.40344262295081	8659	1
43.40655737704918	7222	1
43.416775956284155	6465	1
43.41967213114754	1305	1
43.44071038251366	319	1
43.462021857923496	3978	1
43.47103825136612	7038	1
43.4724043715847	9664	1
43.47497267759562	8454	1
43.481038251366115	2014	1
43.48655737704918	6153	1
43.49754098360656	9062	1
43.52349726775956	5119	1
43.5327868852459	5670	1
43.55950819672131	3723	1
43.58978142076503	8421	1
43.60650273224044	3342	1
43.608032786885246	843	1
43.615901639344266	3113	1
43.6475956284153	9394	1
43.65371584699453	6165	1
43.69956284153006	1126	1
43.704535519125685	6597	1
43.716939890710385	3390	1
43.728469945355194	7838	1
43.731038251366115	9876	1
43.74584699453552	8714	1
43.757704918032786	9156	1
43.760655737704916	5330	1
43.766666666666666	9214	1
43.77584699453551	926	1
43.7779781420765	9705	1
43.78617486338798	2012	1
43.80868852459017	1535	1
43.83584699453552	5402	1
43.83928961748634	1237	1
43.84803278688525	9510	1
43.84814207650273	3240	1
43.87491803278689	5250	1
43.8851912568306	5726	1
43.885628415300545	3919	1
43.893770491803274	8893	1
43.9060655737705	7879	1
43.92360655737705	8043	1
43.92693989071038	7961	1
43.93677595628415	8940	1
43.93786885245902	928	1
43.94147540983606	7818	1
43.942185792349726	3364	1
43.967267759562844	7733	1
43.96819672131147	7288	1
43.9988524590164	7120	1
44.0003825136612	6455	1
44.019726775956286	5489	1
44.04819672131148	5458	1
44.06196721311475	595	1
44.07109289617486	5884	1
44.08349726775956	8249	1
44.109890710382516	9840	1
44.112404371584695	8248	1
44.135737704918036	6648	1
44.190983606557374	1737	1
44.196666666666665	4536	1
44.199617486338795	389	1
44.20513661202186	3162	1
44.2151912568306	9005	1
44.218797814207655	6116	1
44.21912568306011	6689	1
44.23879781420765	34	1
44.28393442622951	9389	1
44.28530054644809	2088	1
44.31065573770491	2523	1
44.325956284153	5217	1
44.34027322404371	1952	1
44.352786885245905	1929	1
44.381256830601096	3608	1
44.40989071038251	2359	1
44.43327868852459	3050	1
44.43601092896175	3633	1
44.440273224043715	5123	1
44.44535519125683	9592	1
44.465300546448084	7651	1
44.497923497267756	4488	1
44.499398907103824	602	1
44.50743169398907	4121	1
44.51087431693989	9407	1
44.525956284153004	7865	1
44.52830601092896	509	1
44.53174863387978	6257	1
44.535956284153	7459	1
44.538469945355196	6364	1
44.575792349726775	5854	1
44.58158469945355	6612	1
44.600163934426234	8925	1
44.60524590163934	8224	1
44.62295081967213	4389	1
44.64344262295082	2620	1
44.64792349726776	1964	1
44.655136612021856	7666	1
44.65726775956284	8565	1
44.660765027322405	6288	1
44.66153005464481	4076	1
44.66420765027323	4942	1
44.679344262295075	7318	1
44.68530054644809	907	1
44.70628415300546	2383	1
44.73579234972677	2	1
44.740327868852454	7762	1
44.74251366120219	5799	1
44.75234972677596	8039	1
44.76021857923497	3021	1
44.76174863387978	6293	1
44.77704918032787	9182	1
44.78218579234972	5460	1
44.79065573770492	9901	1
44.79081967213115	5247	1
44.81060109289618	6946	1
44.82196721311475	8029	1
44.82781420765027	5951	1
44.84983606557377	1652	1
44.85923497267759	7192	1
44.870273224043714	6609	1
44.881147540983605	9743	1
44.883060109289616	5438	1
44.9135519125683	4353	1
44.91923497267759	2653	1
44.92142076502732	9784	1
44.93437158469945	4486	1
44.93448087431694	1848	1
44.947486338797816	821	1
44.953770491803276	9641	1
44.95437158469946	3031	1
44.95606557377049	8157	1
44.95983606557377	3086	1
44.96180327868852	691	1
44.972513661202186	8869	1
44.9727868852459	1212	1
44.988196721311475	5532	1
45.020437158469946	8684	1
45.020765027322405	5114	1
45.038360655737705	4220	1
45.05486338797814	5574	1
45.083278688524594	6130	1
45.08950819672131	9134	1
45.08983606557377	5934	1
45.09027322404371	8109	1
45.09579234972677	2227	1
45.108961748633874	8136	1
45.11644808743169	2119	1
45.12393442622951	3539	1
45.124808743169396	5586	1
45.12655737704918	8176	1
45.12912568306011	5717	1
45.1496174863388	8172	1
45.1579781420765	3254	1
45.180655737704924	8978	1
45.185792349726775	4552	1
45.185901639344266	4626	1
45.186502732240434	7058	1
45.194043715846995	2192	1
45.205245901639344	9375	1
45.20606557377049	5160	1
45.218633879781414	9301	1
45.23322404371584	2857	1
45.23765027322404	56	1
45.238196721311475	1259	1
45.24158469945355	5614	1
45.26650273224044	4494	1
45.27273224043716	9640	1
45.27617486338797	8426	1
45.277759562841524	3519	1
45.295081967213115	2571	1
45.30426229508197	452	1
45.30655737704918	6027	1
45.319016393442624	8550	1
45.33234972677595	9010	1
45.33726775956284	131	1
45.33989071038251	6269	1
45.342295081967215	2881	1
45.349016393442625	4463	1
45.3544262295082	4475	1
45.36715846994535	6545	1
45.3679781420765	6462	1
45.38404371584699	4611	1
45.3911475409836	8429	1
45.39562841530054	5008	1
45.3979781420765	6773	1
45.41622950819672	8358	1
45.41688524590164	9022	1
45.41989071038251	463	1
45.449999999999996	2267	1
45.468743169398905	5000	1
45.471748633879784	8763	1
45.47295081967213	4628	1
45.47972677595628	4055	1
45.483989071038245	6233	1
45.49322404371584	6517	1
45.51393442622951	3664	1
45.51584699453552	7415	1
45.545956284153	1914	1
45.55469945355191	254	1
45.56748633879781	5475	1
45.58431693989071	8999	1
45.6055737704918	55	1
45.640546448087434	7563	1
45.65158469945355	9697	1
45.65393442622951	4168	1
45.65551912568306	4956	1
45.66092896174863	4916	1
45.66224043715847	8241	1
45.678633879781415	1317	1
45.68027322404372	5879	1
45.708251366120216	7143	1
45.711256830601094	8633	1
45.72191256830601	9421	1
45.72612021857923	7434	1
45.74207650273224	232	1
45.74546448087432	6120	1
45.7455737704918	3564	1
45.77475409836066	6141	1
45.778907103825134	9462	1
45.78207650273224	7048	1
45.78409836065573	2481	1
45.785792349726776	8558	1
45.789453551912565	8811	1
45.78983606557377	4027	1
45.79267759562842	4366	1
45.793278688524595	4273	1
45.84535519125683	3805	1
45.845956284153004	3721	1
45.84601092896175	2308	1
45.85032786885246	9383	1
45.856557377049185	4333	1
45.878196721311475	1645	1
45.880546448087436	2058	1
45.8855737704918	1569	1
45.890874316939886	9607	1
45.89874316939891	4621	1
45.90409836065574	7561	1
45.91054644808743	3879	1
45.91874316939891	785	1
45.920054644808744	1465	1
45.93273224043716	6761	1
45.934972677595624	4537	1
45.939562841530055	706	1
45.94010928961749	1851	1
45.97087431693989	536	1
45.971803278688526	6868	1
45.978032786885244	7855	1
45.98617486338798	9909	1
45.98912568306011	7744	1
45.99622950819672	3770	1
45.996830601092896	7890	1
45.99841530054645	6188	1
45.99956284153005	4770	1
46.01737704918033	8596	1
46.02016393442623	2888	1
46.04715846994536	4441	1
46.05535519125683	5340	1
46.05661202185792	3034	1
46.06819672131147	9902	1
46.09765027322404	4409	1
46.10131147540983	4967	1
46.11081967213114	2152	1
46.130327868852454	5657	1
46.132240437158465	8754	1
46.13387978142077	2822	1
46.14344262295082	1258	1
46.15573770491803	283	1
46.15967213114754	4265	1
46.161857923497266	8992	1
46.170491803278686	9880	1
46.17726775956284	719	1
46.18551912568306	4373	1
46.1855737704918	2954	1
46.19153005464481	2986	1
46.194754098360654	6929	1
46.19874316939891	3872	1
46.19989071038251	3987	1
46.21601092896175	7938	1
46.21737704918032	9083	1
46.239617486338794	7566	1
46.25049180327869	2768	1
46.26469945355191	8386	1
46.29633879781421	7702	1
46.300382513661205	4788	1
46.30043715846994	3515	1
46.304426229508195	1769	1
46.31754098360656	3167	1
46.32409836065574	9393	1
46.32606557377049	81	1
46.343333333333334	9781	1
46.36420765027323	5867	1
46.37688524590164	5841	1
46.3792349726776	7640	1
46.37950819672131	8653	1
46.38612021857924	6289	1
46.38961748633879	4922	1
46.393825136612016	2224	1
46.399453551912565	9757	1
46.41535519125683	2549	1
46.416721311475406	4367	1
46.429836065573774	876	1
46.44775956284153	1477	1
46.44972677595628	230	1
46.456338797814205	6446	1
46.46967213114754	8784	1
46.47185792349726	2474	1
46.47693989071038	5549	1
46.48836065573771	5602	1
46.49131147540984	966	1
46.49185792349727	1987	1
46.50530054644809	359	1
46.51060109289618	2410	1
46.512622950819676	8463	1
46.516612021857924	1191	1
46.525191256830595	8504	1
46.529344262295076	8543	1
46.54748633879782	9070	1
46.5655737704918	5098	1
46.565628415300544	1855	1
46.572459016393445	6133	1
46.57901639344262	4132	1
46.58311475409836	4620	1
46.58907103825137	3881	1
46.59781420765027	9810	1
46.603114754098364	3566	1
46.61622950819672	6764	1
46.61890710382514	37	1
46.6211475409836	2522	1
46.630765027322404	2616	1
46.63174863387978	1454	1
46.637540983606556	9356	1
46.637540983606556	6392	1
46.65049180327869	8561	1
46.65677595628415	5566	1
46.665628415300546	2146	1
46.679836065573774	5312	1
46.68617486338798	4679	1
46.69229508196722	1568	1
46.6931693989071	8540	1
46.710437158469944	7200	1
46.73163934426229	71	1
46.73879781420765	7152	1
46.74218579234972	1214	1
46.74404371584699	1471	1
46.74732240437159	3870	1
46.75939890710382	2336	1
46.77459016393443	2537	1
46.77573770491803	7851	1
46.78918032786885	5961	1
46.82098360655738	4591	1
46.8327868852459	1642	1
46.841967213114756	6210	1
46.842295081967215	6182	1
46.84464480874317	2400	1
46.848961748633876	8037	1
46.88027322404372	7869	1
46.883060109289616	3955	1
46.89393442622951	1059	1
46.90371584699454	8087	1
46.919672131147536	7985	1
46.93743169398907	4590	1
46.94163934426229	5279	1
46.954480874316936	9921	1
46.95661202185792	4153	1
46.97568306010929	6913	1
46.97661202185792	2214	1
46.98475409836066	5981	1
46.98530054644809	4608	1
46.99284153005465	4692	1
47.009945355191256	6831	1
47.03672131147541	2619	1
47.03814207650273	2013	1
47.053825136612026	8739	1
47.061038251366114	930	1
47.078360655737704	9273	1
47.09289617486339	3378	1
47.12136612021858	8487	1
47.12737704918033	3751	1
47.13469945355191	3624	1
47.15491803278688	4864	1
47.15715846994536	8685	1
47.185737704918026	1824	1
47.18726775956284	8670	1
47.19016393442623	8219	1
47.21185792349726	6112	1
47.214590163934425	2894	1
47.21896174863387	3489	1
47.23901639344262	4004	1
47.243060109289615	4498	1
47.268142076502734	6705	1
47.29595628415301	6944	1
47.3024043715847	9847	1
47.31967213114754	563	1
47.32950819672131	482	1
47.33448087431694	9249	1
47.33857923497268	8991	1
47.338907103825136	5545	1
47.34027322404372	6340	1
47.35327868852459	2149	1
47.355956284153	1558	1
47.35775956284153	1369	1
47.35972677595628	3834	1
47.375245901639346	3133	1
47.38819672131147	7691	1
47.40524590163934	5019	1
47.40901639344262	4510	1
47.4116393442623	7205	1
47.411748633879775	5481	1
47.41770491803279	3007	1
47.43601092896174	3368	1
47.44732240437159	676	1
47.44830601092896	1659	1
47.453005464480874	7442	1
47.46109289617486	5414	1
47.461256830601094	4041	1
47.46398907103825	5592	1
47.46497267759563	4913	1
47.47918032786885	9827	1
47.50311475409836	3654	1
47.54606557377049	1601	1
47.54748633879782	2263	1
47.547814207650276	542	1
47.572021857923495	3858	1
47.57595628415301	9727	1
47.58377049180328	8357	1
47.59836065573771	537	1
47.60087431693989	762	1
47.619945355191255	7678	1
47.625956284153006	5569	1
47.65371584699454	3430	1
47.65540983606558	1803	1
47.65693989071038	7292	1
47.674480874316934	9936	1
47.676448087431694	5412	1
47.68224043715847	5522	1
47.68666666666667	1913	1
47.70666666666666	5578	1
47.718743169398905	639	1
47.735956284153005	5612	1
47.74693989071038	7064	1
47.753989071038255	6124	1
47.75491803278688	1264	1
47.76327868852459	8549	1
47.782295081967206	6698	1
47.79737704918033	9300	1
47.80398907103825	5406	1
47.81540983606558	8503	1
47.82868852459016	4809	1
47.831693989071034	5975	1
47.84852459016393	4787	1
47.852404371584704	4111	1
47.8651912568306	6115	1
47.874043715846994	961	1
47.87677595628415	6620	1
47.883497267759566	7196	1
47.88437158469945	9014	1
47.91950819672131	9120	1
47.9363387978142	5506	1
47.944754098360654	7074	1
47.945846994535515	9277	1
47.945956284153006	4129	1
47.95497267759563	3561	1
47.95535519125683	9475	1
47.95934426229508	9216	1
47.96311475409836	2535	1
47.96497267759563	7187	1
47.97191256830601	9433	1
47.97874316939891	225	1
47.9879781420765	1405	1
47.9883606557377	2102	1
47.99125683060109	7037	1
47.9935519125683	9709	1
48.0075956284153	5267	1
48.016994535519125	4240	1
48.0224043715847	6017	1
48.02513661202186	7914	1
48.03688524590164	800	1
48.046885245901635	3575	1
48.05606557377049	5864	1
48.06540983606558	6749	1
48.07371584699453	934	1
48.083224043715845	2823	1
48.08928961748634	6661	1
48.106502732240436	3333	1
48.10956284153005	1287	1
48.12491803278688	5605	1
48.12726775956284	7279	1
48.12945355191257	2646	1
48.136065573770495	5336	1
48.1472131147541	1975	1
48.16530054644809	4638	1
48.17136612021858	2897	1
48.19508196721311	9369	1
48.198142076502734	9068	1
48.20098360655738	7760	1
48.201584699453555	7169	1
48.215355191256826	3719	1
48.22054644808743	1346	1
48.224371584699455	3171	1
48.22672131147541	9838	1
48.229562841530054	2310	1
48.240437158469945	8364	1
48.2524043715847	2235	1
48.26956284153005	456	1
48.271857923497265	7137	1
48.277158469945356	9622	1
48.30256830601093	1926	1
48.30901639344262	9187	1
48.30967213114754	7512	1
48.310765027322404	1993	1
48.31551912568305	3099	1
48.320819672131144	9061	1
48.32382513661202	7403	1
48.32852459016393	9090	1
48.331366120218576	2069	1
48.380874316939895	7555	1
48.40071038251366	1663	1
48.41606557377049	5070	1
48.420491803278686	332	1
48.42579234972677	1243	1
48.430928961748634	9770	1
48.44672131147541	1379	1
48.447704918032784	2804	1
48.45688524590164	4246	1
48.47672131147541	8103	1
48.480273224043714	4230	1
48.48584699453552	6893	1
48.49	702	1
48.50038251366121	578	1
48.50158469945355	1019	1
48.503825136612015	2901	1
48.52469945355191	7670	1
48.53437158469946	6230	1
48.54382513661202	7835	1
48.55174863387978	2387	1
48.55306010928962	9353	1
48.56371584699453	3366	1
48.57568306010929	5251	1
48.57704918032787	4157	1
48.586284153005465	3033	1
48.58857923497268	4963	1
48.5924043715847	1523	1
48.59464480874317	3843	1
48.59573770491803	6434	1
48.59754098360656	9399	1
48.59967213114754	6410	1
48.60961748633879	1923	1
48.61005464480875	9576	1
48.61043715846994	5729	1
48.61081967213115	7209	1
48.622568306010926	6966	1
48.62508196721312	9735	1
48.64327868852459	776	1
48.6472131147541	2246	1
48.65360655737705	9885	1
48.67868852459016	5608	1
48.686939890710384	2225	1
48.716830601092894	4624	1
48.71857923497267	5764	1
48.7224043715847	3948	1
48.72453551912569	3385	1
48.72781420765027	1430	1
48.7624043715847	2356	1
48.765519125683056	5359	1
48.77273224043716	510	1
48.77355191256831	6079	1
48.796229508196724	8778	1
48.79683060109289	7607	1
48.81060109289617	2251	1
48.812349726775956	9829	1
48.81863387978142	6850	1
48.83076502732241	2348	1
48.84978142076503	588	1
48.85289617486339	7559	1
48.87978142076503	1194	1
48.89027322404372	1566	1
48.898633879781414	1985	1
48.89967213114754	2921	1
48.91098360655738	3923	1
48.91377049180328	4385	1
48.92284153005465	8560	1
48.92284153005465	8071	1
48.936065573770485	7589	1
48.945245901639346	6199	1
48.9460655737705	8643	1
48.95349726775956	9081	1
48.976174863387975	5318	1
48.98934426229508	7507	1
48.99644808743169	2940	1
49.01311475409836	3209	1
49.0191256830601	8601	1
49.025628415300545	5241	1
49.02617486338798	4086	1
49.04633879781421	4867	1
49.054098360655736	4038	1
49.06092896174863	9590	1
49.07562841530054	279	1
49.08655737704918	5922	1
49.12284153005464	9163	1
49.12841530054644	7906	1
49.132568306010924	3635	1
49.14551912568306	4061	1
49.14983606557377	2133	1
49.158633879781426	1073	1
49.17016393442623	5959	1
49.17049180327869	2870	1
49.18333333333334	4022	1
49.19459016393442	1228	1
49.19486338797814	7510	1
49.196338797814214	3683	1
49.19868852459017	3652	1
49.20508196721311	9131	1
49.22420765027322	5069	1
49.22639344262296	4145	1
49.229617486338796	1574	1
49.23295081967213	7654	1
49.24366120218579	250	1
49.24666666666667	1624	1
49.24950819672131	1270	1
49.252459016393445	7286	1
49.253551912568305	6982	1
49.2607650273224	7712	1
49.26185792349727	4817	1
49.262841530054644	8317	1
49.27251366120219	6822	1
49.279398907103825	2516	1
49.280491803278686	4573	1
49.28398907103825	4327	1
49.29224043715847	4609	1
49.29234972677595	9374	1
49.29234972677595	194	1
49.29989071038251	9969	1
49.30715846994535	1634	1
49.31393442622951	2752	1
49.31710382513661	3748	1
49.317595628415305	7441	1
49.32879781420765	6611	1
49.33092896174863	3010	1
49.334316939890705	3437	1
49.33540983606557	646	1
49.34021857923497	4114	1
49.34475409836066	1665	1
49.34617486338797	9926	1
49.34846994535519	4108	1
49.35060109289618	3197	1
49.36136612021858	5169	1
49.36185792349727	5616	1
49.36333333333333	4397	1
49.387267759562846	7518	1
49.390819672131144	7541	1
49.39819672131147	121	1
49.411475409836065	6315	1
49.41912568306011	8548	1
49.42803278688525	7911	1
49.43180327868853	233	1
49.44409836065574	7887	1
49.445136612021855	629	1
49.44754098360656	6043	1
49.4575956284153	2093	0
49.46890710382514	9280	1
49.47229508196721	4279	1
49.5003825136612	3590	1
49.51300546448088	6302	1
49.514426229508196	7939	1
49.51617486338798	3971	1
49.518524590163935	4648	1
49.530437158469944	4664	1
49.54409836065574	3816	1
49.563114754098365	9483	1
49.565300546448086	4780	1
49.57628415300547	5016	1
49.582950819672135	4756	1
49.59120218579235	3412	1
49.59136612021858	6304	1
49.605355191256834	8353	1
49.61704918032787	9616	1
49.62196721311476	1394	1
49.63098360655737	6530	1
49.63939890710382	6740	1
49.681311475409835	2776	1
49.68459016393442	6812	1
49.6968306010929	4761	1
49.6975956284153	2320	1
49.69956284153005	3359	1
49.71	8821	1
49.73726775956284	2980	1
49.73907103825137	2077	0
49.74245901639345	1410	1
49.74366120218579	4341	1
49.7483606557377	9956	1
49.75513661202186	7053	1
49.76229508196721	7157	1
49.7664480874317	4762	1
49.7739344262295	4380	1
49.78655737704918	3689	1
49.810819672131146	5292	1
49.81661202185793	6968	1
49.82475409836066	8615	1
49.82715846994536	93	1
49.83868852459016	4555	1
49.84169398907103	4208	1
49.854918032786884	9525	1
49.90234972677595	2950	1
49.905191256830605	3343	1
49.908633879781426	6981	1
49.913333333333334	6494	1
49.91382513661202	7378	1
49.922732240437156	8735	1
49.93371584699453	1836	1
49.94349726775956	7745	1
49.94387978142076	3800	1
49.95617486338797	3913	1
49.97054644808743	9016	1
49.97907103825137	8777	1
49.97950819672131	1979	1
49.985245901639345	8795	1
50.001256830601086	4303	1
50.00792349726776	1347	1
50.01715846994535	2832	1
50.05650273224044	5820	1
50.07672131147541	760	1
50.07672131147541	1047	1
50.08672131147541	5927	1
50.10005464480874	4282	1
50.11710382513661	4829	1
50.14857923497268	5800	1
50.19377049180328	4907	1
50.19382513661202	8727	1
50.19530054644809	6605	1
50.201530054644806	7545	1
50.21098360655738	4518	1
50.23306010928961	1401	1
50.24136612021858	2755	1
50.244535519125684	5527	1
50.250491803278685	5633	1
50.262131147540984	2144	1
50.26349726775956	9745	1
50.27792349726776	8359	1
50.28153005464481	7342	1
50.28191256830601	9775	1
50.28382513661202	4000	1
50.29786885245902	6919	1
50.302622950819675	9248	1
50.30617486338797	4981	1
50.310546448087436	8852	1
50.312295081967214	9104	1
50.3127868852459	6234	1
50.31945355191257	1461	1
50.32819672131148	4778	1
50.33934426229508	9266	1
50.345245901639345	9157	1
50.35131147540984	2813	1
50.35994535519126	3075	1
50.365792349726775	6453	1
50.36939890710382	7185	1
50.369453551912564	9823	1
50.37502732240437	4993	1
50.37846994535519	5695	1
50.391256830601094	1291	1
50.39360655737705	1286	1
50.40245901639344	9872	1
50.40939890710383	4306	1
50.42185792349727	3418	1
50.4351912568306	495	1
50.43945355191257	7094	1
50.44125683060109	5368	1
50.45448087431694	6969	1
50.489016393442625	960	1
50.491147540983604	3275	1
50.496120218579236	391	1
50.49622950819673	2840	1
50.4983606557377	2242	1
50.51360655737705	3661	1
50.51464480874317	368	1
50.51606557377049	3135	1
50.52136612021858	5613	1
50.52426229508197	6857	1
50.56661202185793	6794	1
50.58584699453552	5559	1
50.592677595628416	4749	1
50.59950819672131	9556	1
50.61185792349727	106	1
50.612513661202186	2352	1
50.612513661202186	3927	1
50.631857923497265	3500	1
50.67322404371584	4697	1
50.67655737704918	4715	1
50.68027322404372	2367	1
50.684699453551914	5860	1
50.705901639344255	65	1
50.72054644808743	6436	1
50.726284153005466	7107	1
50.72907103825137	4877	1
50.73469945355191	3341	1
50.735245901639345	1148	1
50.73612021857924	6961	1
50.79459016393442	9500	1
50.829125683060106	8318	1
50.82934426229508	7092	1
50.85114754098361	8203	1
50.857923497267755	4693	1
50.86103825136612	8675	1
50.86218579234973	8509	1
50.863278688524595	1325	1
50.87005464480874	9534	1
50.87606557377049	6029	1
50.89218579234973	4040	1
50.937431693989076	3189	1
50.94825136612021	3812	1
50.95743169398907	9925	1
50.964207650273224	5830	1
50.96786885245901	8619	1
50.97622950819672	7729	1
50.9764480874317	4797	1
50.977377049180326	799	1
50.983387978142076	9488	1
50.99819672131147	4527	1
51.01327868852459	9415	1
51.02010928961749	3256	1
51.02475409836065	108	1
51.029398907103825	4863	1
51.06956284153005	7153	1
51.073497267759564	6384	1
51.07775956284153	1762	1
51.0851912568306	2077	1
51.08830601092896	6132	1
51.10475409836065	2476	1
51.1155737704918	3696	1
51.11950819672131	8051	1
51.121038251366116	6046	1
51.15792349726775	7711	1
51.17289617486339	2037	1
51.185409836065574	8880	1
51.19021857923497	9888	1
51.19918032786885	6256	1
51.21628415300546	6245	1
51.22021857923497	5795	1
51.2620218579235	9986	1
51.265191256830605	7128	1
51.27431693989071	8871	1
51.29218579234972	9358	1
51.30021857923497	1356	1
51.30153005464481	5902	1
51.308524590163934	51	1
51.321693989071036	3046	1
51.33650273224043	5096	1
51.344863387978144	999	1
51.363551912568305	6541	1
51.374808743169396	5852	1
51.37530054644809	228	1
51.38786885245902	179	1
51.390601092896176	8492	1
51.39103825136612	2883	1
51.395081967213116	3056	1
51.403661202185795	8612	1
51.40622950819672	8430	1
51.4063387978142	973	1
51.41836065573771	7540	1
51.41901639344262	9894	1
51.42912568306011	2546	1
51.433169398907104	8578	1
51.456065573770495	8084	1
51.458579234972674	9045	1
51.46901639344262	8982	1
51.47765027322404	1078	1
51.498360655737706	4309	1
51.50901639344262	7281	1
51.53245901639344	1679	1
51.53300546448087	6621	1
51.53879781420765	1250	1
51.53967213114754	3211	1
51.55016393442623	6184	1
51.552950819672134	6162	1
51.56497267759563	5200	1
51.58153005464481	2880	1
51.590382513661204	5689	1
51.61398907103825	8863	1
51.621475409836066	7598	0
51.625191256830604	4016	1
51.64169398907104	487	1
51.65043715846995	3401	1
51.66950819672132	4346	1
51.69	2734	1
51.69453551912569	2323	1
51.703060109289616	4481	1
51.71071038251366	3567	1
51.71775956284153	8450	1
51.72415300546448	6216	1
51.738142076502726	8738	1
51.76213114754098	853	1
51.76540983606557	5935	1
51.78972677595628	4271	1
51.801857923497266	4275	1
51.80508196721311	5300	1
51.80852459016393	3947	1
51.82273224043716	9520	1
51.82666666666667	4310	1
51.84852459016393	5754	1
51.85672131147541	1106	1
51.85967213114753	6818	1
51.86158469945355	7798	1
51.88245901639344	8885	1
51.89076502732241	1065	1
51.90005464480874	9750	1
51.91125683060109	4084	1
51.9516393442623	9037	1
51.969562841530056	1222	1
51.97344262295082	2397	1
51.974262295081964	6885	1
51.9924043715847	5743	1
52.00349726775956	6454	1
52.0220218579235	4252	1
52.035737704918034	7582	1
52.0375956284153	8324	1
52.04868852459016	8733	1
52.048797814207646	1743	1
52.057814207650274	4253	1
52.069836065573774	410	1
52.07032786885246	5451	1
52.08273224043716	9466	1
52.09125683060109	5063	1
52.0968306010929	9312	1
52.100874316939894	759	1
52.10890710382513	5926	1
52.1220218579235	8499	1
52.134480874316935	668	1
52.135628415300545	808	1
52.1403825136612	6222	1
52.140928961748635	6423	1
52.170437158469944	2610	1
52.1748087431694	5635	1
52.17972677595628	9386	1
52.181693989071036	9551	1
52.19426229508197	8186	1
52.195136612021855	1095	1
52.20098360655737	5515	1
52.21699453551913	862	1
52.2431693989071	817	1
52.25076502732241	7854	1
52.25530054644808	5194	1
52.264480874316945	9291	1
52.26901639344262	5100	1
52.273387978142075	6865	1
52.2851912568306	5547	1
52.299289617486345	2784	1
52.32770491803279	380	1
52.33382513661203	2185	1
52.336557377049175	900	1
52.35065573770492	7720	1
52.35775956284153	6637	1
52.37672131147541	6532	1
52.37754098360656	170	1
52.37896174863388	2825	1
52.38923497267759	2502	1
52.40049180327869	3035	1
52.40295081967213	6060	1
52.41196721311475	8328	1
52.41622950819672	4781	1
52.43633879781421	8713	1
52.44426229508197	5248	1
52.46491803278688	3054	1
52.467978142076504	8148	1
52.47928961748634	921	1
52.49218579234972	5392	1
52.4931693989071	2911	1
52.506557377049184	8131	1
52.51808743169399	8997	1
52.527431693989065	1136	1
52.53322404371584	8801	1
52.53890710382514	7132	1
52.53994535519126	9116	1
52.54005464480875	2349	1
52.541803278688526	483	1
52.561584699453554	6688	1
52.56748633879781	4238	1
52.57087431693989	2083	1
52.577595628415295	9963	1
52.58054644808743	8640	1
52.58158469945355	5145	1
52.59311475409836	5161	1
52.59726775956285	2440	1
52.59928961748634	8851	1
52.60185792349726	7971	1
52.60502732240437	9395	1
52.62644808743169	3287	1
52.63464480874317	5539	1
52.64218579234972	9150	1
52.64551912568306	9675	1
52.64781420765027	4940	1
52.67540983606557	7680	1
52.67912568306011	9645	1
52.68295081967213	1122	1
52.68409836065573	867	1
52.68874316939891	919	1
52.69426229508197	3095	1
52.697377049180325	5810	1
52.70322404371585	4650	1
52.71781420765028	5109	1
52.742295081967214	3138	1
52.74333333333333	3322	1
52.75218579234973	2999	1
52.76562841530055	6996	1
52.78016393442623	6416	1
52.780437158469944	13	1
52.78513661202186	19	1
52.7875956284153	7781	1
52.798032786885244	4880	1
52.801475409836065	4768	1
52.810710382513655	3915	1
52.830983606557375	4570	1
52.8407650273224	1161	1
52.84125683060109	8114	1
52.84852459016393	846	1
52.85021857923497	3362	1
52.86535519125683	7	1
52.86743169398907	4930	1
52.873333333333335	8521	1
52.87732240437158	8325	1
52.8924043715847	6593	1
52.896557377049184	3274	1
52.898360655737704	4556	1
52.89978142076503	6328	1
52.90491803278688	6525	1
52.91136612021858	1268	1
52.91349726775957	3523	1
52.917103825136614	336	1
52.92546448087432	2473	1
52.93032786885246	9349	1
52.937322404371585	8706	1
52.949945355191254	4646	1
52.969562841530056	4954	1
52.98606557377049	8173	1
52.98912568306011	9528	1
52.99163934426229	5375	1
52.993770491803275	9751	1
52.99699453551913	9147	1
53.01174863387978	5464	1
53.02322404371584	1980	1
53.02590163934426	2845	1
53.041803278688526	8910	1
53.04644808743169	1933	1
53.058087431693984	7553	1
53.05863387978142	9577	1
53.06109289617486	1118	1
53.06677595628415	6204	1
53.078633879781414	669	1
53.07868852459016	1635	1
53.09387978142077	2207	1
53.10420765027322	9696	1
53.10617486338798	5837	1
53.10775956284153	4632	1
53.11005464480874	6134	1
53.1144262295082	9653	1
53.119508196721306	5043	1
53.1227868852459	8334	1
53.140928961748635	6037	1
53.14158469945355	5275	1
53.15404371584699	5750	1
53.16081967213115	4365	1
53.17196721311475	4007	1
53.17666666666667	9643	1
53.1772131147541	4779	1
53.182786885245896	897	1
53.18306010928961	6426	1
53.1844262295082	7376	1
53.19092896174864	6777	1
53.191092896174865	1380	1
53.20224043715847	4326	1
53.21027322404371	3868	1
53.21207650273224	9032	1
53.21852459016394	1511	1
53.2196174863388	5230	1
53.22114754098361	432	1
53.23502732240437	1355	1
53.23573770491804	1281	1
53.23907103825137	9695	1
53.24546448087432	6667	1
53.25606557377049	6074	1
53.256885245901636	3848	1
53.257704918032786	9998	1
53.25863387978142	4212	1
53.262513661202185	8326	1
53.26387978142076	7742	1
53.26754098360656	3423	1
53.27459016393442	7808	1
53.297704918032785	5189	1
53.301475409836065	2087	1
53.30612021857924	4133	1
53.31617486338798	6268	1
53.317158469945355	2272	1
53.31814207650273	8518	1
53.32043715846994	4953	1
53.32808743169399	7833	1
53.35950819672131	513	1
53.37103825136612	3760	1
53.3803825136612	9980	1
53.38956284153005	3884	1
53.39103825136612	5122	1
53.395846994535525	6566	1
53.39644808743169	5976	1
53.40508196721311	4357	1
53.42551912568306	2683	1
53.43071038251366	3777	1
53.43344262295082	9544	1
53.433989071038255	1919	1
53.43617486338798	507	1
53.45546448087431	8769	1
53.457158469945355	9703	1
53.476885245901634	227	1
53.484043715846994	9244	1
53.50404371584699	3942	1
53.51196721311475	2341	1
53.51874316939891	856	1
53.52852459016393	92	1
53.537978142076504	3248	1
53.54409836065573	1149	1
53.54825136612022	5623	1
53.55049180327869	2904	1
53.55606557377049	6951	1
53.557377049180324	1628	1
53.572404371584696	6638	1
53.58803278688524	6379	1
53.61459016393442	4902	1
53.61912568306011	7131	1
53.67273224043716	842	1
53.682786885245896	1938	1
53.7151912568306	90	1
53.71808743169399	1533	1
53.728415300546445	3267	1
53.72989071038251	4391	1
53.74513661202186	9792	1
53.74579234972678	2432	1
53.758032786885245	488	1
53.76153005464481	5658	1
53.76382513661202	6022	1
53.76737704918033	7326	1
53.784043715847	2886	1
53.78808743169399	7085	1
53.794644808743165	1842	1
53.80136612021858	3137	1
53.80311475409836	3526	1
53.81109289617486	2934	1
53.81387978142076	4449	1
53.8196174863388	5595	1
53.83049180327868	740	1
53.832076502732235	7423	1
53.836885245901634	5490	1
53.845628415300546	7740	1
53.84693989071038	6316	1
53.85185792349726	5734	1
53.86142076502732	4933	1
53.8644262295082	3470	1
53.8787431693989	8712	1
53.90349726775956	4336	1
53.949999999999996	9521	1
53.95683060109289	8599	1
53.96071038251366	6880	1
53.96147540983607	8285	1
53.98655737704918	1196	1
53.99688524590164	4578	1
54.00311475409836	3398	1
54.008469945355195	775	1
54.03289617486339	2484	1
54.03546448087432	8716	1
54.04256830601093	9583	1
54.04415300546448	5644	1
54.0448087431694	3717	1
54.05743169398907	2072	1
54.06387978142076	9333	1
54.06393442622951	5229	1
54.078415300546446	4415	1
54.08005464480874	7736	1
54.08546448087432	4511	1
54.08546448087432	774	1
54.09437158469945	9913	1
54.10732240437159	2959	1
54.12693989071038	9310	1
54.144972677595625	1925	1
54.15896174863388	3071	1
54.163005464480875	940	1
54.168961748633876	9978	1
54.18781420765027	8257	1
54.19639344262295	978	1
54.203060109289616	1407	1
54.209999999999994	9882	1
54.21071038251366	7316	1
54.214207650273224	1724	1
54.21770491803279	7912	1
54.26584699453552	4564	1
54.27174863387978	7475	1
54.272568306010925	7804	1
54.294754098360656	3638	1
54.30207650273224	9170	1
54.31688524590164	6042	1
54.3255737704918	3455	1
54.328743169398905	6081	1
54.33224043715847	3200	1
54.3372131147541	574	1
54.340382513661204	120	1
54.34065573770492	7737	1
54.34092896174863	1217	1
54.344808743169395	5611	1
54.364699453551914	5637	1
54.38398907103825	554	1
54.3967213114754	3392	1
54.400163934426224	2360	1
54.4263387978142	4866	1
54.44120218579235	3967	1
54.44803278688525	89	1
54.4539344262295	7396	1
54.472459016393444	5704	1
54.505846994535524	6226	1
54.52010928961748	3291	1
54.544972677595624	0	1
