0.011069999999999998	442	1
0.05029251366120219	241	1
0.0664431693989071	2095	1
0.1396568306010929	5207	1
0.1485	4989	1
0.2229224043715847	6479	1
0.539427868852459	3310	1
0.5487322404371584	9707	1
0.6011256830601093	2732	1
0.6336939890710382	8204	1
0.6346393442622951	1694	1
0.6425573770491804	5751	1
0.6473551912568305	3800	1
0.6551857923497267	6950	1
0.6916174863387978	4104	1
0.7186775956284153	1250	1
0.7960874316939891	9353	1
0.8826229508196721	2281	1
0.8840109289617487	8450	1
0.8869453551912568	3912	1
0.9479562841530054	8123	1
1.015174863387978	6934	1
1.1847049180327869	3252	1
1.2110327868852457	6446	1
1.2701857923497268	4743	1
1.3684590163934425	6465	1
1.3773224043715848	4793	1
1.3816284153005465	4583	1
1.4085956284153005	7579	1
1.4264098360655737	3638	1
1.5226557377049181	8456	1
1.5504754098360656	4705	1
1.7435628415300548	5785	1
1.7496284153005466	8055	1
1.7675956284153005	595	1
1.8206994535519125	8379	1
1.9901584699453552	5517	1
2.0010327868852458	7569	1
2.0022786885245902	281	1
2.0211803278688527	9498	1
2.0648251366120216	6450	1
2.0660928961748635	7552	1
2.0708743169398907	7680	1
2.0954262295081967	2720	1
2.1210655737704918	7105	1
2.161814207650273	8605	1
2.1832459016393444	9541	1
2.2473387978142076	3653	1
2.326890710382514	6411	1
2.4638961748633883	651	1
2.5273934426229507	9264	1
2.5281311475409836	3004	1
2.606601092896175	4293	1
2.633071038251366	4528	1
2.645398907103825	6659	1
2.6659453551912566	477	1
2.667573770491803	4832	1
2.6839781420765028	9273	1
2.6849945355191256	7639	1
2.758191256830601	3423	1
2.7648032786885244	1683	1
2.885120218579235	7583	1
2.8884371584699453	855	1
2.9001584699453553	9344	1
2.939808743169399	9223	1
2.9686120218579237	3470	1
2.9816666666666665	5927	1
3.0101311475409838	7016	1
3.028224043715847	1691	1
3.039360655737705	2529	1
3.2121038251366123	1185	1
3.2165956284153006	7083	1
3.22148087431694	9273	0
3.2507431693989073	1603	1
3.255606557377049	4312	1
3.32368306010929	5392	1
3.395912568306011	3612	1
3.410841530054645	5098	1
3.5792896174863387	8685	1
3.583081967213115	7919	1
3.640972677595628	7889	1
3.6413770491803277	6679	1
3.7222185792349727	152	1
3.79051912568306	5982	1
3.8629398907103827	9672	1
3.949846994535519	2838	1
3.9707322404371586	377	1
3.9988907103825135	9082	1
4.023180327868852	8378	1
4.064737704918032	4730	1
4.079049180327869	9392	1
4.082191256830601	7463	1
4.119010928961749	125	1
4.12555737704918	4053	1
4.137371584699453	3692	1
4.163125683060109	4839	1
4.185333333333333	1781	1
4.188710382513661	4291	1
4.204661202185792	4466	1
4.223803278688525	6373	1
4.2468360655737705	8406	1
4.247573770491803	8381	1
4.288459016393443	6854	1
4.296562841530054	9878	1
4.340103825136612	7728	1
4.351939890710383	3226	1
4.391989071038251	7896	1
4.3986174863387975	2940	1
4.525759562841531	6971	1
4.54896174863388	665	1
4.608557377049181	9957	1
4.650573770491803	4381	1
4.7512349726775955	943	1
4.827989071038251	7359	1
4.868748633879782	747	1
4.89035519125683	900	1
4.8985901639344265	345	1
5.120420765027322	3548	1
5.209808743169399	570	1
5.2277814207650275	2607	1
5.261409836065574	7137	1
5.273420765027322	7920	1
5.3365355191256825	4600	1
5.39063387978142	8539	1
5.40024043715847	5234	1
5.451677595628415	7690	1
5.499999999999999	4471	1
5.5045355191256835	4265	1
5.51792349726776	6835	1
5.562896174863387	6878	1
5.580327868852459	9103	1
5.580601092896174	951	1
5.584644808743169	807	1
5.602841530054645	9290	1
5.61792349726776	7496	1
5.693060109289617	216	1
5.731256830601093	8790	1
5.736939890710382	2168	1
5.812459016393443	1933	1
5.866010928961748	1650	1
5.922459016393442	9217	1
5.934863387978142	4766	1
6.031748633879782	6241	1
6.063934426229507	1890	1
6.077650273224044	9501	1
6.085846994535519	1690	1
6.149180327868852	7189	1
6.293005464480875	6515	1
6.296010928961748	2934	1
6.314644808743169	4244	1
6.319016393442623	2242	1
6.3199453551912566	7110	1
6.41120218579235	3790	1
6.438524590163934	2772	1
6.496065573770492	9938	1
6.503825136612021	6954	1
6.5191803278688525	2280	1
6.579289617486339	1325	1
6.631147540983607	1763	1
6.636120218579235	6912	1
6.641912568306011	1356	1
6.662076502732241	7980	1
6.681584699453552	2808	1
6.735191256830601	8216	1
6.742841530054645	6247	1
6.766502732240437	2340	1
6.805792349726776	7656	1
6.85	5199	1
6.857049180327868	4778	1
6.858688524590164	5894	1
6.88792349726776	3319	1
6.910983606557377	9004	1
6.921967213114754	4659	1
6.9430054644808745	8914	1
6.999781420765028	8540	1
7.015846994535519	1965	1
7.041366120218579	2092	1
7.053169398907103	5001	1
7.171639344262295	240	1
7.307213114754099	7816	1
7.3448087431693985	9979	1
7.394590163934426	7119	1
7.415464480874317	7292	1
7.432404371584699	4414	1
7.480437158469946	1044	1
7.4808196721311475	7341	1
7.51360655737705	2900	1
7.540382513661202	1477	1
7.561803278688525	5087	1
7.59327868852459	3993	1
7.625245901639344	4937	1
7.671256830601092	432	1
7.696448087431694	2994	1
7.698469945355192	8024	1
7.794754098360656	602	1
7.8301639344262295	649	1
7.917049180327869	9328	1
7.94863387978142	2214	1
7.961967213114755	6993	1
7.966994535519126	3511	1
7.985901639344263	9058	1
8.015027322404372	3549	1
8.035956284153006	7687	1
8.047650273224043	2530	1
8.06792349726776	3837	1
8.068415300546448	7245	1
8.156393442622951	1289	1
8.18655737704918	7178	1
8.191693989071037	9805	1
8.234863387978141	6160	1
8.240327868852459	2963	1
8.26535519125683	4343	1
8.30136612021858	4876	1
8.314371584699453	9904	1
8.327103825136613	2070	1
8.344699453551913	6627	1
8.35191256830601	3683	1
8.397158469945355	7424	1
8.419180327868853	2241	1
8.429508196721311	4397	1
8.44120218579235	679	1
8.461311475409836	937	1
8.492786885245902	6336	1
8.559398907103825	4322	1
8.608251366120218	2713	1
8.634808743169398	5262	1
8.638415300546448	295	1
8.721748633879782	9434	1
8.850163934426229	2021	1
8.904262295081969	7346	1
8.94136612021858	1644	1
8.981530054644809	6356	1
9.170546448087432	4084	1
9.178743169398906	3927	1
9.24912568306011	8853	1
9.275683060109289	2069	1
9.277158469945356	7310	1
9.329945355191256	7437	1
9.36295081967213	4175	1
9.36967213114754	8591	1
9.419125683060109	7315	1
9.44191256830601	2555	1
9.529180327868852	9125	1
9.545409836065573	678	1
9.564207650273223	2917	1
9.56448087431694	3875	1
9.569945355191257	3246	1
9.572732240437158	1700	1
9.577322404371584	2656	1
9.622786885245901	9976	1
9.770765027322405	8959	1
9.826502732240437	4	1
9.837650273224043	5019	1
9.84327868852459	7484	1
9.843825136612022	6848	1
9.906284153005464	3438	1
9.929890710382512	6030	1
9.934972677595628	935	1
9.94912568306011	1450	1
9.955573770491803	130	1
9.95808743169399	104	1
9.9924043715847	7465	1
10.010054644808742	3753	1
10.029234972677594	9283	1
10.03431693989071	2491	1
10.03622950819672	5823	1
10.039344262295081	8980	1
10.042459016393442	9683	1
10.044207650273224	6357	1
10.048142076502733	1783	1
10.06622950819672	9256	1
10.088142076502733	1609	1
10.114754098360654	9417	1
10.119453551912567	4574	1
10.165846994535519	1385	1
10.17382513661202	3030	1
10.191584699453552	1320	1
10.194754098360656	7265	1
10.199890710382514	7938	1
10.200710382513662	8032	1
10.219999999999999	2614	1
10.226448087431693	1805	1
10.23054644808743	9593	1
10.24912568306011	8403	1
10.249234972677597	4836	1
10.25896174863388	2105	1
10.26016393442623	7338	1
10.264863387978142	5663	1
10.286448087431694	6664	1
10.318196721311477	8535	1
10.326174863387978	1953	1
10.327978142076502	107	1
10.33087431693989	5689	1
10.331530054644809	9456	1
10.335191256830601	3408	1
10.37601092896175	6945	1
10.37967213114754	9102	1
10.391693989071038	7824	1
10.42054644808743	272	1
10.42311475409836	5360	1
10.42918032786885	4147	1
10.439781420765028	6529	1
10.462677595628415	5519	1
10.478524590163934	7146	1
10.497377049180328	6896	1
10.51704918032787	2528	1
10.523551912568307	1269	1
10.534426229508197	8835	1
10.552404371584698	1063	1
10.557595628415301	1713	1
10.573934426229508	1597	1
10.592896174863387	9421	1
10.602131147540984	4837	1
10.616994535519126	3598	1
10.643169398907105	6836	1
10.653387978142076	2165	1
10.667322404371584	2514	1
10.675737704918033	7060	1
10.680437158469944	1290	1
10.680819672131149	8417	1
10.69639344262295	9807	1
10.704699453551912	9596	1
10.735245901639344	5910	1
10.744043715846995	8855	1
10.753661202185793	648	1
10.761256830601093	536	1
10.76448087431694	2315	1
10.779726775956282	8208	1
10.806775956284152	1947	1
10.828579234972677	5148	1
10.831857923497267	9606	1
10.961311475409836	4207	1
10.964918032786885	3542	1
10.980382513661201	9372	1
10.989890710382515	1543	1
10.993278688524589	9851	1
10.997868852459018	8521	1
11.00207650273224	6346	1
11.021584699453552	1498	1
11.034098360655737	8806	1
11.06879781420765	4474	1
11.074918032786885	4934	1
11.07622950819672	3659	1
11.078852459016392	1912	1
11.099016393442623	9249	1
11.106010928961748	9000	1
11.110601092896175	9341	1
11.123934426229509	4338	1
11.135683060109288	7774	1
11.161748633879782	6408	1
11.169890710382514	1860	1
11.184098360655737	8021	1
11.240983606557377	668	1
11.247158469945356	3348	1
11.277650273224044	6658	1
11.328907103825136	7725	1
11.33207650273224	4278	1
11.34704918032787	8126	1
11.404535519125684	5840	1
11.422568306010929	5968	1
11.493989071038252	4323	1
11.507431693989071	7159	1
11.534590163934427	4828	1
11.537267759562841	2452	1
11.555409836065573	6635	1
11.589071038251367	5740	1
11.61169398907104	544	1
11.64688524590164	3229	1
11.65775956284153	6489	1
11.671584699453552	4456	1
11.681530054644808	8829	1
11.697650273224044	7418	1
11.70377049180328	2403	1
11.748196721311475	1723	1
11.753333333333332	8408	1
11.757868852459016	7187	1
11.780983606557378	6647	1
11.783825136612021	3764	1
11.792459016393442	4413	1
11.80879781420765	7885	1
11.830928961748633	9457	1
11.837267759562842	1893	1
11.8424043715847	7366	1
11.859071038251365	5113	1
11.85967213114754	6392	1
11.876830601092896	9258	1
11.91896174863388	3187	1
11.9375956284153	2587	1
11.938360655737705	4621	1
11.94743169398907	1532	1
11.996065573770492	3644	1
12.029125683060109	6739	1
12.059180327868852	904	1
12.073278688524589	3836	1
12.07896174863388	1961	1
12.079999999999998	7651	1
12.098688524590164	8263	1
12.100819672131149	1187	1
12.113770491803278	3186	1
12.116120218579235	9390	1
12.118579234972676	3025	1
12.13464480874317	4963	1
12.147213114754098	3073	1
12.151420765027321	9397	1
12.205573770491803	6021	1
12.213879781420765	4649	1
12.231857923497268	2013	1
12.30327868852459	8555	1
12.333060109289617	6998	1
12.340109289617486	7996	1
12.349234972677596	6456	1
12.366174863387979	5166	1
12.388743169398907	3122	1
12.391639344262295	9119	1
12.39431693989071	9429	1
12.399562841530056	9994	1
12.411038251366119	6955	1
12.46	5153	1
12.475846994535518	9925	1
12.477704918032787	6141	1
12.492513661202187	5932	1
12.509398907103826	7102	1
12.513333333333334	7488	1
12.527650273224044	1851	1
12.544863387978143	7627	1
12.546502732240437	9547	1
12.57120218579235	643	1
12.577431693989071	7881	1
12.579234972677595	164	1
12.5875956284153	7068	1
12.597158469945354	7373	1
12.620546448087431	3801	1
12.632677595628415	7499	1
12.636284153005464	37	1
12.638524590163934	4204	1
12.641857923497268	675	1
12.649398907103825	3736	1
12.656120218579234	11	1
12.676666666666668	2629	1
12.718852459016393	5366	1
12.724863387978143	9320	1
12.793497267759564	6700	1
12.796830601092896	9292	1
12.83	2358	1
12.836612021857924	9859	1
12.841475409836066	2335	1
12.882841530054645	9324	1
12.889726775956284	6459	1
12.893224043715847	2004	1
12.900983606557377	6131	1
12.90879781420765	6596	1
12.927814207650272	9432	1
12.935464480874316	4684	1
12.939180327868852	8803	1
12.967377049180326	4083	1
12.967650273224043	246	1
12.973060109289618	6079	1
12.973934426229508	1586	1
12.981639344262295	8711	1
12.99016393442623	1230	1
13.018196721311474	1810	1
13.030054644808743	3808	1
13.045136612021858	6161	1
13.07633879781421	6199	1
13.077814207650272	8843	1
13.085136612021858	2113	1
13.09360655737705	7367	1
13.110601092896175	7987	1
13.13136612021858	7991	1
13.141530054644809	9036	1
13.142459016393444	4139	1
13.143934426229508	4039	1
13.147814207650272	3534	1
13.234808743169399	575	1
13.241748633879782	1427	1
13.261475409836065	7243	1
13.268852459016394	3605	1
13.273715846994536	2158	1
13.278743169398908	6514	1
13.29551912568306	6088	1
13.314535519125684	609	1
13.354644808743169	4892	1
13.36551912568306	5892	1
13.398907103825136	1083	1
13.426994535519125	3034	1
13.433715846994536	4126	1
13.467704918032785	2980	1
13.479945355191257	9908	1
13.508306010928962	3868	1
13.514426229508198	361	1
13.558360655737705	9016	1
13.589180327868853	8326	1
13.5924043715847	9737	1
13.604754098360656	9982	1
13.614262295081968	8383	1
13.628633879781422	8401	1
13.687704918032788	1844	1
13.721857923497268	2400	1
13.73606557377049	7516	1
13.742841530054644	153	1
13.767868852459017	9031	1
13.77344262295082	2275	1
13.779453551912567	1384	1
13.78398907103825	3133	1
13.788360655737705	2457	1
13.790874316939892	1312	1
13.804535519125684	1871	1
13.84224043715847	5846	1
13.842677595628414	4903	1
13.857978142076503	5691	1
13.88688524590164	8290	1
13.918579234972677	4692	1
13.973114754098361	9460	1
13.973169398907103	8902	1
14.006120218579234	7260	1
14.011366120218579	4311	1
14.024098360655737	5986	1
14.061803278688524	5770	1
14.071420765027323	6253	1
14.09103825136612	4813	1
14.098469945355191	6826	1
14.102131147540984	601	1
14.102677595628416	8313	1
14.1075956284153	1879	1
14.13153005464481	1266	1
14.154808743169399	3220	1
14.159562841530056	7170	1
14.178688524590164	3647	1
14.189508196721313	1563	1
14.197322404371585	2164	1
14.229836065573771	6122	1
14.254808743169399	8680	1
14.255792349726775	2620	1
14.260546448087432	9838	1
14.26191256830601	1608	1
14.272732240437158	1416	1
14.278032786885246	6386	1
14.295792349726774	1579	1
14.308196721311475	8289	1
14.358469945355191	6433	1
14.380382513661202	5634	1
14.392950819672132	1576	1
14.400382513661201	2504	1
14.420491803278688	4169	1
14.439289617486338	2455	1
14.492677595628415	1696	1
14.515846994535519	3377	1
14.52103825136612	5796	1
14.544426229508195	7079	1
14.558196721311475	2173	1
14.57655737704918	7580	1
14.598743169398906	5025	1
14.603387978142075	1075	1
14.61601092896175	7248	1
14.648743169398907	5673	1
14.65295081967213	8012	1
14.675737704918033	8177	1
14.676502732240436	3755	1
14.71153005464481	2834	1
14.71568306010929	8189	1
14.718797814207651	1315	1
14.722896174863386	6287	1
14.731639344262295	8261	1
14.762459016393441	9738	1
14.76256830601093	9257	1
14.765081967213114	9118	1
14.834535519125684	2993	1
14.914043715846994	5199	0
14.915846994535519	4717	1
14.921147540983606	5591	1
14.933497267759563	3196	1
14.944098360655737	6891	1
14.95398907103825	320	1
14.966174863387977	630	1
14.988251366120219	9150	1
15.016775956284153	4149	1
15.01693989071038	7859	1
15.023551912568305	3334	1
15.024371584699454	9535	1
15.029344262295082	5802	1
15.031202185792349	5657	1
15.0375956284153	693	1
15.040437158469945	3453	1
15.072459016393442	560	1
15.085846994535519	1259	1
15.101530054644808	5616	1
15.107814207650273	9197	1
15.162896174863388	7405	1
15.205792349726776	4729	1
15.209726775956284	7375	1
15.221202185792349	3224	1
15.227486338797814	3787	1
15.274863387978142	5508	1
15.290928961748634	1313	1
15.307704918032787	6486	1
15.358306010928962	8001	1
15.367650273224044	6492	1
15.392185792349727	5319	1
15.413442622950818	899	1
15.444535519125683	6327	1
15.455409836065574	7129	1
15.464535519125684	7503	1
15.468579234972678	8335	1
15.470819672131148	9589	1
15.496229508196722	3793	1
15.544590163934425	3364	1
15.555628415300546	2667	1
15.556174863387978	8122	1
15.559071038251366	5242	1
15.559234972677595	4167	1
15.576612021857924	4364	1
15.58617486338798	4527	1
15.586448087431693	8727	1
15.598524590163933	2553	1
15.61224043715847	3522	1
15.638524590163936	7799	1
15.651475409836065	7738	1
15.656284153005464	8043	1
15.693224043715848	5880	1
15.69639344262295	7133	1
15.704808743169398	6496	1
15.73967213114754	5303	1
15.825027322404372	1943	1
15.832131147540982	8736	1
15.843387978142076	8023	1
15.857923497267759	7412	1
15.869016393442623	6888	1
15.880928961748634	8860	1
15.891147540983606	3510	1
15.93967213114754	7757	1
15.947267759562841	6255	1
15.963879781420765	3756	1
15.96672131147541	5579	1
15.979071038251366	5130	1
15.984371584699453	3419	1
16.00262295081967	6677	1
16.036010928961748	8471	1
16.06322404371585	2812	1
16.089071038251365	7745	1
16.097158469945356	8720	1
16.099453551912568	5273	1
16.140218579234972	8903	1
16.14704918032787	7682	1
16.155409836065573	2176	1
16.159781420765025	7693	1
16.1603825136612	7974	1
16.18846994535519	7074	1
16.19120218579235	3384	1
16.205628415300545	5541	1
16.238907103825134	8532	1
16.253169398907104	598	1
16.258852459016392	5292	1
16.277103825136614	1755	1
16.28568306010929	1652	1
16.300273224043714	8484	1
16.358032786885246	5784	1
16.359289617486336	7827	1
16.363169398907104	2484	1
16.365792349726775	7215	1
16.40606557377049	5678	1
16.409508196721312	2336	1
16.41207650273224	2868	1
16.431311475409835	2303	1
16.43393442622951	7158	1
16.44273224043716	5609	1
16.44415300546448	6713	1
16.452732240437157	5288	1
16.454262295081968	6528	1
16.47497267759563	304	1
16.476338797814208	2931	1
16.477158469945355	7020	1
16.484043715846994	4678	1
16.515956284153006	7183	1
16.562950819672132	7221	1
16.566338797814208	469	1
16.56743169398907	7703	1
16.576010928961747	5243	1
16.586448087431695	9717	1
16.63830601092896	5989	1
16.642459016393442	9711	1
16.664098360655736	4018	1
16.66617486338798	6202	1
16.7024043715847	1130	1
16.72366120218579	9215	1
16.742131147540984	8664	1
16.75688524590164	5648	1
16.76704918032787	6682	1
16.798743169398907	669	1
16.807322404371586	3673	1
16.81808743169399	5983	1
16.8251912568306	5732	1
16.828907103825134	4536	1
16.83928961748634	111	1
16.86191256830601	4396	1
16.885956284153004	1592	1
16.88825136612022	9699	1
16.888743169398907	2091	1
16.951311475409835	4873	1
16.954426229508197	8581	1
16.975409836065573	5178	1
17.010382513661202	738	1
17.09169398907104	1222	1
17.109726775956283	5151	1
17.1424043715847	4289	1
17.144535519125682	6096	1
17.144754098360654	2683	1
17.16327868852459	323	1
17.201803278688526	7628	1
17.206939890710384	2923	1
17.24098360655738	7179	1
17.247978142076505	2265	1
17.312513661202185	9959	1
17.316775956284154	8320	1
17.359562841530053	9865	1
17.386830601092896	7421	1
17.42032786885246	3817	1
17.438524590163937	7515	1
17.440655737704915	4782	1
17.46109289617486	6642	1
17.46704918032787	542	1
17.470382513661203	4539	1
17.48245901639344	579	1
17.49398907103825	7953	1
17.508360655737704	8531	1
17.514863387978142	5125	1
17.52513661202186	9008	1
17.53087431693989	5612	1
17.55448087431694	6522	1
17.56825136612022	7116	1
17.689672131147542	9691	1
17.69655737704918	4515	1
17.73054644808743	7911	1
17.78349726775956	5712	1
17.824207650273227	9614	1
17.828524590163934	2668	1
17.830163934426228	7125	1
17.842732240437158	8653	1
17.84633879781421	6312	1
17.85726775956284	7086	1
17.885409836065573	6511	1
17.890983606557377	5485	1
17.910327868852455	9727	1
17.92666666666667	6261	1
17.929890710382512	8364	1
17.946994535519124	2139	1
17.965901639344263	7059	1
18.00054644808743	6458	1
18.028852459016395	8877	1
18.032841530054643	735	1
18.043333333333333	4631	1
18.083551912568307	5905	1
18.08366120218579	2442	1
18.08551912568306	1600	1
18.100382513661202	7620	1
18.16918032786885	6224	1
18.18005464480874	5268	1
18.184207650273223	1820	1
18.200382513661204	3643	1
18.242076502732242	1289	0
18.244754098360655	3931	1
18.259071038251367	3773	1
18.276885245901642	5810	1
18.283387978142073	9739	1
18.315956284153003	3281	1
18.327868852459016	2418	1
18.330327868852457	9588	1
18.342677595628416	2268	1
18.387978142076502	2893	1
18.40967213114754	6564	1
18.41486338797814	8686	1
18.453606557377046	1150	1
18.483606557377048	8387	1
18.484590163934424	7561	1
18.486448087431693	8662	1
18.50579234972678	6669	1
18.508743169398905	2243	1
18.521147540983605	9841	1
18.523005464480875	1494	1
18.533005464480873	2261	1
18.554754098360654	8588	1
18.559781420765027	6765	1
18.56377049180328	9581	1
18.574644808743166	997	1
18.589180327868853	4985	1
18.595519125683058	8752	1
18.611475409836064	468	1
18.647704918032787	1140	1
18.660874316939893	7482	1
18.667431693989073	5219	1
18.69136612021858	2747	1
18.73928961748634	1631	1
18.80502732240437	5585	1
18.81699453551913	9086	1
18.825628415300546	7393	1
18.83065573770492	862	1
18.834863387978142	3949	1
18.844535519125685	7140	1
18.876065573770493	1484	1
18.912841530054646	2277	1
18.926939890710383	9419	1
18.928961748633878	7588	1
18.964098360655736	3463	1
18.976284153005466	9045	1
18.979398907103825	3614	1
18.98256830601093	1842	1
19.035846994535518	9771	1
19.09377049180328	3785	1
19.12087431693989	9311	1
19.161803278688527	4125	1
19.167377049180327	2349	1
19.16748633879781	774	1
19.232295081967212	1111	1
19.249180327868853	5431	1
19.260273224043715	6655	1
19.275409836065574	8978	1
19.306284153005464	5102	1
19.314808743169397	5415	1
19.322295081967212	5735	1
19.348743169398908	1310	1
19.353497267759565	8026	1
19.396338797814206	3081	1
19.40224043715847	4944	1
19.40322404371585	1328	1
19.404918032786885	1	1
19.405956284153007	970	1
19.413661202185793	4711	1
19.41967213114754	4368	1
19.42672131147541	5667	1
19.44874316939891	9153	1
19.449781420765028	6414	1
19.451038251366118	6676	1
19.45185792349727	8424	1
19.45224043715847	8759	1
19.45398907103825	7210	1
19.459234972677596	5410	1
19.470819672131146	8101	1
19.471639344262297	8820	1
19.47262295081967	977	1
19.47644808743169	6525	1
19.47808743169399	1033	1
19.48803278688525	7160	1
19.5	330	1
19.509617486338797	6828	1
19.51158469945355	6064	1
19.514098360655737	6917	1
19.51639344262295	1822	1
19.522732240437158	1304	1
19.532896174863385	6572	1
19.541475409836064	9177	1
19.54879781420765	6094	1
19.565027322404372	1968	1
19.582513661202185	7144	1
19.585464480874318	8572	1
19.589344262295082	3570	1
19.59136612021858	7138	1
19.608907103825135	4860	1
19.610765027322405	2619	1
19.617322404371585	9109	1
19.622459016393442	5566	1
19.624426229508195	4389	1
19.64016393442623	9224	1
19.646010928961747	5671	1
19.64814207650273	4371	1
19.65535519125683	5182	1
19.660655737704918	8800	1
19.674426229508196	9898	1
19.69327868852459	671	1
19.7124043715847	2730	1
19.714043715846994	5220	1
19.71863387978142	9009	1
19.730983606557377	780	1
19.75688524590164	8185	1
19.75688524590164	7470	1
19.78945355191257	9685	1
19.79327868852459	5294	1
19.807540983606554	956	1
19.811256830601092	6139	1
19.81792349726776	3356	1
19.82551912568306	2429	1
19.83535519125683	3346	1
19.837103825136612	9582	1
19.845519125683058	1298	1
19.858688524590164	3901	1
19.870054644808743	1292	1
19.882622950819673	5804	1
19.89344262295082	9476	1
19.89912568306011	6409	1
19.904590163934426	6233	1
19.932622950819674	7606	1
19.94448087431694	8010	1
19.972622950819673	5902	1
19.990109289617486	3782	1
20.007322404371582	6517	1
20.010983606557378	5542	1
20.057923497267762	8808	1
20.058196721311475	3978	1
20.05983606557377	9172	1
20.060437158469945	6113	1
20.065245901639344	703	1
20.067486338797814	1983	1
20.070273224043717	7533	1
20.086612021857924	4430	1
20.09158469945355	6493	1
20.126284153005464	2449	1
20.13322404371585	8465	1
20.14666666666667	9668	1
20.148797814207647	9821	1
20.150437158469945	3573	1
20.15415300546448	3054	1
20.167868852459016	5265	1
20.180273224043717	5091	1
20.187049180327868	1946	1
20.18857923497268	1078	1
20.213060109289618	2776	1
20.239125683060106	4827	1
20.27945355191257	1635	1
20.281803278688525	5551	1
20.285846994535518	9560	1
20.288633879781422	3575	1
20.290109289617487	1788	1
20.2996174863388	8953	1
20.31322404371585	8336	1
20.32464480874317	8697	1
20.32704918032787	3788	1
20.35879781420765	4117	1
20.378032786885246	7759	1
20.38448087431694	2544	1
20.384754098360656	2059	1
20.393387978142076	5745	1
20.394262295081965	7433	1
20.395573770491804	836	1
20.39928961748634	2522	1
20.402185792349727	8631	1
20.402185792349727	2820	1
20.419071038251367	6922	1
20.424863387978142	4193	1
20.438688524590162	1137	1
20.451038251366118	1470	1
20.454590163934423	9395	1
20.458579234972678	5346	1
20.459617486338797	4613	1
20.4772131147541	8238	1
20.48109289617486	4288	1
20.502185792349724	2835	1
20.510382513661202	1237	1
20.51502732240437	8377	1
20.51775956284153	9705	1
20.54453551912568	957	1
20.549945355191255	549	1
20.55688524590164	9897	1
20.55950819672131	8258	1
20.565136612021856	9182	1
20.582677595628414	2279	1
20.58808743169399	5452	1
20.60125683060109	534	1
20.623879781420765	4329	1
20.624316939890708	4248	1
20.636612021857925	9782	1
20.636939890710384	5147	1
20.672185792349726	7505	1
20.681311475409835	9235	1
20.725737704918032	533	1
20.73295081967213	9619	1
20.755683060109288	973	1
20.763551912568303	6825	1
20.78103825136612	4063	1
20.795573770491803	8210	1
20.802677595628417	3743	1
20.807158469945357	339	1
20.819836065573767	2328	1
20.828415300546446	9387	1
20.84131147540984	5862	1
20.847213114754098	9482	1
20.856939890710382	1661	1
20.866830601092897	142	1
20.87426229508197	9188	1
20.89666666666667	4949	1
20.91535519125683	2488	1
20.921639344262292	4922	1
20.93262295081967	7780	1
20.951202185792347	755	1
20.95191256830601	6217	1
20.976448087431695	5728	1
20.996448087431695	2252	1
21.02622950819672	9695	1
21.03863387978142	4112	1
21.049344262295083	4091	1
21.06622950819672	5532	1
21.072295081967212	4849	1
21.077923497267758	3049	1
21.09896174863388	5201	1
21.11568306010929	6622	1
21.136666666666667	1398	1
21.14912568306011	5065	1
21.149562841530056	6866	1
21.150928961748637	7226	1
21.151092896174863	2020	1
21.180437158469946	2456	1
21.190437158469944	5029	1
21.191530054644808	9159	1
21.19174863387978	5223	1
21.21896174863388	2132	1
21.227158469945355	8452	1
21.235409836065575	1768	1
21.236010928961747	116	1
21.245628415300544	8598	1
21.24704918032787	123	1
21.278743169398904	26	1
21.28054644808743	5974	1
21.28311475409836	4736	1
21.286612021857923	6762	1
21.316775956284154	4107	1
21.34245901639344	7473	1
21.37464480874317	4511	1
21.37666666666667	3403	1
21.385519125683057	5002	1
21.397158469945353	2755	1
21.399398907103823	7313	1
21.42573770491803	7860	1
21.438415300546446	4936	1
21.47415300546448	3270	1
21.480437158469947	7821	1
21.491147540983604	9513	1
21.510819672131145	8559	1
21.52229508196721	8374	1
21.52464480874317	1139	1
21.542131147540985	5071	1
21.55650273224044	7241	1
21.55792349726776	9931	1
21.562185792349727	8390	1
21.59109289617486	9879	1
21.60071038251366	2448	1
21.607049180327866	9361	1
21.61912568306011	2585	1
21.643387978142076	424	1
21.652404371584698	392	1
21.682513661202186	8275	1
21.697158469945354	1082	1
21.698251366120218	2160	1
21.704043715846996	2011	1
21.70846994535519	4562	1
21.712841530054643	4701	1
21.724808743169397	8537	1
21.740928961748633	1352	1
21.75393442622951	4774	1
21.772841530054645	7524	1
21.775027322404373	9438	1
21.794426229508193	7883	1
21.79956284153005	4531	1
21.80792349726776	8666	1
21.822513661202183	9207	1
21.835573770491802	1680	1
21.878743169398906	1263	1
21.92666666666667	7912	1
21.993333333333332	657	1
21.996284153005465	7177	1
21.99983606557377	2359	1
22.003333333333334	2926	1
22.005956284153005	6269	1
22.014207650273224	5345	1
22.024371584699455	4283	1
22.033224043715844	3565	1
22.04262295081967	540	1
22.049562841530054	9515	1
22.050109289617485	9761	1
22.05054644808743	6631	1
22.0524043715847	2750	1
22.08453551912568	8648	1
22.0875956284153	4011	1
22.08950819672131	837	1
22.103497267759565	2236	1
22.109016393442623	2698	1
22.10928961748634	8633	1
22.12071038251366	7012	1
22.12967213114754	2434	1
22.135081967213114	7227	1
22.172622950819672	2972	1
22.18032786885246	4627	1
22.18114754098361	9191	1
22.187759562841528	3360	1
22.19120218579235	4022	1
22.194863387978142	3101	1
22.198360655737705	294	1
22.200928961748634	8769	1
22.24196721311475	9887	1
22.247322404371584	3414	1
22.2479781420765	4373	1
22.286830601092895	4615	1
22.301256830601094	2253	1
22.301366120218578	6650	1
22.30879781420765	7562	1
22.314098360655738	5456	1
22.330928961748633	8340	1
22.335792349726777	4060	1
22.342732240437158	5271	1
22.36502732240437	5483	1
22.37256830601093	7502	1
22.384590163934426	5873	1
22.394371584699456	8068	1
22.396775956284152	5833	1
22.4327868852459	2195	1
22.4331693989071	4009	1
22.441857923497267	5537	1
22.46087431693989	4872	1
22.497650273224043	4341	1
22.504207650273226	1318	1
22.50918032786885	3460	1
22.51639344262295	2662	1
22.52295081967213	8092	1
22.53535519125683	7985	1
22.60606557377049	7480	1
22.606994535519124	4901	1
22.613169398907104	7089	1
22.664207650273223	8827	1
22.672841530054644	2502	1
22.673005464480873	9035	1
22.689344262295084	357	1
22.691530054644808	1097	1
22.697650273224045	1329	1
22.70306010928962	3903	1
22.706448087431696	8245	1
22.70775956284153	3726	1
22.709125683060112	1978	1
22.734699453551915	8468	1
22.73846994535519	4153	1
22.764699453551913	4725	1
22.7672131147541	6278	1
22.78513661202186	4519	1
22.795409836065573	4955	1
22.795792349726774	3962	1
22.80398907103825	1784	1
22.80890710382514	4932	1
22.80912568306011	7696	1
22.809398907103823	3859	1
22.814863387978143	6111	1
22.817049180327867	8547	1
22.844207650273223	1640	1
22.852131147540984	2351	1
22.85890710382514	378	1
22.867978142076502	2692	1
22.86945355191257	1712	1
22.869672131147542	5906	1
22.87393442622951	1553	1
22.876885245901637	6580	1
22.881967213114756	2389	1
22.895245901639342	9612	1
22.897431693989073	5039	1
22.901092896174863	2362	1
22.920437158469944	7734	1
22.937923497267757	6031	1
22.94349726775956	9824	1
22.949234972677598	5263	1
22.95245901639344	697	1
22.963005464480872	6869	1
22.989398907103826	6283	1
22.994644808743168	8166	1
23.04224043715847	740	1
23.06344262295082	6168	1
23.071475409836065	7688	1
23.078852459016396	6121	1
23.07912568306011	2085	1
23.08021857923497	437	1
23.084207650273225	919	1
23.115355191256832	1066	1
23.120819672131145	1055	1
23.14054644808743	7958	1
23.1427868852459	3552	1
23.152786885245902	6795	1
23.170765027322407	1295	1
23.170928961748633	3008	1
23.19349726775956	5558	1
23.203333333333333	7760	1
23.20775956284153	4739	1
23.216065573770493	3678	1
23.26426229508197	5261	1
23.286502732240436	7498	1
23.32087431693989	8028	1
23.343278688524588	8049	1
23.34601092896175	5144	1
23.35382513661202	7106	1
23.35459016393443	1182	1
23.356885245901637	4664	1
23.383497267759562	6699	1
23.388360655737703	7715	1
23.391092896174865	6183	1
23.421967213114755	8749	1
23.43825136612022	3602	1
23.44737704918033	3889	1
23.450765027322404	5941	1
23.463551912568306	1371	1
23.484535519125682	7217	1
23.528907103825137	1743	1
23.542841530054645	9110	1
23.54590163934426	6839	1
23.547814207650273	5707	1
23.55945355191257	2687	1
23.568360655737703	8328	1
23.58142076502732	2231	1
23.62573770491803	8490	1
23.626666666666665	5174	1
23.629289617486336	4783	1
23.65360655737705	6239	1
23.657267759562842	3759	1
23.659726775956283	7798	1
23.663114754098363	4691	1
23.689234972677596	6761	1
23.708907103825133	7648	1
23.723442622950817	8991	1
23.72497267759563	7474	1
23.735792349726776	829	1
23.739344262295084	9789	1
23.761639344262296	7612	1
23.774043715846993	2043	1
23.777377049180327	8762	1
23.797158469945355	7559	1
23.810273224043716	809	1
23.81158469945355	450	1
23.839562841530057	8342	1
23.85136612021858	1469	1
23.87136612021858	3405	1
23.88245901639344	117	1
23.89191256830601	5918	1
23.898797814207647	4633	1
23.899945355191257	1209	1
23.939453551912568	6438	1
23.97103825136612	2612	1
23.977377049180326	3469	1
23.980437158469943	2892	1
23.994371584699454	8396	1
24.015355191256827	1121	1
24.015792349726777	4504	1
24.027431693989072	972	1
24.057868852459016	3636	1
24.08584699453552	7479	1
24.098360655737704	4073	1
24.132295081967214	6772	1
24.13448087431694	3407	1
24.14142076502732	1554	1
24.159890710382513	6169	1
24.163005464480875	3960	1
24.165136612021858	3381	1
24.196010928961748	7192	1
24.209398907103825	466	1
24.20994535519126	514	1
24.2103825136612	1079	1
24.220382513661203	3131	1
24.224918032786885	4645	1
24.234918032786883	3155	1
24.24016393442623	2709	1
24.240928961748633	1134	1
24.262622950819672	5330	1
24.273333333333333	5589	1
24.27896174863388	2421	1
24.280819672131145	867	1
24.286666666666665	3491	1
24.302295081967213	9721	1
24.308688524590163	8121	1
24.31879781420765	2965	1
24.328797814207647	7009	1
24.334262295081967	7619	1
24.334371584699454	3152	1
24.355245901639346	8118	1
24.36344262295082	4401	1
24.363551912568305	2286	1
24.414043715846994	7768	1
24.43021857923497	5942	1
24.443715846994536	7244	1
24.460765027322406	5212	1
24.46087431693989	3918	1
24.471584699453555	9681	1
24.47726775956284	9759	1
24.492841530054644	7307	1
24.49431693989071	6205	1
24.508306010928962	6876	1
24.530983606557378	6503	1
24.545245901639344	8937	1
24.565136612021856	7067	1
24.579180327868855	5103	1
24.580273224043715	744	1
24.58196721311475	6749	1
24.58907103825137	4886	1
24.590874316939892	6421	1
24.60497267759563	9368	1
24.6051912568306	1254	1
24.60743169398907	8033	1
24.61453551912568	348	1
24.6324043715847	3794	1
24.635956284153004	1048	1
24.64486338797814	3846	1
24.65551912568306	132	1
24.65743169398907	3991	1
24.66207650273224	4476	1
24.66792349726776	1214	1
24.6779781420765	9381	1
24.68918032786885	4095	1
24.69136612021858	8543	1
24.706666666666667	8065	1
24.722732240437157	4852	1
24.748360655737706	4079	1
24.759016393442625	7378	1
24.760655737704916	5998	1
24.763551912568303	7645	1
24.764153005464483	8807	1
24.764262295081966	6266	1
24.765245901639343	2009	1
24.78120218579235	7584	1
24.79792349726776	5722	1
24.800218579234972	779	1
24.81142076502732	7968	1
24.81918032786885	2673	1
24.824590163934424	2610	1
24.832240437158468	2022	1
24.870928961748632	6044	1
24.880655737704917	5451	1
24.883005464480874	4818	1
24.890109289617488	5445	1
24.899726775956285	9856	1
24.939999999999998	1886	1
24.94016393442623	9369	1
24.940273224043715	771	1
24.94792349726776	9863	1
24.951038251366118	3192	1
24.985081967213112	2143	1
24.990601092896174	3550	1
24.99606557377049	8488	1
25.001584699453552	3561	1
25.010819672131145	7219	1
25.028688524590166	814	1
25.032185792349726	8948	1
25.036174863387977	2255	1
25.04814207650273	1921	1
25.052295081967216	555	1
25.066885245901638	9022	1
25.0875956284153	316	1
25.093224043715846	4792	1
25.098087431693987	6501	1
25.10087431693989	3769	1
25.102513661202188	3481	1
25.119836065573768	1408	1
25.13945355191257	8498	1
25.1451912568306	5630	1
25.14967213114754	3468	1
25.160054644808742	1630	1
25.168196721311478	3768	1
25.186612021857922	9355	1
25.20158469945355	543	1
25.21333333333333	8964	1
25.21349726775956	1595	1
25.227103825136613	1397	1
25.243770491803275	7977	1
25.2503825136612	8777	1
25.26606557377049	3446	1
25.27092896174863	8449	1
25.27453551912568	2915	1
25.278087431693987	8992	1
25.35142076502732	928	1
25.383934426229505	6533	1
25.391639344262295	207	1
25.39502732240437	8928	1
25.400000000000002	9595	1
25.40590163934426	7065	1
25.425792349726777	1262	1
25.43808743169399	4078	1
25.445901639344264	590	1
25.447540983606558	454	1
25.4475956284153	1779	1
25.457704918032785	581	1
25.473005464480874	3804	1
25.507213114754098	705	1
25.510655737704916	757	1
25.510819672131145	7165	1
25.53327868852459	9301	1
25.53464480874317	4151	1
25.54841530054645	8077	1
25.551530054644807	1849	1
25.56945355191257	5339	1
25.570109289617488	9306	1
25.595464480874316	9472	1
25.615956284153004	5730	1
25.62688524590164	1176	1
25.65825136612022	1076	1
25.6624043715847	6662	1
25.665300546448087	268	1
25.66710382513661	983	1
25.668415300546446	9561	1
25.677650273224042	8407	1
25.683715846994534	5368	1
25.68448087431694	5610	1
25.68672131147541	7906	1
25.702622950819674	2250	1
25.70431693989071	5482	1
25.708196721311474	9163	1
25.709289617486338	8221	1
25.709398907103825	5204	1
25.72825136612022	766	1
25.74568306010929	6797	1
25.753715846994535	2136	1
25.76743169398907	8888	1
25.782677595628417	9514	1
25.80650273224044	5808	1
25.80666666666667	4387	1
25.807213114754095	1954	1
25.820819672131147	5269	1
25.825737704918033	5101	1
25.839071038251365	9928	1
25.843661202185793	5573	1
25.84409836065574	9376	1
25.86415300546448	3136	1
25.887103825136613	8327	1
25.897158469945353	5329	1
25.914754098360657	2269	1
25.953387978142075	3696	1
25.95737704918033	1085	1
25.968907103825135	8179	1
25.98191256830601	3938	1
25.98863387978142	6298	1
25.98912568306011	1458	1
25.991639344262296	9682	1
26.004480874316936	4035	1
26.01896174863388	5012	1
26.024207650273226	5318	1
26.025846994535517	8469	1
26.042349726775956	4238	1
26.04508196721311	5497	1
26.052349726775955	8522	1
26.058524590163934	5836	1
26.071147540983606	5018	1
26.082677595628414	6702	1
26.086284153005465	7352	1
26.09464480874317	5380	1
26.096010928961746	9563	1
26.10245901639344	9111	1
26.140109289617488	9337	1
26.16879781420765	5313	1
26.176010928961748	3742	1
26.17775956284153	9546	1
26.182896174863387	3713	1
26.192677595628414	6824	1
26.193770491803278	7430	1
26.194426229508196	2384	1
26.232732240437155	3504	1
26.283934426229507	5066	1
26.290601092896175	661	1
26.292677595628415	2801	1
26.303715846994535	5838	1
26.307158469945353	1348	1
26.314535519125684	212	1
26.317814207650272	4698	1
26.319180327868853	4016	1
26.319726775956283	5248	1
26.323442622950818	4654	1
26.343278688524588	8885	1
26.399562841530052	1740	1
26.41016393442623	6391	1
26.417431693989073	8136	1
26.427377049180325	2947	1
26.429890710382512	6272	1
26.441639344262295	3560	1
26.443770491803278	403	1
26.462131147540983	9075	1
26.47032786885246	9543	1
26.47262295081967	5163	1
26.48256830601093	1973	1
26.48775956284153	7967	1
26.497267759562842	9267	1
26.49792349726776	1108	1
26.537158469945357	8871	1
26.57174863387978	5027	1
26.58573770491803	4438	1
26.591639344262298	1645	1
26.60792349726776	7880	1
26.63502732240437	6748	1
26.646666666666665	8529	1
26.65295081967213	1006	1
26.655355191256827	8876	1
26.666284153005464	2686	1
26.69513661202186	5350	1
26.69775956284153	3852	1
26.703879781420763	8453	1
26.704371584699455	5850	1
26.70814207650273	8171	1
26.710710382513664	5844	1
26.72830601092896	4735	1
26.72846994535519	7124	1
26.732841530054646	7317	1
26.733934426229506	5496	1
26.7427868852459	6478	1
26.749562841530054	9719	1
26.752513661202187	9439	1
26.80196721311475	6110	1
26.8044262295082	9778	1
26.839398907103828	6039	1
26.846120218579237	9763	1
26.858852459016394	853	1
26.869726775956284	2489	1
26.870601092896173	5150	1
26.870983606557377	4850	1
26.878196721311472	7779	1
26.891092896174865	5737	1
26.90469945355191	7810	1
26.905956284153007	7394	1
26.912076502732237	6524	1
26.92907103825137	7534	1
26.949726775956282	7983	1
26.95245901639344	7287	1
26.958743169398907	5069	1
27.014808743169397	2438	1
27.056502732240435	9375	1
27.05989071038251	6597	1
27.060109289617486	5436	1
27.0779781420765	7051	1
27.078688524590163	6555	1
27.091803278688523	1752	1
27.130109289617486	7927	1
27.13224043715847	6666	1
27.154863387978143	9363	1
27.161475409836065	8436	1
27.161584699453552	3245	1
27.16191256830601	8821	1
27.20071038251366	3065	1
27.20087431693989	8704	1
27.23464480874317	5083	1
27.237540983606557	1622	1
27.26120218579235	2773	1
27.268251366120218	828	1
27.291202185792347	4369	1
27.30032786885246	9912	1
27.30639344262295	2270	1
27.327704918032786	2664	1
27.33344262295082	1583	1
27.334262295081967	2724	1
27.337595628415297	7989	1
27.351639344262296	5665	1
27.352240437158468	1880	1
27.362131147540982	6656	1
27.366284153005466	8161	1
27.369781420765026	6390	1
27.380928961748634	5963	1
27.390109289617484	8444	1
27.408196721311477	628	1
27.42136612021858	1019	1
27.423661202185794	3650	1
27.423715846994533	7531	1
27.44136612021858	1804	1
27.45415300546448	9660	1
27.46650273224044	5054	1
27.474426229508197	6583	1
27.474754098360656	2756	1
27.479016393442624	3039	1
27.489344262295084	8134	1
27.500273224043717	3606	1
27.501420765027323	6177	1
27.520437158469946	8207	1
27.52726775956284	3807	1
27.53142076502732	2363	1
27.531803278688525	1024	1
27.541475409836064	4590	1
27.55415300546448	8276	1
27.571748633879782	531	1
27.58142076502732	5254	1
27.584535519125684	7032	1
27.599945355191256	3204	1
27.60158469945355	154	1
27.615464480874316	2063	1
27.618360655737703	9569	1
27.635136612021856	1923	1
27.657650273224043	7854	1
27.6648087431694	823	1
27.665901639344263	659	1
27.70245901639344	2749	1
27.714316939890708	4021	1
27.72808743169399	6547	1
27.739234972677593	7469	1
27.750983606557377	7164	1
27.758306010928962	2217	1
27.770655737704917	5291	1
27.770874316939892	9057	1
27.80109289617486	998	1
27.81142076502732	7915	1
27.81327868852459	1482	1
27.815792349726777	6889	1
27.840874316939892	3974	1
27.848524590163937	1637	1
27.849071038251363	8976	1
27.84967213114754	2642	1
27.871475409836066	6436	1
27.884043715846992	6360	1
27.884918032786885	8742	1
27.887486338797814	4693	1
27.91469945355191	6072	1
27.924207650273225	9126	1
27.924535519125683	2285	1
27.927322404371584	2274	1
27.935081967213115	9500	1
27.973551912568304	8561	1
27.97808743169399	3858	1
27.98639344262295	2433	1
27.989781420765027	5938	1
28.001803278688524	4197	1
28.039781420765028	2672	1
28.059890710382515	8019	1
28.07584699453552	9970	1
28.09601092896175	34	1
28.154699453551913	1413	1
28.166338797814205	9784	1
28.16841530054645	8133	1
28.170382513661202	4406	1
28.17103825136612	6304	1
28.18568306010929	1330	1
28.21781420765027	8573	1
28.252732240437158	4571	1
28.26628415300546	6846	1
28.27661202185792	3110	1
28.288087431693988	1016	1
28.289781420765024	8066	1
28.292185792349727	2895	1
28.294972677595627	8916	1
28.324590163934424	9890	1
28.348907103825137	9689	1
28.351967213114754	4767	1
28.364207650273226	7598	1
28.370273224043714	1962	1
28.37486338797814	5446	1
28.421475409836066	9436	1
28.446120218579235	749	1
28.451639344262297	7535	1
28.45185792349727	8669	1
28.453169398907104	6691	1
28.45322404371585	4503	1
28.484754098360657	6579	1
28.486830601092898	4235	1
28.511693989071038	2829	1
28.541803278688523	3090	1
28.590819672131147	1153	1
28.610491803278688	9883	1
28.630710382513662	4325	1
28.642841530054646	734	1
28.643224043715847	9742	1
28.64710382513661	1242	1
28.649945355191257	3762	1
28.66174863387978	3965	1
28.669234972677597	7864	1
28.709562841530055	1296	1
28.714371584699453	8747	1
28.72087431693989	8568	1
28.727158469945355	5883	1
28.7451912568306	9389	1
28.74584699453552	1769	1
28.749071038251365	4961	1
28.76846994535519	3917	1
28.77327868852459	8419	1
28.77830601092896	6252	1
28.795573770491803	1738	1
28.799071038251366	3872	1
28.804699453551912	1750	1
28.812896174863386	8787	1
28.82786885245902	8284	1
28.836885245901637	3936	1
28.845245901639345	3063	1
28.860437158469946	9770	1
28.900983606557375	6613	1
28.957923497267757	5502	1
28.96109289617486	7654	1
28.99021857923497	2764	1
28.993989071038254	3029	1
28.999562841530054	8058	1
29.010437158469944	8969	1
29.031475409836062	349	1
29.032841530054643	5504	1
29.03289617486339	6116	1
29.036065573770493	9114	1
29.03879781420765	4304	1
29.052349726775955	4093	1
29.055081967213113	199	1
29.055409836065575	9123	1
29.067213114754097	398	1
29.0872131147541	1708	1
29.11125683060109	6124	1
29.11918032786885	8728	1
29.127978142076504	8546	1
29.13338797814208	2186	1
29.14169398907104	3044	1
29.15087431693989	2382	1
29.173224043715845	9892	1
29.178579234972677	7909	1
29.17978142076503	7047	1
29.207814207650273	6916	1
29.218142076502733	8615	1
29.228579234972678	6899	1
29.266338797814207	9352	1
29.300273224043714	5472	1
29.31590163934426	9136	1
29.331202185792346	1238	1
29.34071038251366	3680	1
29.360437158469946	4272	1
29.384535519125684	4596	1
29.384808743169398	5440	1
29.43601092896175	4843	1
29.45825136612022	754	1
29.460983606557377	3087	1
29.473879781420763	5944	1
29.48945355191257	7733	1
29.493770491803275	3140	1
29.49622950819672	5719	1
29.50562841530055	3116	1
29.52448087431694	9570	1
29.526994535519126	8740	1
29.574590163934428	5070	1
29.648743169398905	820	1
29.657158469945355	2167	1
29.659890710382513	6103	1
29.670601092896174	9066	1
29.672349726775956	3045	1
29.690054644808743	5795	1
29.692896174863385	6733	1
29.694262295081966	4223	1
29.70431693989071	6023	1
29.71781420765027	5501	1
29.728032786885247	9552	1
29.736229508196722	6451	1
29.751857923497266	5923	1
29.767158469945354	4775	1
29.780218579234973	5599	1
29.78486338797814	6793	1
29.789781420765028	2083	1
29.81535519125683	1462	1
29.82295081967213	5179	1
29.841311475409835	6747	1
29.85426229508197	673	1
29.882622950819673	1892	1
29.900109289617486	425	1
29.92666666666667	9743	1
29.929071038251365	9572	1
29.932513661202183	1145	1
29.969890710382515	5800	1
29.97081967213115	8064	1
29.985191256830603	1772	1
29.98726775956284	5247	1
29.99814207650273	8002	1
30.02393442622951	1998	1
30.033715846994536	4033	1
30.039398907103827	9354	1
30.056775956284152	7490	1
30.056994535519124	1106	1
30.077540983606557	9323	1
30.12535519125683	501	1
30.15311475409836	9620	1
30.169890710382514	8889	1
30.183551912568305	5965	1
30.200437158469942	3891	1
30.219289617486336	5343	1
30.22021857923497	1601	1
30.235683060109288	9829	1
30.262185792349726	73	1
30.262295081967213	797	1
30.281693989071037	3019	1
30.28535519125683	7993	1
30.341530054644807	6508	1
30.352513661202185	578	1
30.35950819672131	197	1
30.36639344262295	1013	1
30.377704918032787	9698	1
30.379562841530056	9266	1
30.389945355191255	4352	1
30.395081967213113	8772	1
30.396174863387976	6939	1
30.396666666666665	4773	1
30.397322404371582	8354	1
30.401311475409837	5710	1
30.41748633879781	8084	1
30.419071038251364	9339	1
30.439617486338797	1173	1
30.456830601092896	2769	1
30.459344262295083	6605	1
30.45967213114754	3389	1
30.486612021857923	8491	1
30.49224043715847	6764	1
30.511147540983607	2910	1
30.514262295081966	9530	1
30.52021857923497	9559	1
30.52863387978142	4885	1
30.533387978142073	1729	1
30.535956284153006	6226	1
30.54213114754098	2875	1
30.557486338797816	4682	1
30.560327868852458	3072	1
30.6048087431694	5828	1
30.61136612021858	9155	1
30.611857923497265	4804	1
30.61502732240437	8994	1
30.6175956284153	7288	1
30.62010928961749	7862	1
30.630109289617486	6615	1
30.649234972677597	8917	1
30.650382513661203	2777	1
30.664754098360657	196	1
30.66896174863388	1686	1
30.67967213114754	374	1
30.687978142076503	5747	1
30.69568306010929	1199	1
30.74808743169399	6567	1
30.755737704918033	8464	1
30.783169398907102	2206	1
30.792841530054645	6831	1
30.917158469945356	5402	1
30.917540983606557	8625	1
30.9479781420765	5632	1
30.964918032786887	8943	1
30.974590163934426	9950	1
30.978360655737706	5064	1
30.994590163934426	9601	1
31.001147540983606	8527	1
31.004043715846993	3567	1
31.017158469945354	6274	1
31.032349726775955	478	1
31.03825136612022	3970	1
31.058196721311475	7957	1
31.0824043715847	2374	1
31.098032786885245	3390	1
31.129617486338798	6994	1
31.149234972677597	6148	1
31.19945355191257	2478	1
31.20169398907104	8793	1
31.211147540983603	3528	1
31.260382513661202	2464	1
31.288087431693988	4473	1
31.306612021857923	4485	1
31.322349726775954	1459	1
31.352459016393443	4844	1
31.375846994535518	7458	1
31.382896174863387	5304	1
31.386994535519126	1073	1
31.408743169398907	7592	1
31.43256830601093	231	1
31.45136612021858	710	1
31.459398907103825	8405	1
31.467814207650274	3378	1
31.487322404371586	6071	1
31.60344262295082	3950	1
31.61901639344262	3637	1
31.63639344262295	573	1
31.646612021857923	2774	1
31.662841530054646	8558	1
31.678032786885247	4877	1
31.697322404371583	3617	1
31.737322404371586	4970	1
31.791967213114756	6933	1
31.798524590163936	1866	1
31.80857923497268	9063	1
31.81382513661202	6297	1
31.81491803278688	9100	1
31.823333333333334	5129	1
31.844043715846997	8371	1
31.860109289617487	7716	1
31.860491803278688	9524	1
31.873715846994536	9027	1
31.893497267759564	4362	1
31.899562841530056	2453	1
31.900928961748633	4012	1
31.906393442622953	712	1
31.913715846994535	9291	1
31.919617486338794	2446	1
31.921639344262292	8750	1
31.929016393442623	9508	1
31.937158469945352	5715	1
31.949180327868852	9130	1
31.962841530054646	9233	1
31.964371584699453	3833	1
31.964480874316937	5930	1
32.008415300546446	4129	1
32.068688524590165	2746	1
32.07360655737705	4966	1
32.12868852459017	2244	1
32.14879781420765	1722	1
32.16617486338798	857	1
32.179453551912566	102	1
32.232185792349725	9617	1
32.240546448087436	4058	1
32.30125683060109	2952	1
32.30901639344262	4261	1
32.3331693989071	7249	1
32.34251366120218	975	1
32.347486338797815	7262	1
32.3696174863388	110	1
32.376666666666665	4339	1
32.38699453551912	9147	1
32.38792349726776	4048	1
32.40622950819672	2852	1
32.43005464480874	5178	0
32.43628415300547	2218	1
32.43786885245901	7879	1
32.44786885245902	8587	1
32.46366120218579	3154	1
32.47306010928962	9645	1
32.47841530054645	8578	1
32.486721311475414	936	1
32.49098360655738	44	1
32.50043715846994	1963	1
32.52393442622951	7257	1
32.5275956284153	1167	1
32.55327868852459	9644	1
32.56016393442623	3219	1
32.5744262295082	6849	1
32.603497267759565	8393	1
32.62338797814208	3269	1
32.63431693989071	5450	1
32.64584699453552	68	1
32.65655737704918	9806	1
32.6931693989071	1410	1
32.71256830601093	7251	1
32.716502732240436	6082	1
32.74584699453552	4623	1
32.75300546448087	257	1
32.75573770491803	808	1
32.75590163934426	3111	1
32.78814207650273	1793	1
32.80459016393443	3578	1
32.83863387978142	8988	1
32.8555737704918	7053	1
32.88021857923498	1366	1
32.88928961748634	7589	1
32.89054644808743	407	1
32.91081967213115	2435	1
32.913005464480875	4191	1
32.93349726775956	7599	1
32.93688524590164	7923	1
32.94562841530055	3286	1
32.954918032786885	9398	1
32.9575956284153	5940	1
32.958251366120216	1956	1
32.99743169398907	4890	1
33.00699453551913	858	1
33.02169398907104	914	1
33.046229508196724	267	1
33.06945355191257	8180	1
33.070601092896176	3887	1
33.072021857923495	8020	1
33.07601092896175	6289	1
33.09054644808743	1829	1
33.10327868852459	4814	1
33.103770491803274	1051	1
33.12879781420765	9490	1
33.177213114754096	9949	1
33.186229508196725	8844	1
33.1979781420765	8895	1
33.21590163934426	1559	1
33.238524590163934	9808	1
33.25251366120219	3957	1
33.26043715846995	2024	1
33.27120218579235	2957	1
33.27928961748634	7634	1
33.300655737704915	6197	1
33.35404371584699	5526	1
33.38404371584699	4681	1
33.39071038251366	460	1
33.39382513661202	8249	1
33.39846994535519	1518	1
33.40081967213114	1404	1
33.402513661202185	585	1
33.4075956284153	3262	1
33.42699453551913	7697	1
33.43786885245901	7084	1
33.4424043715847	7334	1
33.44606557377049	5931	1
33.450437158469946	6577	1
33.454207650273226	6521	1
33.4927868852459	5652	1
33.506939890710385	2330	1
33.51295081967213	7103	1
33.51393442622951	739	1
33.51601092896175	278	1
33.51967213114754	7273	1
33.5324043715847	472	1
33.53437158469946	6494	1
33.53562841530054	8347	1
33.536885245901644	3664	1
33.545081967213115	4435	1
33.55322404371585	9932	1
33.554153005464485	4923	1
33.56049180327869	7954	1
33.59464480874317	3379	1
33.59535519125683	2264	1
33.602786885245905	9882	1
33.60928961748634	7113	1
33.63158469945355	6203	1
33.64486338797814	3656	1
33.64677595628415	5704	1
33.66158469945355	5957	1
33.67327868852459	5282	1
33.69497267759563	2078	1
33.710109289617485	8050	1
33.73382513661202	3832	1
33.741256830601095	5513	1
33.74814207650273	860	1
33.762513661202185	5812	1
33.76300546448088	8562	1
33.77994535519125	1189	1
33.782021857923496	1008	1
33.81688524590164	6248	1
33.89114754098361	9962	1
33.89486338797814	9564	1
33.90010928961749	4132	1
33.90918032786885	435	1
33.914480874316936	6376	1
33.92699453551913	1231	1
33.94551912568306	4424	1
33.95234972677596	8947	1
33.99426229508197	6343	1
34.00371584699453	6300	1
34.018524590163935	7554	1
34.01907103825137	2048	1
34.027158469945356	5015	1
34.029726775956284	436	1
34.032677595628414	7803	1
34.03415300546448	2804	1
34.05945355191257	7710	1
34.06486338797814	632	1
34.0727868852459	5676	1
34.10125683060109	8652	1
34.10469945355191	7962	1
34.10666666666666	9817	1
34.12573770491803	459	1
34.1351912568306	2099	1
34.136338797814204	1753	1
34.14568306010929	3207	1
34.182841530054645	9684	1
34.189125683060105	4300	1
34.190765027322406	7299	1
34.206830601092896	1707	1
34.215081967213116	3010	1
34.215956284153	6482	1
34.24065573770492	8157	1
34.242568306010924	7843	1
34.253551912568305	5092	1
34.25710382513661	3372	1
34.26355191256831	2205	1
34.29218579234973	445	1
34.30841530054645	4231	1
34.32174863387978	7642	1
34.33830601092896	9674	1
34.3651912568306	3879	1
34.410000000000004	2230	1
34.42	3964	1
34.42967213114754	843	1
34.43830601092896	8007	1
34.45863387978142	6078	1
34.46475409836066	7495	1
34.46562841530055	4028	1
34.466120218579235	2424	1
34.48699453551913	9089	1
34.488196721311475	3819	1
34.5127868852459	2627	1
34.51349726775956	9034	1
34.548852459016395	1940	1
34.622568306010926	1841	1
34.62978142076503	9122	1
34.63420765027322	455	1
34.64950819672131	5872	1
34.67256830601093	3435	1
34.673879781420766	5334	1
34.677595628415304	9725	1
34.678306010928964	1656	1
34.681366120218584	2771	1
34.725081967213114	5672	1
34.74136612021858	6850	1
34.80163934426229	6715	1
34.80393442622951	5726	1
34.83918032786885	2356	1
34.84841530054645	6558	1
34.852349726775955	1882	1
34.8563387978142	8907	1
34.86306010928962	641	1
34.899781420765024	9378	1
34.90448087431694	8892	1
34.90792349726775	8600	1
34.90830601092896	4431	1
34.91049180327869	5426	1
34.91655737704918	9788	1
34.934699453551914	6440	1
34.95393442622951	4038	1
34.95617486338797	6948	1
34.971420765027325	6483	1
34.98311475409836	8667	1
34.99377049180328	4513	1
35.00136612021858	1125	1
35.00251366120219	8254	1
35.0179781420765	7388	1
35.03830601092896	8159	1
35.05743169398907	3703	1
35.065027322404376	9268	1
35.065737704918035	2386	1
35.066830601092896	183	1
35.078360655737704	9520	1
35.08453551912569	3001	1
35.092622950819674	8715	1
35.10896174863388	864	1
35.118524590163936	4898	1
35.13010928961749	7907	1
35.13060109289617	5073	1
35.14016393442623	1832	1
35.15704918032787	3845	1
35.17382513661202	7327	1
35.17666666666666	6237	1
35.183934426229506	8533	1
35.19426229508197	3125	1
35.20065573770491	7884	1
35.20617486338798	9161	1
35.20918032786885	9550	1
35.21398907103825	3157	1
35.22021857923497	4532	1
35.22273224043716	3863	1
35.22928961748634	9437	1
35.23071038251366	8022	1
35.231475409836065	4391	1
35.29486338797814	3597	1
35.30016393442623	2178	1
35.30841530054645	9299	1
35.314207650273225	729	1
35.31781420765027	9289	1
35.34420765027322	3279	1
35.34513661202186	2018	1
35.347103825136614	5377	1
35.37437158469945	9926	1
35.39142076502732	5581	1
35.40868852459017	4521	1
35.40945355191257	282	1
35.41540983606557	7888	1
35.43229508196721	5700	1
35.46704918032787	5781	1
35.470655737704924	1937	1
35.48158469945355	8641	1
35.501311475409835	3895	1
35.51983606557377	83	1
35.52726775956284	7614	1
35.56464480874317	4251	1
35.56590163934426	624	1
35.59584699453552	4553	1
35.661475409836065	306	1
35.6635519125683	5089	1
35.66486338797814	1824	1
35.66650273224044	4003	1
35.666775956284155	5421	1
35.68103825136612	4444	1
35.69284153005464	6919	1
35.692896174863385	3537	1
35.71857923497268	9519	1
35.72486338797815	5449	1
35.737868852459016	2833	1
35.74584699453552	6220	1
35.75005464480874	7348	1
35.754262295081965	3754	1
35.759945355191256	1460	1
35.76174863387978	5721	1
35.79174863387978	2490	1
35.80300546448087	7066	1
35.80601092896175	4748	1
35.819781420765025	4777	1
35.82071038251366	987	1
35.84098360655737	8780	1
35.84327868852459	7220	1
35.88568306010929	1628	1
35.901693989071035	6546	1
35.93218579234973	1409	1
35.9379781420765	157	1
35.942950819672134	1472	1
35.958306010928965	8910	1
35.985573770491804	6159	1
35.98688524590164	8986	1
35.998251366120215	3285	1
36.001639344262294	3431	1
36.00180327868853	7025	1
36.00825136612022	577	1
36.01830601092896	5818	1
36.02027322404372	7574	1
36.035956284153	2479	1
36.03710382513661	2052	1
36.05032786885246	9893	1
36.08409836065574	7239	1
36.107923497267755	6062	1
36.10830601092896	7519	1
36.136338797814204	6958	1
36.1583606557377	804	1
36.167158469945356	6112	1
36.18453551912568	9980	1
36.21382513661202	4131	1
36.22043715846995	3634	1
36.24098360655738	5100	1
36.257923497267754	8785	1
36.25841530054645	2874	1
36.27284153005465	6901	1
36.27540983606557	9720	1
36.29693989071038	7175	1
36.31967213114754	8866	1
36.3272131147541	3388	1
36.33601092896175	2924	1
36.3548087431694	2572	1
36.35524590163934	5913	1
36.357158469945354	2166	1
36.372513661202184	947	1
36.38415300546448	7309	1
36.38781420765027	2031	1
36.401803278688526	5593	1
36.44601092896175	7282	1
36.45469945355191	2077	1
36.45491803278688	5369	1
36.47043715846995	2567	1
36.47551912568306	4744	1
36.47606557377049	6333	1
36.478032786885244	2880	1
36.485628415300546	1996	1
36.48803278688525	2008	1
36.52852459016393	831	1
36.55781420765027	2297	1
36.560054644808744	7099	1
36.582896174863386	9747	1
36.60245901639344	4732	1
36.60502732240437	4122	1
36.61295081967213	8324	1
36.61300546448087	5077	1
36.640546448087434	5531	1
36.64185792349727	6223	1
36.651803278688526	65	1
36.65715846994536	1544	1
36.66131147540984	3295	1
36.67661202185793	8882	1
36.68158469945355	6319	1
36.68453551912568	3247	1
36.77256830601093	8609	1
36.787213114754095	5774	1
36.80158469945355	1669	1
36.806229508196715	2859	1
36.828360655737704	4409	1
36.849289617486335	506	1
36.86743169398907	3940	1
36.874808743169396	7875	1
36.92114754098361	7483	1
36.926120218579236	6742	1
36.944043715846995	901	1
36.99650273224044	144	1
36.99994535519126	7136	1
37.02693989071038	3739	1
37.027868852459015	3297	1
37.032240437158464	8705	1
37.033825136612016	8150	1
37.05142076502732	2595	1
37.06502732240437	2525	1
37.075300546448084	2259	1
37.081366120218576	3806	1
37.09355191256831	8699	1
37.09377049180328	9773	1
37.100163934426234	215	1
37.10677595628415	4608	1
37.1163387978142	9148	1
37.13431693989071	9255	1
37.156994535519125	237	1
37.16459016393442	8260	1
37.179344262295075	619	1
37.18879781420765	3553	1
37.191420765027324	5048	1
37.19814207650273	1794	1
37.198524590163935	4964	1
37.20989071038252	9531	1
37.213114754098356	656	1
37.239617486338794	305	1
37.25431693989071	2103	1
37.27404371584699	3723	1
37.296502732240434	4647	1
37.30021857923497	1813	1
37.30540983606557	7351	1
37.315191256830595	5178	1
37.32005464480874	933	1
37.33010928961749	5253	1
37.356065573770486	6535	1
37.38163934426229	5056	1
37.39322404371584	854	1
37.39693989071038	6566	1
37.41081967213115	6018	1
37.42032786885246	9833	1
37.47306010928962	674	1
37.483989071038245	4781	1
37.493169398907106	2119	1
37.510273224043715	7202	1
37.548032786885244	3471	1
37.55617486338798	5135	1
37.58726775956284	6156	1
37.61196721311475	5771	1
37.61459016393442	2341	1
37.61704918032787	2872	1
37.62234972677596	4718	1
37.63704918032787	3385	1
37.66497267759563	7944	1
37.67333333333333	3856	1
37.69726775956284	8624	1
37.70032786885246	9749	1
37.703825136612025	4270	1
37.70513661202186	9152	1
37.72644808743169	6536	1
37.73983606557377	653	1
37.74207650273224	7874	1
37.75513661202186	5717	1
37.75939890710382	8507	1
37.76650273224043	7300	1
37.76841530054645	4908	1
37.78191256830601	1490	1
37.78540983606557	7196	1
37.786830601092895	920	1
37.78983606557377	417	1
37.79677595628415	9846	1
37.79786885245902	1883	1
37.806338797814206	7756	1
37.80814207650273	6460	1
37.82027322404372	1632	1
37.82519125683061	194	1
37.8407650273224	7022	1
37.85289617486338	5043	1
37.86147540983607	9192	1
37.88060109289617	7934	1
37.89486338797814	2524	1
37.90639344262296	1089	1
37.938743169398904	9231	1
37.94502732240437	3772	1
37.956775956284154	925	1
37.97535519125683	1881	1
37.97754098360656	3686	1
38.00551912568306	9815	1
38.01409836065574	58	1
38.017759562841526	2576	1
38.031256830601095	6500	1
38.03229508196721	5543	1
38.03688524590164	327	1
38.0483606557377	6189	1
38.051038251366116	2388	1
38.051803278688524	1987	1
38.055245901639346	8264	1
38.06404371584699	7613	1
38.1103825136612	1487	1
38.11109289617486	9657	1
38.11677595628415	5706	1
38.13065573770491	8939	1
38.135956284153	8400	1
38.17311475409836	4870	1
38.17928961748634	6080	1
38.244207650273225	9462	1
38.248360655737706	2985	1
38.264426229508196	8015	1
38.284043715847	9728	1
38.28792349726776	6526	1
38.288688524590164	1234	1
38.29863387978142	482	1
38.35590163934426	7147	1
38.36863387978142	7420	1
38.38633879781421	8724	1
38.41852459016393	1935	1
38.44163934426229	7332	1
38.4520218579235	7222	1
38.46590163934426	7349	1
38.47535519125683	4653	1
38.47562841530055	4833	1
38.479508196721305	6126	1
38.50071038251366	3013	1
38.51502732240437	6695	1
38.54825136612022	6678	1
38.58765027322404	1094	1
38.613661202185796	255	1
38.63568306010929	3135	1
38.655081967213114	1465	1
38.69945355191256	5815	1
38.721803278688526	6539	1
38.73808743169399	28	1
38.740109289617486	1665	1
38.74819672131148	1869	1
38.78169398907104	1166	1
38.783551912568306	4739	0
38.785300546448084	8328	0
38.80606557377049	5937	1
38.80677595628415	5714	1
38.82207650273224	5760	1
38.84087431693989	1798	1
38.854207650273224	4734	1
38.88131147540984	6856	1
38.88699453551912	9868	1
38.91497267759563	2604	1
38.92021857923497	3873	1
38.958633879781424	4697	1
38.96027322404371	8984	1
38.96546448087432	1340	1
38.970273224043716	7665	1
39.016174863387974	6480	1
39.02142076502732	3066	1
39.0231693989071	6114	1
39.03857923497268	6625	1
39.04551912568306	3586	1
39.05355191256831	9555	1
39.08098360655738	4803	1
39.089508196721305	3213	1
39.09918032786885	8031	1
39.113169398907104	8743	1
39.139781420765026	3765	1
39.140546448087434	1675	1
39.15551912568306	8673	1
39.16153005464481	2209	1
39.16765027322404	9023	1
39.17065573770492	3442	1
39.1896174863388	615	1
39.20622950819672	2861	1
39.2155737704918	1955	1
39.22677595628415	2179	1
39.250109289617484	2327	1
39.26229508196721	3354	1
39.27295081967213	7848	1
39.292131147540985	7181	1
39.2927868852459	5642	1
39.30010928961749	6238	1
39.30754098360656	5120	1
39.32601092896175	8868	1
39.344863387978144	9946	1
39.35213114754099	4518	1
39.366994535519126	7302	1
39.41622950819672	1585	1
39.44683060109289	2096	1
39.46032786885246	7714	1
39.46486338797814	5217	1
39.476502732240434	2803	1
39.48027322404372	5854	1
39.494535519125684	5287	1
39.51688524590164	2101	1
39.5268306010929	796	1
39.532786885245905	7237	1
39.54382513661202	6734	1
39.561256830601096	2886	1
39.569071038251366	7029	1
39.58185792349726	3997	1
39.596666666666664	7091	1
39.61071038251366	8737	1
39.613551912568305	908	1
39.62644808743169	4499	1
39.63120218579235	4526	1
39.63120218579235	5899	1
39.6335519125683	2006	1
39.66770491803279	7018	1
39.67120218579235	9811	1
39.69087431693989	6246	1
39.69153005464481	1895	1
39.70109289617486	7267	1
39.715956284153	1270	1
39.71879781420765	7808	1
39.73907103825136	1654	1
39.74262295081967	2944	1
39.74781420765027	9787	1
39.76409836065574	5414	1
39.778688524590166	347	1
39.78442622950819	6981	1
39.79415300546448	2828	1
39.80338797814207	3150	1
39.81109289617486	532	1
39.81584699453552	6637	1
39.87945355191257	2908	1
39.88196721311475	9945	1
39.886010928961745	5464	1
39.90120218579235	9489	1
39.90601092896175	2093	1
39.9275956284153	7792	1
39.94153005464481	9894	1
39.97497267759563	9113	1
39.980765027322406	4755	1
39.99573770491803	3538	1
40.00584699453552	9927	1
40.025191256830595	6983	1
40.04	4333	1
40.041311475409834	2654	1
40.051092896174865	9616	1
40.056557377049174	1634	1
40.08371584699453	9820	1
40.0992349726776	6468	1
40.10983606557377	1442	1
40.12459016393442	6243	1
40.14103825136612	5020	1
40.170491803278686	8053	1
40.17158469945355	2866	1
40.17814207650273	7913	1
40.197377049180325	5365	1
40.198469945355185	728	1
40.1987431693989	5118	1
40.200382513661204	8602	1
40.208579234972674	6175	1
40.262841530054644	2637	1
40.26562841530055	8847	1
40.27103825136612	4882	1
40.29306010928962	9156	1
40.301038251366116	6050	1
40.34551912568306	6810	1
40.346721311475406	2964	1
40.41775956284153	7443	1
40.42142076502732	6956	1
40.424590163934425	6166	1
40.4431693989071	3896	1
40.44754098360656	6652	1
40.45267759562841	6152	1
40.45612021857923	7596	1
40.4572131147541	8412	1
40.49218579234973	2213	1
40.50535519125683	9296	1
40.50677595628415	5685	1
40.509562841530055	7231	1
40.525683060109294	3028	1
40.556284153005464	1766	1
40.560765027322404	4946	1
40.56218579234972	8831	1
40.58158469945356	7838	1
40.58590163934426	8365	1
40.58841530054645	6542	1
40.61530054644809	8857	1
40.64054644808743	6509	1
40.6624043715847	7593	1
40.68415300546448	5733	1
40.6844262295082	234	1
40.70180327868852	2541	1
40.70234972677596	652	1
40.71322404371584	7732	1
40.73207650273224	4327	1
40.74699453551912	872	1
40.75114754098361	5127	1
40.760983606557375	3017	1
40.773825136612025	7206	1
40.809617486338794	1612	1
40.82300546448087	7446	1
40.86344262295082	2326	1
40.87393442622951	6907	1
40.87677595628415	8388	1
40.90300546448088	3994	1
40.9131693989071	7845	1
40.918579234972675	752	1
40.927213114754096	326	1
40.940710382513664	4716	1
40.94453551912568	3064	1
40.95136612021857	926	1
40.9716393442623	1192	1
40.98071038251366	202	1
40.994535519125684	5400	1
40.99775956284153	9529	1
40.99792349726776	3444	1
41.01005464480874	3857	1
41.012185792349726	8467	1
41.01387978142076	8293	1
41.01562841530055	3175	1
41.016666666666666	6881	1
41.0239344262295	280	1
41.02469945355191	5970	1
41.02879781420765	567	1
41.041311475409834	9855	1
41.0420218579235	5829	1
41.05311475409836	5007	1
41.05890710382514	2412	1
41.064207650273225	8717	1
41.06612021857923	5638	1
41.07754098360655	4222	1
41.11338797814207	3910	1
41.13021857923497	3236	1
41.14295081967213	6827	1
41.14896174863388	3545	1
41.16950819672131	6548	1
41.19486338797814	6802	1
41.199945355191254	1285	1
41.20136612021857	5119	1
41.233387978142076	8167	1
41.23781420765027	9329	1
41.24092896174863	4662	1
41.246448087431695	2842	1
41.26426229508197	6997	1
41.26704918032787	205	1
41.26989071038252	7028	1
41.27071038251366	8683	1
41.27950819672131	2821	1
41.33196721311475	8676	1
41.339234972677595	8008	1
41.36387978142076	2114	1
41.365464480874316	8510	1
41.36781420765027	6847	1
41.387158469945355	5895	1
41.38857923497268	4930	1
41.390601092896176	2938	1
41.395300546448084	155	1
41.39737704918033	4027	1
41.39846994535519	3397	1
41.426557377049186	122	1
41.43715846994535	3339	1
41.44983606557377	7904	1
41.454153005464484	3311	1
41.46333333333333	9140	1
41.46879781420765	1520	1
41.51726775956284	4412	1
41.56513661202186	851	1
41.57251366120219	2988	1
41.59060109289618	4354	1
41.59459016393442	375	1
41.6151912568306	5664	1
41.61825136612022	5600	1
41.61950819672131	3776	1
41.62535519125683	968	1
41.64830601092896	7982	1
41.65109289617486	4853	1
41.658852459016394	1974	1
41.664098360655736	621	1
41.66868852459016	4080	1
41.673060109289615	2566	1
41.710874316939886	9533	1
41.71409836065573	233	1
41.743825136612024	4980	1
41.78306010928962	737	1
41.788961748633874	4591	1
41.80081967213114	4061	1
41.82163934426229	7548	1
41.83978142076503	2790	1
41.84344262295082	4302	1
41.8607650273224	8514	1
41.87907103825137	5641	1
41.894972677595625	9327	1
41.899453551912565	8497	1
41.90295081967213	934	1
41.905081967213114	4577	1
41.91267759562841	4913	1
41.920109289617486	8688	1
41.95071038251366	9418	1
41.954207650273226	4198	1
41.960109289617485	8425	1
41.965081967213116	2583	1
41.96540983606557	9504	1
41.97781420765027	6108	1
41.99448087431694	4143	1
41.99928961748634	7442	1
42.00158469945355	447	1
42.01360655737705	6016	1
42.01912568306011	3646	1
42.040218579234974	3544	1
42.06218579234972	6388	1
42.06863387978142	4996	1
42.077213114754095	5281	1
42.07808743169399	1685	1
42.079945355191256	8268	1
42.08765027322404	6462	1
42.097049180327865	1874	1
42.10169398907104	9020	1
42.12344262295082	401	1
42.170928961748636	9909	1
42.19191256830601	5218	1
42.1920218579235	6796	1
42.19338797814208	7056	1
42.20885245901639	3722	1
42.22049180327869	8866	0
42.231092896174864	8961	1
42.23792349726776	1074	1
42.25781420765028	7930	1
42.2844262295082	1552	1
42.285355191256826	7011	1
42.28950819672131	5458	1
42.292841530054645	9603	1
42.2955737704918	4076	1
42.315956284153	7174	1
42.32262295081967	8951	1
42.33754098360655	4114	1
42.34207650273224	5276	1
42.34885245901639	4674	1
42.354316939890715	6369	1
42.355355191256834	5405	1
42.36071038251366	8824	1
42.37677595628415	6389	1
42.38754098360656	1056	1
42.3907650273224	6012	1
42.41234972677596	7701	1
42.42032786885245	7855	1
42.443278688524586	7807	1
42.44491803278689	6286	1
42.44939890710383	5869	1
42.45437158469945	6708	1
42.49475409836065	1812	1
42.49874316939891	800	1
42.505737704918026	6337	1
42.52071038251366	5636	1
42.526448087431696	3531	1
42.52814207650273	9602	1
42.53950819672131	2810	1
42.544316939890706	2822	1
42.555846994535514	4593	1
42.58153005464481	8102	1
42.588852459016394	7224	1
42.60295081967213	7000	1
42.62978142076503	6902	1
42.63016393442623	9995	1
42.6563387978142	7655	1
42.66530054644809	2036	1
42.68224043715847	4168	1
42.70382513661202	229	1
42.731038251366115	8846	1
42.73251366120219	8397	1
42.768196721311476	7708	1
42.7755737704918	8946	1
42.78371584699453	9921	1
42.80661202185792	3058	1
42.80814207650273	141	1
42.82699453551912	4402	1
42.83420765027322	6595	1
42.88387978142077	1127	1
42.909508196721305	617	1
42.94841530054645	1406	1
42.94912568306011	7850	1
42.96300546448088	8423	1
42.964972677595625	4017	1
42.98803278688525	429	1
42.99054644808743	7726	1
43.01338797814208	8480	1
43.02830601092896	7148	1
43.032021857923496	8707	1
43.03748633879781	5181	1
43.042841530054645	5155	1
43.06098360655738	4780	1
43.07437158469945	1451	1
43.08950819672131	5158	1
43.09918032786885	9902	1
43.10060109289618	266	1
43.10994535519125	3620	1
43.11754098360656	8954	1
43.11907103825137	2650	1
43.1355737704918	413	1
43.15081967213114	1124	1
43.1744262295082	7090	1
43.189945355191256	1550	1
43.215081967213116	7041	1
43.21918032786885	6181	1
43.24027322404371	3462	1
43.2612568306011	8802	1
43.26191256830601	103	1
43.289180327868856	2082	1
43.289508196721314	5605	1
43.300327868852456	8934	1
43.34092896174864	5338	1
43.3563387978142	4451	1
43.36825136612022	1194	1
43.37185792349727	7365	1
43.376994535519124	2088	1
43.38027322404371	1909	1
43.3911475409836	5859	1
43.39404371584699	6575	1
43.39639344262295	9162	1
43.39994535519126	8700	1
43.40748633879781	5173	1
43.43874316939891	8363	1
43.44748633879781	3096	1
43.52437158469945	2779	1
43.59573770491803	6268	1
43.61054644808743	3084	1
43.61180327868852	486	1
43.67775956284153	3737	1
43.68081967213115	9221	1
43.68983606557377	5352	1
43.691092896174865	4127	1
43.69896174863388	594	1
43.71393442622951	7601	1
43.72092896174863	7212	1
43.731092896174864	5376	1
43.74502732240437	9675	1
43.762404371584694	9059	1
43.766174863387974	3616	1
43.807049180327866	8867	1
43.80956284153006	4887	1
43.87092896174863	6709	1
43.89415300546448	2948	1
43.93142076502732	2058	1
43.941803278688525	47	1
43.94967213114754	8209	1
43.993387978142074	2634	1
44.03163934426229	8956	1
44.038251366120214	3627	1
44.043551912568304	676	1
44.065956284153	717	1
44.08683060109289	9839	1
44.09628415300546	2878	1
44.10054644808743	9951	1
44.13994535519126	6654	1
44.14027322404372	772	1
44.152841530054644	597	1
44.187431693989076	546	1
44.18863387978142	2503	1
44.19005464480875	3332	1
44.204480874316936	6020	1
44.22092896174863	9400	1
44.231147540983606	6444	1
44.246775956284154	9967	1
44.2675956284153	1034	1
44.26945355191257	95	1
44.280491803278686	7377	1
44.29551912568306	2427	1
44.31316939890711	5498	1
44.33573770491803	9786	1
44.35825136612022	93	1
44.36153005464481	2734	1
44.36825136612022	6722	1
44.389726775956284	6313	1
44.39743169398907	6790	1
44.41060109289617	9169	1
44.41306010928962	402	1
44.42147540983606	8287	1
44.4596174863388	1846	1
44.48054644808743	3323	1
44.48437158469945	4154	1
44.48530054644809	4651	1
44.48617486338798	6334	1
44.503224043715846	9210	1
44.51693989071038	3105	1
44.53360655737705	6008	1
44.53726775956284	9356	1
44.540327868852465	6970	1
44.54486338797814	151	1
44.54978142076503	1389	1
44.56021857923497	753	1
44.566010928961745	4568	1
44.57207650273224	5681	1
44.59464480874317	9516	1
44.63153005464481	8912	1
44.642349726775954	9094	1
44.64775956284153	4388	1
44.65453551912568	7007	1
44.658087431693986	4486	1
44.66601092896175	4041	1
44.673060109289615	2996	1
44.68295081967213	8606	1
44.69437158469945	1249	1
44.714590163934425	4119	1
44.72644808743169	6144	1
44.734153005464485	2703	1
44.74912568306011	2697	1
44.75765027322404	8232	1
44.76234972677596	3818	1
44.77781420765027	9309	1
44.786830601092895	3923	1
44.80284153005464	4135	1
44.84967213114754	6292	1
44.85841530054645	3555	1
44.863442622950814	9206	1
44.88273224043716	2922	1
44.88453551912568	7856	1
44.88775956284153	484	1
44.8892349726776	7935	1
44.8927868852459	2665	1
44.90311475409836	5439	1
44.93054644808743	7117	1
44.93180327868852	8141	1
44.9516393442623	9190	1
44.96032786885246	5647	1
44.967978142076504	8942	1
45.02426229508197	7093	1
45.02469945355191	4361	1
45.03071038251366	6689	1
45.038688524590164	8266	1
45.04868852459016	4522	1
45.052896174863385	2615	1
45.0620218579235	8074	1
45.07732240437158	1198	1
45.080983606557375	3946	1
45.09322404371584	1698	1
45.13	9653	1
45.16546448087431	474	1
45.18743169398907	492	1
45.18890710382514	1444	1
45.197704918032784	655	1
45.19907103825137	781	1
45.20032786885246	1710	1
45.20595628415301	4014	1
45.21573770491803	822	1
45.23142076502732	2575	1
45.23207650273224	5539	1
45.2403825136612	5194	1
45.256120218579234	6959	1
45.263606557377045	4214	1
45.278907103825134	2549	1
45.28562841530054	4581	1
45.28562841530054	3608	1
45.29540983606557	611	1
45.30387978142076	6507	1
45.30846994535519	4140	1
45.3255737704918	7298	1
45.36153005464481	9477	1
45.36639344262295	5256	1
45.373224043715844	4902	1
45.373661202185794	1115	1
45.39437158469945	6588	1
45.404426229508196	8753	1
45.404426229508196	5314	1
45.40825136612021	7123	1
45.41098360655737	8056	1
45.41136612021858	498	1
45.411475409836065	1991	1
45.4372131147541	8863	1
45.449945355191254	5595	1
45.45426229508197	1899	1
45.486284153005464	2197	1
45.49404371584699	1091	1
45.52284153005464	4538	1
45.53371584699454	1731	1
45.59923497267759	620	1
45.60300546448087	382	1
45.60338797814208	5137	1
45.605300546448085	3185	1
45.61448087431693	8259	1
45.623989071038245	1213	1
45.63185792349727	999	1
45.66754098360656	3784	1
45.670491803278686	4019	1
45.6879781420765	2891	1
45.69907103825137	7890	1
45.71868852459016	8550	1
45.730382513661205	9935	1
45.73273224043716	507	1
45.74650273224044	4824	1
45.760273224043715	8451	1
45.760601092896174	5034	1
45.785027322404375	3432	1
45.79792349726776	296	1
45.80136612021858	9611	1
45.82846994535519	8269	1
45.83196721311475	4941	1
45.83409836065574	7755	1
45.85956284153005	7668	1
45.87338797814208	4243	1
45.913333333333334	5684	1
45.95928961748634	5297	1
45.9607650273224	6291	1
45.960928961748635	4599	1
45.96967213114754	7653	1
45.99486338797814	4059	1
46.00251366120219	6301	1
46.01535519125682	6838	1
46.01551912568306	8823	1
46.02125683060109	6925	1
46.03912568306011	3564	1
46.05983606557377	3071	1
46.062568306010924	1412	1
46.08535519125683	3851	1
46.09918032786886	6265	1
46.141256830601094	1377	1
46.142349726775954	1499	1
46.14737704918033	9592	1
46.16174863387978	9440	1
46.16923497267759	9662	1
46.18830601092896	5511	1
46.18863387978142	9345	1
46.2051912568306	9566	1
46.208251366120216	3514	1
46.2151912568306	3942	1
46.23043715846995	736	1
46.238907103825134	4897	1
46.27120218579235	8487	1
46.274207650273226	8310	1
46.27644808743169	9724	1
46.27825136612022	6540	1
46.28918032786885	6005	1
46.32775956284153	3711	1
46.3551912568306	974	1
46.36327868852459	9272	1
46.41098360655737	6481	1
46.49431693989071	9585	1
46.4987431693989	1852	1
46.50628415300547	942	1
46.5131693989071	5633	1
46.520054644808745	2032	1
46.52218579234973	6743	1
46.53065573770491	1059	1
46.54103825136612	2012	1
46.55448087431694	9539	1
46.570601092896176	605	1
46.570819672131144	7702	1
46.599344262295084	7031	1
46.6007650273224	8265	1
46.608032786885246	8386	1
46.67409836065574	7929	1
46.70180327868853	2780	1
46.7055737704918	5627	1
46.71590163934426	4563	1
46.72726775956284	7917	1
46.727650273224036	7320	1
46.73092896174863	3792	1
46.75027322404372	6904	1
46.78262295081967	4747	1
46.78726775956284	2473	1
46.79601092896175	2141	1
46.79907103825137	9091	1
46.81224043715847	2626	1
46.819781420765025	3777	1
46.82814207650273	1629	1
46.83650273224044	4477	1
46.86633879781421	6074	1
46.86950819672131	2598	1
46.889836065573775	7663	1
46.89289617486339	1546	1
46.89699453551912	6882	1
46.96213114754098	4348	1
46.96256830601093	5640	1
46.97087431693989	84	1
47.00158469945355	5280	1
47.03016393442623	4638	1
47.03295081967213	1655	1
47.05262295081967	8188	1
47.0703825136612	4667	1
47.086666666666666	3933	1
47.10349726775956	6766	1
47.12502732240437	4721	1
47.14098360655738	1004	1
47.15879781420765	8472	1
47.16213114754098	4798	1
47.20437158469945	6086	1
47.20792349726776	4098	1
47.21142076502732	8160	1
47.21234972677596	6019	1
47.236666666666665	8998	1
47.257704918032786	5169	1
47.29125683060109	9968	1
47.29819672131148	2304	1
47.30765027322404	3024	1
47.32819672131147	9877	1
47.33792349726775	8782	1
47.344863387978144	4984	1
47.36300546448087	2646	1
47.36568306010929	3216	1
47.366284153005466	5021	1
47.4083606557377	7809	1
47.41245901639344	751	1
47.430546448087426	1316	1
47.44262295081967	711	1
47.45213114754098	1759	1
47.45224043715847	69	1
47.49846994535519	1802	1
47.513661202185794	9836	1
47.54163934426229	1261	1
47.54814207650273	2247	1
47.55355191256831	2655	1
47.55601092896175	2901	1
47.56551912568305	1728	1
47.58387978142077	3951	1
47.59852459016393	9265	1
47.6175956284153	4918	1
47.628579234972676	5455	1
47.63508196721312	373	1
47.636775956284154	1830	1
47.65426229508197	6258	1
47.66387978142076	5283	1
47.686174863387976	2249	1
47.69530054644808	2172	1
47.69530054644808	7676	1
47.71781420765027	9293	1
47.724316939890706	2107	1
47.73153005464481	208	1
47.740765027322404	4688	1
47.760655737704916	8004	1
47.76677595628415	3436	1
47.780874316939894	7727	1
47.78218579234973	5945	1
47.789781420765024	7263	1
47.79071038251366	1156	1
47.79158469945355	9186	1
47.79262295081967	6213	1
47.81404371584699	7451	1
47.81497267759563	1903	1
47.847868852459015	4439	1
47.85098360655738	7356	1
47.85737704918033	4394	1
47.882349726775956	8798	1
47.89071038251366	8433	1
47.89710382513661	8519	1
47.913825136612026	5653	1
47.920491803278686	2298	1
47.92508196721312	7203	1
47.9412568306011	1161	1
47.95606557377049	2912	1
47.96781420765027	4685	1
47.988907103825134	8548	1
48.00748633879782	787	1
48.023825136612025	6070	1
48.03814207650273	5131	1
48.0455737704918	4939	1
48.085191256830605	9453	1
48.0892349726776	9435	1
48.1116393442623	6328	1
48.1148087431694	5686	1
48.12469945355191	8685	0
48.13475409836065	9279	1
48.13934426229508	824	1
48.15530054644809	3234	1
48.161803278688524	4947	1
48.163661202185786	2146	1
48.1748087431694	480	1
48.194754098360654	7945	1
48.2079781420765	9041	1
48.219836065573766	2766	1
48.221092896174866	3089	1
48.222021857923494	1918	1
48.22825136612021	5550	1
48.22841530054645	9810	1
48.242349726775956	3866	1
48.25715846994536	9911	1
48.26530054644809	1607	1
48.27573770491803	4972	1
48.28158469945355	7428	1
48.28333333333334	4032	1
48.311256830601096	8345	1
48.31584699453552	9769	1
48.32699453551913	4842	1
48.329071038251364	7936	1
48.33393442622951	5787	1
48.342185792349724	8865	1
48.354918032786884	6416	1
48.3648087431694	6982	1
48.38508196721312	4359	1
48.41994535519126	5481	1
48.426120218579236	5333	1
48.438142076502736	5222	1
48.45622950819672	8274	1
48.465792349726776	8243	1
48.50109289617487	2759	1
48.501311475409835	7964	1
48.549562841530054	1523	1
48.554808743169396	8726	1
48.55994535519126	9686	1
48.56005464480874	677	1
48.56426229508197	9900	1
48.5679781420765	500	1
48.571639344262294	4983	1
48.638579234972674	2177	1
48.663005464480875	8675	1
48.66868852459016	3146	1
48.67245901639344	8645	1
48.67819672131147	7415	1
48.68153005464481	7692	1
48.717650273224045	587	1
48.742732240437164	4951	1
48.7548087431694	5190	1
48.77863387978142	3238	1
48.79333333333334	6172	1
48.809234972677594	7289	1
48.81622950819672	1215	1
48.845628415300546	9104	1
48.862841530054645	3047	1
48.86377049180328	7477	1
48.87825136612022	4535	1
48.88918032786885	5168	1
48.90087431693989	2042	1
48.90306010928962	3091	1
48.903114754098354	6769	1
48.90344262295082	7322	1
48.91972677595628	4770	1
48.93245901639344	252	1
48.952950819672125	1002	1
48.96169398907104	8958	1
48.96622950819672	5584	1
48.96945355191257	4307	1
48.98699453551912	4679	1
48.997650273224046	8815	1
49.00125683060109	2474	1
49.00978142076503	1856	1
49.03754098360656	2413	1
49.037978142076504	439	1
49.05836065573771	2520	1
49.05907103825137	7902	1
49.06814207650273	6996	1
49.08672131147541	5683	1
49.118415300546445	4601	1
49.120765027322406	1785	1
49.14366120218579	2094	1
49.16950819672131	169	1
49.17371584699453	6384	1
49.17775956284153	9831	1
49.19256830601093	40	1
49.20311475409836	2618	1
49.22437158469945	5235	1
49.238196721311475	7602	1
49.248688524590165	9694	1
49.25158469945355	7647	1
49.26579234972677	8316	1
49.30868852459017	2711	1
49.31704918032787	2273	1
49.32153005464481	6145	1
49.33306010928962	3928	1
49.3883606557377	5171	1
49.41622950819672	949	1
49.433442622950814	4648	1
49.44103825136612	8427	1
49.44158469945356	3324	1
49.45579234972678	2405	1
49.47655737704918	6741	1
49.48207650273224	6441	1
49.502021857923495	7256	1
49.5472131147541	2201	1
49.55715846994535	7672	1
49.55732240437158	9507	1
49.56021857923498	1100	1
49.572841530054646	7343	1
49.57852459016393	3355	1
49.588087431693985	1244	1
49.59808743169399	1380	1
49.60398907103825	7761	1
49.622896174863385	4213	1
49.62650273224043	6063	1
49.63142076502732	6770	1
49.633715846994534	2005	1
49.65349726775956	8512	1
49.68978142076502	113	1
49.689836065573765	856	1
49.708579234972674	5826	1
49.71491803278688	5364	1
49.717978142076504	7582	1
49.737486338797815	6244	1
49.739617486338794	6484	1
49.74699453551913	4071	1
49.75666666666667	6276	1
49.75754098360656	269	1
49.787267759562845	3032	1
49.78732240437159	6965	1
49.794699453551914	9903	1
49.84469945355191	7631	1
49.857540983606555	2199	1
49.86683060109289	3275	1
49.88174863387978	2935	1
49.895409836065575	4190	1
49.91005464480874	8111	1
49.93142076502732	8114	1
50.00289617486339	8182	1
50.008797814207654	2802	1
50.01174863387978	8222	1
50.01338797814207	9548	1
50.01344262295082	9790	1
50.04704918032787	5075	1
50.05103825136612	9971	1
50.05256830601093	4594	1
50.06163934426229	1119	1
50.07196721311475	1736	1
50.07726775956284	2930	1
50.09016393442623	3476	1
50.09054644808743	397	1
50.12846994535519	8701	1
50.15016393442623	1505	1
50.15453551912568	654	1
50.15989071038251	8443	1
50.20464480874317	1449	1
50.23754098360655	2933	1
50.23907103825137	7438	1
50.27459016393443	2492	1
50.297814207650276	2037	1
50.31180327868852	1399	1
50.31366120218579	7329	1
50.3251912568306	6038	1
50.32688524590164	8391	1
50.332131147540984	9069	1
50.33901639344263	5255	1
50.359071038251365	7831	1
50.37338797814208	473	1
50.38622950819672	7743	1
50.430109289617484	6211	1
50.43262295081967	8154	1
50.440983606557374	4831	1
50.4551912568306	467	1
50.463060109289614	6880	1
50.46535519125683	3603	1
50.468469945355196	9141	1
50.47453551912568	6036	1
50.485191256830596	6340	1
50.493387978142074	7467	1
50.49737704918033	1929	1
50.528633879781424	8009	1
50.53398907103825	8186	1
50.54743169398907	2290	1
50.57043715846994	9348	1
50.595956284153004	7045	1
50.59677595628415	1746	1
50.597103825136614	9571	1
50.60273224043716	5924	1
50.604918032786884	3786	1
50.6092349726776	5624	1
50.6164480874317	606	1
50.620382513661205	6435	1
50.65005464480874	9864	1
50.6548087431694	4260	1
50.6612568306011	7578	1
50.66131147540984	9068	1
50.69874316939891	8621	1
50.71322404371585	4704	1
50.73142076502732	6046	1
50.74672131147541	45	1
50.76601092896175	79	1
50.77027322404371	380	1
50.792404371584695	6051	1
50.79830601092896	3273	1
50.859781420765025	861	1
50.87945355191256	4971	1
50.891748633879786	9379	1
50.89879781420765	6502	1
50.910327868852455	5393	1
50.912950819672126	6908	1
50.91950819672131	5326	1
50.941693989071034	3195	1
50.947049180327866	8629	1
50.9555737704918	351	1
50.971366120218576	3487	1
51.0020218579235	6960	1
51.01644808743169	4978	1
51.01688524590163	6178	1
51.023387978142075	7955	1
51.0479781420765	7681	1
51.07633879781421	9112	1
51.09366120218579	700	1
51.09459016393443	9540	1
51.11907103825137	8163	1
51.1320218579235	7156	1
51.132622950819666	7491	1
51.19748633879781	109	1
51.21939890710382	3300	1
51.22748633879782	9196	1
51.25590163934426	4974	1
51.26016393442623	7392	1
51.29196721311475	2076	1
51.31404371584699	4840	1
51.31426229508197	4252	1
51.321256830601094	1110	1
51.36726775956284	6606	1
51.392732240437155	3335	1
51.413333333333334	4750	1
51.42245901639344	2454	1
51.4244262295082	7852	1
51.4279781420765	2928	1
51.429071038251365	7271	1
51.435846994535524	148	1
51.43885245901639	9669	1
51.472841530054644	764	1
51.485191256830596	5868	1
51.504699453551915	1519	1
51.513934426229504	8325	1
51.528251366120216	7374	1
51.537650273224045	4319	1
51.55191256830601	2596	1
51.57267759562841	2883	1
51.58071038251366	8880	1
51.59103825136612	9624	1
51.59377049180328	4192	1
51.61103825136612	9775	1
51.61786885245901	4927	1
51.61792349726776	3905	1
51.62972677595628	5122	1
51.63775956284153	1479	1
51.65590163934426	4719	1
51.672404371584705	3607	1
51.682076502732244	9083	1
51.74655737704918	8852	1
51.748306010928964	1218	1
51.750928961748635	7960	1
51.761475409836066	4145	1
51.7811475409836	4266	1
51.79508196721311	9304	1
51.80043715846995	638	1
51.829508196721314	3312	1
51.83497267759563	3222	1
51.858688524590164	5156	1
51.86584699453552	8626	1
51.88868852459016	2144	1
51.90245901639344	1032	1
51.903606557377046	9629	1
51.925027322404375	9732	1
51.954098360655735	8694	1
51.97349726775956	4919	1
51.982295081967216	7597	1
52.032349726775955	2278	1
52.04311475409836	2932	1
52.04344262295082	958	1
52.05382513661202	1598	1
52.0831693989071	3210	1
52.11562841530055	2501	1
52.12825136612022	9073	1
52.143934426229514	6923	1
52.162677595628416	7305	1
52.16879781420765	2925	1
52.19715846994536	9930	1
52.207540983606556	3956	1
52.21366120218579	1800	1
52.218032786885246	1915	1
52.24366120218579	6785	1
52.2660655737705	5835	1
52.268852459016394	4492	1
52.276775956284155	7311	1
52.304754098360654	1245	1
52.31546448087431	955	1
52.32420765027322	2398	1
52.3324043715847	4909	1
52.333934426229504	9923	1
52.36114754098361	1142	1
52.36710382513661	9791	1
52.37907103825137	5461	1
52.38945355191257	930	1
52.40672131147541	2443	1
52.42377049180328	7611	1
52.44732240437158	8283	1
52.450819672131146	7931	1
52.45311475409836	9740	1
52.4548087431694	6104	1
52.46830601092896	8094	1
52.48021857923497	4715	1
52.48174863387978	9469	1
52.50699453551913	9157	1
52.51338797814208	9415	1
52.530491803278686	5752	1
52.53655737704918	7570	1
52.59229508196721	5442	1
52.606010928961744	8714	1
52.613169398907104	7565	1
52.6163387978142	9193	1
52.619508196721306	6639	1
52.623989071038245	1365	1
52.62841530054645	9658	1
52.64393442622951	4176	1
52.65185792349727	8013	1
52.66677595628415	2979	1
52.67901639344262	8513	1
52.68562841530055	3474	1
52.701857923497265	1101	1
52.70502732240437	4753	1
52.721366120218576	5187	1
52.7220218579235	4085	1
52.723224043715845	481	1
52.76989071038251	1372	1
52.80049180327869	8764	1
52.80672131147541	5030	1
52.80677595628415	5765	1
52.80765027322404	6495	1
52.820491803278685	7044	1
52.82273224043716	464	1
52.83459016393443	3639	1
52.83754098360656	6170	1
52.84027322404371	1572	1
52.84065573770492	7746	1
52.85666666666667	2795	1
52.87256830601093	3337	1
52.873333333333335	8904	1
52.890546448087434	7887	1
52.91797814207651	6263	1
52.94431693989071	9973	1
52.955628415300545	6302	1
52.96098360655737	591	1
52.96125683060109	7626	1
52.964207650273224	9362	1
52.96469945355191	1454	1
52.96666666666667	1934	1
52.96748633879781	5743	1
52.97382513661202	8357	1
52.97628415300546	8627	1
52.97683060109289	9081	1
52.99284153005465	892	1
52.99786885245902	7017	1
53.014754098360655	4809	1
53.01989071038251	4742	1
53.041693989071035	5486	1
53.0796174863388	5236	1
53.08262295081967	3359	1
53.08743169398907	8414	1
53.090327868852455	1354	1
53.1007650273224	4820	1
53.10595628415301	1795	1
53.11475409836065	9465	1
53.11912568306011	7153	1
53.12469945355191	7054	1
53.16049180327869	2057	1
53.16311475409836	8689	1
53.169726775956285	9798	1
53.183989071038255	7704	1
53.1848087431694	6206	1
53.18972677595628	3987	1
53.19606557377049	5422	1
53.20289617486338	6935	1
53.207868852459015	8079	1
53.220710382513666	1224	1
53.221311475409834	8566	1
53.22431693989071	8950	1
53.23726775956284	5060	1
53.246448087431695	8781	1
53.25349726775956	5655	1
53.26868852459017	4822	1
53.269945355191254	2320	1
53.28289617486339	885	1
53.284207650273224	5821	1
53.28792349726776	6013	1
53.32021857923497	1604	1
53.32120218579235	9718	1
53.37732240437158	9314	1
53.393770491803274	2462	1
53.39590163934426	9832	1
53.40229508196721	618	1
53.42666666666667	8935	1
53.44349726775956	9835	1
53.45743169398907	907	1
53.476174863387975	6061	1
53.50852459016393	8963	1
53.51590163934426	1653	1
53.51677595628415	4797	1
53.518907103825136	2752	1
53.52508196721311	163	1
53.53289617486339	2355	1
53.54426229508197	515	1
53.546174863387975	4672	1
53.55650273224043	7959	1
53.57672131147541	640	1
53.57972677595628	7058	1
53.58169398907104	7464	1
53.59387978142077	2532	1
53.610218579234974	6505	1
53.645737704918034	9607	1
53.64622950819672	2	1
53.64715846994536	3921	1
53.65262295081967	1687	1
53.653661202185795	8909	1
53.65377049180327	6569	1
53.65655737704918	662	1
53.66043715846994	5199	1
53.674918032786884	32	1
53.67677595628415	8014	1
53.68234972677595	6545	1
53.684043715847	4436	1
53.68786885245901	3930	1
53.69584699453552	7942	1
53.70890710382513	8922	1
53.72087431693989	7034	1
53.722404371584695	5049	1
53.724754098360656	5592	1
53.72530054644808	225	1
53.731475409836065	9335	1
53.737431693989066	7180	1
53.74142076502732	8256	1
53.748251366120215	4670	1
53.75491803278688	5699	1
53.755355191256825	7729	1
53.76032786885246	283	1
53.78803278688524	3633	1
53.793169398907104	9509	1
53.80092896174863	2411	1
53.8016393442623	462	1
53.80765027322404	8128	1
53.81590163934426	5079	1
53.82267759562841	7607	1
53.826229508196725	3409	1
53.83803278688524	7951	1
53.84273224043716	2387	1
53.848142076502725	637	1
53.85136612021858	8172	1
53.85699453551913	1117	1
53.86655737704918	4845	1
53.88710382513661	1346	1
53.896502732240435	1944	1
53.89710382513661	4880	1
53.90677595628415	3200	1
53.907431693989075	4445	1
53.90918032786885	9088	1
53.909234972677595	4962	1
53.918961748633876	4074	1
53.924098360655734	5237	1
53.924153005464476	2251	1
53.926065573770494	3137	1
53.92808743169399	5961	1
53.92814207650273	6350	1
53.94830601092897	785	1
53.963551912568306	1394	1
53.96983606557377	6133	1
53.97267759562841	1294	1
53.973934426229505	915	1
53.975027322404365	8509	1
53.9812568306011	8036	1
53.98431693989071	538	1
53.98967213114754	2832	1
54.008469945355195	6184	1
54.01469945355191	5614	1
54.01562841530054	7493	1
54.021584699453555	9755	1
54.026721311475406	3197	1
54.038743169398906	5649	1
54.04366120218579	6961	1
54.0548087431694	3392	1
54.055956284153	7939	1
54.062786885245906	7073	1
54.071311475409836	9218	1
54.07158469945355	8599	1
54.07322404371585	3143	1
54.07502732240437	6227	1
54.08043715846995	7283	1
54.08360655737705	3365	1
54.08387978142077	128	1
54.10622950819672	1217	1
54.11568306010929	3751	1
54.123715846994536	4891	1
54.12633879781421	8359	1
54.1407650273224	5870	1
54.15120218579235	6048	1
54.15530054644809	7039	1
54.16218579234973	2854	1
54.171857923497264	6928	1
54.17726775956284	2847	1
54.183169398907104	9678	1
54.196666666666665	5867	1
54.19775956284153	6234	1
54.21704918032787	9638	1
54.218032786885246	5277	1
54.21868852459016	446	1
54.23256830601093	8305	1
54.23453551912568	3077	1
54.242295081967214	2378	1
54.247650273224046	2781	1
54.25109289617487	1952	1
54.25448087431694	1196	1
54.26234972677596	6853	1
54.276721311475406	443	1
54.28939890710382	6120	1
54.296557377049176	517	1
54.29972677595628	1717	1
54.30284153005464	3464	1
54.30387978142076	2379	1
54.312568306010924	1677	1
54.31748633879781	9981	1
54.31748633879781	6758	1
54.32300546448087	1704	1
54.35256830601093	4551	1
54.357595628415304	8670	1
54.35814207650274	3253	1
54.36207650273224	2606	1
54.3824043715847	2704	1
54.3835519125683	8908	1
54.390491803278685	1360	1
54.39229508196721	895	1
54.39513661202186	0	1
