0.035307486338797815	2507	1
0.12306612021857924	3051	1
0.1752633879781421	2365	1
0.18220273224043718	5730	1
0.21829562841530054	4924	1
0.2918338797814207	1081	1
0.42747377049180324	7722	1
0.5184327868852459	7128	1
0.6521530054644809	2686	1
0.7727103825136612	2720	1
0.777863387978142	3901	1
0.9027704918032787	7503	1
0.9637213114754098	7453	1
0.966775956284153	5607	1
0.9880710382513661	9793	1
1.0639180327868851	4932	1
1.0691311475409835	2472	1
1.0915792349726776	8637	1
1.1352896174863387	5697	1
1.2063278688524588	5952	1
1.2110928961748635	9444	1
1.279655737704918	6756	1
1.4175355191256829	8701	1
1.428743169398907	2902	1
1.4487322404371583	448	1
1.486568306010929	7958	1
1.595688524590164	6203	1
1.6724754098360655	8703	1
1.6773005464480875	4141	1
1.6800491803278688	5516	1
1.710688524590164	9214	1
1.7196830601092896	8021	1
1.7654972677595628	1805	1
1.7849836065573772	6506	1
1.78551912568306	5700	1
1.7908579234972677	3169	1
1.8081092896174862	6648	1
1.830743169398907	2801	1
1.8309945355191257	9182	1
1.9698032786885245	4590	1
1.9752513661202187	6011	1
2.027125683060109	6855	1
2.029928961748634	7284	1
2.2065245901639345	1495	1
2.212049180327869	668	1
2.2299234972677597	4990	1
2.2301639344262294	5832	1
2.252890710382514	2326	1
2.3056775956284152	4865	1
2.3617868852459014	547	1
2.36503825136612	8573	1
2.461868852459016	6588	1
2.487928961748634	2245	1
2.559907103825137	9379	1
2.7354480874316938	8355	1
2.764486338797814	9982	1
2.7682295081967214	2289	1
2.7907103825136614	105	1
2.815464480874317	26	1
2.831245901639344	5400	1
2.8897868852459014	6298	1
2.9439344262295077	2267	1
3.027377049180328	8471	1
3.0523005464480875	7291	1
3.054207650273224	6924	1
3.102087431693989	4671	1
3.1090054644808744	8758	1
3.190142076502732	7751	1
3.224393442622951	7797	1
3.2478907103825136	7680	1
3.254256830601093	7326	1
3.255530054644809	7058	1
3.2683551912568305	1742	1
3.321218579234973	8549	1
3.362415300546448	6650	1
3.3878907103825133	1871	1
3.4215245901639344	8508	1
3.442327868852459	1704	1
3.4583169398907105	6248	1
3.545366120218579	7163	1
3.5588852459016396	1539	1
3.5918688524590165	5260	1
3.612054644808743	3448	1
3.6480437158469945	4660	1
3.6712950819672128	8367	1
3.685688524590164	4224	1
3.686382513661202	1290	1
3.7186775956284155	9761	1
3.759398907103825	420	1
3.7647322404371586	91	1
3.7776830601092892	9852	1
3.804601092896175	7703	1
3.9943387978142075	8520	1
4.007879781420765	1531	1
4.10220218579235	7812	1
4.110081967213115	9162	1
4.1367158469945355	6818	1
4.250109289617487	3521	1
4.357251366120218	4705	1
4.366169398907104	6708	1
4.401295081967213	6935	1
4.410639344262296	1762	1
4.513333333333334	6445	1
4.599497267759563	4373	1
4.6063879781420765	7414	1
4.6152076502732235	5692	1
4.616234972677596	762	1
4.638781420765027	9298	1
4.689901639344262	8027	1
4.7093005464480875	3398	1
4.837688524590164	7279	1
4.850469945355191	3271	1
4.868	2120	1
4.8856174863387976	3270	1
4.893284153005464	1824	1
4.894830601092896	6267	1
4.936229508196721	9676	1
4.937677595628415	1560	1
4.942994535519126	8152	1
4.956934426229508	172	1
4.989890710382514	3662	1
5.0382404371584695	3965	1
5.103792349726776	4812	1
5.121114754098361	9542	1
5.149289617486339	8280	1
5.252836065573771	6055	1
5.263573770491803	3652	1
5.270508196721312	9706	1
5.273710382513661	9356	1
5.294644808743169	7856	1
5.372213114754098	7045	1
5.465683060109289	9942	1
5.5167213114754095	1280	1
5.529344262295082	7853	1
5.541912568306011	7858	1
5.54224043715847	312	1
5.559781420765027	4732	1
5.580218579234972	388	1
5.58655737704918	5234	1
5.662295081967213	6950	1
5.6676502732240435	4870	1
5.671366120218579	783	1
5.678579234972677	559	1
5.695573770491803	2464	1
5.712021857923498	3391	1
5.87032786885246	4996	1
5.906120218579235	6915	1
5.916010928961748	7792	1
6.162732240437158	9964	1
6.198032786885246	7908	1
6.279125683060109	6215	1
6.279781420765027	4293	1
6.285027322404372	8811	1
6.286065573770491	4771	1
6.293661202185793	1712	1
6.294699453551912	2736	1
6.39431693989071	1464	1
6.414535519125683	2552	1
6.468142076502732	1728	1
6.60688524590164	3281	1
6.67688524590164	8750	1
6.678360655737705	3830	1
6.707103825136612	7370	1
6.727431693989071	3822	1
6.77344262295082	7723	1
6.787103825136612	6284	1
6.806010928961749	343	1
6.807486338797815	4011	1
6.825245901639344	751	1
6.859071038251366	1321	1
6.8820218579234975	88	1
6.895027322404371	4434	1
6.8963934426229505	6906	1
6.928251366120218	8669	1
6.928469945355191	560	1
6.973934426229508	9044	1
7.037978142076502	4540	1
7.055792349726776	427	1
7.085355191256831	489	1
7.121584699453552	155	1
7.154863387978142	7551	1
7.213114754098361	1798	1
7.224535519125683	7881	1
7.239180327868852	3177	1
7.266120218579235	7288	1
7.268688524590163	7763	1
7.281584699453552	8366	1
7.297377049180327	3500	1
7.332677595628415	8966	1
7.36120218579235	3508	1
7.369726775956284	6749	1
7.40327868852459	8309	1
7.408360655737704	6476	1
7.412349726775956	9952	1
7.438579234972678	8302	1
7.4852459016393444	818	1
7.533661202185792	5180	1
7.543934426229509	1435	1
7.574207650273224	6509	1
7.57775956284153	8007	1
7.5922950819672135	3298	1
7.599289617486338	4807	1
7.626666666666667	6633	1
7.66535519125683	3540	1
7.717486338797814	59	1
7.756939890710382	7772	1
7.839890710382514	5927	1
7.921912568306011	8020	1
7.929726775956285	417	1
7.94311475409836	1448	1
7.973551912568306	6693	1
7.998907103825136	1823	1
8.004863387978142	2411	1
8.044918032786885	7855	1
8.069945355191257	4052	1
8.080983606557377	1038	1
8.103169398907104	7638	1
8.103551912568307	2504	1
8.111857923497269	2878	1
8.143497267759562	6718	1
8.156065573770492	8190	1
8.165792349726777	723	1
8.170218579234973	3000	1
8.178579234972677	6323	1
8.196448087431694	2623	1
8.21584699453552	566	1
8.289016393442623	3543	1
8.299945355191257	9653	1
8.345409836065574	1688	1
8.359234972677594	2118	1
8.420928961748634	5849	1
8.428579234972677	9725	1
8.475409836065573	1770	1
8.56032786885246	1037	1
8.609890710382512	7824	1
8.67464480874317	1547	1
8.681639344262294	6209	1
8.71912568306011	6060	1
8.74775956284153	4171	1
8.771475409836066	9711	1
8.825245901639343	5982	1
8.922021857923497	9774	1
8.964098360655738	1407	1
8.967049180327868	96	1
8.980928961748635	3451	1
8.992185792349726	1489	1
9.019125683060109	9307	1
9.057486338797814	7335	1
9.094754098360655	1670	1
9.09983606557377	987	1
9.106939890710382	2664	1
9.116557377049181	2146	1
9.124371584699453	3509	1
9.163879781420766	3344	1
9.186885245901639	2325	1
9.211092896174863	5111	1
9.214535519125683	8879	1
9.239016393442622	8692	1
9.251803278688524	7211	1
9.262295081967213	2692	1
9.374043715846994	8261	1
9.395792349726776	3409	1
9.447486338797814	2259	1
9.476010928961749	2638	1
9.492786885245902	7131	1
9.582841530054644	6920	1
9.63398907103825	9849	1
9.64295081967213	3518	1
9.678032786885245	5135	1
9.68344262295082	5183	1
9.745792349726777	3796	1
9.794426229508197	1258	1
9.803989071038252	838	1
9.877377049180328	4828	1
9.899562841530054	6565	1
9.901857923497266	6119	1
9.92808743169399	6491	1
9.963060109289618	1370	1
10.012841530054644	9928	1
10.020054644808743	6335	1
10.044590163934426	7273	1
10.081912568306011	8970	1
10.099180327868853	9920	1
10.10087431693989	7829	1
10.102021857923496	4216	1
10.138142076502733	9794	1
10.193497267759563	5899	1
10.203278688524591	363	1
10.218306010928963	4039	1
10.219398907103825	9177	1
10.269453551912568	2096	1
10.293060109289618	7721	1
10.300546448087431	8255	1
10.304098360655738	2197	1
10.329562841530054	6189	1
10.363879781420765	3622	1
10.364207650273224	7710	1
10.37551912568306	6474	1
10.44	1061	1
10.442459016393443	4420	1
10.523333333333333	9128	1
10.558360655737705	9500	1
10.568907103825136	7745	1
10.573715846994535	5894	1
10.610273224043716	8718	1
10.675355191256829	3230	1
10.70295081967213	9857	1
10.70311475409836	4095	1
10.731639344262295	4292	1
10.784426229508197	9239	1
10.809071038251366	2509	1
10.809180327868853	4645	1
10.828633879781421	1348	1
10.829289617486339	1592	1
10.88704918032787	5753	1
10.918196721311475	8880	1
10.921584699453552	4363	1
11.012185792349728	8906	1
11.021639344262294	9501	1
11.044371584699453	2987	1
11.05256830601093	3788	1
11.060819672131148	395	1
11.070054644808744	4653	1
11.117158469945354	9693	1
11.145956284153007	4455	1
11.160655737704918	1760	1
11.173387978142078	6115	1
11.180273224043715	5888	1
11.217650273224043	8567	1
11.218032786885246	7568	1
11.221803278688524	8835	1
11.257267759562842	9841	1
11.258196721311474	6497	1
11.280819672131146	7789	1
11.292131147540985	813	1
11.315245901639344	8984	1
11.31672131147541	6827	1
11.347267759562842	2843	1
11.355628415300545	5401	1
11.35672131147541	2794	1
11.387213114754097	6013	1
11.427868852459017	974	1
11.443825136612022	1196	1
11.46174863387978	2237	1
11.477322404371586	582	1
11.48120218579235	7981	1
11.487213114754098	4644	1
11.50655737704918	8782	1
11.528743169398908	3613	1
11.544207650273224	411	1
11.562349726775956	7418	1
11.565901639344261	2049	1
11.6351912568306	2912	1
11.662349726775956	3041	1
11.69377049180328	2151	1
11.810437158469945	2552	0
11.819180327868851	1304	1
11.824972677595628	6457	1
11.837158469945356	60	1
11.911693989071038	5325	1
11.916939890710383	2671	1
11.92448087431694	5188	1
11.937540983606556	1666	1
11.958579234972676	5032	1
11.984535519125682	5661	1
11.989071038251367	2016	1
11.996174863387978	6544	1
12.063661202185791	276	1
12.064754098360655	5320	1
12.066065573770492	5628	1
12.06983606557377	4010	1
12.143770491803277	5001	1
12.147486338797814	3900	1
12.230655737704916	4408	1
12.237814207650274	4895	1
12.245245901639343	8902	1
12.252786885245902	512	1
12.264043715846995	788	1
12.269562841530053	6157	1
12.278743169398906	2514	1
12.341475409836066	9227	1
12.452131147540983	8628	1
12.4548087431694	4247	1
12.496830601092896	7956	1
12.507267759562842	3006	1
12.61344262295082	3733	1
12.61415300546448	1441	1
12.616994535519126	8859	1
12.619781420765026	9957	1
12.631857923497266	5597	1
12.638469945355192	8476	1
12.655136612021858	6677	1
12.674863387978142	2091	1
12.759289617486338	4649	1
12.77825136612022	2443	1
12.782513661202186	3939	1
12.793442622950819	3584	1
12.891420765027322	588	1
12.894863387978141	6500	1
12.912568306010929	9055	1
12.914207650273225	9263	1
12.92983606557377	1754	1
12.941748633879781	2988	1
12.946939890710382	8469	1
13.013989071038251	532	1
13.021475409836066	3089	1
13.025409836065574	159	1
13.03535519125683	9715	1
13.037759562841531	8775	1
13.066939890710382	2126	1
13.11377049180328	9919	1
13.121967213114752	6687	1
13.138524590163934	3231	1
13.148251366120219	8288	1
13.213005464480874	1960	1
13.216065573770491	4014	1
13.220273224043716	4635	1
13.221857923497266	3598	1
13.285628415300547	4563	1
13.325081967213116	9166	1
13.329234972677597	4000	1
13.349562841530053	6845	1
13.354644808743169	2624	1
13.359289617486338	4487	1
13.404808743169397	2515	1
13.447267759562841	5299	1
13.457540983606558	7837	1
13.517322404371585	5306	1
13.544371584699453	7331	1
13.551803278688524	6882	1
13.574098360655737	9680	1
13.579508196721312	1981	1
13.594098360655737	4506	1
13.614918032786886	2063	1
13.635956284153005	4659	1
13.638743169398907	3251	1
13.655901639344263	8299	1
13.657049180327869	6536	1
13.693060109289616	4718	1
13.725245901639344	2866	1
13.77169398907104	5855	1
13.774098360655737	7750	1
13.785464480874317	854	1
13.82224043715847	6654	1
13.836502732240437	2809	1
13.837431693989071	1248	1
13.851147540983607	9503	1
13.93016393442623	7111	1
13.947322404371585	1506	1
13.967213114754097	7385	1
13.9924043715847	6006	1
13.995081967213114	4712	1
14.048688524590164	4733	1
14.077213114754098	1761	1
14.079071038251367	666	1
14.101967213114753	696	1
14.154590163934426	6808	1
14.17448087431694	2374	1
14.186120218579235	6042	1
14.198579234972678	1165	1
14.219617486338798	2435	1
14.241311475409836	9145	1
14.247978142076503	7479	1
14.263989071038251	2552	1
14.267322404371583	9989	1
14.292131147540983	7141	1
14.350437158469946	7460	1
14.375737704918032	2668	1
14.393005464480874	9074	1
14.417213114754098	9173	1
14.419016393442622	8525	1
14.430928961748634	7227	1
14.453060109289616	9860	1
14.460546448087433	4324	1
14.480382513661203	5795	1
14.48672131147541	4516	1
14.505464480874316	2622	1
14.516393442622949	2284	1
14.525846994535518	2824	1
14.547704918032787	9646	1
14.559562841530054	7888	1
14.59568306010929	9442	1
14.604754098360655	6133	1
14.6075956284153	3793	1
14.619836065573772	6043	1
14.632732240437159	9651	1
14.661967213114753	7525	1
14.670874316939889	6368	1
14.689234972677596	7667	1
14.709726775956284	4155	1
14.734207650273225	4080	1
14.784207650273222	6697	1
14.85551912568306	4640	1
14.858961748633881	3291	1
14.893005464480874	9805	1
14.913497267759562	9403	1
14.926448087431694	4266	1
14.947158469945355	4584	1
14.970054644808744	6264	1
14.997377049180328	8295	1
14.997704918032786	1612	1
15.015956284153004	1232	1
15.070655737704918	5884	1
15.07136612021858	5537	1
15.085792349726775	3352	1
15.087814207650272	2587	1
15.262459016393443	8216	1
15.276174863387977	5113	1
15.305628415300546	5712	1
15.355355191256832	8340	1
15.365136612021857	9525	1
15.422185792349726	5807	1
15.430983606557376	1450	1
15.48448087431694	5933	1
15.484808743169399	6529	1
15.491311475409836	8979	1
15.54103825136612	2353	1
15.556775956284152	7473	1
15.560765027322404	5269	1
15.564918032786885	628	1
15.606666666666667	7295	1
15.609453551912567	7579	1
15.614043715846995	2798	1
15.649890710382513	7242	1
15.719781420765027	3749	1
15.765956284153006	6758	1
15.777540983606556	4454	1
15.778524590163935	3958	1
15.786830601092896	1341	1
15.805300546448088	3837	1
15.847431693989071	1507	1
15.857267759562841	7029	1
15.866174863387979	6996	1
15.884972677595629	7683	1
15.959289617486338	6635	1
15.980928961748633	1983	1
16.129234972677597	6263	1
16.13311475409836	9137	1
16.141147540983606	6426	1
16.151311475409837	2062	1
16.15743169398907	3722	1
16.172021857923497	5944	1
16.198633879781422	4158	1
16.227103825136613	7442	1
16.28103825136612	272	1
16.302185792349725	7017	1
16.33136612021858	4082	1
16.337103825136612	5796	1
16.393551912568306	9149	1
16.421092896174862	9953	1
16.430655737704917	9321	1
16.481366120218578	3716	1
16.516174863387977	4389	1
16.527322404371585	5175	1
16.553825136612023	3976	1
16.556065573770493	935	1
16.57087431693989	3386	1
16.595027322404373	6458	1
16.61661202185792	5261	1
16.624262295081966	5541	1
16.641693989071037	2880	1
16.645792349726776	2670	1
16.661857923497266	4650	1
16.701147540983605	570	1
16.71333333333333	5936	1
16.760273224043715	2799	1
16.814098360655738	8387	1
16.819180327868853	5195	1
16.84	3393	1
16.849234972677596	7374	1
16.864590163934427	1359	1
16.874754098360654	8846	1
16.89224043715847	6825	1
16.8927868852459	6815	1
16.90497267759563	7538	1
16.917759562841532	8054	1
16.928415300546447	2424	1
16.998196721311476	6063	1
16.999945355191254	7719	1
17.0551912568306	4680	1
17.06601092896175	8972	1
17.10136612021858	4759	1
17.101639344262292	308	1
17.18896174863388	7145	1
17.196612021857923	8855	1
17.216065573770493	850	1
17.218142076502733	3053	1
17.228360655737703	6239	1
17.23185792349727	3639	1
17.246010928961745	6065	1
17.25748633879781	7344	1
17.274207650273226	1603	1
17.284426229508195	4174	1
17.30535519125683	7223	1
17.311912568306013	2872	1
17.325300546448087	7786	1
17.342677595628412	3721	1
17.34967213114754	3687	1
17.365136612021857	7207	1
17.36710382513661	1222	1
17.372131147540983	4162	1
17.372677595628417	4170	1
17.376229508196722	2018	1
17.387978142076502	4641	1
17.402459016393443	8226	1
17.412896174863388	9539	1
17.422732240437156	5067	1
17.431092896174864	4539	1
17.439781420765026	8171	1
17.474262295081964	2964	1
17.484207650273223	3758	1
17.550601092896176	271	1
17.55120218579235	1330	1
17.56846994535519	8863	1
17.576994535519123	8462	1
17.607322404371583	9365	1
17.641475409836065	5364	1
17.655191256830598	2271	1
17.678688524590164	9256	1
17.701967213114756	3777	1
17.746666666666666	1425	1
17.779562841530055	8300	1
17.784918032786887	296	1
17.79551912568306	9642	1
17.81377049180328	604	1
17.840437158469946	6001	1
17.875464480874317	7230	1
17.88114754098361	9078	1
17.89486338797814	6461	1
17.907814207650276	670	1
17.91693989071038	7500	1
17.925081967213117	7003	1
17.966229508196722	7932	1
17.977103825136613	1396	1
17.98710382513661	3003	1
17.990819672131146	3896	1
18.00049180327869	9195	1
18.03672131147541	5510	1
18.04	1305	1
18.071803278688524	7472	1
18.10295081967213	5828	1
18.115136612021857	8264	1
18.161584699453552	6971	1
18.169398907103826	3012	1
18.174535519125683	5045	1
18.18071038251366	7733	1
18.25431693989071	7112	1
18.259781420765027	9717	1
18.291311475409834	5599	1
18.302021857923496	1538	1
18.31448087431694	1844	1
18.323169398907105	8458	1
18.39879781420765	4073	1
18.399016393442622	2322	1
18.41748633879781	9745	1
18.420655737704916	9389	1
18.42808743169399	8048	1
18.454371584699455	3333	1
18.47366120218579	6851	1
18.579890710382514	9547	1
18.588469945355193	6255	1
18.66016393442623	4619	1
18.691584699453553	3455	1
18.716393442622948	6725	1
18.756994535519127	3905	1
18.834863387978142	9665	1
18.866338797814205	2043	1
18.903114754098358	1749	1
18.938524590163933	7063	1
18.98688524590164	4683	1
18.98830601092896	6124	1
18.993387978142078	9608	1
19.051803278688524	1053	1
19.076775956284152	5501	1
19.118688524590166	5369	1
19.134207650273225	463	1
19.14633879781421	2240	1
19.160655737704918	4746	1
19.165792349726775	5570	1
19.17846994535519	2963	1
19.228907103825136	2542	1
19.254426229508194	9907	1
19.273387978142075	2674	1
19.27469945355191	1550	1
19.29224043715847	6470	1
19.338961748633878	4755	1
19.363715846994534	8165	1
19.36617486338798	4872	1
19.367704918032786	7039	1
19.390109289617484	8201	1
19.42289617486339	9569	1
19.4275956284153	950	1
19.43912568306011	5928	1
19.44366120218579	6148	1
19.47983606557377	732	1
19.480765027322406	4707	1
19.53606557377049	5914	1
19.545136612021857	2611	1
19.54622950819672	1520	1
19.555792349726776	1306	1
19.56825136612022	8420	1
19.603387978142077	3934	1
19.609945355191257	5711	1
19.62502732240437	112	1
19.665683060109288	6225	1
19.666721311475406	1284	1
19.685956284153008	200	1
19.690218579234973	8933	1
19.698688524590164	8353	1
19.717704918032787	9332	1
19.727049180327867	4233	1
19.73	1148	1
19.744043715846995	7540	1
19.75032786885246	9037	1
19.755792349726775	5518	1
19.75934426229508	6573	1
19.806612021857926	5940	1
19.81267759562842	4027	1
19.830546448087432	9302	1
19.8448087431694	4925	1
19.90136612021858	9383	1
19.924644808743167	5417	1
19.938251366120216	3820	1
19.95245901639344	8540	1
19.96344262295082	7110	1
19.969016393442622	3839	1
19.977650273224043	7942	1
19.984863387978145	8904	1
20.001967213114753	237	1
20.031475409836066	7197	1
20.04207650273224	6090	1
20.051967213114754	4968	1
20.058306010928963	8250	1
20.089234972677595	7852	1
20.100765027322407	7585	1
20.126010928961747	386	1
20.15382513661202	4587	1
20.181420765027323	8000	1
20.18934426229508	6354	1
20.210109289617485	3314	1
20.23256830601093	5773	1
20.27688524590164	9076	1
20.294262295081964	8435	1
20.350819672131145	6334	1
20.369125683060112	7308	1
20.370382513661202	2529	1
20.40153005464481	5177	1
20.420437158469944	2757	1
20.424426229508196	4290	1
20.4507650273224	4634	1
20.494043715846992	9	1
20.507814207650274	4067	1
20.522349726775957	8890	1
20.52360655737705	5976	1
20.52398907103825	6475	1
20.56207650273224	3219	1
20.572950819672133	6047	1
20.575628415300546	8666	1
20.589016393442623	3814	1
20.596448087431696	4395	1
20.59677595628415	1746	1
20.602185792349726	5360	1
20.62	192	1
20.623934426229507	3300	1
20.625792349726776	1066	1
20.627486338797812	9628	1
20.643661202185793	2744	1
20.67377049180328	5915	1
20.69366120218579	4432	1
20.70398907103825	6995	1
20.70661202185792	6523	1
20.71841530054645	8045	1
20.72502732240437	165	1
20.752950819672133	7213	1
20.761639344262296	9282	1
20.785628415300547	4302	1
20.790655737704917	3212	1
20.800054644808743	8086	1
20.826830601092894	4189	1
20.850109289617485	9880	1
20.85360655737705	4975	1
20.859071038251365	4143	1
20.876174863387977	8630	1
20.88322404371585	3109	1
20.89344262295082	3275	1
20.917704918032786	4448	1
20.963005464480876	3655	1
20.971475409836064	851	1
20.986666666666665	5946	1
20.991530054644805	8456	1
21.014754098360655	2463	1
21.021147540983605	4214	1
21.025628415300545	7661	1
21.048469945355194	390	1
21.04967213114754	1985	1
21.08120218579235	649	1
21.09245901639344	7969	1
21.098907103825137	6869	1
21.099398907103822	5824	1
21.105792349726777	4917	1
21.106994535519128	5483	1
21.10726775956284	7438	1
21.150928961748637	149	1
21.156721311475412	1782	1
21.159071038251366	8114	1
21.19808743169399	3832	1
21.198469945355193	8507	1
21.2072131147541	8369	1
21.220218579234974	7798	1
21.222568306010928	4691	1
21.228743169398903	7345	1
21.231803278688524	4491	1
21.247213114754096	8203	1
21.253442622950818	1618	1
21.267650273224042	2715	1
21.275081967213115	6695	1
21.298032786885244	3735	1
21.30289617486339	5458	1
21.30983606557377	1099	1
21.326120218579234	9619	1
21.328743169398905	8648	1
21.330983606557375	8614	1
21.335409836065573	3020	1
21.349562841530055	5726	1
21.35142076502732	9342	1
21.354043715846995	8137	1
21.37344262295082	778	1
21.379071038251364	9290	1
21.411693989071036	6252	1
21.433497267759563	6925	1
21.452021857923498	6310	1
21.46934426229508	6865	1
21.47737704918033	7594	1
21.484426229508195	688	1
21.4879781420765	8437	1
21.491256830601095	9834	1
21.505792349726775	4593	1
21.509453551912568	7794	1
21.519781420765025	2496	1
21.525573770491803	8242	1
21.53295081967213	2874	1
21.551748633879782	1885	1
21.563934426229505	1187	1
21.58415300546448	8914	1
21.602622950819672	4529	1
21.609562841530053	9161	1
21.61256830601093	3181	1
21.632349726775956	2950	1
21.642459016393442	7014	1
21.65081967213115	3815	1
21.66535519125683	4801	1
21.7179781420765	999	1
21.752677595628416	7957	1
21.761693989071038	1594	1
21.76273224043716	9650	1
21.766448087431694	5979	1
21.769180327868852	9938	1
21.80262295081967	4012	1
21.804699453551915	8231	1
21.82054644808743	7322	1
21.826830601092897	3356	1
21.858579234972677	9269	1
21.875846994535518	7052	1
21.901857923497268	4473	1
21.902459016393443	1509	1
21.93688524590164	4571	1
21.982732240437155	2905	1
21.988579234972676	7404	1
21.991311475409834	8329	1
22.003442622950818	6665	1
22.01885245901639	9266	1
22.038469945355192	1107	1
22.076065573770492	3057	1
22.104535519125683	9504	1
22.11224043715847	2933	1
22.136830601092896	9373	1
22.16584699453552	7545	1
22.1724043715847	737	1
22.173005464480873	1855	1
22.21262295081967	9967	1
22.224426229508193	2543	1
22.254043715846993	2632	1
22.25846994535519	8187	1
22.329781420765027	9196	1
22.3396174863388	8801	1
22.356120218579235	9802	1
22.36633879781421	6793	1
22.37765027322404	3954	1
22.3903825136612	2194	1
22.406830601092896	8132	1
22.427704918032788	8186	1
22.43808743169399	4511	1
22.490218579234973	5012	1
22.4968306010929	6534	1
22.505737704918033	8635	1
22.521147540983605	7215	1
22.54601092896175	5096	1
22.57311475409836	7933	1
22.58879781420765	5865	1
22.59469945355191	2119	1
22.605792349726773	6302	1
22.612349726775953	4874	1
22.62983606557377	8823	1
22.636502732240437	680	1
22.64409836065574	7709	1
22.650437158469945	4799	1
22.658360655737706	3008	1
22.66863387978142	8778	1
22.678633879781422	316	1
22.728524590163932	8696	1
22.734371584699453	4176	1
22.734754098360654	3964	1
22.779890710382514	9758	1
22.783387978142073	5897	1
22.790273224043716	3423	1
22.79136612021858	8440	1
22.797431693989072	7417	1
22.80016393442623	7524	1
22.82655737704918	2074	1
22.85775956284153	2576	1
22.872295081967213	2311	1
22.92502732240437	8182	1
22.94896174863388	8744	1
22.967377049180328	2517	1
22.983497267759564	8923	1
23.002622950819674	8389	1
23.01912568306011	7665	1
23.033060109289618	5381	1
23.055846994535518	8383	1
23.056010928961747	9169	1
23.057322404371586	3242	1
23.06590163934426	1765	1
23.08464480874317	6086	1
23.100765027322403	8352	1
23.112349726775957	9305	1
23.12551912568306	8223	1
23.12896174863388	8768	1
23.13311475409836	9036	1
23.160054644808742	3269	1
23.172021857923497	976	1
23.178415300546447	7643	1
23.19049180327869	8927	1
23.200327868852458	9422	1
23.211748633879782	8659	1
23.214098360655736	4727	1
23.246338797814204	7765	1
23.292896174863387	8687	1
23.309726775956285	8900	1
23.32016393442623	2946	1
23.32792349726776	9360	1
23.335792349726777	9600	1
23.341147540983606	9189	1
23.353715846994536	2513	1
23.386830601092896	3904	1
23.43551912568306	8312	1
23.43579234972678	1946	1
23.464972677595625	9886	1
23.474590163934423	1082	1
23.47770491803279	5209	1
23.48415300546448	3871	1
23.503879781420764	1970	1
23.50393442622951	883	1
23.506120218579234	3553	1
23.52622950819672	8072	1
23.53666666666667	4334	1
23.5375956284153	3762	1
23.58322404371585	4658	1
23.592841530054645	8444	1
23.596502732240438	7854	1
23.604754098360655	6002	1
23.633770491803276	3026	1
23.634918032786885	1524	1
23.6424043715847	5224	1
23.64918032786885	1434	1
23.649672131147543	4852	1
23.68191256830601	8305	1
23.68841530054645	376	1
23.691475409836066	7964	1
23.695956284153006	2427	1
23.701475409836064	1913	1
23.707595628415298	2601	1
23.753060109289617	2021	1
23.75710382513661	7097	1
23.789617486338795	8059	1
23.791092896174863	8636	1
23.82021857923497	5126	1
23.853715846994533	7001	1
23.89710382513661	5523	1
23.931475409836068	5144	1
23.951530054644806	7371	1
23.962295081967213	5975	1
24.00032786885246	1793	1
24.00710382513661	1921	1
24.018196721311476	4065	1
24.05071038251366	5900	1
24.06688524590164	9238	1
24.07469945355191	3366	1
24.107158469945354	4618	1
24.115846994535517	8337	1
24.12568306010929	4322	1
24.140109289617484	6004	1
24.1444262295082	143	1
24.156120218579236	3237	1
24.17153005464481	5762	1
24.211912568306012	5495	1
24.24513661202186	1386	1
24.25934426229508	7934	1
24.26590163934426	1223	1
24.266229508196723	7007	1
24.280601092896173	5217	1
24.3248087431694	1972	1
24.367377049180327	5724	1
24.370109289617485	8668	1
24.37983606557377	2498	1
24.42912568306011	1526	1
24.429180327868853	7686	1
24.44874316939891	6428	1
24.463005464480876	6380	1
24.470601092896175	3570	1
24.490273224043715	9349	1
24.543060109289616	3179	1
24.543224043715846	2952	1
24.548852459016395	6468	1
24.581639344262296	8765	1
24.62704918032787	5240	1
24.703224043715846	8967	1
24.725683060109287	8942	1
24.740546448087432	412	1
24.749289617486337	8388	1
24.78087431693989	429	1
24.785846994535518	5208	1
24.792568306010928	3594	1
24.831857923497267	3881	1
24.843224043715846	569	1
24.87950819672131	4227	1
24.89273224043716	5223	1
24.91677595628415	28	1
24.91781420765027	6208	1
24.96054644808743	450	1
24.968907103825135	6296	1
24.9979781420765	7929	1
25.004207650273223	6120	1
25.005683060109288	1085	1
25.007595628415302	3459	1
25.017868852459017	100	1
25.03065573770492	9347	1
25.030819672131145	6676	1
25.06743169398907	7379	1
25.095464480874316	7539	1
25.101693989071038	4743	1
25.104098360655737	3718	1
25.13366120218579	8872	1
25.137759562841527	6734	1
25.168306010928962	7513	1
25.169234972677597	1771	1
25.19333333333333	1227	1
25.194754098360654	9881	1
25.205792349726774	1943	1
25.211912568306012	5146	1
25.239890710382515	9611	1
25.279945355191256	944	1
25.372459016393446	6759	1
25.379945355191257	930	1
25.392513661202184	9560	1
25.407650273224046	5683	1
25.40863387978142	6806	1
25.418032786885245	7180	1
25.43688524590164	6751	1
25.438032786885245	3217	1
25.43808743169399	5781	1
25.441256830601095	9586	1
25.44950819672131	4526	1
25.461311475409836	8331	1
25.479508196721312	3969	1
25.485573770491804	8714	1
25.492513661202185	3330	1
25.547978142076502	4919	1
25.56814207650273	1566	1
25.572513661202183	54	1
25.57295081967213	2466	1
25.58808743169399	2275	1
25.593005464480875	8737	1
25.609781420765028	6404	1
25.61486338797814	4291	1
25.616284153005463	5965	1
25.62377049180328	7607	1
25.628579234972676	2409	1
25.6472131147541	2669	1
25.66311475409836	4124	1
25.682076502732237	1219	1
25.692185792349726	9272	1
25.697978142076504	6810	1
25.706939890710384	4192	1
25.70983606557377	3704	1
25.72142076502732	413	1
25.730928961748635	4468	1
25.73469945355191	5837	1
25.751639344262294	6675	1
25.76983606557377	8408	1
25.776830601092897	6742	1
25.78967213114754	3980	1
25.80852459016393	9914	1
25.818743169398907	4655	1
25.833060109289615	2032	1
25.844043715846993	57	1
25.873879781420765	9546	1
25.875464480874317	7570	1
25.882185792349727	5645	1
25.88601092896175	8247	1
25.908524590163932	8183	1
25.91327868852459	568	1
25.930109289617484	474	1
25.932349726775954	2432	1
25.949180327868852	6929	1
25.96191256830601	8018	1
25.962568306010926	7896	1
25.990765027322404	6566	1
26.003879781420764	5765	1
26.00989071038251	7976	1
26.03688524590164	5266	1
26.052459016393446	9112	1
26.078852459016392	5875	1
26.10726775956284	3805	1
26.111202185792347	1998	1
26.11262295081967	3390	1
26.140928961748635	2702	1
26.17207650273224	1846	1
26.184262295081968	6857	1
26.18431693989071	1778	1
26.19743169398907	6559	1
26.22224043715847	6418	1
26.235355191256833	1123	1
26.24486338797814	2881	1
26.292295081967215	591	1
26.359071038251365	5912	1
26.360928961748634	7446	1
26.367814207650273	5450	1
26.374644808743167	2251	1
26.375846994535518	2892	1
26.377103825136615	7663	1
26.404754098360655	5654	1
26.437213114754098	2280	1
26.441693989071037	2656	1
26.45672131147541	7495	1
26.456994535519126	367	1
26.465956284153005	6102	1
26.486120218579234	8358	1
26.51224043715847	2128	1
26.521092896174864	4503	1
26.523497267759563	4906	1
26.528196721311478	8553	1
26.56885245901639	4311	1
26.58289617486339	7600	1
26.588306010928964	3076	1
26.59136612021858	5997	1
26.594754098360657	6314	1
26.603879781420765	4508	1
26.629726775956286	6091	1
26.643551912568306	2871	1
26.657213114754096	2519	1
26.67382513661202	7840	1
26.70939890710382	6480	1
26.726775956284154	6020	1
26.747650273224043	9368	1
26.770109289617487	7546	1
26.78464480874317	6567	1
26.83568306010929	4236	1
26.871147540983607	6976	1
26.891967213114754	4423	1
26.94584699453552	2313	1
26.97322404371585	5182	1
26.98551912568306	3160	1
27.003770491803277	734	1
27.022677595628416	5423	1
27.049125683060108	7821	1
27.073825136612022	5372	1
27.09142076502732	4515	1
27.10775956284153	240	1
27.111475409836064	9212	1
27.18448087431694	4663	1
27.198251366120218	1803	1
27.20978142076503	4794	1
27.221092896174863	2137	1
27.251038251366122	8160	1
27.253169398907104	7146	1
27.291092896174863	6712	1
27.30568306010929	3243	1
27.31065573770492	5068	1
27.33377049180328	7169	1
27.409398907103824	1007	1
27.41327868852459	9377	1
27.442076502732238	4861	1
27.456120218579237	5780	1
27.467868852459013	3410	1
27.473879781420766	4032	1
27.476120218579236	4989	1
27.49087431693989	9526	1
27.492841530054644	2031	1
27.496885245901638	6585	1
27.50639344262295	8594	1
27.51830601092896	3485	1
27.542841530054645	7450	1
27.555628415300546	419	1
27.565737704918032	3378	1
27.57535519125683	1587	1
27.597704918032786	8357	1
27.598524590163937	3155	1
27.608142076502734	6496	1
27.617322404371585	7226	1
27.622568306010926	7555	1
27.62633879781421	1835	1
27.63431693989071	4255	1
27.647704918032787	6338	1
27.692185792349726	4788	1
27.699453551912566	470	1
27.711693989071037	5985	1
27.732349726775958	2110	1
27.733442622950818	7444	1
27.744918032786885	6033	1
27.802841530054643	870	1
27.806010928961747	3504	1
27.8072131147541	8983	1
27.83912568306011	1692	1
27.86896174863388	9207	1
27.871967213114754	7195	1
27.87289617486339	2467	1
27.887978142076502	624	1
27.90174863387978	7902	1
27.906885245901638	4127	1
27.908360655737706	4445	1
27.919945355191256	1320	1
27.93693989071038	3765	1
27.942076502732238	8144	1
27.94612021857923	8102	1
27.952021857923498	290	1
28.004043715846993	5491	1
28.015081967213117	8034	1
28.01852459016393	6221	1
28.054153005464478	8777	1
28.07142076502732	4064	1
28.073169398907105	2071	1
28.127704918032784	7627	1
28.128852459016393	2826	1
28.13508196721311	1102	1
28.13967213114754	3252	1
28.155081967213114	9092	1
28.156557377049182	1518	1
28.16333333333333	4678	1
28.164098360655736	1114	1
28.167103825136614	6922	1
28.176502732240436	256	1
28.204426229508197	4306	1
28.204590163934423	9754	1
28.215956284153005	9026	1
28.224535519125684	6562	1
28.24792349726776	7657	1
28.253661202185793	5779	1
28.25633879781421	7879	1
28.263005464480873	8413	1
28.267650273224042	4284	1
28.27360655737705	1992	1
28.277759562841528	2889	1
28.27786885245902	4942	1
28.279999999999998	5714	1
28.28928961748634	9326	1
28.29213114754098	5721	1
28.296120218579233	2440	1
28.310273224043716	5267	1
28.31142076502732	4446	1
28.33382513661202	9485	1
28.35289617486339	4323	1
28.361366120218577	137	1
28.362131147540985	9344	1
28.37142076502732	1001	1
28.405409836065573	4887	1
28.429289617486337	878	1
28.44087431693989	4479	1
28.460655737704915	6029	1
28.46103825136612	3877	1
28.48497267759563	268	1
28.497267759562842	6353	1
28.510218579234973	3629	1
28.548087431693986	4075	1
28.569398907103825	2851	1
28.629890710382515	7083	1
28.65174863387978	2320	1
28.65502732240437	9678	1
28.65535519125683	8332	1
28.671857923497267	4720	1
28.698415300546447	6422	1
28.725300546448086	4201	1
28.732513661202187	7656	1
28.748415300546448	761	1
28.75	6462	1
28.751967213114753	8285	1
28.756994535519127	9323	1
28.77071038251366	915	1
28.770874316939892	2711	1
28.77885245901639	4167	1
28.79775956284153	8734	1
28.827540983606557	5747	1
28.83196721311475	3685	1
28.852021857923496	2589	1
28.85349726775956	8877	1
28.85743169398907	2768	1
28.885628415300545	1569	1
28.903551912568307	4677	1
28.906666666666666	131	1
28.92016393442623	2372	1
28.923879781420762	620	1
28.933879781420767	8918	1
28.960163934426227	3564	1
29.014754098360655	6664	1
29.01743169398907	3308	1
29.018196721311476	7576	1
29.04191256830601	8723	1
29.10049180327869	2177	1
29.110983606557376	5512	1
29.112568306010928	8915	1
29.11464480874317	5243	1
29.14983606557377	3262	1
29.150928961748637	7617	1
29.195956284153006	7948	1
29.211366120218578	360	1
29.232896174863388	7726	1
29.240546448087432	9172	1
29.248415300546448	7841	1
29.27765027322404	9228	1
29.279180327868854	3060	1
29.32841530054645	1485	1
29.373551912568306	4188	1
29.37863387978142	3781	1
29.392459016393442	3996	1
29.411803278688524	5743	1
29.415464480874316	9574	1
29.434371584699452	2114	1
29.44087431693989	2835	1
29.44983606557377	5013	1
29.489398907103826	623	1
29.49792349726776	2721	1
29.510437158469944	8482	1
29.522185792349728	6731	1
29.522185792349728	2932	1
29.535628415300547	7708	1
29.60950819672131	3194	1
29.61191256830601	1877	1
29.612513661202186	510	1
29.626939890710382	5341	1
29.638196721311473	4557	1
29.656612021857924	4364	1
29.688524590163937	3559	1
29.695409836065572	1221	1
29.704262295081968	3641	1
29.714262295081966	7676	1
29.731803278688524	4121	1
29.734590163934424	9247	1
29.73502732240437	8514	1
29.736174863387976	6964	1
29.75426229508197	216	1
29.776448087431696	3466	1
29.780819672131148	2306	1
29.78125683060109	9146	1
29.781857923497267	4626	1
29.829398907103823	443	1
29.84109289617486	135	1
29.85912568306011	421	1
29.863715846994534	1561	1
29.872349726775955	3043	1
29.87743169398907	8539	1
29.960601092896173	8746	1
29.988524590163934	2563	1
30.024863387978144	1840	1
30.03065573770492	7023	1
30.055956284153005	5769	1
30.07726775956284	9943	1
30.08950819672131	6451	1
30.09393442622951	7348	1
30.094426229508194	1997	1
30.103169398907102	556	1
30.107814207650275	4847	1
30.10967213114754	414	1
30.12934426229508	3506	1
30.15918032786885	1880	1
30.164918032786886	6199	1
30.19617486338798	6627	1
30.197868852459017	6613	1
30.209890710382513	7658	1
30.220109289617486	2457	1
30.233551912568306	5213	1
30.241857923497268	7816	1
30.242677595628415	5885	1
30.286994535519124	4260	1
30.287213114754095	7557	1
30.331147540983604	6729	1
30.344371584699456	7241	1
30.373060109289618	5938	1
30.37726775956284	4464	1
30.381639344262293	4836	1
30.391967213114754	6552	1
30.404754098360655	1205	1
30.437814207650273	3449	1
30.448524590163935	807	1
30.49010928961749	1216	1
30.510928961748636	733	1
30.51344262295082	7832	1
30.56289617486339	8681	1
30.581311475409837	5040	1
30.581475409836067	8619	1
30.589180327868853	6333	1
30.590546448087434	1950	1
30.591803278688523	6057	1
30.625245901639346	2704	1
30.654972677595627	7159	1
30.68054644808743	5055	1
30.688852459016392	2986	1
30.702786885245903	7274	1
30.70382513661202	8688	1
30.72021857923497	4520	1
30.721475409836067	8192	1
30.724043715846992	3968	1
30.769562841530053	7447	1
30.771639344262294	2613	1
30.7972131147541	9733	1
30.81415300546448	6450	1
30.816721311475412	7212	1
30.839453551912566	3031	1
30.84322404371585	980	1
30.905027322404372	3575	1
30.921803278688525	7534	1
30.947540983606554	3846	1
30.95021857923497	1611	1
30.976939890710383	1490	1
30.990765027322404	5178	1
31.004371584699452	8790	1
31.00967213114754	5228	1
31.117486338797814	6990	1
31.117486338797814	6907	1
31.12234972677596	6981	1
31.135792349726778	2075	1
31.14486338797814	1871	0
31.16398907103825	9506	1
31.16934426229508	5256	1
31.176557377049182	4926	1
31.193879781420762	9810	1
31.19781420765027	8656	1
31.25207650273224	6308	1
31.289453551912565	5342	1
31.33125683060109	2640	1
31.35950819672131	8075	1
31.36885245901639	6243	1
31.378032786885246	6912	1
31.41606557377049	1117	1
31.422841530054644	7445	1
31.426010928961748	6543	1
31.437377049180327	325	1
31.463551912568306	453	1
31.472513661202186	7590	1
31.505519125683062	6288	1
31.535136612021855	8771	1
31.5724043715847	1168	1
31.574590163934424	9312	1
31.585792349726773	3744	1
31.59825136612022	9567	1
31.598797814207646	9863	1
31.608524590163935	4883	1
31.641693989071037	7581	1
31.679234972677595	6122	1
31.68775956284153	3542	1
31.689890710382514	5496	1
31.69502732240437	3650	1
31.71218579234973	8736	1
31.713333333333335	2630	1
31.753060109289617	3875	1
31.75912568306011	3991	1
31.759890710382514	7940	1
31.78989071038251	6183	1
31.804699453551912	1529	1
31.80846994535519	5804	1
31.851530054644808	9890	1
31.87262295081967	6127	1
31.936830601092897	4106	1
31.961857923497266	4592	1
31.996666666666666	9507	1
31.99896174863388	1837	1
32.002459016393445	2220	1
32.008852459016396	2655	1
32.01153005464481	4961	1
32.013715846994536	9977	1
32.066448087431695	9361	1
32.06896174863388	2465	1
32.07491803278688	9776	1
32.08464480874317	4905	1
32.086612021857924	4752	1
32.100218579234976	4879	1
32.125464480874314	6958	1
32.12846994535519	7985	1
32.131530054644806	1380	1
32.193278688524586	1815	1
32.20016393442623	4956	1
32.20262295081967	6012	1
32.21300546448087	5922	1
32.217322404371586	2822	1
32.23502732240437	1542	1
32.23546448087431	4897	1
32.24032786885246	7184	1
32.264371584699454	5198	1
32.27704918032787	7325	1
32.2944262295082	4050	1
32.299945355191255	3578	1
32.312568306010924	8324	1
32.31748633879781	1157	1
32.32207650273224	99	1
32.34311475409836	3491	1
32.393497267759564	6705	1
32.40857923497268	826	1
32.41885245901639	3437	1
32.42590163934426	936	1
32.456775956284154	2813	1
32.45874316939891	3698	1
32.459016393442624	8596	1
32.47841530054645	9976	1
32.52836065573771	1410	1
32.57185792349727	691	1
32.58021857923497	2059	1
32.64098360655738	7637	1
32.644316939890714	3572	1
32.64781420765027	1544	1
32.71169398907104	3232	1
32.72191256830601	3642	1
32.73234972677596	7868	1
32.74262295081967	3928	1
32.771038251366114	8101	1
32.781256830601095	4966	1
32.78896174863388	2586	1
32.80765027322404	2458	1
32.81551912568306	4314	1
32.819016393442624	8052	1
32.83245901639344	5482	1
32.84322404371584	2415	1
32.84617486338798	7622	1
32.85032786885246	9643	1
32.86464480874317	3619	1
32.87306010928962	8066	1
32.88819672131147	4100	1
32.89819672131147	2356	1
32.97371584699453	5293	1
33.00109289617486	6876	1
33.004262295081965	1889	1
33.009562841530055	3335	1
33.02579234972678	577	1
33.04262295081967	6009	1
33.045846994535516	9621	1
33.072786885245904	2842	1
33.103387978142074	1253	1
33.1055737704918	6614	1
33.11502732240437	9120	1
33.12273224043716	7775	1
33.12786885245902	424	1
33.16573770491803	9690	1
33.16803278688525	9100	1
33.185464480874316	7974	1
33.18737704918033	3700	1
33.20956284153006	2883	1
33.29825136612022	5920	1
33.30338797814208	711	1
33.30393442622951	7748	1
33.322841530054646	677	1
33.32371584699453	638	1
33.39737704918033	1304	0
33.406885245901634	4047	1
33.43196721311475	5817	1
33.43360655737705	608	1
33.497213114754096	6035	1
33.50125683060109	1897	1
33.50672131147541	9679	1
33.52207650273224	6692	1
33.52469945355191	5536	1
33.5307650273224	8414	1
33.54972677595628	6899	1
33.55382513661202	5245	1
33.56945355191257	6507	1
33.58803278688524	630	1
33.60972677595628	8732	1
33.62158469945355	9080	1
33.64486338797814	1605	1
33.667158469945356	8258	1
33.66792349726776	9407	1
33.67098360655738	9122	1
33.67743169398907	1310	1
33.692131147540984	7955	1
33.70109289617486	5998	1
33.70950819672131	3792	1
33.73174863387978	6211	1
33.741147540983604	1239	1
33.74300546448087	7636	1
33.75890710382514	657	1
33.764754098360655	9580	1
33.76573770491803	7872	1
33.782404371584704	5064	1
33.78431693989071	9374	1
33.80153005464481	9979	1
33.80617486338797	8853	1
33.80836065573771	959	1
33.80912568306011	9243	1
33.81770491803279	3431	1
33.82857923497268	2309	1
33.84	2404	1
33.88579234972677	3166	1
33.889398907103825	4952	1
33.89	540	1
33.90972677595629	4285	1
33.91213114754098	3022	1
33.917049180327865	1854	1
33.923825136612024	3725	1
33.92442622950819	2346	1
33.936994535519126	5508	1
33.94901639344262	1405	1
33.98546448087432	1934	1
33.98650273224044	3882	1
34.006502732240435	7192	1
34.018142076502734	633	1
34.040218579234974	1065	1
34.062677595628415	9955	1
34.0968306010929	812	1
34.111693989071036	9769	1
34.11672131147541	3083	1
34.1239344262295	3899	1
34.13174863387978	6672	1
34.132295081967214	3358	1
34.14934426229508	452	1
34.17054644808743	7090	1
34.178743169398906	5207	1
34.21590163934427	4552	1
34.21710382513661	848	1
34.22459016393443	1543	1
34.251256830601086	2505	1
34.267814207650275	5114	1
34.29147540983607	2708	1
34.298142076502735	4138	1
34.302622950819675	9032	1
34.32573770491803	924	1
34.341912568306014	9682	1
34.38508196721311	6018	1
34.38814207650273	9316	1
34.41803278688524	4749	1
34.431639344262294	4180	1
34.44120218579235	3682	1
34.45726775956284	6637	1
34.47251366120218	8624	1
34.489726775956285	6547	1
34.513934426229504	7401	1
34.53710382513661	8910	1
34.5396174863388	5887	1
34.548142076502735	4225	1
34.556065573770496	1727	1
34.60928961748634	7026	1
34.624098360655736	4118	1
34.64098360655738	8804	1
34.645737704918034	8217	1
34.64693989071038	8670	1
34.667103825136614	3444	1
34.687431693989076	1327	1
34.693661202185794	4122	1
34.694754098360654	5791	1
34.699617486338795	2956	1
34.70846994535519	6846	1
34.761475409836066	3290	1
34.772950819672126	3125	1
34.791748633879784	6679	1
34.79393442622951	5882	1
34.798032786885244	7549	1
34.79868852459017	6842	1
34.79934426229508	2103	1
34.82896174863388	9948	1
34.82967213114754	764	1
34.85677595628415	707	1
34.86267759562841	1517	1
34.871092896174865	9105	1
34.885956284153	8802	1
34.89360655737705	1989	1
34.905846994535516	1110	1
34.92103825136612	4986	1
34.93754098360655	7580	1
34.968743169398905	6443	1
34.97633879781421	4469	1
34.983715846994535	8330	1
34.99628415300546	7485	1
35.006939890710385	8876	1
35.009890710382514	7991	1
35.009945355191256	8642	1
35.01284153005465	4589	1
35.02426229508196	685	1
35.030928961748636	5953	1
35.04464480874317	1861	1
35.08683060109289	9175	1
35.097486338797815	6144	1
35.106502732240436	991	1
35.125901639344264	5060	1
35.13398907103825	1716	1
35.145081967213116	6008	1
35.16819672131148	7247	1
35.16918032786885	3895	1
35.179071038251365	1016	1
35.1796174863388	6600	1
35.17994535519126	5732	1
35.18147540983606	8193	1
35.18633879781421	3658	1
35.189562841530055	340	1
35.20841530054645	4134	1
35.2787431693989	4922	1
35.3027868852459	893	1
35.332950819672135	754	1
35.34928961748634	191	1
35.35994535519125	7871	1
35.434644808743165	7397	1
35.44464480874316	6892	1
35.44661202185792	4846	1
35.44666666666667	875	1
35.45803278688524	8606	1
35.46109289617486	6444	1
35.47071038251366	2347	1
35.480382513661205	8724	1
35.48994535519125	3856	1
35.495409836065576	752	1
35.50901639344262	3406	1
35.51956284153005	146	1
35.52885245901639	8903	1
35.53978142076503	3009	1
35.540273224043716	221	1
35.54956284153005	8504	1
35.54972677595629	8839	1
35.56748633879781	5520	1
35.578743169398905	9034	1
35.59136612021858	7318	1
35.59234972677596	2935	1
35.625901639344264	1909	1
35.644590163934424	8936	1
35.68	125	1
35.69306010928961	9366	1
35.69693989071038	8665	1
35.704207650273226	6194	1
35.71147540983606	6598	1
35.71267759562841	5404	1
35.721420765027325	2026	1
35.72469945355191	7467	1
35.73043715846995	5031	1
35.73295081967213	3428	1
35.73327868852459	5785	1
35.734426229508195	8314	1
35.7544262295082	3770	1
35.769508196721304	3854	1
35.83453551912569	3926	1
35.84344262295082	4429	1
35.85185792349726	7839	1
35.85710382513661	2536	1
35.86016393442623	9998	1
35.889726775956284	6968	1
35.91573770491803	3234	1
35.917814207650274	514	1
35.920491803278686	1203	1
35.9524043715847	8281	1
35.95693989071039	4742	1
35.96639344262295	7454	1
35.96972677595628	6085	1
35.97464480874317	5441	1
35.97786885245901	2763	1
35.981857923497266	5203	1
35.98327868852459	9261	1
35.98918032786885	4329	1
35.98989071038252	8862	1
36.00863387978142	5385	1
36.01868852459017	4418	1
36.02961748633879	669	1
36.033169398907106	6005	1
36.03781420765027	2186	1
36.044316939890706	4700	1
36.05158469945355	3036	1
36.065956284153	5294	1
36.071639344262294	7293	1
36.10103825136612	1456	1
36.119180327868854	1991	1
36.12530054644809	2647	1
36.12912568306011	3479	1
36.13327868852459	1474	1
36.14251366120219	7532	1
36.16300546448087	9916	1
36.16497267759563	1541	1
36.19284153005464	9992	1
36.232185792349725	5492	1
36.26409836065574	9025	1
36.26579234972678	9843	1
36.26693989071038	4519	1
36.26726775956284	8941	1
36.27071038251366	9689	1
36.27934426229508	2687	1
36.30732240437158	383	1
36.3124043715847	2789	1
36.312732240437164	5592	1
36.376666666666665	8452	1
36.38027322404371	4954	1
36.3975956284153	7421	1
36.40934426229508	380	1
36.41535519125683	8087	1
36.44469945355191	6076	1
36.47994535519126	1217	1
36.48874316939891	8828	1
36.51622950819672	5211	1
36.538251366120214	8494	1
36.54786885245902	1756	1
36.561967213114755	7618	1
36.56295081967213	5754	1
36.57672131147541	158	1
36.57781420765027	9274	1
36.57885245901639	8133	1
36.60775956284153	6612	1
36.61475409836065	5115	1
36.644699453551915	6040	1
36.66071038251366	5257	1
36.675737704918035	7135	1
36.69256830601093	535	1
36.70584699453552	9236	1
36.71114754098361	9852	0
36.71841530054645	1440	1
36.72016393442623	8887	1
36.73770491803278	4688	1
36.74568306010929	6608	1
36.76803278688524	9154	1
36.77584699453552	9670	1
36.81021857923497	3104	1
36.83054644808743	1368	1
36.84612021857924	8836	1
36.846775956284155	7172	1
36.879289617486336	9888	1
36.88448087431694	3978	1
36.89628415300547	2247	1
36.89633879781421	6316	1
36.90486338797814	3052	1
36.91628415300546	3072	1
36.92743169398907	9558	1
36.931420765027326	8929	1
36.96661202185792	7992	1
36.97306010928962	4920	1
36.997923497267756	1918	1
37.01071038251366	4726	1
37.01426229508196	2258	1
37.034972677595626	2716	1
37.086666666666666	1516	1
37.09612021857924	5335	1
37.102732240437156	7818	1
37.118743169398904	779	1
37.135027322404376	2158	1
37.14251366120219	3841	1
37.14726775956284	7048	1
37.157322404371584	6414	1
37.170382513661195	2897	1
37.18601092896175	455	1
37.18868852459016	6947	1
37.213879781420765	7725	1
37.25737704918033	595	1
37.26021857923497	8767	1
37.2727868852459	4817	1
37.27770491803279	3199	1
37.30262295081967	4851	1
37.31606557377049	6406	1
37.33562841530055	5800	1
37.341530054644814	934	1
37.34349726775956	5862	1
37.37978142076502	2580	1
37.39453551912569	4393	1
37.399508196721314	141	1
37.437595628415295	7130	1
37.47939890710383	7501	1
37.551748633879775	4308	1
37.56622950819672	6453	1
37.598251366120216	3145	1
37.64715846994536	4218	1
37.647540983606554	1314	1
37.651693989071035	8423	1
37.65333333333333	7552	1
37.659945355191255	5418	1
37.67256830601092	7561	1
37.67590163934427	2108	1
37.692950819672134	6714	1
37.78628415300546	5179	1
37.797431693989076	2742	1
37.80939890710382	468	1
37.824316939890714	5623	1
37.828032786885245	4547	1
37.839617486338796	3454	1
37.8503825136612	6957	1
37.87245901639344	170	1
37.895956284153	8365	1
37.92628415300546	5567	1
37.93	2421	1
37.93535519125683	5062	1
37.94158469945355	1304	1
37.9572131147541	5890	1
37.96901639344262	46	1
37.976885245901634	1572	1
37.98590163934426	7439	1
37.994207650273225	8510	1
38.01786885245902	5319	1
38.03704918032787	2566	1
38.04426229508197	3274	1
38.050765027322406	247	1
38.092185792349724	658	1
38.107158469945354	8662	1
38.10885245901639	8159	1
38.110218579234974	184	1
38.11901639344262	2290	1
38.12021857923497	6058	1
38.12393442622951	3090	1
38.13213114754099	9822	1
38.13497267759563	5250	1
38.136721311475405	1876	1
38.146830601092894	6916	1
38.16612021857924	6336	1
38.19021857923497	6411	1
38.20387978142077	6034	1
38.210218579234976	8397	1
38.21852459016393	5545	1
38.286174863387984	9070	1
38.29196721311476	3751	1
38.31218579234973	5071	1
38.31846994535519	5189	1
38.33081967213114	607	1
38.36005464480874	9610	1
38.37721311475409	8206	1
38.38333333333333	6356	1
38.39393442622951	8827	1
38.39857923497267	8384	1
38.42136612021858	4559	1
38.42737704918033	4583	1
38.427540983606555	5685	1
38.43453551912568	2634	1
38.440382513661206	1394	1
38.44540983606557	9387	1
38.45814207650273	4387	1
38.45885245901639	7202	1
38.46808743169399	5278	1
38.511038251366124	2918	1
38.51612021857924	8124	1
38.55617486338798	1261	1
38.58371584699453	7530	1
38.586994535519125	2019	1
38.632349726775956	5962	1
38.63737704918033	8499	1
38.64169398907104	9294	1
38.64710382513661	8526	1
38.69846994535519	3189	1
38.70295081967213	249	1
38.71360655737705	5844	1
38.7175956284153	6776	1
38.74267759562842	3565	1
38.74453551912568	1697	1
38.75306010928961	4622	1
38.75945355191257	9046	1
38.79267759562841	4037	1
38.824699453551915	4789	1
38.82825136612022	7257	1
38.83092896174863	2528	1
38.83710382513661	1209	1
38.84021857923497	8288	0
38.846448087431696	2571	1
38.85590163934426	1847	1
38.85688524590164	498	1
38.86065573770492	3235	1
38.86573770491803	9618	1
38.86737704918033	6330	1
38.8683606557377	6750	1
38.87426229508197	5954	1
38.881147540983605	3690	1
38.88387978142077	9497	1
38.884098360655734	5549	1
38.91098360655737	9779	1
38.921857923497264	4612	1
38.929890710382516	2257	1
38.93754098360656	8600	1
38.947377049180325	4715	1
38.95453551912568	1676	1
38.98393442622951	1559	1
38.98491803278689	1373	1
39.03524590163934	8760	1
39.043278688524595	4532	1
39.06306010928962	8513	1
39.06355191256831	7960	1
39.075792349726775	6805	1
39.119234972677596	8197	1
39.12016393442623	2160	1
39.125464480874314	2174	1
39.13180327868852	9780	1
39.16469945355191	5635	1
39.169344262295084	4232	1
39.17704918032786	6420	1
39.17819672131147	5248	1
39.185081967213115	8149	1
39.18994535519126	1898	1
39.20655737704919	2754	1
39.2163387978142	2533	1
39.22120218579235	3729	1
39.227704918032785	464	1
39.22972677595629	2076	1
39.22978142076502	2028	1
39.247540983606555	92	1
39.25934426229508	8809	1
39.261420765027324	5339	1
39.27540983606557	8909	1
39.29306010928962	9675	1
39.30010928961749	8683	1
39.303715846994535	9781	1
39.322786885245904	7339	1
39.32901639344262	1522	1
39.32967213114754	2627	1
39.35284153005465	5943	1
39.370655737704915	9478	1
39.40344262295082	1713	1
39.42775956284153	5708	1
39.43453551912568	2097	1
39.481092896174864	4153	1
39.5227868852459	9270	1
39.52628415300546	8865	1
39.532786885245905	4579	1
39.53398907103825	6366	1
39.53950819672131	1975	1
39.54486338797815	9264	1
39.54617486338798	7830	1
39.55431693989071	2246	1
39.55846994535519	3048	1
39.57054644808743	7363	1
39.59540983606557	4413	1
39.600054644808736	697	1
39.60508196721311	6780	1
39.61415300546448	3427	1
39.62333333333333	2852	1
39.627049180327866	2080	1
39.63136612021858	1883	1
39.645081967213116	1449	1
39.64590163934427	4426	1
39.64994535519126	4916	1
39.659234972677595	8824	1
39.67333333333334	7842	1
39.693333333333335	9877	1
39.707158469945355	921	1
39.72464480874317	9447	1
39.76601092896175	1224	1
39.77491803278688	3861	1
39.78409836065574	9959	1
39.78770491803279	1701	1
39.80327868852459	9364	1
39.80622950819672	5142	1
39.81486338797814	2713	1
39.81934426229508	1530	1
39.834043715846995	1635	1
39.86060109289617	6927	1
39.87426229508197	9211	1
39.90562841530055	2452	1
39.91699453551913	4623	1
39.93114754098361	6389	1
39.93256830601093	1313	1
39.935409836065574	9399	1
39.94688524590163	5766	1
40.025300546448086	1884	1
40.02743169398907	7158	1
40.0512568306011	1795	1
40.05349726775956	4009	1
40.05469945355192	4004	1
40.07524590163935	7030	1
40.08721311475409	6811	1
40.095245901639345	4761	1
40.131475409836064	5475	1
40.14218579234973	9245	1
40.14726775956284	9388	1
40.148032786885246	2219	1
40.15868852459016	2462	1
40.16415300546448	2939	1
40.168196721311475	1268	1
40.20688524590164	2044	1
40.20803278688525	4866	1
40.22612021857923	8530	1
40.23032786885246	5314	1
40.240054644808744	7431	1
40.24049180327869	3804	1
40.24360655737705	9455	1
40.24792349726776	6046	1
40.24967213114754	2163	1
40.26120218579234	4086	1
40.33306010928962	5972	1
40.395027322404374	7863	1
40.39939890710382	1650	1
40.401311475409834	6328	1
40.4244262295082	1519	1
40.464699453551916	1146	1
40.467540983606554	2997	1
40.48644808743169	1915	1
40.50617486338798	9510	1
40.569071038251366	7836	1
40.59016393442623	6159	1
40.602240437158464	7027	1
40.60890710382514	1853	1
40.62273224043716	3143	1
40.63393442622951	7366	1
40.644972677595625	5895	1
40.669289617486335	9905	1
40.67639344262295	4026	1
40.67677595628415	9065	1
40.67688524590164	5793	1
40.6827868852459	2298	1
40.70005464480874	8062	1
40.70289617486339	1632	1
40.71163934426229	4295	1
40.73016393442623	8658	1
40.73043715846995	9941	1
40.75071038251366	3588	1
40.75180327868852	978	1
40.75863387978142	4264	1
40.76163934426229	5902	1
40.769234972677594	2637	1
40.781748633879786	2050	1
40.80098360655738	6283	1
40.80502732240437	8677	1
40.80710382513661	416	1
40.83163934426229	9206	1
40.86814207650273	5304	1
40.90573770491803	6574	1
40.91535519125683	9728	1
40.93573770491803	8395	1
40.93841530054645	8016	1
40.93928961748634	6075	1
40.93945355191257	3550	1
40.94153005464481	3049	1
40.96530054644809	2916	1
40.99639344262295	9906	1
41.002131147540986	2555	1
41.01502732240437	2223	1
41.01983606557377	6809	1
41.0396174863388	5184	1
41.07497267759563	8174	1
41.088797814207645	7559	1
41.092568306010925	8014	1
41.10174863387978	6936	1
41.16704918032787	229	1
41.167431693989066	9406	1
41.16770491803278	6802	1
41.1679781420765	8546	1
41.19087431693989	5088	1
41.198907103825135	7999	1
41.21989071038251	2127	1
41.30043715846995	7373	1
41.30043715846995	957	1
41.305628415300546	1478	1
41.32967213114754	1673	1
41.33404371584699	4245	1
41.33639344262295	2157	1
41.33868852459017	7563	1
41.33928961748634	2215	1
41.3468306010929	8873	1
41.35584699453552	7899	1
41.356830601092895	2981	1
41.39251366120219	6888	1
41.404426229508196	6251	1
41.41191256830601	2056	1
41.42502732240437	4719	1
41.42693989071038	3413	1
41.488579234972676	4262	1
41.48907103825137	1020	1
41.49781420765027	4776	1
41.51502732240437	9527	1
41.52098360655738	1939	1
41.52431693989071	4046	1
41.526448087431696	4403	1
41.54382513661202	4963	1
41.54841530054645	9674	1
41.550765027322406	5091	1
41.59398907103825	830	1
41.60437158469945	8922	1
41.61224043715846	2133	1
41.61612021857923	2166	1
41.623715846994536	4055	1
41.66213114754098	6362	1
41.66606557377049	2731	1
41.68333333333333	8244	1
41.703770491803276	2084	1
41.704098360655735	3787	1
41.72065573770492	8207	1
41.72256830601093	5777	1
41.73136612021858	1378	1
41.7316393442623	862	1
41.74262295081967	7536	1
41.74366120218579	8208	1
41.75448087431694	3094	1
41.769180327868845	2113	1
41.79901639344262	5480	1
41.80426229508196	2378	1
41.815628415300544	3421	1
41.838196721311476	4166	1
41.85191256830601	8293	1
41.853387978142074	9894	1
41.874754098360654	8664	1
41.886010928961745	2564	1
41.91650273224044	2238	1
41.92224043715847	4411	1
41.928360655737706	655	1
41.96530054644809	8611	1
41.97153005464481	1428	1
41.988524590163934	3963	1
41.99300546448087	8487	1
42.004262295081965	8709	1
42.01153005464481	5011	1
42.012896174863386	2836	1
42.02234972677595	5995	1
42.03404371584699	9008	1
42.03420765027322	3078	1
42.034590163934425	8995	1
42.046994535519126	4120	1
42.048797814207646	9538	1
42.07295081967214	4566	1
42.11158469945355	8875	1
42.16573770491804	4115	1
42.26639344262295	731	1
42.27360655737705	2090	1
42.315628415300544	2122	1
42.33076502732241	8213	1
42.33579234972677	4116	1
42.33989071038251	6639	1
42.34229508196721	6242	1
42.34693989071039	3834	1
42.367704918032786	483	1
42.3724043715847	5172	1
42.3796174863388	1498	1
42.411475409836065	5025	1
42.43513661202186	6966	1
42.472076502732236	7402	1
42.47524590163934	3475	1
42.50103825136612	1118	1
42.51043715846995	9918	1
42.51366120218579	1668	1
42.52081967213115	1236	1
42.52540983606558	3677	1
42.52590163934426	3865	1
42.54420765027323	8441	1
42.55863387978142	6615	1
42.584754098360655	3354	1
42.58945355191257	886	1
42.58972677595629	6290	1
42.603060109289615	7544	1
42.621420765027324	2450	1
42.636448087431695	3400	1
42.650546448087425	2338	1
42.6692349726776	5151	1
42.67770491803278	3933	1
42.68142076502732	1533	1
42.69306010928962	9509	1
42.70568306010929	2816	1
42.72169398907104	5004	1
42.75934426229508	8657	1
42.768469945355186	1072	1
42.78896174863388	8019	1
42.80994535519125	4721	1
42.83901639344263	4045	1
42.849672131147535	4377	1
42.870983606557374	4248	1
42.90568306010929	2273	1
42.915628415300546	3951	1
42.922732240437156	3223	1
42.96453551912568	1722	1
42.98049180327869	4657	1
42.98879781420765	5489	1
42.990054644808744	2838	1
42.99497267759563	1208	1
42.99814207650273	8522	1
43.00639344262295	2070	1
43.04693989071038	9362	1
43.06814207650273	1486	1
43.11612021857923	5562	1
43.1179781420765	7743	1
43.13950819672131	7648	1
43.14846994535519	4804	1
43.150983606557375	6826	1
43.19234972677596	6532	1
43.21409836065573	5787	1
43.21459016393443	6132	1
43.22573770491803	8851	1
43.242349726775956	4493	1
43.24535519125683	9579	1
43.24622950819673	6609	1
43.2607650273224	3453	1
43.27360655737705	7978	1
43.27508196721311	1625	1
43.28693989071038	5460	1
43.329508196721314	621	1
43.332513661202185	8017	1
43.339562841530054	1914	1
43.3431693989071	9143	1
43.35142076502732	2811	1
43.36819672131147	5695	1
43.3724043715847	318	1
43.4060655737705	5119	1
43.40639344262295	872	1
43.40748633879781	860	1
43.413278688524585	7769	1
43.4203825136612	4528	1
43.436174863387976	9513	1
43.44715846994536	6365	1
43.447377049180325	1689	1
43.4491256830601	772	1
43.4520218579235	2142	1
43.45213114754098	9522	1
43.47229508196721	8224	1
43.48010928961749	1831	1
43.48158469945355	5603	1
43.485519125683055	2844	1
43.49131147540983	4496	1
43.49857923497268	6250	1
43.52098360655738	3648	1
43.551092896174865	3228	1
43.55562841530054	1682	1
43.5568306010929	2368	1
43.56622950819672	5414	1
43.56628415300546	5771	1
43.59043715846994	4371	1
43.611748633879785	6645	1
43.62010928961749	4497	1
43.640928961748635	5917	1
43.66284153005464	3566	1
43.675737704918035	4802	1
43.682021857923495	9229	1
43.706010928961746	6634	1
43.72038251366121	8147	1
43.72863387978142	9443	1
43.729180327868846	5591	1
43.74579234972677	9847	1
43.762896174863386	9416	1
43.77027322404372	785	1
43.77333333333333	214	1
43.775300546448086	7993	1
43.79693989071038	8883	1
43.79907103825136	5463	1
43.80060109289618	2024	1
43.806338797814206	2672	1
43.80950819672131	6564	1
43.81142076502732	7143	1
43.83245901639344	7511	1
43.85568306010929	3170	1
43.85781420765028	2861	1
43.86136612021858	5790	1
43.86748633879782	1136	1
43.86830601092896	8419	1
43.879672131147544	6307	1
43.881475409836064	8374	1
43.89546448087432	1470	1
43.900983606557375	9014	1
43.91655737704918	1942	1
43.92912568306011	7168	1
43.945136612021855	8625	1
43.94863387978142	3399	1
44.00349726775956	2651	1
44.00846994535519	8557	1
44.02010928961749	3596	1
44.03617486338798	3216	1
44.042021857923494	7890	1
44.080601092896174	5557	1
44.09437158469946	6297	1
44.10404371584699	8001	1
44.121420765027324	4853	1
44.13218579234972	8406	1
44.138688524590165	277	1
44.1436612021858	5375	1
44.19530054644809	4296	1
44.22928961748634	6320	1
44.27021857923497	2410	1
44.27349726775956	5059	1
44.30502732240437	7554	1
44.35071038251366	3513	1
44.36672131147541	7276	1
44.3731693989071	9763	1
44.38169398907104	6305	1
44.39437158469945	6765	1
44.40010928961748	9435	1
44.419398907103826	6044	1
44.420054644808744	8815	1
44.42972677595628	345	1
44.449016393442626	3493	1
44.46213114754098	7564	1
44.493114754098364	9842	1
44.50562841530054	3492	1
44.509508196721306	410	1
44.51464480874317	8661	1
44.5212568306011	5034	1
44.53163934426229	8181	1
44.535027322404375	5898	1
44.53863387978142	5000	1
44.53874316939891	9714	1
44.543989071038254	4254	1
44.57535519125683	3311	1
44.57606557377049	3867	1
44.57978142076503	9496	1
44.59398907103825	2567	1
44.61415300546448	6581	1
44.616174863387975	7357	1
44.61868852459016	8891	1
44.631967213114756	2195	1
44.640546448087434	2058	1
44.640928961748635	311	1
44.65573770491803	4327	1
44.65846994535519	2619	1
44.68311475409836	4163	1
44.684043715847	7464	1
44.68535519125683	7193	1
44.71109289617486	755	1
44.71142076502732	4577	1
44.715409836065575	3592	1
44.72765027322404	1617	1
44.73590163934426	2393	1
44.74218579234972	6611	1
44.75071038251366	5822	1
44.76229508196721	4332	1
44.77010928961749	6423	1
44.77021857923497	2318	1
44.812568306010924	2607	1
44.81289617486339	3328	1
44.83147540983607	1573	1
44.8555737704918	8195	1
44.86213114754098	7041	1
44.87841530054645	8249	1
44.911912568306015	1554	1
44.91907103825136	8292	1
44.964262295081966	7684	1
44.97693989071038	7411	1
44.98306010928962	5572	1
44.98513661202186	1210	1
44.994590163934426	9532	1
45.00098360655738	9404	1
45.00327868852459	3407	1
45.01032786885246	8240	1
45.01464480874317	2602	1
45.02311475409836	5763	1
45.05382513661202	8412	1
45.054426229508195	6914	1
45.05568306010929	2661	1
45.05983606557377	8227	1
45.09857923497268	7601	1
45.11863387978142	1931	1
45.16366120218579	7760	1
45.17726775956284	4274	1
45.22934426229508	7817	1
45.23360655737705	5298	1
45.23382513661202	5532	1
45.250874316939885	2333	1
45.31748633879781	7805	1
45.366284153005466	1513	1
45.38896174863388	9807	1
45.39508196721311	8791	1
45.39513661202186	3937	1
45.41125683060109	6021	1
45.452622950819666	1356	1
45.454480874316936	4477	1
45.4603825136612	9427	1
45.48163934426229	1614	1
45.496393442622946	8570	1
45.49918032786886	1686	1
45.511092896174866	1044	1
45.58185792349727	2354	1
45.5944262295082	2955	1
45.600819672131145	3736	1
45.640928961748635	1948	1
45.65644808743169	3035	1
45.66027322404371	1409	1
45.674207650273225	8960	1
45.686994535519126	9752	1
45.700437158469946	3624	1
45.75060109289617	5757	1
45.756120218579234	6130	1
45.763606557377045	9191	1
45.778688524590166	4211	1
45.78617486338798	2520	1
45.78748633879781	1483	1
45.79617486338798	7834	1
45.841967213114756	3970	1
45.884590163934426	4798	1
45.904644808743164	4472	1
45.93486338797815	2579	1
45.93792349726776	7019	1
45.944371584699454	7599	1
45.95398907103825	313	1
45.974043715846996	6471	1
46.000163934426226	3523	1
46.00371584699454	18	1
46.00557377049181	5493	1
46.01207650273224	4934	1
46.01950819672131	9741	1
46.079562841530056	2095	1
46.14185792349727	5321	1
46.14628415300547	4375	1
46.160054644808746	6571	1
46.16693989071038	3338	1
46.17054644808743	190	1
46.21890710382514	602	1
46.24633879781421	2485	1
46.25158469945355	8356	1
46.254699453551915	488	1
46.29038251366121	3397	1
46.30010928961749	912	1
46.316338797814204	7791	1
46.34967213114754	6985	1
46.360218579234974	6479	1
46.37142076502732	6530	1
46.37393442622951	7231	1
46.376338797814206	162	1
46.3824043715847	5574	1
46.40535519125683	8911	1
46.41081967213115	2501	1
46.41196721311476	7945	1
46.46191256830601	3460	1
46.49300546448087	8308	1
46.50043715846994	2649	1
46.522622950819674	1155	1
46.54448087431694	6606	1
46.55016393442622	7679	1
46.557049180327866	2849	1
46.558306010928966	9535	1
46.608360655737705	58	1
46.63579234972678	6498	1
46.66125683060109	5852	1
46.67289617486339	8176	1
46.68071038251366	7716	1
46.6848087431694	1536	1
46.69901639344262	3078	0
46.72890710382514	5509	1
46.733442622950825	7055	1
46.745956284153	6027	1
46.75628415300547	1423	1
46.78021857923497	1766	1
46.78912568306011	3395	1
46.80912568306011	7512	1
46.83377049180328	2782	1
46.84027322404371	6359	1
46.862513661202186	3806	1
46.87508196721311	7935	1
46.88737704918033	8491	1
46.88879781420765	3110	1
46.90196721311476	5845	1
46.9064480874317	3229	1
46.90650273224043	6092	1
46.90792349726776	2199	1
46.92054644808743	1664	1
46.9651912568306	9521	1
46.973661202185795	7129	1
46.987103825136614	8163	1
46.996448087431695	5128	1
47.007322404371585	5619	1
47.01901639344263	6911	1
47.02841530054645	9103	1
47.04185792349727	9089	1
47.04622950819672	2405	1
47.05808743169399	2184	1
47.083661202185795	8067	1
47.102021857923496	687	1
47.107158469945354	8400	1
47.132349726775956	6204	1
47.14196721311475	2417	1
47.16393442622951	4259	1
47.17142076502732	4737	1
47.18415300546447	5835	1
47.18491803278689	4777	1
47.2163387978142	2263	1
47.2196174863388	8622	1
47.29420765027322	163	1
47.304043715846994	4261	1
47.30907103825137	9563	1
47.31486338797814	900	1
47.32043715846995	3417	1
47.32196721311475	8605	1
47.33792349726775	2537	1
47.35590163934426	9084	1
47.367213114754094	7595	1
47.372513661202184	7086	1
47.402131147540985	5218	1
47.418961748633876	7416	1
47.43819672131147	8806	1
47.461967213114754	2562	1
47.46224043715847	9220	1
47.46245901639344	5631	1
47.47601092896175	8981	1
47.487103825136614	6597	1
47.51956284153005	7645	1
47.52650273224043	5072	1
47.55131147540983	9991	1
47.57191256830601	4286	1
47.58387978142077	2064	1
47.58879781420765	1077	1
47.60934426229508	8843	1
47.6211475409836	6670	1
47.63098360655737	2400	1
47.633060109289616	1497	1
47.63737704918033	3514	1
47.65573770491803	4656	1
47.66612021857924	6541	1
47.671530054644805	9401	1
47.682459016393445	7621	1
47.693333333333335	8204	1
47.722513661202186	1708	1
47.73245901639344	9439	1
47.737759562841525	3891	1
47.744535519125684	5386	1
47.74994535519126	1477	1
47.76617486338798	4957	1
47.78622950819672	3580	1
47.813060109289616	8691	1
47.82513661202186	5504	1
47.835956284153006	7566	1
47.851256830601095	4492	1
47.8724043715847	5488	1
47.87584699453552	7718	1
47.88229508196721	4868	1
47.887158469945355	3487	1
47.9120218579235	7906	1
47.92672131147541	232	1
47.937923497267754	8169	1
47.93890710382514	9456	1
47.95459016393443	4097	1
47.99912568306011	979	1
48.03005464480874	3113	1
48.09169398907103	4021	1
48.106502732240436	1515	1
48.110163934426225	139	1
48.1320218579235	6273	1
48.13442622950819	2121	1
48.15448087431694	2348	1
48.17967213114754	9157	1
48.179890710382516	5429	1
48.216557377049185	6487	1
48.22426229508197	951	1
48.241584699453554	2524	1
48.24273224043716	964	1
48.24846994535519	6886	1
48.25524590163934	3929	1
48.262950819672135	1841	1
48.268524590163935	2352	1
48.275683060109294	5879	1
48.28054644808743	8050	1
48.29382513661202	7209	1
48.30087431693989	5534	1
48.31289617486338	5191	1
48.31551912568305	8380	1
48.320163934426226	9518	1
48.32825136612021	1455	1
48.33464480874317	3855	1
48.35464480874317	4822	1
48.37612021857924	4042	1
48.380874316939895	7301	1
48.38114754098361	5242	1
48.39622950819672	8277	1
48.41803278688525	1395	1
48.43306010928962	4757	1
48.437322404371585	7757	1
48.4827868852459	1076	1
48.484426229508195	2616	1
48.496120218579236	9114	1
48.503989071038255	3080	1
48.54825136612022	3027	1
48.57027322404371	1684	1
48.570874316939886	9108	1
48.589617486338796	491	1
48.59732240437158	2724	1
48.59885245901639	2858	1
48.599016393442625	2106	1
48.60218579234972	1637	1
48.613989071038255	7072	1
48.642021857923496	7521	1
48.64830601092896	4997	1
48.670819672131145	9153	1
48.68147540983607	9684	1
48.68934426229508	1781	1
48.69043715846995	4226	1
48.69704918032787	4661	1
48.70327868852459	4899	1
48.7079781420765	6285	1
48.73213114754098	2266	1
48.76426229508197	6526	1
48.7803825136612	689	1
48.788032786885246	2098	1
48.792076502732236	3857	1
48.79748633879782	9968	1
48.80021857923497	281	1
48.81486338797814	7232	1
48.82502732240437	8276	1
48.854590163934425	8805	1
48.85530054644809	5152	1
48.860983606557376	4748	1
48.86557377049181	1174	1
48.868415300546445	1288	1
48.903551912568304	8047	1
48.9251912568306	5363	1
48.965956284153	3490	1
48.96830601092896	8957	1
48.97224043715847	4536	1
48.98939890710382	5378	1
49.03513661202186	5535	1
49.046939890710384	2455	1
49.0703825136612	7466	1
49.08273224043715	5440	1
49.09245901639344	6249	1
49.09535519125683	9572	1
49.09808743169399	202	1
49.10781420765027	4449	1
49.116502732240434	4620	1
49.12459016393443	5347	1
49.130054644808745	8955	1
49.17300546448087	9219	1
49.17322404371585	38	1
49.17879781420765	4681	1
49.18830601092896	3432	1
49.21103825136612	3547	1
49.23174863387978	8473	1
49.23234972677596	4092	1
49.2335519125683	3674	1
49.25218579234973	4137	1
49.28404371584699	6736	1
49.287267759562845	9726	1
49.30295081967213	6713	1
49.31109289617486	8700	1
49.32945355191257	2599	1
49.33792349726776	8284	1
49.34153005464481	7915	1
49.36229508196721	820	1
49.376229508196715	5564	1
49.376721311475414	7196	1
49.38377049180328	9483	1
49.406666666666666	8246	1
49.40945355191256	5268	1
49.414098360655736	6904	1
49.42486338797814	8194	1
49.427595628415304	8495	1
49.43398907103825	5500	1
49.44901639344262	7547	1
49.45322404371584	1050	1
49.455737704918036	4537	1
49.46191256830601	5681	1
49.524808743169395	3664	1
49.53218579234973	541	1
49.53295081967213	1794	1
49.549562841530054	1312	1
49.554426229508195	2060	1
49.56256830601093	7971	1
49.56415300546448	3411	1
49.57251366120219	3002	1
49.575956284153	6901	1
49.591147540983606	4249	1
49.61180327868852	9152	1
49.62573770491803	4805	1
49.62792349726776	315	1
49.632349726775956	1278	1
49.635191256830595	9062	1
49.63879781420765	9677	1
49.649071038251364	4074	1
49.65338797814207	5738	1
49.66081967213115	9223	1
49.6631693989071	5891	1
49.66508196721311	5580	1
49.66540983606557	9350	1
49.66546448087432	7620	1
49.688797814207646	4596	1
49.6927868852459	7927	1
49.693661202185794	8545	1
49.69715846994535	1145	1
49.7072131147541	5820	1
49.71557377049181	4974	1
49.71857923497267	7514	1
49.724699453551914	3897	1
49.7324043715847	6010	1
49.777540983606556	3371	1
49.78032786885246	8589	1
49.8251912568306	3091	1
49.83218579234972	233	1
49.83989071038251	1242	1
49.84502732240437	5538	1
49.85524590163934	6484	1
49.89519125683061	5227	1
49.898087431693995	2004	1
49.90453551912568	1265	1
49.91770491803278	2943	1
49.920928961748636	1063	1
49.93584699453552	4694	1
49.94846994535519	2574	1
49.95103825136612	3037	1
49.95180327868852	9225	1
49.95333333333333	3816	1
49.98672131147541	7736	1
49.98983606557377	4353	1
50.0172131147541	7383	1
50.03153005464481	454	1
50.036448087431694	3707	1
50.05934426229508	8092	1
50.07158469945355	3626	1
50.07453551912569	4983	1
50.07491803278688	8988	1
50.08344262295082	2201	1
50.11584699453552	6896	1
50.12071038251366	2302	1
50.12087431693989	8049	1
50.15896174863388	942	1
50.16	122	1
50.18907103825136	4083	1
50.2	7376	1
50.20814207650273	2971	1
50.21590163934426	9587	1
50.21661202185793	664	1
50.224754098360656	5983	1
50.25349726775956	3066	1
50.30273224043716	6602	1
50.30655737704918	7431	0
50.34437158469945	1108	1
50.37311475409836	425	1
50.42398907103825	5486	1
50.42584699453552	7519	1
50.44967213114754	2262	1
50.46453551912568	4035	1
50.49617486338798	8697	1
50.50021857923497	9030	1
50.51617486338798	6909	1
50.523715846994534	7315	1
50.53661202185792	8534	1
50.54693989071038	270	1
50.56540983606557	3134	1
50.57590163934426	8405	1
50.58245901639344	1737	1
50.58344262295082	7753	1
50.62306010928962	3249	1
50.63535519125683	4488	1
50.63628415300546	5021	1
50.637103825136606	5186	1
50.6403825136612	9638	1
50.64699453551913	6835	1
50.6520218579235	3468	1
50.65497267759563	4256	1
50.70234972677596	8550	1
50.726612021857925	2152	1
50.73825136612022	9854	1
50.73950819672131	5691	1
50.74142076502732	8038	1
50.755792349726775	5610	1
50.80054644808743	9596	1
50.8075956284153	8122	1
50.8435519125683	8209	1
50.855355191256834	7741	1
50.857158469945354	6629	1
50.864972677595624	646	1
50.88590163934426	3703	1
50.909617486338796	2222	1
50.914043715846994	6919	1
50.915245901639345	7506	1
50.92071038251366	490	1
50.92792349726776	9616	1
50.94672131147541	48	1
50.94928961748634	4220	1
50.958196721311474	2643	1
50.97153005464481	8814	1
50.99431693989071	7497	1
51.000601092896176	5442	1
51.00535519125683	9066	1
51.01879781420765	2895	1
51.020327868852455	6230	1
51.0231693989071	3013	1
51.02502732240437	3708	1
51.03688524590164	1865	1
51.069016393442624	2891	1
51.1083606557377	7067	1
51.11442622950819	3852	1
51.122185792349725	7413	1
51.130054644808745	2772	1
51.13295081967213	9878	1
51.135956284153	2261	1
51.136393442622946	6164	1
51.137540983606556	2999	1
51.165846994535514	563	1
51.18267759562842	7091	1
51.193715846994536	8985	1
51.1975956284153	5366	1
51.20234972677596	4982	1
51.21989071038251	5490	1
51.22196721311476	4687	1
51.22710382513661	6348	1
51.23431693989071	7616	1
51.24169398907104	1113	1
51.250491803278685	9631	1
51.25901639344262	8952	1
51.27065573770492	2006	1
51.27431693989071	6017	1
51.27715846994535	1141	1
51.30021857923497	6455	1
51.30459016393442	9168	1
51.322841530054646	3122	1
51.333278688524594	7804	1
51.33677595628415	4310	1
51.34606557377049	4470	1
51.35174863387978	3278	1
51.36377049180328	3283	1
51.36513661202186	8807	1
51.36928961748634	1862	1
51.372896174863385	2092	1
51.37950819672131	7917	1
51.40672131147541	9423	1
51.421584699453554	3529	1
51.42322404371584	457	1
51.42415300546448	2605	1
51.43573770491803	4494	1
51.448087431693985	9617	1
51.451475409836064	2179	1
51.46748633879782	802	1
51.470601092896175	2444	1
51.480273224043714	5863	1
51.48306010928962	1629	1
51.515901639344264	7787	1
51.51672131147541	4243	1
51.52628415300546	2734	1
51.53775956284153	7167	1
51.54606557377049	7615	1
51.56147540983606	405	1
51.584754098360655	1785	1
51.58792349726776	3802	1
51.59207650273224	8269	1
51.59661202185792	5122	1
51.61775956284153	6937	1
51.625956284153006	5028	1
51.63021857923498	1906	1
51.6468306010929	3790	1
51.65016393442623	164	1
51.67245901639344	5080	1
51.6735519125683	6542	1
51.68049180327869	8291	1
51.70562841530055	3752	1
51.70879781420765	8128	1
51.70989071038251	176	1
51.71027322404372	7742	1
51.738196721311475	1418	1
51.74393442622951	5469	1
51.75054644808743	1279	1
51.753442622950814	6452	1
51.76087431693989	1764	1
51.785792349726776	4507	1
51.7983606557377	1336	1
51.83	3303	1
51.83497267759563	5288	1
51.83513661202186	5318	1
51.87825136612022	3415	1
51.88054644808743	7383	0
51.88289617486338	2606	1
51.887595628415305	7389	1
51.89043715846994	4885	1
51.89639344262295	5776	1
51.89808743169399	3288	1
51.92590163934426	6150	1
51.926830601092895	5734	1
51.948524590163935	3067	1
51.964590163934425	5216	1
51.98213114754098	1272	1
52.00573770491803	792	1
52.006120218579234	7827	1
52.02081967213115	3549	1
52.02437158469945	1867	1
52.024863387978144	6849	1
52.042021857923494	3938	1
52.042513661202186	9927	1
52.05420765027323	248	1
52.07562841530055	9661	1
52.07710382513661	3015	1
52.10043715846995	9139	1
52.10136612021858	8436	1
52.10218579234973	7675	1
52.10442622950819	4213	1
52.11754098360656	183	1
52.11863387978142	6326	1
52.11928961748634	8590	1
52.124153005464485	7296	1
52.12661202185792	9180	1
52.13065573770492	9045	1
52.132950819672125	661	1
52.13453551912568	5877	1
52.142732240437155	9636	1
52.165956284153005	996	1
52.1775956284153	3711	1
52.17956284153006	1115	1
52.18819672131148	9123	1
52.19617486338798	284	1
52.20568306010929	4305	1
52.222076502732236	166	1
52.233005464480875	3317	1
52.23803278688525	1247	1
52.23808743169399	564	1
52.24622950819672	366	1
52.255464480874316	195	1
52.25879781420765	7831	1
52.26704918032787	3534	1
52.27617486338798	9639	1
52.29054644808743	6681	1
52.297431693989076	6081	1
52.30054644808743	5220	1
52.33409836065574	2908	1
52.349398907103826	1281	1
52.37311475409836	572	1
52.387486338797814	8394	1
52.394590163934424	5377	1
52.40049180327869	2446	1
52.40502732240437	4800	1
52.40721311475409	8672	1
52.40726775956284	5819	1
52.412622950819674	1954	1
52.42311475409836	1788	1
52.43535519125683	3436	1
52.44327868852459	590	1
52.44338797814208	6520	1
52.44978142076503	486	1
52.45060109289618	8230	1
52.45393442622951	2208	1
52.45497267759563	4172	1
52.47103825136612	3396	1
52.479672131147545	5578	1
52.51316939890711	9718	1
52.51978142076502	6674	1
52.530546448087435	7033	1
52.546612021857925	2384	1
52.55469945355191	9140	1
52.568688524590165	1966	1
52.58153005464481	9451	1
52.58202185792349	4336	1
52.60404371584699	3339	1
52.61158469945355	9804	1
52.645792349726776	1120	1
52.65688524590164	9855	1
52.660000000000004	4244	1
52.67344262295082	6779	1
52.683879781420764	1508	1
52.714262295081966	8068	1
52.72273224043716	4272	1
52.72486338797814	5960	1
52.72612021857923	6767	1
52.74928961748633	6400	1
52.76005464480874	8326	1
52.763224043715844	5287	1
52.76661202185792	9418	1
52.76934426229508	1780	1
52.77284153005464	4157	1
52.790928961748634	6667	1
52.801092896174865	1352	1
52.802896174863385	528	1
52.80535519125683	2913	1
52.81950819672131	8552	1
52.84169398907104	9287	1
52.85054644808743	9088	1
52.862404371584695	275	1
52.89770491803278	8832	1
52.90207650273224	6459	1
52.90229508196721	8766	1
52.920109289617486	7240	1
52.93606557377049	641	1
52.937322404371585	9428	1
52.93852459016394	4878	1
52.98344262295082	4829	1
52.992677595628415	3517	1
52.99956284153005	3363	1
53.00699453551913	6785	1
53.02830601092896	8254	1
53.03530054644809	5396	1
53.03885245901639	5825	1
53.0444262295082	2449	1
53.06874316939891	9391	1
53.07371584699453	1598	1
53.09710382513661	402	1
53.10672131147541	370	1
53.11016393442623	5949	1
53.11147540983607	2295	1
53.118415300546445	2791	1
53.11978142076502	199	1
53.129726775956286	1445	1
53.143879781420765	6873	1
53.16612021857924	585	1
53.23726775956284	1940	1
53.24464480874317	640	1
53.24901639344262	9179	1
53.26918032786885	291	1
53.27661202185793	7752	1
53.28098360655738	2037	1
53.332131147540984	4414	1
53.3439344262295	507	1
53.36819672131147	8098	1
53.4011475409836	2082	1
53.41382513661202	6997	1
53.417759562841525	8282	1
53.4183606557377	4005	1
53.433114754098355	1433	1
53.44306010928961	4441	1
53.44415300546448	7088	1
53.45540983606558	5348	1
53.45803278688525	9113	1
53.46918032786885	2037	0
53.48387978142077	9382	1
53.51453551912568	9226	1
53.51912568306011	7634	1
53.52415300546448	6746	1
53.536502732240436	8115	1
53.55311475409836	235	1
53.56622950819672	5923	1
53.60169398907104	9620	1
53.60846994535519	5810	1
53.61027322404371	1633	1
53.62726775956284	3327	1
53.62754098360656	8379	1
53.64524590163934	9090	1
53.7024043715847	954	1
53.711584699453546	5682	1
53.717267759562844	8270	1
53.73240437158469	2995	1
53.73885245901639	6587	1
53.76551912568306	6962	1
53.76606557377049	6998	1
53.76868852459017	4278	1
53.78737704918033	1505	1
53.808907103825135	2370	1
53.8188524590164	3961	1
53.82633879781421	2559	1
53.84071038251366	5553	1
53.85568306010929	5736	1
53.8568306010929	3646	1
53.866994535519126	8430	1
53.90426229508197	6378	1
53.905081967213114	5445	1
53.91622950819672	7060	1
53.920819672131145	7930	1
53.92590163934427	5039	1
53.94065573770492	8973	1
53.94863387978142	1699	1
53.966065573770486	9110	1
53.97081967213114	5464	1
53.985628415300546	1555	1
53.988633879781425	4068	1
53.98978142076503	9121	1
53.9903825136612	1882	1
54.00633879781421	1238	1
54.02437158469945	6397	1
54.025628415300545	9697	1
54.043825136612014	6413	1
54.0451912568306	4615	1
54.054863387978145	203	1
54.06841530054645	8089	1
54.06956284153006	77	1
54.08601092896174	863	1
54.109180327868856	3093	1
54.13103825136612	1164	1
54.13109289617486	2688	1
54.182021857923495	5343	1
54.19010928961749	5309	1
54.19349726775956	7459	1
54.1964480874317	2491	1
54.19846994535519	7244	1
54.205519125683054	6324	1
54.205628415300545	6231	1
54.21224043715847	3124	1
54.269617486338795	4126	1
54.28327868852458	5005	1
54.294043715846996	5575	1
54.3331693989071	8178	1
54.3775956284153	6656	1
54.4075956284153	1350	1
54.40907103825136	7119	1
54.45972677595628	1250	1
54.49393442622951	1672	1
54.50005464480874	8897	1
54.524426229508194	6337	1
54.52486338797814	6286	1
54.52841530054645	2047	1
54.55513661202186	7137	1
54.56327868852459	4398	1
54.564590163934426	8521	1
54.5696174863388	7632	1
54.61377049180327	8472	1
54.6144262295082	2511	1
54.623224043715844	5432	1
54.63349726775956	7239	1
54.64262295081967	8079	1
54.65081967213115	8393	1
54.65136612021858	8787	1
54.67322404371585	8993	1
54.73387978142077	7850	1
54.76448087431694	0	1
54.76448087431694	4107	1
54.767759562841526	9199	1
54.775956284153004	174	1
54.77923497267759	9649	1
54.78032786885246	3129	1
54.780874316939894	1671	1
54.781967213114754	3878	1
54.785792349726776	9031	1
54.78633879781421	6870	1
54.79125683060109	4792	1
54.79562841530055	9144	1
54.802185792349725	923	1
54.80601092896175	8753	1
54.80710382513661	7217	1
54.8120218579235	121	1
54.81420765027322	5658	1
54.81475409836065	5652	1
54.81639344262295	1574	1
54.83005464480874	4724	1
54.840437158469946	7150	1
54.840437158469946	7011	1
54.84098360655738	7633	1
54.841530054644814	1353	1
54.84426229508196	4629	1
54.84590163934426	1199	1
54.857923497267755	3999	1
54.87540983606557	639	1
54.87814207650273	2761	1
54.87868852459017	4636	1
54.88360655737705	7779	1
54.88961748633879	7796	1
54.91311475409836	2893	1
54.91530054644809	3849	1
54.92131147540984	5993	1
54.92131147540984	3794	1
54.9224043715847	6710	1
54.93715846994535	5955	1
54.939890710382514	8608	1
54.950819672131146	6940	1
54.95956284153005	5621	1
54.96284153005465	7334	1
54.99726775956284	255	1
55.01202185792349	4017	1
55.021857923497265	1132	1
55.023497267759566	2780	1
55.02513661202185	5169	1
55.02732240437158	4109	1
55.03661202185792	6245	1
55.03715846994535	2350	1
55.042076502732236	4610	1
55.043169398907104	892	1
55.045901639344265	6528	1
55.0464480874317	4460	1
55.050273224043714	9378	1
55.06994535519126	2771	1
55.07486338797814	3292	1
55.08633879781421	8786	1
55.09836065573771	1339	1
55.10327868852459	9309	1
55.132240437158465	9097	1
55.13551912568306	905	1
55.144262295081965	7828	1
55.15300546448088	4717	1
55.161748633879775	3253	1
55.165573770491804	6407	1
55.18306010928962	479	1
55.18852459016394	1443	1
55.19180327868852	4123	1
55.20655737704919	5132	1
55.20874316939891	2205	1
55.21147540983607	9590	1
55.21147540983607	5737	1
55.21967213114754	5399	1
55.22131147540984	393	1
55.23497267759563	9599	1
55.236065573770496	1462	1
55.24699453551912	9931	1
55.26229508196721	1291	1
55.27049180327869	9308	1
55.275956284153004	1030	1
55.28142076502733	7319	1
55.28688524590164	5388	1
55.29453551912568	2915	1
55.2983606557377	7583	1
55.30163934426229	1589	1
55.306557377049174	1446	1
55.30983606557377	7457	1
55.31092896174864	2213	1
55.31584699453552	3635	1
55.31803278688525	9760	1
55.328415300546446	986	1
55.32950819672131	1119	1
55.34426229508196	5192	1
55.344808743169395	721	1
55.349726775956285	5506	1
55.35027322404372	4995	1
55.35792349726776	4960	1
55.36010928961748	7254	1
55.36229508196721	2144	1
55.36830601092896	5104	1
55.36939890710382	1928	1
55.375956284153006	9516	1
55.377049180327866	9138	1
55.3775956284153	1041	1
55.38633879781421	5542	1
55.4	8563	1
55.40382513661203	5285	1
55.40382513661203	6052	1
55.41584699453552	3776	1
55.4191256830601	3823	1
55.42622950819673	9296	1
55.431693989071036	1584	1
55.43879781420765	8248	1
55.4431693989071	9494	1
55.44644808743169	7024	1
55.45027322404371	2840	1
55.460109289617485	2112	1
55.46120218579235	941	1
55.471038251366124	6193	1
55.49071038251366	4867	1
55.5	6434	1
55.502732240437155	8143	1
55.505464480874316	8097	1
55.51530054644809	9850	1
55.52950819672131	5687	1
55.53060109289618	5872	1
55.534972677595626	4931	1
55.53551912568306	5963	1
55.53715846994535	6965	1
55.53934426229508	9147	1
55.555191256830604	3784	1
55.56666666666666	9260	1
55.571584699453545	8333	1
55.58142076502732	3152	1
55.58142076502732	9814	1
55.602732240437156	5121	1
55.60437158469945	3569	1
55.608743169398906	7626	1
55.60928961748633	2774	1
55.60928961748633	3011	1
55.61748633879781	8069	1
55.62404371584699	9484	1
55.64535519125683	2	1
