0.07453333333333333	9396	1
0.24613497267759563	1767	1
0.359003825136612	1105	1
0.3608606557377049	5952	1
0.39257868852459016	22	1
0.5209448087431694	8790	1
0.6320655737704918	5389	1
0.6520546448087432	8670	1
0.6526502732240438	4031	1
0.6846174863387978	7215	1
0.6882185792349726	8722	1
0.8403169398907104	8113	1
0.8476393442622951	7323	1
1.0437486338797815	3269	1
1.1095027322404372	321	1
1.1996666666666667	4968	1
1.2037431693989071	9804	1
1.2133224043715847	2510	1
1.2135300546448087	1487	1
1.2940765027322403	7789	1
1.3534043715846993	2609	1
1.445448087431694	2505	1
1.4529836065573771	5699	1
1.5044371584699454	8699	1
1.51724043715847	2481	1
1.53824043715847	1678	1
1.6079071038251367	3527	1
1.669672131147541	8239	1
1.7316666666666665	6301	1
1.8142732240437158	3199	1
1.8752732240437158	3742	1
2.01348087431694	9379	1
2.030989071038251	9240	1
2.0513879781420767	9942	1
2.109535519125683	3787	1
2.194153005464481	8332	1
2.288169398907104	2061	1
2.305896174863388	9863	1
2.3183934426229507	4023	1
2.386601092896175	7423	1
2.438792349726776	7034	1
2.439071038251366	148	1
2.456672131147541	6210	1
2.495573770491803	5668	1
2.6043879781420767	2293	1
2.6175956284153004	5245	1
2.6321803278688525	35	1
2.695655737704918	3609	1
2.8002295081967215	7064	1
2.8954972677595627	3220	1
2.9400601092896177	2453	1
2.9865956284153006	236	1
2.9985409836065573	1523	1
3.009125683060109	3718	1
3.0836120218579235	5681	1
3.1206666666666667	795	1
3.130464480874317	8755	1
3.1375956284153004	2760	1
3.1544043715846994	8548	1
3.1960109289617487	7014	1
3.2143387978142077	4398	1
3.2302076502732238	7669	1
3.2880327868852457	7700	1
3.4512732240437156	9052	1
3.583005464480874	8449	1
3.62696174863388	7327	1
3.68827868852459	1248	1
3.7051639344262295	8955	1
3.7316994535519123	9860	1
3.756377049180328	9495	1
3.802743169398907	8007	1
3.8071530054644804	2708	1
3.8538688524590166	1186	1
3.87151912568306	7819	1
3.885825136612022	221	1
3.9653278688524587	8979	1
3.9789016393442624	8746	1
3.983726775956284	2108	1
4.148125683060109	3129	1
4.2283387978142075	4947	1
4.273644808743169	1664	1
4.423967213114754	7133	1
4.457196721311475	169	1
4.495131147540984	449	1
4.570677595628415	4686	1
4.60263387978142	4503	1
4.603874316939891	2024	1
4.617491803278689	1390	1
4.6654262295081965	803	1
4.6839234972677595	2316	1
4.69327868852459	4298	1
4.719688524590164	2607	1
4.731819672131148	3290	1
4.857262295081967	3507	1
4.920754098360655	2506	1
4.927251366120219	2335	1
4.970956284153005	1892	1
5.0070382513661205	6926	1
5.019983606557377	3116	1
5.051928961748634	5849	1
5.078786885245902	9372	1
5.110147540983607	8281	1
5.111464480874317	6386	1
5.136054644808743	8094	1
5.167857923497268	9981	1
5.189814207650273	7322	1
5.220568306010929	8252	1
5.268846994535519	5897	1
5.27960655737705	6826	1
5.288978142076503	5782	1
5.296420765027323	4012	1
5.35411475409836	270	1
5.394814207650272	6406	1
5.429792349726776	6660	1
5.4325409836065575	585	1
5.440907103825136	7767	1
5.476229508196721	3192	1
5.5299453551912565	4861	1
5.533989071038251	7028	1
5.573934426229508	9831	1
5.576885245901639	9571	1
5.583879781420765	9849	1
5.587540983606558	7881	1
5.609781420765027	1671	1
5.689562841530055	8800	1
5.709726775956284	7203	1
5.791584699453551	3457	1
5.811311475409836	8929	1
5.866338797814208	1221	1
5.974972677595628	1682	1
6.005245901639344	5204	1
6.040054644808743	9086	1
6.084262295081968	3167	1
6.12743169398907	2122	1
6.132841530054645	4285	1
6.159781420765027	1584	1
6.172786885245901	3919	1
6.227158469945355	2584	1
6.234371584699454	4165	1
6.315136612021858	1353	1
6.3249180327868855	7604	1
6.353442622950819	2347	1
6.546666666666667	1256	1
6.598032786885247	9146	1
6.671857923497267	9103	1
6.6795081967213115	376	1
6.741475409836065	2751	1
6.7468306010928965	8828	1
6.765737704918032	5175	1
6.779398907103825	8659	1
6.781256830601093	8505	1
6.796065573770491	3786	1
6.826229508196721	1558	1
6.889071038251366	7613	1
7.066010928961748	7417	1
7.068087431693988	2761	1
7.121530054644809	3548	1
7.154371584699454	2057	1
7.154972677595628	3214	1
7.2277595628415305	1173	1
7.234754098360656	4670	1
7.250710382513661	1590	1
7.2545355191256835	3807	1
7.308087431693989	689	1
7.347540983606557	8309	1
7.416775956284153	1950	1
7.4598360655737705	3012	1
7.470327868852459	4806	1
7.472349726775956	2135	1
7.47775956284153	2205	1
7.486830601092896	3619	1
7.518415300546448	3642	1
7.527377049180328	2779	1
7.530437158469945	778	1
7.578251366120218	831	1
7.718579234972678	3159	1
7.734098360655738	9886	1
7.735409836065574	5742	1
7.7606557377049175	2042	1
7.799071038251366	4209	1
7.8100000000000005	143	1
7.866994535519126	4017	1
7.909508196721311	4552	1
7.927049180327869	6525	1
7.965136612021857	3720	1
7.980327868852459	8780	1
8.024918032786886	8655	1
8.062185792349727	664	1
8.06224043715847	3218	1
8.116120218579235	3628	1
8.137595628415301	7891	1
8.162841530054644	4571	1
8.18535519125683	268	1
8.21464480874317	7040	1
8.222950819672132	4116	1
8.256612021857924	5486	1
8.274863387978142	5509	1
8.27967213114754	7770	1
8.312185792349727	9817	1
8.32431693989071	6111	1
8.346338797814207	4566	1
8.387158469945355	9920	1
8.39830601092896	7119	1
8.416338797814207	4094	1
8.44224043715847	2610	1
8.506885245901639	7729	1
8.51224043715847	3529	1
8.55655737704918	9480	1
8.574863387978143	4894	1
8.576174863387978	6089	1
8.60191256830601	4522	1
8.60551912568306	1332	1
8.665464480874316	6480	1
8.685464480874316	3138	1
8.756994535519125	8806	1
8.77273224043716	466	1
8.833333333333332	4660	1
8.841857923497267	5036	1
8.847540983606558	807	1
8.914535519125684	5874	1
8.927540983606557	7800	1
8.968196721311475	2391	1
9.023989071038253	2750	1
9.050928961748633	3271	1
9.070601092896176	5425	1
9.083005464480873	5880	1
9.154262295081967	7436	1
9.23103825136612	9261	1
9.263497267759563	2608	1
9.273551912568305	8506	1
9.309836065573771	5995	1
9.33568306010929	885	1
9.338688524590163	4411	1
9.373224043715847	4295	1
9.419562841530055	3592	1
9.425464480874316	6079	1
9.42879781420765	4458	1
9.463278688524591	7954	1
9.470601092896176	1025	1
9.494426229508196	1934	1
9.502131147540982	7626	1
9.529781420765028	426	1
9.555956284153005	3690	1
9.58103825136612	5035	1
9.606830601092895	2700	1
9.612131147540984	4576	1
9.616830601092897	5836	1
9.641311475409836	4273	1
9.684262295081968	697	1
9.7251912568306	9003	1
9.772841530054643	1369	1
9.773224043715848	3061	1
9.796120218579235	2190	1
9.866939890710382	4716	1
9.99311475409836	5238	1
10.01016393442623	490	1
10.066885245901638	837	1
10.09983606557377	9315	1
10.119617486338798	2324	1
10.135355191256831	8983	1
10.175792349726777	7317	1
10.176284153005463	4021	1
10.178633879781419	2603	1
10.210437158469945	6927	1
10.302185792349727	3611	1
10.339836065573769	988	1
10.383551912568304	1981	1
10.438032786885246	7018	1
10.48502732240437	1416	1
10.489071038251366	4323	1
10.490819672131147	9661	1
10.522185792349728	1843	1
10.537978142076502	6339	1
10.549890710382513	6262	1
10.560874316939891	6270	1
10.580218579234971	542	1
10.589562841530055	1599	1
10.633278688524591	5826	1
10.641256830601094	5385	1
10.658743169398907	5384	1
10.665956284153005	17	1
10.730109289617486	9237	1
10.743060109289619	9640	1
10.856775956284153	7927	1
10.902896174863388	8015	1
10.95120218579235	6348	1
10.988415300546448	6991	1
11.012622950819672	7802	1
11.04896174863388	920	1
11.053114754098361	4553	1
11.062021857923497	6423	1
11.072459016393442	908	1
11.122513661202186	3915	1
11.198087431693988	6830	1
11.218032786885246	2404	1
11.218469945355192	7404	1
11.240382513661201	6116	1
11.259672131147541	6617	1
11.272131147540984	8057	1
11.315628415300546	4796	1
11.411420765027321	6577	1
11.41464480874317	7652	1
11.522295081967211	9630	1
11.532185792349726	403	1
11.547814207650273	6248	1
11.586229508196721	6199	1
11.648907103825136	1400	1
11.698907103825137	6698	1
11.725245901639344	8870	1
11.74207650273224	5746	1
11.749289617486339	9678	1
11.782021857923496	2932	1
11.789781420765026	3846	1
11.792513661202186	1504	1
11.825464480874317	7772	1
11.829071038251366	9140	1
11.898196721311475	6820	1
11.92087431693989	992	1
11.984098360655738	3155	1
12.004316939890709	123	1
12.036284153005465	6645	1
12.04	7963	1
12.065081967213114	1595	1
12.09377049180328	2424	1
12.113005464480874	6350	1
12.139890710382513	9277	1
12.15344262295082	3385	1
12.194426229508197	6776	1
12.264644808743169	2906	1
12.277158469945356	6558	1
12.283661202185792	5048	1
12.371147540983607	5214	1
12.40967213114754	3253	1
12.512459016393443	5739	1
12.562896174863388	8099	1
12.579890710382513	902	1
12.589125683060109	1206	1
12.663661202185793	3309	1
12.68103825136612	4886	1
12.702021857923498	4993	1
12.76120218579235	8847	1
12.768306010928962	7990	1
12.788415300546449	242	1
12.814754098360655	6848	1
12.816612021857923	3417	1
12.823224043715847	2692	1
12.82950819672131	6997	1
12.835245901639343	898	1
12.845792349726775	9627	1
12.917814207650274	5810	1
12.926612021857924	3473	1
12.969781420765027	9491	1
13.004754098360655	7761	1
13.031639344262294	6930	1
13.094590163934427	2849	1
13.147978142076502	757	1
13.169453551912568	2811	1
13.169836065573769	912	1
13.176284153005465	4304	1
13.204808743169398	9726	1
13.233387978142076	4770	1
13.282622950819672	8896	1
13.31655737704918	3276	1
13.359125683060109	5905	1
13.362349726775955	5107	1
13.3675956284153	9392	1
13.377650273224043	3834	1
13.388743169398907	758	1
13.393169398907103	8000	1
13.404863387978143	838	1
13.405191256830602	976	1
13.471803278688524	6721	1
13.490218579234972	163	1
13.531147540983605	7249	1
13.550218579234972	4710	1
13.563333333333333	7674	1
13.567704918032787	5606	1
13.574043715846996	6853	1
13.587704918032786	3190	1
13.610437158469946	7272	1
13.613551912568305	5126	1
13.656120218579236	4961	1
13.783333333333333	3658	1
13.786338797814208	8117	1
13.853989071038253	8644	1
13.86846994535519	5440	1
13.882349726775955	3930	1
13.890601092896175	7661	1
13.892295081967212	2756	1
13.979945355191257	2245	1
14.034426229508197	641	1
14.044262295081968	5947	1
14.061311475409836	3426	1
14.073387978142076	8662	1
14.10896174863388	9915	1
14.122786885245903	3473	0
14.181857923497269	9085	1
14.187650273224044	6272	1
14.21174863387978	3933	1
14.217486338797814	7087	1
14.29775956284153	4019	1
14.31295081967213	3156	1
14.327540983606557	9655	1
14.381584699453551	5254	1
14.430710382513661	3222	1
14.458524590163934	9817	0
14.464644808743168	4853	1
14.471967213114754	3702	1
14.49983606557377	2526	1
14.515792349726777	4367	1
14.572295081967214	6659	1
14.61071038251366	2	1
14.613715846994534	8616	1
14.614371584699452	4591	1
14.626338797814208	3148	1
14.62967213114754	8084	1
14.645300546448087	814	1
14.694644808743169	147	1
14.744972677595628	1329	1
14.7472131147541	3921	1
14.753060109289617	6711	1
14.774808743169398	1569	1
14.781256830601093	6181	1
14.809453551912567	4123	1
14.818852459016393	3751	1
14.850382513661202	1179	1
14.85087431693989	5099	1
14.893333333333333	198	1
14.896065573770493	3085	1
14.897267759562842	4762	1
14.902131147540985	3863	1
14.90448087431694	3827	1
14.907322404371584	2706	1
14.92814207650273	6370	1
14.933551912568305	6060	1
14.971475409836065	1743	1
14.978251366120217	1258	1
14.983551912568306	5235	1
14.98775956284153	625	1
14.989508196721312	5340	1
14.998579234972677	2344	1
15.004754098360655	9936	1
15.01224043715847	7303	1
15.016065573770492	92	1
15.030819672131148	132	1
15.037759562841531	2102	1
15.064426229508197	2860	1
15.065737704918032	7269	1
15.0924043715847	5520	1
15.095737704918031	9714	1
15.118579234972678	3566	1
15.123661202185792	4508	1
15.134535519125683	3947	1
15.142131147540985	9095	1
15.142295081967212	2999	1
15.142459016393444	230	1
15.161475409836065	6133	1
15.199180327868852	9471	1
15.205027322404373	4385	1
15.207486338797814	6814	1
15.215136612021857	9335	1
15.217868852459016	6376	1
15.218688524590164	2680	1
15.220710382513662	172	1
15.225792349726776	5132	1
15.231256830601094	8055	1
15.241311475409836	8823	1
15.249234972677595	8274	1
15.258196721311474	4108	1
15.265081967213115	3318	1
15.265628415300545	2833	1
15.282021857923498	4105	1
15.286830601092896	1150	1
15.287213114754097	8743	1
15.3024043715847	7564	1
15.321967213114753	6017	1
15.332131147540984	4727	1
15.332677595628414	394	1
15.339234972677595	5203	1
15.343715846994535	1545	1
15.345628415300546	266	1
15.359071038251365	3573	1
15.384098360655738	7137	1
15.387759562841529	517	1
15.41775956284153	2177	1
15.427158469945354	9583	1
15.439071038251367	3516	1
15.447923497267759	3303	1
15.46863387978142	2210	1
15.475683060109288	2361	1
15.498579234972677	8686	1
15.508469945355191	9402	1
15.510109289617485	5021	1
15.51174863387978	6190	1
15.527540983606558	8733	1
15.541584699453551	6491	1
15.554699453551912	4721	1
15.573114754098361	5566	1
15.584098360655737	539	1
15.594535519125683	8491	1
15.595464480874318	2742	1
15.628688524590164	4054	1
15.629781420765028	7184	1
15.646721311475408	5847	1
15.659234972677595	9249	1
15.665136612021858	6842	1
15.667103825136612	9806	1
15.67207650273224	1264	1
15.675519125683058	2852	1
15.67639344262295	7281	1
15.688852459016394	4236	1
15.688961748633881	5119	1
15.689781420765026	9383	1
15.711803278688524	2755	1
15.71726775956284	6475	1
15.770983606557376	4656	1
15.782185792349727	7409	1
15.78704918032787	5549	1
15.811420765027322	8493	1
15.812185792349727	5357	1
15.838415300546448	1698	1
15.844863387978142	9092	1
15.845628415300546	2591	1
15.847704918032788	9542	1
15.85311475409836	9421	1
15.881693989071037	6523	1
15.882896174863388	1796	1
15.899890710382513	4218	1
15.913060109289619	3537	1
15.982786885245902	5278	1
15.985136612021858	9984	1
15.997595628415299	7760	1
16.00655737704918	1529	1
16.010273224043715	3143	1
16.012076502732242	3596	1
16.015081967213114	3291	1
16.018142076502734	3681	1
16.043606557377046	2313	1
16.044098360655738	7854	1
16.062513661202185	2460	1
16.084754098360655	7901	1
16.091639344262294	3345	1
16.096612021857926	3684	1
16.11568306010929	5856	1
16.141857923497266	6915	1
16.14535519125683	6515	1
16.152513661202185	8257	1
16.163387978142076	5292	1
16.17120218579235	1769	1
16.225628415300548	5592	1
16.236612021857923	4489	1
16.257978142076503	3936	1
16.271584699453552	6605	1
16.287158469945354	1294	1
16.32021857923497	5554	1
16.339562841530054	2859	1
16.358579234972677	2704	1
16.369289617486338	9049	1
16.378743169398906	842	1
16.38792349726776	4476	1
16.41032786885246	2147	1
16.415136612021858	8382	1
16.438743169398908	1848	1
16.451639344262297	206	1
16.453497267759563	1663	1
16.470928961748633	6600	1
16.490819672131146	7545	1
16.522131147540982	1269	1
16.532185792349726	7476	1
16.533879781420765	9615	1
16.533934426229507	3765	1
16.53792349726776	1465	1
16.54617486338798	6022	1
16.54622950819672	1831	1
16.574098360655736	7218	1
16.578852459016392	4297	1
16.599453551912568	5719	1
16.605901639344264	6834	1
16.646120218579235	6439	1
16.654043715846996	9847	1
16.661857923497266	5241	1
16.671256830601095	4306	1
16.730983606557377	2633	1
16.73262295081967	4333	1
16.74584699453552	2940	1
16.757650273224044	2944	1
16.776502732240438	1461	1
16.783934426229507	6835	1
16.784426229508195	8704	1
16.784426229508195	7794	1
16.817322404371584	2546	1
16.82125683060109	5412	1
16.82879781420765	5022	1
16.853715846994536	3530	1
16.86	9429	1
16.865737704918033	7706	1
16.88065573770492	3993	1
16.931038251366118	4520	1
16.931038251366118	5843	1
16.943715846994536	1196	1
16.94830601092896	2866	1
16.98224043715847	9102	1
17.014754098360655	5887	1
17.023879781420764	9462	1
17.076448087431693	7053	1
17.080327868852457	7529	1
17.099508196721313	1120	1
17.115628415300545	8424	1
17.12737704918033	7442	1
17.163879781420764	7919	1
17.175081967213114	8653	1
17.178852459016394	8871	1
17.192677595628414	2227	1
17.24103825136612	5363	1
17.241147540983604	6188	1
17.268633879781422	7820	1
17.324043715846994	5858	1
17.33448087431694	3872	1
17.37032786885246	5747	1
17.382841530054645	6850	1
17.39207650273224	2890	1
17.39333333333333	5864	1
17.41125683060109	7192	1
17.429344262295082	9032	1
17.433333333333334	7762	1
17.477103825136613	9038	1
17.49224043715847	162	1
17.50032786885246	7260	1
17.51360655737705	5086	1
17.513879781420766	8098	1
17.517486338797816	5237	1
17.536448087431694	5853	1
17.55092896174863	8190	1
17.586666666666666	4852	1
17.591639344262294	1634	1
17.599234972677596	9527	1
17.607049180327866	8106	1
17.61398907103825	9455	1
17.637103825136613	9433	1
17.66	2459	1
17.672240437158468	2184	1
17.729234972677595	2899	1
17.730109289617484	5916	1
17.74486338797814	1405	1
17.74808743169399	5354	1
17.798579234972678	7170	1
17.798852459016395	1126	1
17.800218579234976	2454	1
17.8103825136612	8359	1
17.81792349726776	4543	1
17.822622950819675	7292	1
17.82469945355191	3319	1
17.833387978142078	6616	1
17.855792349726777	8006	1
17.857650273224042	9709	1
17.871693989071037	3011	1
17.896994535519127	7371	1
17.900710382513658	7711	1
17.91775956284153	7603	1
17.936612021857922	8131	1
17.949945355191257	8016	1
17.959071038251366	4687	1
17.96262295081967	5434	1
17.96896174863388	1624	1
17.994480874316938	784	1
18.005628415300546	1739	1
18.00912568306011	1250	1
18.01027322404372	4507	1
18.01213114754098	9509	1
18.0175956284153	6103	1
18.036830601092895	4240	1
18.079781420765027	7554	1
18.09486338797814	4521	1
18.094918032786886	8995	1
18.10295081967213	612	1
18.106830601092895	8685	1
18.107103825136612	8103	1
18.118196721311474	8337	1
18.11945355191257	8869	1
18.11972677595628	2338	1
18.14191256830601	4880	1
18.159890710382513	680	1
18.23464480874317	925	1
18.23486338797814	9554	1
18.238360655737704	9202	1
18.254262295081965	5717	1
18.273169398907104	8036	1
18.27469945355191	2073	1
18.291147540983605	3974	1
18.299726775956284	4493	1
18.301366120218578	9882	1
18.310109289617486	4407	1
18.310765027322404	4566	0
18.317540983606555	475	1
18.333224043715845	5548	1
18.334808743169397	6235	1
18.37792349726776	9104	1
18.39327868852459	9998	1
18.398196721311475	3394	1
18.40169398907104	2148	1
18.42153005464481	7013	1
18.426775956284153	2464	1
18.466393442622948	2296	1
18.483989071038252	6278	1
18.513770491803278	9330	1
18.525956284153008	1042	1
18.52863387978142	6761	1
18.53142076502732	9120	1
18.55311475409836	7183	1
18.569016393442624	9598	1
18.570273224043717	9504	1
18.602896174863385	9076	1
18.668688524590163	7162	1
18.67087431693989	8832	1
18.68912568306011	5062	1
18.69513661202186	7205	1
18.695792349726776	56	1
18.701147540983605	3627	1
18.70224043715847	8561	1
18.727486338797814	7872	1
18.72830601092896	5041	1
18.748579234972677	1214	1
18.77846994535519	4975	1
18.808579234972676	2442	1
18.83912568306011	2416	1
18.84584699453552	4286	1
18.887103825136613	3062	1
18.90606557377049	5781	1
18.917978142076503	5456	1
18.918688524590163	5582	1
18.932240437158473	8402	1
18.93229508196721	9931	1
18.93256830601093	2636	1
18.952568306010928	7726	1
18.96502732240437	179	1
18.984918032786886	9353	1
18.993169398907103	3927	1
19.011147540983607	1343	1
19.039398907103827	3590	1
19.040983606557376	7010	1
19.057759562841532	879	1
19.072786885245904	2980	1
19.074371584699456	61	1
19.079234972677597	5860	1
19.094535519125685	2942	1
19.117978142076502	322	1
19.12125683060109	5349	1
19.121475409836062	8022	1
19.12262295081967	8038	1
19.125628415300547	2427	1
19.164098360655736	4246	1
19.240327868852457	6259	1
19.248743169398907	5267	1
19.32688524590164	3322	1
19.34136612021858	9781	1
19.36617486338798	9355	1
19.399890710382515	4067	1
19.413606557377047	9055	1
19.41650273224044	1425	1
19.41765027322404	9189	1
19.45120218579235	7042	1
19.46054644808743	3154	1
19.47049180327869	2986	1
19.490163934426228	7166	1
19.541256830601093	3383	1
19.54377049180328	9340	1
19.562459016393444	3843	1
19.564699453551913	4445	1
19.568907103825136	769	1
19.579890710382514	6831	1
19.601912568306012	3795	1
19.64311475409836	2214	1
19.66950819672131	1687	1
19.68327868852459	8920	1
19.7127868852459	4661	1
19.722513661202186	53	1
19.72775956284153	658	1
19.73879781420765	4534	1
19.75120218579235	8212	1
19.756448087431693	8907	1
19.763715846994536	8157	1
19.81491803278689	9992	1
19.83311475409836	3126	1
19.858524590163935	5230	1
19.87054644808743	378	1
19.885081967213114	4268	1
19.939562841530055	8517	1
19.943224043715844	5754	1
19.944590163934425	5329	1
19.979726775956284	8307	1
20.005956284153005	1642	1
20.02415300546448	6048	1
20.02622950819672	1845	1
20.041967213114756	8232	1
20.060874316939888	5146	1
20.060928961748633	482	1
20.07262295081967	7563	1
20.09327868852459	413	1
20.108579234972677	8301	1
20.110491803278688	7467	1
20.11846994535519	2473	1
20.135792349726774	5812	1
20.163278688524592	6555	1
20.201092896174863	8172	1
20.220983606557375	6978	1
20.2296174863388	9253	1
20.24191256830601	8406	1
20.26327868852459	790	1
20.294863387978143	7816	1
20.297814207650273	1270	1
20.316338797814208	720	1
20.32808743169399	2158	1
20.334535519125684	1509	1
20.335409836065573	7897	1
20.344207650273226	1925	1
20.346502732240435	46	1
20.35573770491803	5844	1
20.367377049180327	8533	1
20.370710382513664	5759	1
20.384262295081967	6501	1
20.394535519125682	2482	1
20.39606557377049	2323	1
20.433715846994538	3772	1
20.47229508196721	4318	1
20.48087431693989	3128	1
20.48109289617486	7702	1
20.48792349726776	3636	1
20.490327868852457	7279	1
20.51754098360656	5145	1
20.522677595628416	2872	1
20.52912568306011	9170	1
20.53	864	1
20.53103825136612	4912	1
20.542185792349727	8540	1
20.551311475409836	9190	1
20.57054644808743	8708	1
20.573497267759564	8373	1
20.585245901639347	5830	1
20.588907103825136	9639	1
20.59207650273224	4396	1
20.59224043715847	8358	1
20.610163934426232	7434	1
20.61295081967213	3805	1
20.622732240437156	9319	1
20.624699453551912	4786	1
20.684754098360656	5522	1
20.688196721311474	8769	1
20.694098360655737	4962	1
20.69825136612022	2244	1
20.717540983606558	8525	1
20.719398907103823	4983	1
20.747049180327867	6554	1
20.758688524590163	2821	1
20.804699453551912	2076	1
20.808852459016393	3852	1
20.81710382513661	662	1
20.8372131147541	9083	1
20.87087431693989	4945	1
20.8924043715847	1913	1
20.920273224043715	7571	1
20.925792349726777	1717	1
20.951420765027322	9791	1
20.954918032786885	9827	1
20.96158469945355	9653	1
20.985792349726776	4551	1
21.010273224043715	7437	1
21.012513661202185	8305	1
21.077704918032786	9612	1
21.10573770491803	8020	1
21.110710382513663	6797	1
21.122513661202184	7446	1
21.15005464480874	5855	1
21.152185792349727	2166	1
21.176338797814207	6621	1
21.209398907103825	3430	1
21.228579234972678	2207	1
21.236065573770492	6041	1
21.27863387978142	4609	1
21.284371584699453	2867	1
21.286065573770493	1354	1
21.308579234972676	9576	1
21.321967213114753	3894	1
21.322021857923495	8041	1
21.355245901639343	751	1
21.35814207650273	1875	1
21.36934426229508	9727	1
21.3751912568306	2627	1
21.379234972677594	1111	1
21.384590163934426	2665	1
21.408196721311473	5327	1
21.435081967213115	3862	1
21.485956284153005	8852	1
21.507213114754098	7075	1
21.523169398907104	6795	1
21.550109289617485	1475	1
21.55792349726776	1049	1
21.567377049180326	3833	1
21.580000000000002	8355	1
21.596065573770492	1026	1
21.616393442622954	3081	1
21.62136612021858	7632	1
21.622076502732238	1194	1
21.639344262295083	3601	1
21.67852459016393	1614	1
21.689234972677596	2995	1
21.738196721311475	4805	1
21.773224043715846	3867	1
21.82021857923497	3821	1
21.822131147540983	7594	1
21.843333333333334	5134	1
21.884863387978143	8446	1
21.899781420765024	6874	1
21.91125683060109	7482	1
21.950000000000003	1789	1
21.95639344262295	6639	1
22.005355191256832	8965	1
22.049453551912567	6344	1
22.06327868852459	1708	1
22.065737704918032	7911	1
22.100491803278686	4136	1
22.12497267759563	8027	1
22.133224043715845	8628	1
22.161420765027323	1432	1
22.172240437158468	3380	1
22.196338797814207	5051	1
22.196612021857923	3251	1
22.206120218579233	5799	1
22.221639344262297	8503	1
22.27535519125683	4752	1
22.289890710382515	6138	1
22.298633879781423	2793	1
22.303497267759564	1463	1
22.3072131147541	6170	1
22.32983606557377	4340	1
22.34174863387978	3544	1
22.344590163934427	2585	1
22.347486338797815	8551	1
22.36688524590164	4143	1
22.390765027322406	7971	1
22.435737704918033	5672	1
22.46289617486339	2113	1
22.464043715846994	2418	1
22.46612021857923	7339	1
22.47382513661202	11	1
22.474535519125684	7783	1
22.47743169398907	5862	1
22.49398907103825	9882	0
22.49808743169399	1842	1
22.51327868852459	1691	1
22.51409836065574	7583	1
22.5155737704918	4715	1
22.52284153005464	7270	1
22.52857923497268	6191	1
22.54415300546448	8186	1
22.592568306010932	2804	1
22.593169398907104	7532	1
22.61338797814208	3064	1
22.614316939890713	2670	1
22.63344262295082	6613	1
22.646612021857923	5247	1
22.68131147540984	4604	1
22.682896174863387	9528	1
22.68579234972678	3961	1
22.706120218579233	8738	1
22.72256830601093	5519	1
22.725081967213114	2250	1
22.745792349726777	8597	1
22.74601092896175	1140	1
22.752295081967212	9526	1
22.773770491803276	3652	1
22.777486338797814	8228	1
22.782513661202184	4250	1
22.787868852459013	4079	1
22.7896174863388	8756	1
22.791038251366118	9698	1
22.796502732240437	1520	1
22.81950819672131	1007	1
22.819890710382516	8973	1
22.828524590163934	2242	1
22.8375956284153	55	1
22.8544262295082	2576	1
22.87273224043716	7630	1
22.90606557377049	2284	1
22.913114754098363	618	1
22.918032786885245	5211	1
22.928961748633878	4825	1
22.93398907103825	2483	1
22.954918032786885	6392	1
22.95841530054645	6729	1
22.968579234972676	2853	1
22.977213114754097	3286	1
22.983606557377048	5049	1
22.98655737704918	4049	1
22.991967213114755	6556	1
23.016830601092895	7280	1
23.037486338797812	1227	1
23.047814207650273	4289	1
23.050273224043714	396	1
23.069180327868853	4274	1
23.080983606557375	7407	1
23.08693989071038	6963	1
23.113442622950817	1619	1
23.12054644808743	6947	1
23.14469945355191	5345	1
23.14879781420765	939	1
23.149071038251364	3728	1
23.16262295081967	9996	1
23.16912568306011	8545	1
23.194918032786884	8680	1
23.20415300546448	8748	1
23.230437158469943	3870	1
23.249125683060107	1071	1
23.25448087431694	9858	1
23.25530054644809	4517	1
23.257322404371585	7809	1
23.261475409836066	9916	1
23.261857923497267	1709	1
23.27207650273224	4967	1
23.28688524590164	4995	1
23.358579234972677	5657	1
23.36655737704918	9782	1
23.388852459016395	5228	1
23.413661202185793	7757	1
23.43579234972678	7991	1
23.458251366120216	6885	1
23.470054644808744	9683	1
23.480054644808742	2776	1
23.4951912568306	1828	1
23.50841530054645	9412	1
23.50896174863388	5103	1
23.51125683060109	1706	1
23.53825136612022	9478	1
23.55415300546448	696	1
23.606885245901637	7493	1
23.63606557377049	2895	1
23.651311475409834	7817	1
23.67415300546448	5693	1
23.687978142076503	6176	1
23.68857923497268	6184	1
23.70136612021858	7692	1
23.71639344262295	7143	1
23.719453551912565	971	1
23.72863387978142	8949	1
23.734098360655736	4439	1
23.736338797814206	8242	1
23.75327868852459	5767	1
23.76180327868852	2648	1
23.772295081967215	8857	1
23.791420765027322	1094	1
23.79901639344262	5811	1
23.83398907103825	1851	1
23.837103825136612	6644	1
23.849945355191256	5593	1
23.867103825136613	4355	1
23.879016393442623	5114	1
23.881256830601092	634	1
23.913497267759563	7561	1
23.919562841530055	7110	1
23.92273224043716	8102	1
23.92775956284153	5931	1
23.936010928961746	5168	1
23.959071038251366	2857	1
23.971475409836064	4361	1
24.00846994535519	269	1
24.010655737704916	691	1
24.010655737704916	7062	1
24.03950819672131	7500	1
24.050437158469943	6083	1
24.056885245901636	781	1
24.05693989071038	1148	1
24.07448087431694	4891	1
24.077814207650274	9777	1
24.10349726775956	8353	1
24.109945355191257	6000	1
24.139453551912567	4749	1
24.152404371584698	6572	1
24.158743169398907	1436	1
24.18032786885246	961	1
24.19606557377049	4027	1
24.202349726775953	3964	1
24.242732240437157	5708	1
24.29606557377049	4214	1
24.317267759562842	5640	1
24.32054644808743	9561	1
24.375464480874314	8142	1
24.399945355191257	8978	1
24.413715846994535	3324	1
24.454426229508197	9176	1
24.487868852459016	668	1
24.48792349726776	6002	1
24.50136612021858	5147	1
24.502295081967215	7790	1
24.535901639344264	6012	1
24.540109289617487	2204	1
24.555081967213113	1549	1
24.556010928961747	2840	1
24.576830601092894	4032	1
24.60513661202186	9828	1
24.606284153005465	1871	1
24.607868852459017	5487	1
24.629890710382515	5935	1
24.64989071038251	3524	1
24.671092896174862	1278	1
24.67792349726776	1209	1
24.718032786885246	6490	1
24.721857923497268	3079	1
24.730054644808742	4386	1
24.741147540983604	8394	1
24.747158469945358	4666	1
24.747486338797813	4189	1
24.76743169398907	3308	1
24.86775956284153	3812	1
24.879617486338798	6961	1
24.89841530054645	4780	1
24.909289617486337	2220	1
24.918688524590163	5218	1
24.92590163934426	9207	1
24.928306010928964	3988	1
24.93639344262295	5378	1
24.955300546448086	1751	1
24.95934426229508	1571	1
24.97344262295082	2824	1
24.98775956284153	1826	1
25.03207650273224	4892	1
25.048087431693986	5575	1
25.050928961748635	8040	1
25.075846994535517	5184	1
25.082021857923497	3683	1
25.105464480874314	6293	1
25.13830601092896	1401	1
25.156502732240437	3824	1
25.157486338797813	6110	1
25.1596174863388	9780	1
25.187377049180327	4673	1
25.21349726775956	6121	1
25.216120218579235	3313	1
25.2175956284153	8550	1
25.218142076502733	3398	1
25.22513661202186	5261	1
25.23273224043716	5505	1
25.252131147540982	1490	1
25.25808743169399	1389	1
25.304207650273224	4641	1
25.3372131147541	8450	1
25.356338797814207	8347	1
25.361038251366118	5196	1
25.364262295081968	6120	1
25.402677595628415	6389	1
25.442513661202184	3046	1
25.449781420765028	3358	1
25.451475409836064	6553	1
25.459398907103825	9738	1
25.51071038251366	6784	1
25.545573770491803	876	1
25.55535519125683	8911	1
25.558579234972676	2476	1
25.563387978142078	9850	1
25.57158469945355	4606	1
25.578579234972675	4170	1
25.58065573770492	3922	1
25.590437158469943	5605	1
25.60224043715847	1156	1
25.602459016393443	3626	1
25.626721311475407	2348	1
25.639234972677595	5612	1
25.69486338797814	3796	1
25.729726775956284	364	1
25.731967213114753	9070	1
25.74120218579235	2251	1
25.751256830601093	280	1
25.75207650273224	3518	1
25.7755737704918	4938	1
25.78863387978142	3958	1
25.790109289617487	193	1
25.79530054644809	2746	1
25.803114754098363	9621	1
25.81	1894	1
25.810054644808744	6106	1
25.825628415300546	6906	1
25.833715846994533	9893	1
25.868743169398908	8556	1
25.87486338797814	3546	1
25.877868852459017	3436	1
25.885245901639344	3932	1
25.886120218579233	2883	1
25.918524590163933	3207	1
25.93786885245902	2025	1
25.955409836065574	1667	1
25.989672131147543	7675	1
25.992513661202185	5343	1
26.047486338797814	1952	1
26.054207650273224	7420	1
26.073060109289617	8779	1
26.10054644808743	4022	1
26.106448087431694	8990	1
26.108688524590164	3003	1
26.152513661202185	8599	1
26.22830601092896	760	1
26.2331693989071	9088	1
26.254480874316936	5224	1
26.279344262295083	6436	1
26.28071038251366	9323	1
26.28590163934426	1257	1
26.306775956284152	8352	1
26.317049180327867	4421	1
26.351530054644808	771	1
26.398633879781418	8848	1
26.422131147540984	4884	1
26.42262295081967	6439	0
26.42710382513661	8288	1
26.464426229508195	4540	1
26.465956284153005	8519	1
26.469781420765027	4265	1
26.508688524590166	3713	1
26.547486338797814	8139	1
26.572896174863388	2321	1
26.591311475409835	81	1
26.597049180327872	4778	1
26.597540983606557	5448	1
26.599453551912568	1356	1
26.604262295081966	2733	1
26.618142076502732	6767	1
26.657267759562842	305	1
26.657814207650272	6099	1
26.66360655737705	2560	1
26.711967213114754	5936	1
26.719672131147544	2275	1
26.747322404371584	8528	1
26.75071038251366	7288	1
26.793497267759562	797	1
26.797759562841527	5617	1
26.803606557377048	9045	1
26.838032786885247	5459	1
26.843715846994535	5319	1
26.843770491803276	9745	1
26.856721311475408	4559	1
26.85912568306011	8364	1
26.86677595628415	6646	1
26.88103825136612	9620	1
26.882459016393444	6777	1
26.884590163934426	2111	1
26.889398907103825	7487	1
26.891202185792352	3169	1
26.891530054644807	2517	1
26.92830601092896	7721	1
26.966338797814206	545	1
27.004590163934427	6179	1
27.006666666666668	2970	1
27.016284153005465	6746	1
27.039836065573773	1113	1
27.054644808743166	3539	1
27.084426229508196	8641	1
27.09016393442623	4326	1
27.096448087431693	2843	1
27.104262295081966	1654	1
27.17726775956284	9358	1
27.178415300546447	6453	1
27.180983606557376	2299	1
27.192677595628414	4269	1
27.203770491803276	4804	1
27.20655737704918	4213	1
27.231475409836065	6701	1
27.266229508196723	4806	0
27.268524590163935	5922	1
27.269180327868852	9821	1
27.295683060109287	8410	1
27.301420765027324	3798	1
27.30639344262295	4650	1
27.315628415300544	8592	1
27.316338797814208	3248	1
27.316612021857924	9814	1
27.327540983606557	222	1
27.35530054644809	9193	1
27.40568306010929	8030	1
27.414754098360653	7388	1
27.417868852459016	115	1
27.43781420765027	3962	1
27.452677595628415	4479	1
27.4624043715847	4225	1
27.481256830601094	5249	1
27.499726775956283	9880	1
27.515409836065572	1136	1
27.517814207650275	520	1
27.52502732240437	4556	1
27.537978142076504	4542	1
27.58967213114754	3646	1
27.59622950819672	6822	1
27.59710382513661	3790	1
27.59896174863388	671	1
27.600163934426227	4010	1
27.615737704918033	4588	1
27.619945355191255	8612	1
27.636994535519126	4869	1
27.67885245901639	5324	1
27.700710382513662	3021	1
27.707431693989072	8150	1
27.725792349726774	1936	1
27.73726775956284	4788	1
27.753169398907104	5614	1
27.758688524590163	6420	1
27.779672131147542	7537	1
27.79672131147541	5535	1
27.80273224043716	8588	1
27.81978142076503	3602	1
27.841803278688527	2183	1
27.846174863387976	6968	1
27.878743169398906	7004	1
27.88021857923497	3871	1
27.90098360655738	7787	1
27.9079781420765	23	1
27.91825136612022	5079	1
27.93633879781421	6167	1
27.943551912568307	7469	1
27.943934426229507	7223	1
27.962240437158467	9547	1
27.96551912568306	8959	1
27.990218579234973	4061	1
28.000655737704918	7899	1
28.002950819672133	7696	1
28.0127868852459	8727	1
28.012841530054644	1138	1
28.020054644808745	1503	1
28.03333333333333	1283	1
28.038743169398906	5043	1
28.094754098360653	1360	1
28.1324043715847	8773	1
28.134371584699455	3474	1
28.13568306010929	8684	1
28.157158469945355	9897	1
28.15808743169399	9380	1
28.15825136612022	7841	1
28.179398907103824	4794	1
28.201038251366118	4785	1
28.215792349726772	5283	1
28.21601092896175	6836	1
28.223715846994534	4082	1
28.228032786885247	1410	1
28.232896174863388	4988	1
28.2375956284153	1527	1
28.246284153005462	2115	1
28.25344262295082	3633	1
28.283169398907102	6949	1
28.287650273224042	6216	1
28.31169398907104	840	1
28.311748633879784	4442	1
28.33	4586	1
28.349781420765026	2736	1
28.353551912568307	4885	1
28.35437158469945	5117	1
28.37573770491803	2037	1
28.38655737704918	7219	1
28.44584699453552	9743	1
28.44830601092896	7572	1
28.481420765027323	6545	1
28.49688524590164	7799	1
28.499945355191254	6773	1
28.516939890710383	2854	1
28.523934426229506	2722	1
28.531912568306012	3711	1
28.53617486338798	4469	1
28.56360655737705	4264	1
28.621857923497267	9234	1
28.622349726775955	3802	1
28.643606557377048	3355	1
28.655792349726777	5775	1
28.68409836065574	372	1
28.70590163934426	3549	1
28.721311475409838	9658	1
28.732349726775958	7019	1
28.743114754098357	6649	1
28.757868852459016	8992	1
28.77912568306011	7678	1
28.80207650273224	4258	1
28.8024043715847	1035	1
28.80426229508197	6074	1
28.808306010928963	5962	1
28.81792349726776	5831	1
28.81896174863388	9414	1
28.828852459016392	7156	1
28.83437158469945	4573	1
28.845846994535517	3137	1
28.849836065573772	8967	1
28.867868852459015	8974	1
28.869289617486338	5332	1
28.878032786885246	5306	1
28.886666666666667	5371	1
28.91169398907104	7744	1
28.917377049180327	6938	1
28.921366120218575	9558	1
28.936120218579237	2420	1
28.938032786885245	5846	1
28.942513661202184	4817	1
28.97983606557377	7132	1
29.002841530054646	3789	1
29.02655737704918	9647	1
29.03207650273224	1938	1
29.03409836065574	1833	1
29.067650273224043	3552	1
29.086775956284153	6245	1
29.104371584699454	4132	1
29.106994535519128	7264	1
29.107650273224046	3243	1
29.12650273224044	3401	1
29.12666666666667	6503	1
29.12890710382514	1598	1
29.15311475409836	8356	1
29.176010928961748	719	1
29.19945355191257	8473	1
29.220273224043716	1114	1
29.231803278688524	6951	1
29.27551912568306	451	1
29.29071038251366	1498	1
29.320437158469947	352	1
29.322185792349728	7882	1
29.325300546448087	6231	1
29.331693989071038	2514	1
29.38983606557377	7251	1
29.398743169398905	9129	1
29.458688524590166	8611	1
29.459781420765026	2949	1
29.46743169398907	4907	1
29.471748633879784	7295	1
29.477213114754097	8930	1
29.515136612021855	7957	1
29.536830601092895	6200	1
29.54415300546448	2326	1
29.55808743169399	2897	1
29.56770491803279	3133	1
29.577759562841532	3569	1
29.581475409836063	2823	1
29.58398907103825	5364	1
29.589289617486337	6204	1
29.604426229508196	9359	1
29.607486338797813	6283	1
29.616174863387975	4491	1
29.61808743169399	4181	1
29.626393442622952	6901	1
29.645846994535518	1895	1
29.66431693989071	1891	1
29.665792349726775	2285	1
29.67377049180328	8893	1
29.674972677595626	7312	1
29.679836065573767	7522	1
29.695737704918034	8037	1
29.74311475409836	3913	1
29.746612021857924	3912	1
29.767103825136612	4976	1
29.79185792349727	1153	1
29.794590163934426	1367	1
29.796448087431692	303	1
29.799836065573768	2762	1
29.80289617486339	7733	1
29.82355191256831	1564	1
29.86262295081967	7602	1
29.86693989071038	7030	1
29.87382513661202	3654	1
29.897650273224045	5251	1
29.908907103825136	4548	1
29.913333333333334	7851	1
29.939781420765026	4575	1
29.95502732240437	1657	1
29.971475409836067	7742	1
29.974098360655738	2479	1
29.974808743169397	8666	1
30.020765027322405	8862	1
30.04846994535519	2699	1
30.049453551912567	933	1
30.053989071038252	9663	1
30.091967213114753	4454	1
30.097704918032786	5454	1
30.197704918032787	4645	1
30.19841530054645	9461	1
30.198743169398906	27	1
30.21120218579235	4122	1
30.22464480874317	2074	1
30.257322404371585	3197	1
30.261475409836063	7234	1
30.280819672131148	7507	1
30.313387978142078	7135	1
30.320437158469943	8298	1
30.323060109289617	5948	1
30.362349726775953	5439	1
30.36972677595628	8631	1
30.380218579234974	9994	1
30.391693989071037	7924	1
30.39262295081967	9924	1
30.39295081967213	7298	1
30.397377049180328	506	1
30.40688524590164	9948	1
30.418852459016392	5374	1
30.4320218579235	5601	1
30.445956284153002	8649	1
30.45016393442623	993	1
30.45295081967213	8144	1
30.466065573770493	5926	1
30.468415300546447	4014	1
30.487868852459012	5951	1
30.489617486338798	1497	1
30.49863387978142	9718	1
30.50207650273224	3767	1
30.517650273224046	9230	1
30.555245901639346	6066	1
30.56153005464481	7804	1
30.601912568306012	3770	1
30.611475409836064	3208	1
30.626010928961747	3435	1
30.626612021857923	7792	1
30.6472131147541	3273	1
30.649289617486335	2928	1
30.652622950819673	2255	1
30.6620218579235	9078	1
30.684262295081968	503	1
30.70639344262295	7996	1
30.721256830601096	9026	1
30.751967213114757	7118	1
30.76726775956284	100	1
30.833224043715845	1522	1
30.83639344262295	1744	1
30.840928961748634	1998	1
30.848251366120216	8481	1
30.861803278688527	2293	0
30.875628415300547	6467	1
30.880491803278687	2568	1
30.885573770491803	283	1
30.887267759562842	5559	1
30.90120218579235	203	1
30.90967213114754	2229	1
30.934098360655735	4254	1
30.948251366120218	3495	1
30.969016393442622	7776	1
31.04639344262295	1647	1
31.051420765027324	4633	1
31.05344262295082	8579	1
31.060163934426228	3920	1
31.12273224043716	3131	1
31.12327868852459	504	1
31.123934426229507	3416	1
31.12743169398907	195	1
31.1548087431694	9039	1
31.19065573770492	4532	1
31.202185792349724	1359	1
31.208579234972678	8296	1
31.226120218579236	6829	1
31.226338797814208	6628	1
31.230874316939893	3489	1
31.289180327868852	2493	1
31.30032786885246	9271	1
31.30311475409836	9451	1
31.3548087431694	1733	1
31.355245901639346	1629	1
31.36295081967213	6521	1
31.366120218579233	8596	1
31.388743169398904	900	1
31.407267759562842	2174	1
31.425464480874318	9645	1
31.42573770491803	5734	1
31.428907103825136	3446	1
31.463606557377048	5729	1
31.467377049180328	8349	1
31.485519125683062	6152	1
31.50453551912568	1554	1
31.52448087431694	4694	1
31.53535519125683	1406	1
31.537978142076504	4412	1
31.565191256830598	9128	1
31.60584699453552	7830	1
31.60644808743169	8072	1
31.630163934426232	9976	1
31.638524590163932	2477	1
31.638743169398907	6077	1
31.655027322404372	5633	1
31.66934426229508	6479	1
31.679016393442623	7989	1
31.682896174863387	2375	1
31.701311475409835	9873	1
31.7148087431694	461	1
31.721311475409834	1267	1
31.73743169398907	8216	1
31.746830601092896	4513	1
31.781311475409833	5691	1
31.809726775956285	2606	1
31.80983606557377	4895	1
31.82125683060109	409	1
31.839071038251365	4193	1
31.842185792349728	9538	1
31.87087431693989	1249	1
31.871584699453553	5300	1
31.899617486338798	5070	1
31.908852459016394	9343	1
31.92136612021858	8361	1
31.941092896174865	9047	1
31.942732240437156	9345	1
31.946229508196723	9997	1
31.996120218579232	8065	1
32.012513661202185	5704	1
32.01732240437158	2021	1
32.03060109289618	725	1
32.04606557377049	8876	1
32.05306010928962	1243	1
32.10262295081967	3189	1
32.10890710382514	8325	1
32.11863387978142	1823	1
32.15311475409836	1867	1
32.160437158469946	1766	1
32.179890710382516	7751	1
32.224043715846996	1029	1
32.24732240437158	8202	1
32.25196721311475	1557	1
32.275245901639344	6769	1
32.28737704918033	4330	1
32.28950819672131	6928	1
32.30322404371584	7124	1
32.30393442622951	6410	1
32.3420218579235	6606	1
32.34207650273224	4235	1
32.36207650273224	4368	1
32.36601092896175	1236	1
32.39398907103825	9058	1
32.40081967213115	4801	1
32.507595628415295	5607	1
32.51234972677595	3553	1
32.51644808743169	7250	1
32.53284153005465	1742	1
32.555136612021855	6484	1
32.582896174863386	9518	1
32.588415300546444	6226	1
32.60404371584699	9610	1
32.626775956284156	6178	1
32.657322404371584	7498	1
32.672732240437156	1576	1
32.686174863387976	4036	1
32.69131147540983	5420	1
32.72147540983607	2193	1
32.74464480874317	3570	1
32.75448087431694	9388	1
32.82967213114754	9458	1
32.83715846994536	928	1
32.8427868852459	2679	1
32.8524043715847	8881	1
32.854972677595626	80	1
32.856010928961744	2600	1
32.86825136612022	4979	1
32.86857923497268	6623	1
32.87601092896175	4139	1
32.88650273224044	4003	1
32.908087431693986	7115	1
32.911803278688524	7591	1
32.91289617486339	8594	1
32.91688524590164	5259	1
32.95327868852459	5884	1
32.97486338797814	6162	1
32.98010928961749	9853	1
32.99213114754098	7771	1
32.99273224043716	3371	1
32.99398907103825	2226	1
32.9975956284153	7259	1
33.01377049180328	7867	1
33.03327868852459	3429	1
33.082622950819676	7664	1
33.10535519125683	1058	1
33.1088524590164	9570	1
33.1316393442623	3403	1
33.13688524590164	7722	1
33.14661202185792	706	1
33.16803278688525	4327	1
33.171967213114755	9888	1
33.17224043715847	5504	1
33.1803825136612	9925	1
33.2287431693989	6745	1
33.25005464480874	8817	1
33.259180327868854	9334	1
33.27131147540984	2474	1
33.27224043715847	7433	1
33.278196721311474	7226	1
33.32606557377049	4425	1
33.33491803278688	7723	1
33.35579234972678	5795	1
33.35754098360656	3268	1
33.37153005464481	1472	1
33.373333333333335	3727	1
33.38956284153006	568	1
33.41530054644809	7584	1
33.41639344262295	7903	1
33.461202185792345	1165	1
33.478469945355194	4498	1
33.50677595628415	4883	1
33.50704918032787	6112	1
33.547322404371585	1996	1
33.5624043715847	8658	1
33.56584699453552	5303	1
33.574262295081965	2209	1
33.624098360655736	3624	1
33.674207650273225	5417	1
33.67950819672131	7737	1
33.70131147540984	7589	1
33.715081967213116	4131	1
33.7575956284153	2982	1
33.7724043715847	6680	1
33.78191256830601	2411	1
33.78710382513661	3875	1
33.84284153005464	3065	1
33.84497267759563	1052	1
33.84879781420765	8778	1
33.890163934426226	5745	1
33.919726775956285	2478	1
33.946666666666665	4787	1
33.95950819672131	2499	1
34.02765027322405	5924	1
34.03142076502732	1413	1
34.05715846994536	3437	1
34.072459016393445	3844	1
34.09699453551912	2929	1
34.103387978142074	3497	1
34.113551912568305	8741	1
34.15338797814208	7240	1
34.155901639344265	7920	1
34.20398907103825	6033	1
34.208688524590166	9167	1
34.221803278688526	5115	1
34.240437158469945	4134	1
34.256885245901636	3201	1
34.277540983606556	8734	1
34.28256830601093	2855	1
34.31464480874317	1704	1
34.322021857923495	8136	1
34.32267759562842	1122	1
34.359836065573774	6969	1
34.362513661202186	5221	1
34.37710382513661	9733	1
34.42300546448087	8225	1
34.43590163934426	6460	1
34.44010928961748	4981	1
34.44661202185792	5476	1
34.48366120218579	3792	1
34.50448087431694	1725	1
34.504590163934424	2089	1
34.50491803278689	6674	1
34.514153005464486	5197	1
34.538032786885246	3395	1
34.540000000000006	9219	1
34.56	2279	1
34.563442622950824	2406	1
34.572732240437155	7092	1
34.65371584699453	5959	1
34.70016393442623	8948	1
34.70114754098361	3047	1
34.727267759562835	6764	1
34.74109289617486	4208	1
34.746448087431695	1119	1
34.761366120218575	3118	1
34.769672131147544	7130	1
34.78076502732241	9766	1
34.793661202185795	1305	1
34.84273224043716	1724	1
34.8448087431694	5648	1
34.84879781420765	98	1
34.862131147540985	9367	1
34.87715846994536	3108	1
34.889016393442624	7401	1
34.907704918032785	1721	1
34.92289617486339	7015	1
34.923169398907106	5409	1
34.94448087431694	7740	1
34.95590163934426	8234	1
34.9672131147541	297	1
35.02136612021857	3392	1
35.03633879781421	6201	1
35.05765027322405	6706	1
35.05912568306011	6839	1
35.06065573770491	2965	1
35.07092896174863	5868	1
35.07737704918033	4528	1
35.0775956284153	2273	1
35.11054644808743	2379	1
35.14054644808743	869	1
35.1455737704918	3904	1
35.1672131147541	3321	1
35.16726775956284	7139	1
35.174262295081974	817	1
35.175628415300544	4582	1
35.182732240437154	7777	1
35.19781420765027	6155	1
35.22814207650273	1379	1
35.239398907103826	4629	1
35.23994535519125	3382	1
35.253606557377054	5841	1
35.26163934426229	5852	1
35.26732240437158	4015	1
35.332131147540984	339	1
35.34497267759563	6984	1
35.37377049180328	1495	1
35.37382513661202	5987	1
35.39267759562841	2407	1
35.40207650273224	1714	1
35.405027322404365	9755	1
35.42770491803278	4611	1
35.4535519125683	1640	1
35.457158469945355	3033	1
35.46360655737705	7918	1
35.482240437158474	6694	1
35.49486338797814	536	1
35.50524590163934	7701	1
35.514426229508196	698	1
35.517759562841526	8335	1
35.52153005464481	4797	1
35.528579234972675	5602	1
35.54054644808743	1174	1
35.566775956284154	6841	1
35.57754098360655	3797	1
35.62349726775956	6751	1
35.67437158469945	1395	1
35.68622950819672	5252	1
35.70792349726776	2728	1
35.71251366120219	3951	1
35.717267759562844	8798	1
35.72371584699454	8440	1
35.74131147540983	9986	1
35.76453551912568	2575	1
35.77387978142077	4126	1
35.80852459016393	5867	1
35.818688524590165	2651	1
35.819016393442624	2217	1
35.822459016393445	225	1
35.83748633879782	1040	1
35.84125683060109	2432	1
35.88251366120219	7066	1
35.892786885245904	4081	1
35.90426229508196	9041	1
35.913715846994535	6835	0
35.91879781420765	9597	1
35.93868852459016	6743	1
35.95781420765027	1589	1
35.97065573770492	4050	1
35.975792349726774	7492	1
35.99349726775956	4692	1
36.01049180327869	6180	1
36.022185792349724	8939	1
36.02251366120218	9437	1
36.023989071038244	7942	1
36.048797814207646	1308	1
36.049234972677596	8883	1
36.06710382513661	8849	1
36.07262295081967	9035	1
36.08344262295082	4438	1
36.098961748633876	3136	1
36.11879781420765	3357	1
36.12448087431694	4028	1
36.157704918032785	7398	1
36.16071038251366	2630	1
36.18748633879781	4495	1
36.18808743169399	7822	1
36.191912568306016	1804	1
36.20431693989071	2711	1
36.20732240437158	7781	1
36.20825136612022	2137	1
36.214043715847	9553	1
36.2188524590164	5398	1
36.226994535519125	5875	1
36.23234972677595	9721	1
36.25530054644808	8728	1
36.3135519125683	2033	1
36.32289617486339	695	1
36.34426229508197	3994	1
36.3755737704918	3668	1
36.38224043715847	756	1
36.389781420765026	6422	1
36.419726775956285	7921	1
36.43715846994536	7741	1
36.46289617486339	4394	1
36.46322404371585	4502	1
36.49874316939891	3886	1
36.50005464480874	6753	1
36.547322404371585	286	1
36.548142076502735	3139	1
36.562732240437164	4428	1
36.563060109289616	4844	1
36.565300546448086	2095	1
36.56655737704918	2615	1
36.63601092896175	4509	1
36.63655737704918	7377	1
36.639071038251366	9749	1
36.64076502732241	8731	1
36.64688524590164	2378	1
36.64901639344262	6954	1
36.65267759562842	6803	1
36.658142076502735	7869	1
36.692786885245894	6705	1
36.72163934426229	8723	1
36.76174863387978	7934	1
36.765464480874314	6321	1
36.77185792349727	6477	1
36.820601092896176	6598	1
36.83748633879782	2703	1
36.87109289617486	3864	1
36.8772131147541	4563	1
36.92748633879782	4148	1
36.940163934426224	713	1
36.94491803278688	1987	1
36.956010928961746	4357	1
36.97879781420765	9145	1
37.002021857923495	2264	1
37.011693989071034	5406	1
37.03005464480874	8459	1
37.04448087431694	3314	1
37.049562841530054	5945	1
37.075409836065575	1645	1
37.088196721311476	6105	1
37.11049180327869	4271	1
37.11120218579235	4420	1
37.12704918032787	9845	1
37.17524590163934	3859	1
37.18830601092896	3607	1
37.19950819672131	6394	1
37.20934426229508	7211	1
37.21857923497268	4737	1
37.21879781420765	1914	1
37.25098360655738	4102	1
37.25524590163935	9196	1
37.26087431693989	414	1
37.276721311475406	7699	1
37.36382513661202	2979	1
37.419617486338794	8164	1
37.4235519125683	1260	1
37.42846994535519	7098	1
37.43830601092896	6631	1
37.44420765027322	8732	1
37.45295081967213	9067	1
37.514371584699454	1764	1
37.51967213114754	7812	1
37.55338797814208	2306	1
37.55879781420765	406	1
37.56409836065574	6735	1
37.56475409836065	4362	1
37.566448087431695	8101	1
37.572459016393445	1734	1
37.58098360655738	1345	1
37.59704918032787	9972	1
37.63060109289617	4057	1
37.63382513661202	5468	1
37.64300546448087	4434	1
37.64710382513661	4719	1
37.65153005464481	4220	1
37.65715846994536	7515	1
37.67180327868852	7654	1
37.699344262295085	5656	1
37.70245901639344	5143	1
37.719071038251364	9843	1
37.74672131147541	5171	1
37.77513661202185	9398	1
37.77661202185792	3687	1
37.79459016393443	6257	1
37.8427868852459	4584	1
37.84983606557377	2741	1
37.873224043715844	108	1
37.88546448087432	8894	1
37.9292349726776	2635	1
37.948907103825135	1997	1
37.964972677595625	6444	1
37.97655737704918	3721	1
37.98131147540984	8942	1
37.99579234972678	3618	1
38.00508196721311	2436	1
38.035792349726776	3911	1
38.042841530054645	3150	1
38.04786885245901	7780	1
38.074316939890714	212	1
38.076229508196725	1440	1
38.07983606557377	5113	1
38.097377049180324	3018	1
38.10497267759563	4060	1
38.1151912568306	420	1
38.134590163934426	4640	1
38.158415300546444	6950	1
38.159562841530054	8003	1
38.17639344262295	7063	1
38.19453551912568	6289	1
38.20180327868852	5531	1
38.20475409836065	1800	1
38.21972677595628	848	1
38.233989071038245	5735	1
38.24224043715847	860	1
38.27830601092896	3777	1
38.29366120218579	2020	1
38.29639344262295	3363	1
38.317267759562846	8334	1
38.331311475409834	1968	1
38.360928961748634	9151	1
38.366612021857925	7164	1
38.42377049180328	5158	1
38.43568306010929	688	1
38.43934426229508	4104	1
38.439562841530055	3604	1
38.44562841530055	9031	1
38.458961748633875	6530	1
38.46568306010929	8411	1
38.469071038251364	9357	1
38.49579234972678	893	1
38.51453551912569	3850	1
38.51846994535519	4472	1
38.53448087431694	5932	1
38.55612021857924	6256	1
38.562677595628415	6882	1
38.57185792349726	301	1
38.57469945355191	5921	1
38.57704918032787	4076	1
38.59120218579235	9974	1
38.594808743169395	6128	1
38.62863387978142	5229	1
38.6820218579235	5402	1
38.682404371584695	8108	1
38.683606557377054	8061	1
38.68650273224044	3221	1
38.686939890710384	6096	1
38.71852459016393	398	1
38.724371584699455	5689	1
38.72530054644808	9895	1
38.75360655737705	8610	1
38.75710382513661	360	1
38.77289617486339	9459	1
38.79295081967213	8694	1
38.83163934426229	1681	1
38.850928961748636	9901	1
38.877759562841526	5260	1
38.96322404371585	7985	1
38.96704918032787	7335	1
38.968251366120214	6549	1
39.007213114754094	4114	1
39.05540983606558	1067	1
39.056284153005464	8657	1
39.067158469945355	3820	1
39.072732240437155	8956	1
39.08087431693989	9784	1
39.087814207650275	9966	1
39.13907103825136	9204	1
39.17021857923497	8935	1
39.183169398907104	5155	1
39.19688524590164	8909	1
39.20224043715847	7727	1
39.20256830601093	9173	1
39.203005464480874	9657	1
39.2039344262295	3161	1
39.2044262295082	5839	1
39.20508196721311	4164	1
39.21398907103825	6948	1
39.22868852459017	9387	1
39.2303825136612	1817	1
39.236666666666665	4985	1
39.24912568306011	9654	1
39.28743169398907	2235	1
39.3072131147541	8520	1
39.32901639344262	3418	1
39.37311475409836	582	1
39.38382513661202	1085	1
39.40693989071038	9328	1
39.43972677595628	572	1
39.45622950819672	8625	1
39.472021857923494	3052	1
39.50748633879781	6730	1
39.533551912568306	9599	1
39.534207650273224	9917	1
39.53825136612022	8904	1
39.54371584699454	7541	1
39.559234972677594	3408	1
39.567923497267756	5499	1
39.576174863387976	6452	1
39.58907103825136	2119	1
39.620765027322406	5302	1
39.63114754098361	9923	1
39.63245901639345	4881	1
39.63852459016394	6657	1
39.641530054644804	4404	1
39.64885245901639	5622	1
39.65273224043716	8206	1
39.67606557377049	7287	1
39.677868852459014	5594	1
39.68256830601093	7338	1
39.69808743169399	6699	1
39.730327868852456	5946	1
39.73803278688524	1365	1
39.74770491803279	7326	1
39.75786885245901	9614	1
39.78114754098361	3087	1
39.80459016393443	5821	1
39.80497267759562	4205	1
39.82005464480874	6529	1
39.86049180327869	1224	1
39.87978142076503	2914	1
39.88579234972678	8763	1
39.88628415300546	4624	1
39.917049180327865	3587	1
39.928688524590164	8884	1
39.95109289617486	9587	1
39.959071038251366	4352	1
39.97524590163935	7415	1
39.984535519125686	6445	1
40.00262295081967	1940	1
40.003989071038255	5627	1
40.03879781420765	3975	1
40.06338797814208	6091	1
40.11486338797814	9579	1
40.122568306010926	5908	1
40.13775956284153	4378	1
40.14808743169399	5222	1
40.1931693989071	7748	1
40.237759562841525	3500	1
40.2503825136612	7668	1
40.27540983606558	6540	1
40.297049180327875	3793	1
40.348251366120216	3228	1
40.35732240437159	8165	1
40.377486338797816	701	1
40.409562841530054	9385	1
40.41431693989071	7106	1
40.41540983606558	3755	1
40.4363387978142	1422	1
40.43644808743169	1197	1
40.481475409836065	1525	1
40.485901639344256	6073	1
40.5320218579235	9053	1
40.574371584699456	4137	1
40.607978142076504	4024	1
40.61081967213115	6648	1
40.66049180327868	6143	1
40.668633879781424	7536	1
40.68857923497268	1048	1
40.706775956284154	7653	1
40.76043715846994	2963	1
40.7903825136612	651	1
40.79562841530055	9872	1
40.84989071038251	1383	1
40.85961748633879	3656	1
40.88939890710382	5524	1
40.89360655737705	9209	1
40.92098360655738	79	1
40.93765027322404	186	1
40.94289617486339	8079	1
40.94431693989071	5808	1
40.94535519125683	3393	1
40.94655737704918	2569	1
40.96890710382514	41	1
40.97874316939891	2657	1
40.993060109289615	8152	1
41.0015300546448	3261	1
41.006830601092894	6102	1
41.02131147540983	8081	1
41.03551912568306	6566	1
41.04256830601093	2901	1
41.0579781420765	4046	1
41.059344262295085	7353	1
41.07120218579235	8229	1
41.107158469945354	8972	1
41.12928961748634	868	1
41.13661202185792	8843	1
41.13945355191257	1380	1
41.14830601092896	8890	1
41.17857923497268	7181	1
41.180928961748634	7373	1
41.18901639344262	6607	1
41.223606557377046	1648	1
41.258415300546446	4197	1
41.259125683060105	8595	1
41.26754098360656	3106	1
41.27983606557377	1037	1
41.304754098360654	347	1
41.319289617486334	9677	1
41.32404371584699	4247	1
41.331038251366124	8245	1
41.34049180327869	513	1
41.35508196721312	4708	1
41.36972677595628	5850	1
41.37021857923497	8696	1
41.38245901639344	6101	1
41.382786885245906	3817	1
41.38497267759563	2977	1
41.38770491803279	1719	1
41.38994535519125	8784	1
41.39595628415301	8425	1
41.39786885245901	6276	1
41.40185792349727	944	1
41.43568306010929	8874	1
41.44573770491803	1397	1
41.44934426229508	5943	1
41.44939890710383	6908	1
41.47530054644809	942	1
41.47633879781421	3665	1
41.50486338797814	1386	1
41.50852459016394	476	1
41.52322404371585	5268	1
41.553333333333335	4201	1
41.55737704918033	5404	1
41.562349726775956	4392	1
41.56765027322405	4636	1
41.58978142076503	4681	1
41.64229508196722	8299	1
41.64617486338798	3980	1
41.654043715846996	1073	1
41.687213114754094	7705	1
41.6879781420765	7555	1
41.69174863387978	8937	1
41.70726775956284	7874	1
41.70732240437158	6592	1
41.760710382513665	4068	1
41.761420765027324	9257	1
41.76453551912568	8484	1
41.775737704918036	7392	1
41.81398907103825	1526	1
41.816775956284154	639	1
41.81808743169399	7448	1
41.859781420765025	7104	1
41.8624043715847	7171	1
41.862786885245896	6643	1
41.86972677595628	1054	1
41.87398907103825	8855	1
41.88617486338798	630	1
41.88923497267759	5101	1
41.8955737704918	5990	1
41.896939890710385	3076	1
41.927540983606555	9967	1
41.93841530054645	4964	1
41.95704918032787	967	1
41.957923497267764	4773	1
41.97114754098361	8463	1
41.99245901639345	6867	1
42.01273224043716	6560	1
42.029999999999994	2447	1
42.07896174863388	7155	1
42.07967213114754	5541	1
42.08	1720	1
42.10311475409836	7565	1
42.1251912568306	4564	1
42.13661202185792	85	1
42.14	7811	1
42.15267759562841	2509	1
42.18180327868853	4632	1
42.18819672131148	7574	1
42.200765027322404	5904	1
42.20103825136612	1873	1
42.21628415300546	1838	1
42.231038251366115	4186	1
42.24814207650273	2545	1
42.26087431693989	2702	1
42.279999999999994	1916	1
42.28360655737705	9391	1
42.29639344262295	8577	1
42.29819672131147	4934	1
42.30546448087432	2410	1
42.325956284153	3849	1
42.327322404371586	204	1
42.359781420765025	1695	1
42.36453551912568	2960	1
42.38792349726776	4703	1
42.41213114754098	6335	1
42.42163934426229	77	1
42.42169398907104	9010	1
42.44989071038251	5650	1
42.45185792349727	6209	1
42.46907103825137	7736	1
42.47825136612022	1191	1
42.509562841530055	43	1
42.53109289617486	5545	1
42.53666666666666	6972	1
42.5368306010929	4287	1
42.54387978142076	3948	1
42.63923497267759	1906	1
42.643497267759564	4260	1
42.695464480874314	6583	1
42.70273224043716	3924	1
42.72174863387978	3491	1
42.72803278688525	1954	1
42.74584699453552	2060	1
42.75677595628416	7958	1
42.76153005464481	6415	1
42.76857923497268	2066	1
42.77459016393443	306	1
42.7911475409836	7916	1
42.80163934426229	7846	1
42.80622950819672	4328	1
42.817158469945355	5859	1
42.86469945355191	2583	1
42.898032786885246	3115	1
42.901038251366124	4815	1
42.91437158469945	6461	1
42.92530054644809	155	1
42.935409836065574	8162	1
42.94125683060109	9091	1
42.94786885245902	5881	1
42.953387978142075	4570	1
42.95967213114754	5443	1
42.961311475409836	3655	1
42.96360655737705	1131	1
42.99426229508197	1003	1
43.00125683060109	8908	1
43.02885245901639	4638	1
43.06322404371585	856	1
43.089945355191254	1559	1
43.090054644808745	3343	1
43.10994535519125	9187	1
43.112459016393444	3506	1
43.153333333333336	9995	1
43.189125683060105	8476	1
43.19874316939891	6416	1
43.209344262295076	5960	1
43.221311475409834	9416	1
43.24639344262295	6585	1
43.25907103825136	4253	1
43.2675956284153	9356	1
43.287540983606554	1919	1
43.31497267759563	2996	1
43.31726775956284	2887	1
43.32584699453552	3534	1
43.344426229508194	9324	1
43.34743169398907	3232	1
43.360928961748634	8226	1
43.36535519125683	5869	1
43.38743169398907	7660	1
43.38841530054644	1129	1
43.41131147540984	1866	1
43.417923497267765	9686	1
43.43710382513661	7294	1
43.44633879781421	2475	1
43.4651912568306	1628	1
43.4651912568306	8552	1
43.472021857923494	3600	1
43.4727868852459	761	1
43.473934426229505	5153	1
43.500218579234975	1854	1
43.54163934426229	5347	1
43.59540983606558	2185	1
43.62765027322404	5684	1
43.63464480874317	2224	1
43.66420765027323	1195	1
43.66836065573771	2138	1
43.671639344262296	5809	1
43.67262295081967	7058	1
43.68502732240437	3761	1
43.70180327868852	3712	1
43.70693989071039	5736	1
43.7248087431694	9946	1
43.727704918032785	3113	1
43.749781420765025	589	1
43.75185792349726	421	1
43.78743169398907	229	1
43.806284153005464	9877	1
43.80803278688524	8845	1
43.81333333333333	6322	1
43.830382513661206	6108	1
43.8448087431694	6568	1
43.846338797814205	9674	1
43.85387978142076	519	1
43.87344262295082	8581	1
43.88054644808743	9268	1
43.911803278688524	8793	1
43.93852459016394	3405	1
43.947049180327866	2092	1
43.99218579234972	1273	1
44.00360655737705	8453	1
44.067213114754104	663	1
44.091912568306014	7360	1
44.10508196721312	5752	1
44.11726775956284	7960	1
44.130491803278694	1102	1
44.13551912568306	2308	1
44.15191256830601	2727	1
44.15633879781421	4501	1
44.16092896174863	8819	1
44.16224043715847	4	1
44.17475409836066	6141	1
44.1755737704918	4997	1
44.18327868852459	6726	1
44.185683060109284	774	1
44.20010928961749	4902	1
44.20655737704918	4016	1
44.21147540983607	6676	1
44.218797814207655	5954	1
44.22125683060109	1225	1
44.22825136612022	4241	1
44.23989071038252	5542	1
44.24857923497268	7060	1
44.254699453551915	2116	1
44.28885245901639	2582	1
44.29748633879781	3334	1
44.30956284153006	9937	1
44.31213114754098	8736	1
44.31398907103825	111	1
44.327322404371586	3671	1
44.33524590163934	5978	1
44.33688524590164	9789	1
44.33825136612022	7306	1
44.35491803278689	9059	1
44.35666666666667	9862	1
44.36289617486339	5910	1
44.41300546448087	1143	1
44.41551912568306	1605	1
44.42032786885246	3723	1
44.42245901639344	4463	1
44.44781420765027	6655	1
44.45180327868852	2587	1
44.45426229508197	9401	1
44.47306010928962	5980	1
44.48338797814207	1418	1
44.48546448087432	7113	1
44.48650273224044	1810	1
44.505027322404366	1006	1
44.50912568306011	9206	1
44.51715846994535	8815	1
44.51830601092896	6580	1
44.52098360655738	549	1
44.52469945355191	8681	1
44.53338797814207	3901	1
44.56961748633879	8555	1
44.581366120218576	1226	1
44.5939344262295	4146	1
44.609071038251365	7914	1
44.62704918032787	1616	1
44.62956284153005	4972	1
44.637486338797814	4730	1
44.669617486338794	353	1
44.670491803278686	500	1
44.69054644808743	5423	1
44.691092896174865	6656	1
44.706229508196714	2638	1
44.71781420765028	6456	1
44.7183606557377	8088	1
44.72748633879782	450	1
44.741147540983604	2385	1
44.75054644808743	5591	1
44.76601092896175	5998	1
44.76650273224044	8924	1
44.77387978142077	7938	1
44.776775956284155	9556	1
44.784918032786884	6197	1
44.78939890710382	7379	1
44.796502732240434	7657	1
44.80131147540983	6328	1
44.86644808743169	9423	1
44.86978142076502	7774	1
44.917049180327865	8023	1
44.92901639344262	2350	1
44.93540983606557	4735	1
44.935683060109284	9476	1
44.93677595628415	6213	1
44.93754098360655	4664	1
44.94153005464481	732	1
44.94338797814208	2121	1
44.951857923497265	2168	1
44.96754098360656	7631	1
44.984098360655736	3298	1
44.98530054644809	8629	1
45.01950819672131	5190	1
45.01956284153005	436	1
45.02322404371584	5586	1
45.03092896174863	6279	1
45.033551912568306	5118	1
45.03901639344262	9702	1
45.04524590163934	7243	1
45.07469945355191	7987	1
45.08573770491803	95	1
45.09475409836065	4828	1
45.095683060109295	5394	1
45.10551912568306	924	1
45.1303825136612	8313	1
45.14300546448087	3216	1
45.15606557377049	2373	1
45.18666666666667	1511	1
45.20628415300546	2879	1
45.2120218579235	9790	1
45.214972677595625	107	1
45.247923497267756	659	1
45.259836065573765	7725	1
45.271584699453555	4006	1
45.27546448087432	8934	1
45.28338797814207	2586	1
45.31174863387978	2557	1
45.31551912568306	2820	1
45.32027322404372	3185	1
45.33972677595628	3481	1
45.34404371584699	3634	1
45.369945355191255	3674	1
45.38387978142077	7459	1
45.3872131147541	2771	1
45.38956284153005	4909	1
45.392732240437155	2368	1
45.39688524590164	4196	1
45.41612021857924	7316	1
45.42322404371585	8283	1
45.441803278688525	7105	1
45.44196721311476	6956	1
45.521530054644806	9283	1
45.52590163934426	6844	1
45.54306010928961	8279	1
45.55459016393443	3935	1
45.556666666666665	5692	1
45.559999999999995	9671	1
45.586994535519125	7210	1
45.598306010928965	8502	1
45.59907103825137	3551	1
45.61748633879781	7009	1
45.61857923497268	8808	1
45.623442622950826	6217	1
45.64366120218579	2105	1
45.64404371584699	5125	1
45.6551912568306	3223	1
45.655464480874315	8192	1
45.668688524590166	2134	1
45.67262295081967	4431	1
45.68398907103825	1423	1
45.68459016393443	4419	1
45.690273224043715	1901	1
45.690382513661206	8895	1
45.692185792349726	5178	1
45.700054644808745	1563	1
45.702677595628415	7623	1
45.72016393442623	709	1
45.72300546448087	6253	1
45.72710382513661	8900	1
45.74748633879781	8437	1
45.79945355191256	2875	1
45.81950819672131	4940	1
45.84021857923498	7628	1
45.84513661202186	183	1
45.86005464480874	3899	1
45.8611475409836	1948	1
45.86978142076502	1586	1
45.90333333333333	2009	1
45.90655737704918	6254	1
45.93027322404372	4354	1
45.95573770491803	7144	1
45.96065573770492	4776	1
45.96371584699453	8537	1
45.9755737704918	2456	1
45.98098360655738	8322	1
45.99098360655738	2219	1
46.03300546448087	2871	1
46.035027322404375	7077	1
46.03699453551912	5088	1
46.037978142076504	8632	1
46.078032786885245	1741	1
46.08377049180328	1627	1
46.1475956284153	4373	1
46.18928961748634	4744	1
46.19683060109289	8026	1
46.21677595628415	8899	1
46.221748633879784	1394	1
46.22912568306011	1711	1
46.23699453551912	1481	1
46.23967213114754	4866	1
46.2524043715847	6379	1
46.27092896174863	5805	1
46.286830601092895	2485	1
46.301202185792356	6085	1
46.3120218579235	2212	1
46.31655737704918	6919	1
46.33169398907104	5311	1
46.33857923497268	8960	1
46.34021857923498	6324	1
46.36229508196721	1284	1
46.36928961748634	1076	1
46.37568306010929	7271	1
46.37830601092896	9231	1
46.39213114754099	1448	1
46.39540983606557	4918	1
46.403661202185795	853	1
46.41650273224043	4849	1
46.41765027322404	6104	1
46.50475409836066	3209	1
46.50491803278688	4674	1
46.522240437158466	6970	1
46.53311475409836	6670	1
46.55398907103825	6574	1
46.56398907103825	7939	1
46.58765027322404	707	1
46.623224043715844	2377	1
46.62672131147541	8557	1
46.64174863387978	1799	1
46.645956284153	177	1
46.64868852459016	3007	1
46.67666666666667	3703	1
46.68103825136612	2812	1
46.6931693989071	5063	1
46.70142076502732	106	1
46.71289617486338	9770	1
46.73579234972678	2578	1
46.7387431693989	47	1
46.7392349726776	6634	1
46.74256830601093	9810	1
46.744098360655734	4818	1
46.753497267759556	6316	1
46.76939890710382	4074	1
46.79830601092896	4648	1
46.80524590163934	9143	1
46.812568306010924	7284	1
46.823442622950814	804	1
46.8331693989071	2090	1
46.843333333333334	9867	1
46.85885245901639	4138	1
46.860218579234974	4127	1
46.87677595628415	2156	1
46.9275956284153	5678	1
46.928633879781415	3266	1
46.941366120218575	7134	1
46.94497267759562	5217	1
46.95502732240437	1965	1
46.95934426229508	3736	1
46.96595628415301	9108	1
46.966120218579235	8605	1
46.969781420765024	4536	1
46.969890710382515	1352	1
46.976284153005466	2529	1
46.977704918032785	4856	1
46.97912568306011	8012	1
46.98644808743169	4756	1
46.99065573770491	8818	1
46.997650273224046	7827	1
46.99770491803278	6542	1
46.9992349726776	9450	1
47.0103825136612	3931	1
47.01803278688524	6151	1
47.02945355191257	7697	1
47.03546448087432	8762	1
47.04573770491803	2520	1
47.04748633879782	557	1
47.106393442622945	6854	1
47.121693989071034	3515	1
47.152786885245895	7823	1
47.1675956284153	6413	1
47.16989071038252	4837	1
47.171147540983604	677	1
47.17202185792349	7586	1
47.17245901639345	2802	1
47.17475409836065	3119	1
47.18027322404372	5725	1
47.18147540983607	7887	1
47.19661202185792	9030	1
47.20010928961749	6636	1
47.20016393442623	6535	1
47.20071038251366	2831	1
47.2007650273224	7349	1
47.21147540983607	8813	1
47.222841530054644	5714	1
47.2324043715847	7083	1
47.237759562841525	956	1
47.260327868852464	3503	1
47.271475409836064	9943	1
47.275355191256835	3745	1
47.28442622950819	2176	1
47.293934426229505	6430	1
47.29765027322404	8717	1
47.30431693989071	5263	1
47.313005464480874	3554	1
47.316830601092896	6847	1
47.323442622950814	1897	1
47.33371584699453	8243	1
47.336666666666666	8643	1
47.33726775956284	5624	1
47.348251366120216	5784	1
47.37087431693988	1555	1
47.38551912568306	2400	1
47.39677595628415	8091	1
47.39737704918033	9801	1
47.40125683060109	3164	1
47.41426229508197	9113	1
47.450765027322404	7542	1
47.467540983606554	9710	1
47.46956284153005	762	1
47.472513661202186	3825	1
47.47338797814208	6146	1
47.47420765027323	9274	1
47.481420765027316	3502	1
47.48491803278689	7080	1
47.50491803278688	3763	1
47.51579234972677	2516	1
47.5324043715847	5806	1
47.55081967213115	6470	1
47.55267759562842	5462	1
47.55502732240437	2270	1
47.55732240437158	1655	1
47.56158469945355	2197	1
47.56540983606558	438	1
47.5711475409836	1736	1
47.578743169398905	3679	1
47.59322404371584	4173	1
47.609398907103824	8932	1
47.6183606557377	3260	1
47.63398907103825	2543	1
47.64551912568306	6872	1
47.6467213114754	642	1
47.65092896174863	5388	1
47.6616393442623	9445	1
47.67956284153006	5969	1
47.6820218579235	7387	1
47.693333333333335	5780	1
47.6935519125683	657	1
47.69775956284153	5020	1
47.7136612021858	412	1
47.7179781420765	5625	1
47.72420765027323	3368	1
47.73579234972678	2441	1
47.74109289617486	5584	1
47.74896174863388	5416	1
47.75978142076503	3522	1
47.808196721311475	3045	1
47.80945355191256	5465	1
47.81344262295082	4207	1
47.84120218579235	1840	1
47.859180327868856	1444	1
47.882732240437164	9074	1
47.898797814207654	1241	1
47.90540983606557	7094	1
47.90650273224043	9192	1
47.91502732240437	9000	1
47.91699453551913	3836	1
47.91972677595628	7054	1
47.951256830601096	3717	1
47.955300546448086	8085	1
47.98420765027323	8620	1
47.99743169398907	1409	1
48.01573770491803	6620	1
48.01879781420765	7408	1
48.049562841530054	2393	1
48.06704918032787	348	1
48.091584699453556	9417	1
48.09508196721311	8343	1
48.10617486338798	6022	0
48.11928961748634	2845	1
48.13344262295082	1247	1
48.14453551912568	7636	1
48.150163934426224	5560	1
48.189945355191256	5485	1
48.24469945355191	6911	1
48.3012568306011	8275	1
48.30704918032787	6796	1
48.31065573770492	579	1
48.32256830601093	9094	1
48.336994535519125	8149	1
48.36868852459016	8401	1
48.37185792349727	5257	1
48.386338797814204	2181	1
48.438360655737704	373	1
48.44016393442623	5674	1
48.47262295081968	3565	1
48.52699453551913	5097	1
48.54775956284153	2490	1
48.568688524590165	6593	1
48.582513661202185	5716	1
48.5875956284153	5025	1
48.588087431693985	6136	1
48.588907103825136	1412	1
48.59382513661202	7232	1
48.60437158469945	3582	1
48.61568306010928	608	1
48.626229508196715	9012	1
48.67426229508197	3547	1
48.67508196721311	3732	1
48.677213114754096	1903	1
48.68677595628415	1034	1
48.686885245901635	5772	1
48.69010928961748	6341	1
48.71879781420765	4451	1
48.7192349726776	7779	1
48.729289617486344	5603	1
48.73120218579235	9699	1
48.73426229508197	5452	1
48.756612021857926	6595	1
48.778251366120216	9378	1
48.786830601092895	2099	1
48.81054644808743	3486	1
48.81890710382514	2157	1
48.82595628415301	3135	1
48.85994535519126	5459	0
48.89289617486339	2241	1
48.89513661202186	3998	1
48.89972677595628	2988	1
48.91469945355191	4435	1
48.92748633879781	7481	1
48.92901639344262	245	1
48.92912568306011	3584	1
48.93234972677596	4314	1
48.98830601092896	2888	1
49.04153005464481	6485	1
49.054153005464485	349	1
49.09989071038251	3307	1
49.11032786885246	7773	1
49.12579234972677	2614	1
49.15540983606557	8384	1
49.16245901639344	1699	1
49.189180327868854	1975	1
49.189836065573765	5941	1
49.19087431693989	5770	1
49.21448087431694	208	1
49.21792349726776	1286	1
49.21814207650273	2894	1
49.21989071038251	4557	1
49.222841530054644	6511	1
49.25038251366121	601	1
49.25524590163934	9111	1
49.26054644808743	4651	1
49.29207650273224	9418	1
49.306666666666665	6175	1
49.307486338797816	9750	1
49.308907103825135	6087	1
49.31846994535519	4371	1
49.328415300546446	3857	1
49.36273224043716	791	1
49.36633879781421	2662	1
49.36972677595628	1175	1
49.39284153005464	4272	1
49.400273224043715	1346	1
49.42748633879781	4675	1
49.42863387978142	1488	1
49.43180327868853	4617	1
49.436502732240434	957	1
49.47644808743169	5418	1
49.48918032786885	4952	1
49.53437158469946	1293	1
49.53666666666667	9147	1
49.537923497267755	9887	1
49.547704918032785	3572	1
49.55540983606557	6684	1
49.57491803278688	4527	1
49.58229508196721	9093	1
49.584371584699454	8019	1
49.589234972677595	4045	1
49.63109289617486	471	1
49.64207650273224	1653	1
49.65382513661202	6824	1
49.654371584699454	8043	1
49.658907103825136	9953	1
49.66983606557377	2077	1
49.676830601092895	4167	1
49.697759562841526	6251	1
49.70398907103825	3004	1
49.718032786885246	6357	1
49.72415300546448	6250	1
49.7403825136612	66	1
49.74180327868852	2169	1
49.786448087431694	2725	1
49.78939890710382	6433	1
49.7983606557377	9759	1
49.80491803278689	9603	1
49.81765027322405	1266	1
49.82426229508197	9375	1
49.83868852459016	9659	1
49.83918032786885	1289	1
49.844918032786886	2961	1
49.84961748633879	735	1
49.872568306010926	8303	1
49.88431693989071	1694	1
49.884918032786885	9027	1
49.913005464480875	4653	1
49.92622950819672	5743	1
49.927158469945354	3819	1
49.953005464480874	5814	1
49.98792349726776	5286	1
50.00907103825137	609	1
50.01049180327868	1290	1
50.04792349726775	3390	1
50.06978142076503	8199	1
50.07688524590164	1212	1
50.10016393442623	4248	1
50.12612021857923	3114	1
50.12945355191257	767	1
50.13087431693989	5634	1
50.15273224043716	3449	1
50.17021857923498	1827	1
50.183661202185796	2714	1
50.21896174863388	4168	1
50.26628415300546	8998	1
50.27628415300547	6230	1
50.277595628415305	6995	1
50.283551912568306	3364	1
50.283879781420765	480	1
50.311967213114755	514	1
50.320163934426226	6877	1
50.33300546448087	5511	1
50.364972677595624	3773	1
50.366939890710384	2392	1
50.37136612021858	2876	1
50.372076502732234	3183	1
50.382295081967214	2800	1
50.38994535519126	3438	1
50.39087431693989	9600	1
50.39551912568306	5275	1
50.398032786885246	432	1
50.39912568306011	3667	1
50.400655737704916	5120	1
50.40306010928962	8051	1
50.41196721311476	9223	1
50.42049180327869	3563	1
50.43	1338	1
50.43224043715847	7282	1
50.44934426229508	4111	1
50.45415300546448	1	1
50.45584699453552	6312	1
50.45693989071038	2144	1
50.46136612021858	8711	1
50.464043715847	8191	1
50.466939890710385	4836	1
50.46852459016394	3067	1
50.48043715846994	109	1
50.49224043715847	5174	1
50.49890710382513	4615	1
50.5079781420765	5501	1
50.50972677595628	6864	1
50.520382513661204	5581	1
50.53109289617486	6601	1
50.53524590163935	4711	1
50.53639344262295	5715	1
50.53912568306011	6205	1
50.5411475409836	6828	1
50.54163934426229	548	1
50.541803278688526	6703	1
50.54218579234973	9361	1
50.54262295081968	9390	1
50.54841530054645	8419	1
50.548797814207646	2452	1
50.55387978142077	2834	1
50.55612021857923	526	1
50.55885245901639	5763	1
50.56393442622951	8277	1
50.56633879781421	5937	1
50.56879781420765	2589	1
50.56885245901639	2915	1
50.57005464480874	9830	1
50.57185792349727	8601	1
50.57338797814208	7025	1
50.57404371584699	1242	1
50.60628415300546	1912	1
50.613169398907104	2312	1
50.62092896174864	1818	1
50.62775956284153	8377	1
50.62846994535519	6673	1
50.62868852459016	7707	1
50.63060109289617	1857	1
50.63180327868852	1637	1
50.64327868852459	1139	1
50.64409836065574	6916	1
50.645737704918034	6030	1
50.647923497267755	599	1
50.65693989071038	5339	1
50.65765027322404	3346	1
50.657814207650276	4888	1
50.65972677595629	3644	1
50.66120218579235	7385	1
50.67879781420765	7067	1
50.68333333333333	537	1
50.70508196721312	5923	1
50.706065573770495	1600	1
50.712021857923496	2528	1
50.71437158469945	7146	1
50.71491803278688	7616	1
50.71655737704918	8189	1
50.72901639344262	5838	1
50.73021857923497	1230	1
50.73049180327869	6123	1
50.73459016393443	3001	1
50.73770491803279	4949	1
50.7383606557377	9898	1
50.75524590163934	947	1
50.75601092896174	2236	1
50.76092896174863	2993	1
50.764754098360655	4833	1
50.764863387978146	392	1
50.77273224043716	7599	1
50.78333333333333	6687	1
50.7888524590164	5436	1
50.8020218579235	2898	1
50.80530054644809	5829	1
50.8383606557377	4759	1
50.8427868852459	7254	1
50.84693989071038	4397	1
50.85387978142076	9868	1
50.86360655737705	9838	1
50.86469945355191	6132	1
50.889016393442624	7352	1
50.892786885245904	5600	1
50.90377049180328	6246	1
50.916065573770496	1244	1
50.92224043715847	919	1
50.92983606557377	6100	1
50.93256830601093	763	1
50.93480874316939	2327	1
50.939234972677596	5089	1
50.93978142076503	1773	1
50.96218579234973	3187	1
50.96896174863388	2297	1
50.9707650273224	5163	1
50.97983606557377	9648	1
50.98688524590164	3764	1
50.995409836065576	9040	1
50.99661202185792	1635	1
50.9996174863388	3902	1
51.001693989071036	8188	1
51.01262295081967	9668	1
51.014043715846995	2541	1
51.02081967213115	7535	1
51.026338797814205	6327	1
51.034590163934425	6873	1
51.0351912568306	4490	1
51.04737704918033	365	1
51.047704918032785	2149	1
51.055901639344256	3748	1
51.05912568306011	8240	1
51.06289617486339	8951	1
51.074644808743166	7202	1
51.09054644808743	8115	1
51.09387978142076	1302	1
51.09502732240437	9195	1
51.09841530054645	6658	1
51.10442622950819	3229	1
51.107650273224046	5638	1
51.12196721311476	7177	1
51.122240437158474	8740	1
51.12568306010929	5906	1
51.130054644808745	5264	1
51.13409836065574	8501	1
51.13666666666666	7977	1
51.14005464480874	3756	1
51.143442622950815	2386	1
51.15158469945355	2314	1
51.153333333333336	2813	1
51.16103825136612	2444	1
51.16420765027323	6801	1
51.16989071038251	12	1
51.17928961748633	6220	1
51.18311475409836	2364	1
51.203715846994534	4381	1
51.207486338797814	2063	1
51.22311475409836	798	1
51.23377049180328	4091	1
51.23535519125683	1568	1
51.24502732240437	1199	1
51.25087431693989	799	1
51.27617486338798	8327	1
51.27726775956284	9879	1
51.27907103825137	3284	1
51.27994535519126	6304	1
51.29224043715847	5318	1
51.301475409836065	6893	1
51.30311475409836	2844	1
51.306284153005464	1106	1
51.34366120218579	7595	1
51.35021857923497	8021	1
51.350928961748636	5368	1
51.36191256830601	4799	1
51.36754098360656	9123	1
51.37983606557377	5271	1
51.431693989071036	6608	1
51.44333333333333	5609	1
51.46180327868852	998	1
51.47803278688525	6804	1
51.479234972677595	8219	1
51.483333333333334	9299	1
51.48415300546448	8118	1
51.49142076502732	9817	1
51.49284153005464	875	1
51.510601092896174	9163	1
51.514043715846995	9182	1
51.51672131147541	4391	1
51.525300546448086	8969	1
51.536448087431694	9520	1
51.53715846994535	3564	1
51.54945355191257	5655	1
51.54950819672131	1625	1
51.55245901639344	8393	1
51.58584699453552	1990	1
51.59628415300546	656	1
51.60191256830601	1712	1
51.607923497267755	1607	1
51.61185792349727	9691	1
51.61218579234973	7477	1
51.61234972677595	5526	1
51.6127868852459	7596	1
51.62377049180328	9311	1
51.62606557377049	4211	1
51.62622950819672	216	1
51.62994535519126	9560	1
51.63852459016393	2261	1
51.64098360655738	2766	1
51.64568306010929	8208	1
51.66633879781421	5426	1
51.70366120218579	6332	1
51.71060109289618	9856	1
51.710928961748635	4767	1
51.710928961748635	9292	1
51.715956284153	4154	1
51.72125683060109	8820	1
51.7231693989071	7553	1
51.72459016393443	1768	1
51.757322404371585	6305	1
51.7620218579235	8638	1
51.79306010928961	8931	1
51.81262295081967	7864	1
51.820601092896176	5863	1
51.83043715846994	5989	1
51.830983606557375	8161	1
51.84398907103825	1822	1
51.8483606557377	8253	1
51.85065573770492	8171	1
51.852786885245905	8067	1
51.85551912568306	1825	1
51.858743169398906	6666	1
51.86459016393442	3379	1
51.86775956284153	6518	1
51.87366120218579	3714	1
51.88355191256831	2577	1
51.90748633879781	2720	1
51.9083606557377	113	1
51.926393442622945	144	1
51.92803278688524	164	1
51.93808743169399	3837	1
51.93857923497267	1669	1
51.94896174863388	6094	1
51.95273224043716	9807	1
51.95431693989071	8977	1
51.95781420765027	1468	1
51.96344262295082	2682	1
51.96469945355191	3510	1
51.9772131147541	7516	1
51.99934426229508	6314	1
51.999781420765025	5963	1
52.00185792349726	9883	1
52.00661202185792	1176	1
52.011693989071034	6697	1
52.01185792349727	8207	1
52.01508196721311	6206	1
52.036502732240436	3816	1
52.03726775956284	3028	1
52.04300546448087	4860	1
52.04907103825136	9482	1
52.05584699453552	7050	1
52.05606557377049	4935	1
52.05792349726776	7940	1
52.05934426229508	2596	1
52.06967213114754	2047	1
52.07021857923497	9515	1
52.080983606557375	7975	1
52.08311475409836	6161	1
52.08524590163934	4113	1
52.09923497267759	9652	1
52.099999999999994	4293	1
52.10109289617486	4748	1
52.10513661202186	1596	1
52.10737704918033	9660	1
52.121475409836066	9959	1
52.139071038251366	5054	1
52.16464480874317	5141	1
52.176010928961745	1686	1
52.180983606557376	5798	1
52.181202185792344	8559	1
52.18153005464481	5206	1
52.18983606557377	1485	1
52.19907103825137	4798	1
52.20333333333333	4725	1
52.20699453551912	7926	1
52.20863387978142	2173	1
52.23398907103825	1560	1
52.24071038251366	962	1
52.240819672131146	9366	1
52.25524590163935	4401	1
52.26918032786885	4175	1
52.275573770491796	8583	1
52.29054644808743	5059	1
52.29841530054645	9415	1
52.29868852459016	1451	1
52.299180327868854	3645	1
52.299836065573764	8477	1
52.3031693989071	9287	1
52.30459016393442	2488	1
52.30497267759563	8512	1
52.31114754098361	4406	1
52.31989071038251	3782	1
52.32377049180328	9130	1
52.358032786885246	2926	1
52.36486338797814	3868	1
52.37453551912568	7567	1
52.39213114754098	2349	1
52.446666666666665	4698	1
52.4475956284153	9795	1
52.44857923497268	1820	1
52.450765027322404	3883	1
52.451475409836064	7255	1
52.45404371584699	397	1
52.455355191256835	7717	1
52.46366120218579	5785	1
52.486721311475414	8340	1
52.50907103825136	7375	1
52.53338797814207	2369	1
52.550273224043714	4668	1
52.55103825136612	4850	1
52.55743169398907	6832	1
52.56508196721312	2461	1
52.56775956284153	8928	1
52.569398907103825	591	1
52.579890710382514	8133	1
52.582896174863386	7738	1
52.59229508196721	5671	1
52.5972131147541	2559	1
52.602786885245905	5248	1
52.62284153005465	6517	1
52.632295081967214	434	1
52.6451912568306	5301	1
52.66366120218579	6292	1
52.67147540983606	8033	1
52.67584699453552	7853	1
52.69508196721311	9312	1
52.72934426229508	7746	1
52.74338797814208	4750	1
52.75464480874317	4277	1
52.75595628415301	7089	1
52.76551912568306	7462	1
52.78584699453552	7267	1
52.79590163934426	6891	1
52.79775956284153	4171	1
52.805245901639346	4697	1
52.80732240437158	1528	1
52.80989071038251	7967	1
52.81765027322405	4783	1
52.81841530054645	9432	1
52.830601092896174	8946	1
52.83153005464481	4953	1
52.83245901639344	8002	1
52.85371584699453	9624	1
52.85508196721312	8472	1
52.85508196721312	2182	1
52.87732240437158	8991	1
52.882950819672125	1500	1
52.88901639344262	7821	1
52.89300546448087	5840	1
52.89491803278688	6202	1
52.899508196721314	5508	1
52.90677595628415	8238	1
52.911584699453556	3104	1
52.92398907103825	8851	1
52.93	5150	1
52.93136612021858	7065	1
52.93502732240437	2654	1
52.94245901639344	2328	1
52.948087431693985	2471	1
52.97098360655738	1234	1
52.979672131147545	678	1
52.98431693989071	8105	1
52.99109289617486	8563	1
52.99737704918032	9153	1
53.00704918032787	6233	1
53.02732240437158	7873	1
53.042786885245896	533	1
53.044699453551914	1573	1
53.05382513661202	2018	1
53.06442622950819	1618	1
53.06726775956284	2936	1
53.075081967213116	2269	1
53.07732240437158	7229	1
53.082131147540984	6532	1
53.09234972677595	5538	1
53.10005464480874	6434	1
53.11109289617486	8987	1
53.11737704918033	1961	1
53.12240437158469	6946	1
53.123005464480876	9159	1
53.12349726775956	4596	1
53.13737704918033	4822	1
53.14546448087432	9602	1
53.145737704918034	777	1
53.1527868852459	3949	1
53.1983606557377	3349	1
53.2016393442623	2513	1
53.20273224043716	9519	1
53.21710382513661	2039	1
53.22469945355191	1760	1
53.231147540983606	8574	1
53.2312568306011	555	1
53.23475409836065	5643	1
53.2379781420765	140	1
53.26234972677596	6340	1
53.26579234972678	9255	1
53.28775956284153	1047	1
53.31032786885246	4226	1
53.34513661202186	9259	1
53.34775956284153	4831	1
53.35999999999999	3389	1
53.363442622950814	2011	1
53.37087431693989	3295	1
53.379617486338795	5127	1
53.37978142076502	6266	1
53.38568306010929	4244	1
53.38830601092896	6313	1
53.41174863387978	3976	1
53.41699453551912	6508	1
53.45169398907104	3581	1
53.45437158469946	3808	1
53.46502732240437	2573	1
53.47420765027322	400	1
53.478524590163936	7160	1
53.481803278688524	8600	1
53.48732240437159	570	1
53.5051912568306	1531	1
53.50967213114754	632	1
53.513224043715844	5287	1
53.5168306010929	2729	1
53.527923497267764	2100	1
53.551038251366116	2010	1
53.562568306010924	5651	1
53.56693989071039	5930	1
53.567049180327864	3157	1
53.56950819672131	9543	1
53.57196721311475	335	1
53.59950819672131	5918	1
53.60382513661202	8921	1
53.6044262295082	515	1
53.60475409836065	1676	1
53.608961748633874	3638	1
53.61896174863387	3575	1
53.62021857923497	1371	1
53.62901639344262	1431	1
53.64868852459016	7930	1
53.66251366120218	4973	1
53.66617486338797	3027	1
53.68191256830601	9970	1
53.694808743169396	9301	1
53.7248087431694	234	1
53.73256830601093	3960	1
53.73825136612022	3331	1
53.74005464480874	435	1
53.75590163934426	8324	1
53.76868852459017	7688	1
53.77967213114754	1859	1
53.78027322404372	8166	1
53.79863387978142	754	1
53.809726775956285	5630	1
53.82442622950819	9122	1
53.83120218579235	9011	1
53.844480874316936	1763	1
53.8451912568306	9962	1
53.84868852459016	739	1
53.85475409836065	2629	1
53.85524590163935	2955	1
53.878524590163934	1215	1
53.88628415300546	9066	1
53.896502732240435	1812	1
53.900655737704916	7845	1
53.906612021857924	3505	1
53.908142076502735	4525	1
53.91612021857924	9666	1
53.92928961748634	8522	1
53.93344262295082	547	1
53.93551912568306	2294	1
53.938415300546446	5166	1
53.94021857923497	1962	1
53.94601092896175	9339	1
53.947486338797816	2146	1
53.95387978142077	4444	1
53.9572131147541	1592	1
53.95989071038252	6887	1
53.9835519125683	6072	1
53.99448087431694	8342	1
53.996065573770494	667	1
54.00491803278688	5432	1
54.021912568306014	45	1
54.05158469945355	8542	1
54.05229508196721	5172	1
54.05994535519125	5176	1
54.06103825136612	9444	1
54.08464480874317	5405	1
54.08650273224044	6884	1
54.11311475409836	6172	1
54.12224043715847	1318	1
54.130327868852454	5466	1
54.13393442622951	6405	1
54.15043715846994	5740	1
54.15606557377049	1780	1
54.16382513661202	1729	1
54.17448087431694	3097	1
54.18732240437158	4339	1
54.19060109289617	2170	1
54.19606557377049	2553	1
54.221748633879784	5911	1
54.247431693989064	4583	1
54.25557377049181	2712	1
54.27437158469945	4430	1
54.277540983606556	4485	1
54.28896174863388	747	1
54.3051912568306	5104	1
54.33622950819672	5670	1
54.34540983606557	9276	1
54.35174863387978	3928	1
54.36754098360656	1921	1
54.38136612021858	7860	1
54.38404371584699	9363	1
54.39453551912568	9181	1
54.39934426229508	5421	1
54.40032786885246	2265	1
54.40672131147541	4608	1
54.42218579234973	8496	1
54.436994535519126	3648	1
54.437650273224044	3049	1
54.443005464480876	3521	1
54.448907103825135	2225	1
54.4596174863388	3832	1
54.46546448087432	3620	1
54.49819672131148	1144	1
54.5131693989071	7188	1
54.5283606557377	9162	1
54.57180327868852	4789	1
54.57196721311475	3719	1
54.572786885245904	9263	1
54.582185792349726	9729	1
54.6024043715847	3054	1
54.62010928961748	5293	1
54.62284153005464	6343	1
54.63120218579235	8148	1
54.633387978142075	3851	1
54.63404371584699	9675	1
54.639508196721316	8287	1
54.64251366120218	2521	1
54.65245901639344	1066	1
54.66612021857924	9474	1
54.675409836065576	2632	1
54.676502732240436	2525	1
54.68360655737705	3775	1
54.710928961748635	4838	1
54.710928961748635	9719	1
54.71475409836065	1079	1
54.720218579234974	9769	1
54.724043715846996	1061	1
54.72459016393442	7096	1
54.72677595628415	4262	1
54.75081967213115	7683	1
54.7551912568306	3659	1
54.76830601092896	7525	1
54.793989071038254	9256	1
54.797267759562835	7367	1
54.7983606557377	2709	1
54.80327868852459	8568	1
54.81147540983607	7108	1
54.8120218579235	1004	1
54.81366120218579	676	1
54.81475409836065	727	1
54.82513661202186	7237	1
54.830601092896174	9166	1
54.83989071038251	2484	1
54.84207650273224	6318	1
54.84918032786885	8137	1
54.85409836065573	6169	1
54.8551912568306	1259	1
54.85846994535519	5894	1
54.85956284153005	4574	1
54.86830601092896	8153	1
54.88360655737705	3647	1
54.88469945355191	8360	1
54.88743169398907	1869	1
54.89617486338798	1572	1
54.898360655737704	4344	1
54.90218579234973	8950	1
54.921857923497264	9939	1
54.93224043715847	4093	1
54.944808743169396	8314	1
54.944808743169396	8859	1
54.953005464480874	7148	1
54.966120218579235	8984	1
54.980327868852456	5537	1
54.99016393442623	8807	1
55.00928961748634	2419	1
55.01584699453552	2026	1
55.03005464480874	916	1
55.03333333333333	855	1
55.03934426229508	8383	1
55.07978142076502	3995	1
55.09508196721311	9918	1
55.10054644808743	6866	1
55.10218579234972	8213	1
55.102732240437156	2198	1
55.1103825136612	340	1
55.11967213114754	3055	1
55.12732240437158	6451	1
55.12841530054645	1316	1
55.128961748633884	9522	1
55.14808743169399	7350	1
55.14863387978142	3910	1
55.15683060109289	5098	1
55.17923497267759	8846	1
55.18415300546447	9707	1
55.192896174863385	2695	1
55.203825136612025	9501	1
55.227322404371584	6732	1
55.24371584699454	3519	1
55.24480874316939	6880	1
55.24699453551912	7413	1
55.25901639344263	828	1
55.26393442622951	6917	1
55.266666666666666	9121	1
55.274863387978144	546	1
55.28524590163934	8004	1
55.28743169398907	2539	1
55.29234972677595	7686	1
55.30437158469945	6635	1
55.30765027322404	8888	1
55.31639344262295	1169	1
55.333333333333336	6651	1
55.33497267759563	3754	1
55.348633879781424	9215	1
55.35846994535519	2619	1
55.40491803278688	9369	1
55.40765027322404	1493	1
55.40874316939891	1232	1
55.421857923497264	5096	1
55.42513661202186	5482	1
55.42513661202186	5529	1
55.43114754098361	7950	1
55.431693989071036	3103	1
55.43715846994535	4996	1
55.45355191256831	7048	1
55.45846994535519	7837	1
55.471038251366124	4597	1
55.47704918032787	5408	1
55.489617486338794	4119	1
55.49617486338798	8824	1
55.50218579234973	5314	1
55.51092896174863	6080	1
55.517486338797816	3140	1
55.52131147540984	4147	1
55.54972677595628	1204	1
55.55081967213115	5410	1
55.55245901639344	1762	1
55.55464480874317	7600	1
55.57431693989071	9521	1
55.57978142076502	7480	1
55.586885245901634	7662	1
55.600546448087435	9950	1
55.60218579234972	7470	1
55.60983606557377	9565	1
55.61420765027322	5610	1
55.61693989071038	9210	1
55.62131147540984	9786	1
55.62185792349727	1993	1
55.62568306010929	1665	1
55.62786885245902	386	1
55.64972677595628	89	1
55.64972677595628	8663	1
55.65245901639344	7658	1
55.65573770491803	996	1
55.661202185792355	9114	1
55.66229508196721	4291	1
55.66229508196721	7533	1
55.663387978142076	2861	1
55.664480874316936	5169	1
55.66775956284153	7180	1
55.67377049180328	711	1
55.675409836065576	9213	1
55.678688524590164	8630	1
55.679781420765025	5044	1
55.68852459016394	3075	1
55.692896174863385	9050	1
55.70437158469945	3970	1
55.71857923497268	1710	1
55.73224043715847	6798	1
55.73387978142076	2343	1
55.73551912568306	8701	1
55.74207650273224	8210	1
55.75409836065573	8742	1
55.754644808743166	2522	1
55.758469945355195	5182	1
55.778688524590166	3373	1
55.781967213114754	1005	1
55.80054644808743	4577	1
55.81256830601093	5242	1
55.81366120218579	6715	1
55.81693989071038	6211	1
55.82295081967213	3048	1
55.833333333333336	5350	1
55.84535519125683	6358	1
55.84754098360656	2434	1
55.85300546448087	329	1
55.85409836065573	2663	1
55.86502732240437	4324	1
55.867213114754094	7244	1
55.869945355191255	6476	1
55.87650273224043	9555	1
55.90382513661203	4423	1
55.910382513661204	9022	1
55.9207650273224	5490	1
55.92404371584699	9882	1
55.927868852459014	6624	1
55.93551912568306	1421	1
55.938797814207646	2624	1
55.94644808743169	5065	1
55.97049180327869	2124	1
55.97158469945355	459	1
55.97595628415301	3294	1
55.982513661202184	5380	1
55.98306010928962	3063	1
55.994535519125684	3088	1
55.99726775956284	6273	1
55.99781420765027	6683	1
56.0224043715847	6303	1
56.05901639344262	9716	1
56.069398907103825	3204	1
56.076502732240435	4184	1
56.104918032786884	1765	1
56.10874316939891	2892	1
56.11530054644809	7807	1
56.11967213114754	9180	1
56.13989071038251	3830	1
56.14262295081967	5891	1
56.14699453551912	4643	1
56.147540983606554	2053	1
56.16174863387978	1492	1
56.165573770491804	5010	1
56.17595628415301	3769	1
56.186885245901635	6502	1
56.190710382513664	4630	1
56.20983606557377	4991	1
56.21857923497268	975	1
56.22404371584699	4101	1
56.23169398907103	509	1
56.23934426229508	7051	1
56.24207650273224	2282	1
56.243169398907106	3991	1
56.245355191256834	907	1
56.27103825136612	9013	1
56.27868852459016	7140	1
56.27923497267759	7309	1
56.280874316939894	824	1
56.30491803278689	9157	1
56.30765027322404	977	1
56.31420765027322	7980	1
56.32841530054645	9840	1
56.330601092896174	6317	1
56.34754098360656	1530	1
56.35956284153005	2803	1
56.37431693989071	7222	1
56.377049180327866	7227	1
56.384153005464476	3986	1
56.38961748633879	8916	1
56.40928961748634	3981	1
56.421857923497264	9891	1
56.424590163934425	584	1
56.42513661202186	8758	1
56.436065573770485	1798	1
56.43825136612022	1958	1
56.444808743169396	872	1
56.44808743169399	3478	1
56.45792349726776	3328	1
56.471038251366124	1261	1
56.47978142076503	6388	1
56.47978142076503	5038	1
56.50655737704918	611	1
56.53387978142076	1506	1
56.56994535519126	4526	1
56.575409836065575	9278	1
56.58032786885246	2374	1
56.59180327868852	0	1
