0.015058360655737705	4919	1
0.12796284153005463	6031	1
0.1494	9751	1
0.15087650273224043	3321	1
0.16661366120218576	1954	1
0.18633551912568305	5928	1
0.24692349726775956	2522	1
0.25202404371584697	7607	1
0.33782896174863386	6153	1
0.4527928961748634	6066	1
0.4673584699453552	7860	1
0.5144256830601093	9000	1
0.5706284153005464	8168	1
0.6627814207650273	4212	1
0.7399781420765028	1316	1
0.748775956284153	797	1
0.8763551912568306	7790	1
0.8766448087431693	6762	1
0.9140327868852459	6274	1
0.966327868852459	971	1
1.0224207650273225	1804	1
1.0334535519125683	7547	1
1.0369398907103824	4155	1
1.0621803278688524	9269	1
1.1188306010928961	6873	1
1.1204535519125682	7563	1
1.2045956284153005	9178	1
1.317535519125683	991	1
1.3205628415300545	3359	1
1.3208633879781422	8906	1
1.3328142076502731	8941	1
1.3624371584699455	3675	1
1.401431693989071	871	1
1.4268306010928962	7628	1
1.4573606557377048	2477	1
1.461622950819672	9686	1
1.5222021857923496	7191	1
1.6523224043715847	4019	1
1.709191256830601	9350	1
1.7700437158469944	8208	1
1.8193005464480876	5819	1
1.8401803278688524	9568	1
1.8429016393442623	8163	1
1.8611639344262296	5864	1
1.9744918032786887	5522	1
2.0477158469945356	6917	1
2.077825136612022	2464	1
2.0987540983606556	2806	1
2.167	1159	1
2.1792295081967215	391	1
2.1904590163934423	8703	1
2.192852459016393	367	1
2.2028469945355194	5423	1
2.299158469945355	8217	1
2.583174863387978	6825	1
2.694896174863388	1933	1
2.709437158469945	3724	1
2.7106775956284155	7291	1
2.7842841530054643	6019	1
2.928699453551913	4657	1
2.959021857923497	7092	1
3.0074590163934425	2008	1
3.0834262295081967	4861	1
3.092437158469945	207	1
3.1423879781420765	1877	1
3.1898087431693987	7476	1
3.1955737704918032	9765	1
3.2340109289617485	9673	1
3.274934426229508	5385	1
3.306775956284153	6079	1
3.395136612021858	8068	1
3.455841530054645	1872	1
3.489535519125683	4574	1
3.5106120218579235	152	1
3.514158469945355	4023	1
3.5188579234972677	5186	1
3.522502732240437	9720	1
3.6307267759562842	6643	1
3.6440437158469945	3786	1
3.862792349726776	2523	1
3.8724535519125682	2293	1
3.9502021857923495	2206	1
3.9811311475409834	2187	1
3.9857431693989067	9734	1
4.027786885245901	5604	1
4.2355956284153	7585	1
4.25279781420765	5013	1
4.266453551912568	7084	1
4.33715300546448	6814	1
4.3801147540983605	5116	1
4.47324043715847	7482	1
4.512989071038252	6902	1
4.57820218579235	2911	1
4.611688524590163	4134	1
4.619218579234972	6376	1
4.637251366120219	406	1
4.703945355191257	848	1
4.733431693989071	5622	1
4.742754098360655	7977	1
4.7915300546448085	4846	1
4.809918032786885	5551	1
4.948158469945355	2396	1
5.168453551912568	2548	1
5.204114754098361	4974	1
5.256786885245901	1715	1
5.2967923497267755	8012	1
5.306950819672131	8783	1
5.324338797814208	5503	1
5.355792349726776	2458	1
5.392710382513661	4191	1
5.423262295081967	8182	1
5.491420765027323	4703	1
5.496994535519126	883	1
5.502513661202186	9680	1
5.538524590163934	514	1
5.546830601092896	8566	1
5.661584699453552	4237	1
5.6921857923497265	816	1
5.777595628415301	1799	1
5.778087431693989	5967	1
5.784644808743169	7764	1
5.81535519125683	2113	1
5.8632786885245896	4679	1
5.889234972677595	5462	1
5.934262295081967	3799	1
5.942622950819672	2181	1
5.9460655737704915	4417	1
5.9468852459016395	8771	1
5.977595628415301	113	1
5.99431693989071	8378	1
6.033661202185792	1495	1
6.033989071038252	7005	1
6.086885245901639	8511	1
6.0942622950819665	7922	1
6.109071038251366	5730	1
6.114371584699453	1913	1
6.175300546448087	4803	1
6.1855737704918035	6052	1
6.278797814207651	534	1
6.314535519125682	1015	1
6.346502732240437	4984	1
6.371857923497268	5686	1
6.384972677595629	8245	1
6.397704918032788	9625	1
6.415956284153006	662	1
6.454043715846994	8421	1
6.460437158469945	1595	1
6.478524590163935	4504	1
6.480928961748634	9875	1
6.4891256830601085	4971	1
6.490273224043715	8819	1
6.506612021857924	9401	1
6.569016393442623	3090	1
6.603934426229508	9082	1
6.653333333333333	4660	1
6.66655737704918	644	1
6.674262295081967	8436	1
6.688961748633879	8549	1
6.713114754098361	8634	1
6.782076502732241	7311	1
6.827158469945355	1455	1
6.880273224043716	9850	1
6.924699453551912	2690	1
6.96120218579235	6030	1
6.966284153005465	5725	1
6.970765027322405	6038	1
6.987322404371584	8596	1
6.991092896174863	5768	1
7.112568306010929	1285	1
7.138032786885246	4701	1
7.1447540983606554	9113	1
7.170327868852459	6205	1
7.201475409836065	9100	1
7.217923497267759	7562	1
7.234043715846994	2442	1
7.341092896174864	1228	1
7.359945355191257	752	1
7.3751366120218576	757	1
7.4024043715847	3186	1
7.479508196721311	5226	1
7.48568306010929	7259	1
7.574426229508197	5240	1
7.689781420765027	8939	1
7.708032786885246	9429	1
7.747868852459016	4223	1
7.763169398907103	436	1
7.857595628415301	7565	1
7.965409836065573	9437	1
8.048907103825137	8299	1
8.059344262295083	1811	1
8.069180327868851	5663	1
8.103661202185792	8704	1
8.11863387978142	8758	1
8.153169398907103	9572	1
8.190983606557376	3595	1
8.206448087431694	7781	1
8.22568306010929	3245	1
8.240601092896174	237	1
8.286612021857923	8727	1
8.299344262295081	3198	1
8.300601092896175	3832	1
8.328306010928962	8121	1
8.336666666666666	9111	1
8.431475409836066	3564	1
8.456284153005464	2410	1
8.48344262295082	5159	1
8.486120218579234	8275	1
8.5175956284153	2170	1
8.5175956284153	4097	1
8.531584699453552	2247	1
8.53639344262295	3328	1
8.549453551912569	4638	1
8.570273224043715	8101	1
8.576666666666666	4762	1
8.629289617486338	4803	0
8.649398907103825	5687	1
8.66551912568306	7205	1
8.67327868852459	5255	1
8.743387978142078	8627	1
8.834918032786884	1685	1
8.859453551912567	2276	1
8.86207650273224	9535	1
8.902677595628417	9256	1
8.903169398907103	4577	1
8.913497267759562	3497	1
8.976939890710382	9900	1
8.981147540983606	2820	1
9.014426229508198	5012	1
9.015683060109291	8443	1
9.033934426229509	6590	1
9.053224043715847	7391	1
9.140054644808743	9883	1
9.150983606557377	6318	1
9.166666666666668	4204	1
9.239945355191256	3419	1
9.26967213114754	7952	1
9.287704918032787	318	1
9.299836065573771	9614	1
9.40639344262295	369	1
9.436448087431694	6740	1
9.474153005464482	6371	1
9.500382513661203	4623	1
9.504918032786884	5582	1
9.506448087431695	599	1
9.516612021857924	5722	1
9.522459016393443	931	1
9.56327868852459	5039	1
9.566284153005464	2001	1
9.595027322404372	1433	1
9.600491803278688	4776	1
9.605300546448088	5993	1
9.608142076502732	4937	1
9.609726775956283	7485	1
9.652021857923497	7158	1
9.702513661202186	3314	1
9.749945355191258	2064	1
9.755792349726775	2996	1
9.78879781420765	6011	1
9.80535519125683	9818	1
9.823770491803279	6252	1
9.826284153005465	9880	1
9.842622950819672	5117	1
9.856775956284153	1816	1
9.914808743169399	7334	1
9.974644808743168	508	1
9.984590163934426	2910	1
10.02256830601093	9158	1
10.023169398907102	8198	1
10.055683060109288	8449	1
10.1248087431694	1592	1
10.210546448087431	5162	1
10.222185792349727	5937	1
10.307540983606557	5445	1
10.311967213114754	602	1
10.316229508196722	5615	1
10.387814207650274	6199	1
10.415245901639345	55	1
10.426284153005463	8086	1
10.438415300546447	1693	1
10.568142076502733	5808	1
10.588087431693989	627	1
10.66016393442623	9743	1
10.67672131147541	500	1
10.68590163934426	6610	1
10.705956284153004	6026	1
10.76743169398907	6202	1
10.80655737704918	987	1
10.816229508196722	6871	1
10.821639344262296	623	1
10.828688524590165	5860	1
10.83398907103825	9556	1
10.843005464480875	9418	1
10.908579234972677	7326	1
10.914590163934426	9896	1
10.947759562841531	450	1
10.975136612021858	4668	1
10.982185792349727	9598	1
11.003551912568307	6122	1
11.030109289617487	8650	1
11.031311475409835	6909	1
11.172950819672131	5823	1
11.196775956284153	9053	1
11.212622950819672	2384	1
11.233005464480874	5271	1
11.262786885245902	4261	1
11.29551912568306	7090	1
11.34704918032787	3368	1
11.374098360655736	7793	1
11.384262295081967	4592	1
11.40863387978142	6845	1
11.48398907103825	3089	1
11.495737704918032	4588	1
11.531475409836064	3177	1
11.551475409836065	756	1
11.617759562841531	8310	1
11.628142076502732	9103	1
11.628360655737705	5361	1
11.657868852459016	6569	1
11.668579234972677	9985	1
11.675519125683058	1141	1
11.683770491803278	9641	1
11.74551912568306	8199	1
11.749344262295082	7569	1
11.797049180327868	443	1
11.811803278688524	7044	1
11.82896174863388	962	1
11.894918032786885	4014	1
11.982185792349727	3203	1
12.006994535519127	9317	1
12.013060109289619	4567	1
12.041475409836066	8155	1
12.075628415300546	7847	1
12.13830601092896	6936	1
12.168852459016394	7791	1
12.261092896174864	2582	1
12.289836065573772	5901	1
12.365300546448086	5703	1
12.402131147540985	5792	1
12.44551912568306	2327	1
12.45311475409836	9772	1
12.477978142076502	8591	1
12.508032786885245	1306	1
12.537923497267759	5944	1
12.605300546448087	8252	1
12.621475409836066	3666	1
12.652896174863388	1896	1
12.654863387978141	6529	1
12.655136612021858	7377	1
12.711857923497268	1628	1
12.724480874316939	9599	1
12.72792349726776	2815	1
12.728579234972678	2589	1
12.741256830601094	9887	1
12.750273224043715	4511	1
12.794972677595627	716	1
12.844918032786886	7834	1
12.84535519125683	5971	1
12.891912568306012	2415	1
12.932021857923496	4076	1
12.95639344262295	9337	1
12.994043715846995	4489	1
13.033387978142077	396	1
13.056010928961749	2810	1
13.07103825136612	9458	1
13.083333333333332	8718	1
13.133442622950819	8354	1
13.134644808743168	3222	1
13.214371584699453	2882	1
13.218196721311475	1956	1
13.260273224043717	3158	1
13.283770491803278	8830	1
13.321803278688524	2980	1
13.343497267759561	2192	1
13.34606557377049	1624	1
13.360273224043716	893	1
13.417540983606557	8410	1
13.436502732240438	1805	1
13.459453551912569	2948	1
13.486666666666666	9331	1
13.579071038251366	1354	1
13.610655737704917	4897	1
13.613442622950819	5885	1
13.615409836065574	5035	1
13.640437158469947	4113	1
13.702349726775955	5214	1
13.705573770491803	4847	1
13.74344262295082	9806	1
13.747049180327869	5289	1
13.749016393442623	3203	0
13.755409836065574	397	1
13.815300546448087	2844	1
13.84344262295082	8206	1
13.86431693989071	3531	1
13.916502732240437	4201	1
13.92535519125683	1684	1
13.939125683060109	3194	1
13.942677595628414	6906	1
13.97295081967213	3183	1
14.058524590163934	9522	1
14.079999999999998	819	1
14.281475409836066	9142	1
14.346666666666668	7577	1
14.351038251366122	3498	1
14.362240437158471	5489	1
14.370054644808743	7419	1
14.37863387978142	3614	1
14.378743169398906	4311	1
14.379071038251364	9729	1
14.383715846994535	5954	1
14.419508196721312	5949	1
14.468306010928961	2695	1
14.470437158469945	9131	1
14.478907103825136	9483	1
14.503715846994536	6709	1
14.51775956284153	5913	1
14.541038251366121	9816	1
14.580109289617486	6794	1
14.60808743169399	7617	1
14.61896174863388	8515	1
14.692568306010928	3050	1
14.700546448087431	1167	1
14.714972677595629	4997	1
14.722568306010928	7660	1
14.764863387978142	7141	1
14.767704918032788	5547	1
14.89071038251366	8896	1
14.891967213114754	9602	1
14.90568306010929	4040	1
14.958907103825137	1282	1
14.995901639344263	6717	1
15.027650273224044	8639	1
15.046393442622952	3074	1
15.053333333333333	2642	1
15.057103825136611	3312	1
15.114207650273224	9457	1
15.116065573770491	2594	1
15.119726775956282	6731	1
15.142185792349727	8649	1
15.169016393442623	6060	1
15.245956284153005	9318	1
15.296065573770491	9854	1
15.322459016393442	9157	1
15.323005464480874	851	1
15.352622950819672	7070	1
15.36049180327869	1010	1
15.372841530054645	2283	1
15.380273224043716	2281	1
15.453169398907104	6451	1
15.481092896174863	655	1
15.48967213114754	9150	1
15.490710382513662	8471	1
15.490928961748633	8604	1
15.515300546448088	4482	1
15.525409836065574	7871	1
15.542349726775955	3238	1
15.557814207650274	912	1
15.591857923497267	3253	1
15.687650273224042	6427	1
15.69448087431694	3821	1
15.700983606557376	4250	1
15.703060109289618	5481	1
15.744098360655737	6738	1
15.751256830601093	1347	1
15.791475409836066	2689	1
15.800382513661203	4677	1
15.859180327868852	4756	1
15.905245901639343	46	1
15.923224043715846	7945	1
15.935081967213115	1197	1
15.935737704918033	7709	1
15.944972677595628	3408	1
15.948142076502732	8739	1
15.974153005464482	4526	1
16.06103825136612	7506	1
16.062841530054644	9502	1
16.08136612021858	353	1
16.093606557377047	3120	1
16.096994535519126	9565	1
16.099071038251367	5172	1
16.226666666666667	8856	1
16.246885245901638	8033	1
16.29808743169399	354	1
16.29830601092896	1970	1
16.316612021857924	4876	1
16.339726775956283	9288	1
16.341693989071036	9748	1
16.342732240437158	2062	1
16.367486338797814	4380	1
16.38431693989071	104	1
16.39349726775956	7491	1
16.395300546448087	732	1
16.413060109289617	9073	1
16.434207650273223	9948	1
16.445409836065572	2366	1
16.51366120218579	4299	1
16.52688524590164	7155	1
16.544535519125684	6958	1
16.565464480874315	5673	1
16.60311475409836	9321	1
16.69584699453552	9601	1
16.698907103825135	8859	1
16.707595628415298	8305	1
16.714098360655736	7602	1
16.75262295081967	8077	1
16.76950819672131	7276	1
16.82650273224044	7674	1
16.8596174863388	3035	1
16.885191256830602	6561	1
16.906775956284154	7353	1
16.94573770491803	8577	1
17.00918032786885	5104	1
17.033989071038253	8290	1
17.05431693989071	4907	1
17.058579234972676	4123	1
17.074207650273223	1226	1
17.098524590163933	5566	1
17.1424043715847	1819	1
17.14464480874317	8015	1
17.198469945355193	1114	1
17.210054644808743	1773	1
17.217650273224045	2743	1
17.233661202185793	8578	1
17.241147540983604	1969	1
17.281420765027324	9718	1
17.370874316939894	6213	1
17.39502732240437	6494	1
17.46633879781421	7327	1
17.46639344262295	1879	1
17.529344262295083	3129	1
17.532131147540984	4170	1
17.53775956284153	1868	1
17.54344262295082	6948	1
17.585628415300548	3676	1
17.587814207650272	5044	1
17.687049180327868	2878	1
17.738306010928962	9664	1
17.76295081967213	822	1
17.779945355191256	8867	1
17.794371584699455	6418	1
17.804535519125682	9119	1
17.827322404371586	641	1
17.843169398907104	8870	1
17.85191256830601	9191	1
17.868743169398908	2369	1
17.906502732240433	1560	1
17.944754098360654	9683	1
17.95568306010929	8461	1
18.0048087431694	7848	1
18.044426229508197	6840	1
18.044972677595627	6178	1
18.059781420765027	4316	1
18.071857923497266	5561	1
18.09846994535519	5080	1
18.10120218579235	3852	1
18.103989071038253	3125	1
18.12617486338798	4001	1
18.126775956284153	2807	1
18.133224043715845	7703	1
18.14693989071038	8293	1
18.174918032786884	5234	1
18.176338797814207	3726	1
18.231147540983603	170	1
18.24	8332	1
18.247486338797817	2020	1
18.280327868852456	6868	1
18.292021857923498	1953	1
18.327540983606557	6918	1
18.330273224043715	7546	1
18.391693989071037	8641	1
18.40551912568306	7521	1
18.46896174863388	8497	1
18.48327868852459	6422	1
18.48704918032787	5182	1
18.645901639344263	4413	1
18.6548087431694	7349	1
18.67196721311475	933	1
18.69087431693989	2126	1
18.712076502732238	1796	1
18.722021857923497	326	1
18.724426229508197	8191	1
18.72918032786885	6299	1
18.75054644808743	6856	1
18.758306010928962	3974	1
18.763879781420762	7656	1
18.800819672131148	8781	1
18.826994535519127	2185	1
18.887103825136613	6310	1
18.919617486338797	7204	1
18.928633879781422	5760	1
19.042841530054645	9761	1
19.06393442622951	2403	1
19.079617486338798	5796	1
19.105464480874318	8246	1
19.11054644808743	7182	1
19.180928961748634	6109	1
19.205956284153007	4478	1
19.214754098360654	7370	1
19.224644808743168	9127	1
19.281967213114754	3964	1
19.29360655737705	195	1
19.298907103825137	723	1
19.30928961748634	3018	1
19.314754098360655	7301	1
19.32120218579235	5636	1
19.345409836065574	8993	1
19.36437158469945	6092	1
19.385409836065573	7537	1
19.394098360655736	1635	1
19.41928961748634	4396	1
19.44415300546448	2678	1
19.475956284153003	9727	1
19.47928961748634	7819	1
19.479781420765026	2475	1
19.49437158469945	6543	1
19.512677595628418	6037	1
19.525409836065574	7708	1
19.529071038251363	1261	1
19.534699453551912	9841	1
19.55289617486339	4121	1
19.5551912568306	957	1
19.555519125683062	2140	1
19.60049180327869	8292	1
19.630382513661203	3288	1
19.630710382513662	9579	1
19.65158469945355	5678	1
19.665081967213116	5704	1
19.700928961748634	2600	1
19.703060109289616	869	1
19.716448087431694	8250	1
19.730983606557377	5218	1
19.822841530054642	4976	1
19.83792349726776	6972	1
19.84967213114754	2072	1
19.870601092896173	5803	1
19.883005464480874	9343	1
19.88306010928962	8335	1
19.889836065573768	1081	1
19.891803278688524	2510	1
19.901857923497268	4651	1
19.922568306010927	4516	1
19.938196721311478	8822	1
19.9875956284153	1217	1
19.99005464480874	8621	1
20.008633879781417	6283	1
20.020819672131147	8545	1
20.059071038251368	7310	1
20.082732240437156	9237	1
20.09989071038251	7938	1
20.105081967213113	1869	1
20.14103825136612	8017	1
20.14928961748634	3907	1
20.170928961748636	5418	1
20.172131147540984	9509	1
20.209016393442624	1603	1
20.21726775956284	7497	1
20.255191256830603	2174	1
20.258743169398908	9697	1
20.294262295081964	5217	1
20.320437158469947	8492	1
20.324207650273223	8731	1
20.361420765027322	3371	1
20.389398907103825	9068	1
20.43311475409836	4691	1
20.468743169398905	5256	1
20.50972677595628	8029	1
20.51743169398907	8315	1
20.524262295081968	3296	1
20.52775956284153	2508	1
20.586120218579236	3164	1
20.606010928961748	2052	1
20.616994535519126	9518	1
20.645573770491804	3410	1
20.645846994535518	7455	1
20.650382513661203	4242	1
20.67896174863388	8963	1
20.68879781420765	2840	1
20.69054644808743	5695	1
20.72885245901639	9233	1
20.748907103825136	2084	1
20.74978142076503	5824	1
20.752185792349728	4329	1
20.77983606557377	638	1
20.79453551912568	5358	1
20.81103825136612	6115	1
20.811803278688522	7058	1
20.821092896174864	4351	1
20.82688524590164	9840	1
20.85584699453552	8087	1
20.87874316939891	967	1
20.914043715846994	2078	1
20.93174863387978	8503	1
21.011639344262296	3255	1
21.028907103825137	9094	1
21.03846994535519	2500	1
21.05224043715847	2708	1
21.073661202185793	4948	1
21.075573770491804	9464	1
21.17136612021858	9864	1
21.17743169398907	7705	1
21.193005464480873	2839	1
21.195737704918034	3127	1
21.230327868852456	3013	1
21.31486338797814	8005	1
21.320874316939893	7416	1
21.321803278688524	5713	1
21.32639344262295	7041	1
21.338360655737706	2867	1
21.408196721311473	9334	1
21.412131147540986	7854	1
21.41448087431694	9221	1
21.435464480874316	7221	1
21.4596174863388	9051	1
21.52775956284153	5635	1
21.5851912568306	3545	1
21.65174863387978	6592	1
21.671475409836066	7378	1
21.684699453551914	6401	1
21.6848087431694	3990	1
21.6872131147541	3481	1
21.700601092896175	8146	1
21.7524043715847	3624	1
21.79792349726776	7465	1
21.80415300546448	5179	1
21.83863387978142	2266	1
21.86688524590164	3360	1
21.8744262295082	7579	1
21.88398907103825	7927	1
21.92382513661202	6050	1
21.927103825136612	5766	1
22.003060109289617	6603	1
22.01071038251366	7227	1
22.02185792349727	6522	1
22.046120218579237	4472	1
22.085628415300548	1971	1
22.096065573770492	501	1
22.126939890710382	5735	1
22.146612021857926	5274	1
22.148251366120217	1503	1
22.17606557377049	5133	1
22.196502732240436	5890	1
22.20453551912568	2287	1
22.302240437158467	6465	1
22.305901639344263	1831	1
22.31054644808743	2564	1
22.328469945355188	7987	1
22.336502732240437	5184	1
22.37928961748634	5884	1
22.437540983606556	8631	1
22.4972131147541	2923	1
22.512568306010927	881	1
22.546939890710384	2259	1
22.572786885245904	1842	1
22.61158469945355	6637	1
22.631967213114756	3428	1
22.636939890710384	8935	1
22.764863387978142	5978	1
22.77032786885246	8968	1
22.83120218579235	4056	1
22.8324043715847	7488	1
22.899781420765027	5798	1
22.928360655737706	8094	1
22.94295081967213	652	1
22.95409836065574	1701	1
22.987923497267758	3523	1
23.01775956284153	7504	1
23.031639344262295	4224	1
23.03218579234973	8128	1
23.130163934426232	2590	1
23.138524590163932	1708	1
23.170765027322407	8177	1
23.200655737704917	8262	1
23.220491803278687	5611	1
23.279726775956284	1335	1
23.286338797814206	9918	1
23.31142076502732	4175	1
23.35256830601093	6862	1
23.38901639344262	9831	1
23.389234972677595	1358	1
23.389726775956284	4507	1
23.401857923497268	6537	1
23.411967213114753	6901	1
23.426338797814207	7170	1
23.443169398907106	9657	1
23.455628415300545	5898	1
23.568907103825136	569	1
23.59114754098361	6044	1
23.602459016393443	483	1
23.66377049180328	3179	1
23.6751912568306	767	1
23.69065573770492	8429	1
23.749562841530054	9884	1
23.770601092896175	4603	1
23.784480874316937	7137	1
23.799453551912567	8570	1
23.818032786885247	5567	1
23.826120218579238	7566	1
23.847377049180327	5148	1
23.917868852459016	3827	1
23.918743169398905	8296	1
23.923442622950816	4669	1
23.96950819672131	8615	1
24.067158469945355	432	1
24.12426229508197	6129	1
24.124754098360658	1680	1
24.14224043715847	6075	1
24.172677595628414	492	1
24.18846994535519	5086	1
24.23256830601093	6144	1
24.238524590163934	7116	1
24.244699453551913	2368	1
24.275901639344262	3842	1
24.30693989071038	1598	1
24.32426229508197	7360	1
24.325464480874317	5787	1
24.36448087431694	1662	1
24.382950819672132	8188	1
24.435300546448087	3598	1
24.442076502732238	5502	1
24.478196721311473	5535	1
24.47885245901639	1694	1
24.50655737704918	2502	1
24.549781420765026	12	1
24.593114754098362	7287	1
24.61087431693989	9306	1
24.62349726775956	3918	1
24.633005464480874	3080	1
24.640765027322402	2232	1
24.654262295081967	5590	1
24.67688524590164	8952	1
24.729945355191255	3810	1
24.736010928961747	7099	1
24.77661202185792	5433	1
24.82584699453552	6668	1
24.88256830601093	4701	0
24.8927868852459	3828	1
24.926612021857924	9825	1
24.947978142076504	7995	1
24.995573770491806	4887	1
25.00672131147541	7672	1
25.016502732240436	1410	1
25.022459016393444	7461	1
25.06967213114754	1514	1
25.217486338797816	4940	1
25.220327868852458	9054	1
25.222185792349727	8623	1
25.246830601092896	7266	1
25.261038251366116	4547	1
25.34224043715847	9471	1
25.35590163934426	3439	1
25.381256830601092	1526	1
25.383497267759562	1487	1
25.444480874316938	3625	1
25.470163934426232	701	1
25.507704918032786	330	1
25.527814207650273	8689	1
25.533224043715844	520	1
25.550273224043714	2632	1
25.617158469945355	2044	1
25.635956284153004	853	1
25.68415300546448	2918	1
25.68710382513661	6836	1
25.692185792349726	2146	1
25.693715846994536	9136	1
25.70229508196721	5228	1
25.767650273224042	2816	1
25.772349726775957	8185	1
25.810819672131146	4041	1
25.8168306010929	2800	1
25.83207650273224	1960	1
25.836885245901637	7218	1
25.846284153005463	1221	1
25.89535519125683	2389	1
25.910109289617484	5844	1
25.913169398907105	3722	1
25.94136612021858	6496	1
25.953169398907104	6798	1
26.026010928961746	6068	1
26.05054644808743	8560	1
26.082732240437156	8454	1
26.094426229508194	8382	1
26.109945355191257	1477	1
26.133333333333333	3320	1
26.14049180327869	5515	1
26.157103825136613	8872	1
26.176338797814207	3538	1
26.196994535519124	8312	1
26.1996174863388	3690	1
26.23153005464481	6485	1
26.25415300546448	8309	1
26.257704918032786	7559	1
26.29546448087432	2118	1
26.30825136612022	4457	1
26.434699453551914	3300	1
26.46655737704918	4872	1
26.472185792349723	8888	1
26.511092896174862	3940	1
26.514590163934425	6493	1
26.522349726775957	3499	1
26.54846994535519	9986	1
26.55781420765027	3730	1
26.565081967213114	6385	1
26.57273224043716	9574	1
26.591147540983606	5654	1
26.614098360655735	3399	1
26.63437158469945	8734	1
26.63846994535519	9584	1
26.654808743169397	8452	1
26.70939890710382	7190	1
26.785300546448088	4799	1
26.79174863387978	9855	1
26.79846994535519	4506	1
26.830327868852457	1851	1
26.8627868852459	7549	1
26.881857923497268	8276	1
26.926994535519125	7807	1
27.005027322404374	3978	1
27.03016393442623	5556	1
27.045081967213115	6626	1
27.06174863387978	5338	1
27.12437158469945	6174	1
27.15120218579235	1757	1
27.161967213114753	918	1
27.241967213114755	758	1
27.269071038251365	159	1
27.366666666666667	8539	1
27.368306010928958	5346	1
27.38901639344262	5153	1
27.411092896174864	9481	1
27.43229508196721	7812	1
27.448251366120218	9264	1
27.54207650273224	6459	1
27.548032786885244	5664	1
27.587650273224043	3599	1
27.58890710382514	710	1
27.620601092896173	9544	1
27.63021857923497	7178	1
27.642295081967212	2887	1
27.646830601092894	2738	1
27.656830601092896	4906	1
27.670382513661202	6628	1
27.67792349726776	7935	1
27.680437158469942	2488	1
27.69710382513661	9482	1
27.734098360655736	2664	1
27.791092896174863	1266	1
27.826994535519127	5229	1
27.901038251366117	5979	1
27.90136612021858	9076	1
27.924863387978142	6728	1
27.956502732240438	4654	1
27.961092896174865	1176	1
27.96989071038251	5748	1
28.087213114754096	3600	1
28.124426229508195	2346	1
28.13808743169399	5026	1
28.174207650273225	9950	1
28.186120218579234	3808	1
28.192185792349726	6325	1
28.220382513661203	5897	1
28.301584699453553	1099	1
28.43021857923497	1900	1
28.461639344262295	606	1
28.477704918032785	4533	1
28.477704918032785	1699	1
28.502896174863388	7232	1
28.511693989071038	6040	1
28.54464480874317	8853	1
28.56136612021858	9279	1
28.56896174863388	8032	1
28.622295081967213	7787	1
28.642841530054646	5600	1
28.645846994535518	2481	1
28.678306010928964	7719	1
28.68469945355191	6926	1
28.695573770491805	6564	1
28.70945355191257	1053	1
28.71497267759563	4571	1
28.75103825136612	3631	1
28.75415300546448	335	1
28.789562841530053	5795	1
28.806010928961747	6362	1
28.837814207650272	3549	1
28.85672131147541	2377	1
28.867158469945355	2196	1
28.885737704918032	6415	1
29.05672131147541	7658	1
29.07989071038251	6867	1
29.09896174863388	6922	1
29.16448087431694	2294	1
29.21174863387978	5460	1
29.217540983606554	1352	1
29.22617486338798	1079	1
29.22901639344262	8903	1
29.254918032786886	8694	1
29.26617486338798	5975	1
29.31601092896175	9013	1
29.33622950819672	1600	1
29.38	6915	1
29.387759562841527	6535	1
29.406721311475412	8782	1
29.42382513661202	2425	1
29.424262295081967	9649	1
29.44420765027322	3633	1
29.45224043715847	9451	1
29.45448087431694	4404	1
29.47366120218579	4188	1
29.478469945355194	7529	1
29.512841530054644	6758	1
29.52169398907104	6988	1
29.527650273224044	6806	1
29.52918032786885	3064	1
29.583879781420762	601	1
29.58497267759563	4172	1
29.622021857923496	6688	1
29.634262295081967	3122	1
29.643715846994535	4557	1
29.659125683060108	3372	1
29.675355191256827	471	1
29.686120218579234	818	1
29.690983606557378	6406	1
29.705081967213115	9195	1
29.70841530054645	7683	1
29.716939890710382	3466	1
29.74655737704918	3367	1
29.778852459016395	146	1
29.84409836065574	3537	1
29.875464480874317	1466	1
29.883497267759562	7057	1
29.922677595628414	5477	1
29.923169398907103	3785	1
29.98945355191257	9009	1
30.11934426229508	1988	1
30.1479781420765	3066	1
30.1724043715847	8727	0
30.1848087431694	1091	1
30.196666666666665	8541	1
30.215901639344263	9197	1
30.236229508196722	6510	1
30.28415300546448	2343	1
30.295355191256828	6082	1
30.307158469945353	9846	1
30.366666666666667	7687	1
30.377540983606558	3939	1
30.45448087431694	6303	1
30.457213114754097	7130	1
30.48448087431694	9828	1
30.490601092896174	3778	1
30.498579234972677	9998	1
30.518360655737702	5475	1
30.545573770491803	4173	1
30.576612021857922	6253	1
30.623224043715847	7919	1
30.660109289617484	4365	1
30.6620218579235	6209	1
30.73256830601093	6097	1
30.7527868852459	6866	1
30.76120218579235	4650	1
30.76655737704918	3805	1
30.78136612021858	4492	1
30.796775956284154	320	1
30.821366120218578	8183	1
30.858469945355193	5167	1
30.873606557377048	9494	1
30.876994535519124	6933	1
30.90431693989071	3880	1
30.93355191256831	9138	1
30.945300546448085	431	1
30.994918032786885	6101	1
31.039398907103827	2151	1
31.09185792349727	9326	1
31.092513661202187	3009	1
31.093934426229506	6680	1
31.131311475409838	4644	1
31.134098360655738	3111	1
31.13983606557377	7324	1
31.18677595628415	4684	1
31.30120218579235	5411	1
31.326666666666664	3989	1
31.401147540983605	5464	1
31.41825136612022	8434	1
31.43830601092896	9795	1
31.45508196721311	5925	1
31.46830601092896	2942	1
31.50409836065574	1761	1
31.507650273224044	7748	1
31.547650273224043	8455	1
31.548032786885244	7631	1
31.558087431693988	3270	1
31.602841530054643	6789	1
31.653060109289616	5943	1
31.679016393442623	7716	1
31.691092896174865	5260	1
31.699562841530053	4392	1
31.70431693989071	8282	1
31.731366120218578	6474	1
31.733661202185793	908	1
31.751366120218577	4371	1
31.784754098360654	9874	1
31.815081967213114	1938	1
31.828251366120217	329	1
31.856338797814207	7243	1
31.869234972677596	5000	1
31.876448087431694	3112	1
31.88103825136612	2997	1
31.928688524590164	8854	1
31.932513661202186	8726	1
31.945573770491805	8379	1
31.970601092896175	4800	1
31.980765027322406	7296	1
32.0620218579235	5099	1
32.11185792349727	3390	1
32.11743169398907	2516	1
32.207868852459015	7592	1
32.212349726775955	7229	1
32.24016393442623	8919	1
32.24327868852459	4305	1
32.26918032786885	3587	1
32.31879781420765	9596	1
32.346338797814205	7989	1
32.352732240437156	8847	1
32.36158469945355	1915	1
32.36846994535519	8717	1
32.368743169398904	5770	1
32.43896174863388	6399	1
32.44989071038251	9791	1
32.456338797814205	1009	1
32.48306010928962	3887	1
32.56103825136612	4135	1
32.59049180327869	1646	1
32.631256830601096	8081	1
32.64715846994535	7901	1
32.66628415300546	5643	1
32.820928961748635	978	1
32.85513661202186	4293	1
32.868852459016395	4055	1
32.87830601092896	6055	1
32.93251366120219	4862	1
32.94005464480875	3195	1
32.97338797814208	2634	1
32.98224043715847	9785	1
33.015573770491805	4430	1
33.029726775956284	5674	1
33.04071038251366	5871	1
33.051092896174865	4347	1
33.07475409836066	7680	1
33.113934426229505	2712	1
33.115464480874316	1546	1
33.12825136612022	9299	1
33.18606557377049	3262	1
33.19590163934426	9227	1
33.253224043715846	6307	1
33.25502732240437	5059	1
33.27131147540984	9165	1
33.30918032786885	8092	1
33.32819672131147	7073	1
33.351147540983604	3128	1
33.3679781420765	3683	1
33.41382513661202	8742	1
33.41551912568306	7753	1
33.43300546448087	9410	1
33.526775956284155	7399	1
33.543934426229505	1568	1
33.555191256830604	4138	1
33.574043715847	212	1
33.61180327868852	9012	1
33.672349726775956	9277	1
33.69792349726776	3923	1
33.70344262295082	1905	1
33.71890710382514	3862	1
33.73327868852459	4468	1
33.79032786885246	6735	1
33.79868852459016	5235	1
33.80590163934426	7993	1
33.83202185792349	7508	1
33.85896174863388	6835	1
33.929398907103824	5855	1
33.9475956284153	3543	1
33.95781420765027	6748	1
33.98284153005464	5317	1
34.05792349726776	1506	1
34.084426229508196	8067	1
34.12196721311475	5972	1
34.126338797814206	2526	1
34.140163934426226	1853	1
34.191475409836066	7400	1
34.22868852459016	6707	1
34.26765027322404	3693	1
34.26775956284153	2739	1
34.28437158469946	1016	1
34.38846994535519	8724	1
34.3951912568306	8588	1
34.40103825136612	5732	1
34.40972677595629	3877	1
34.466830601092894	5064	1
34.49934426229508	2136	1
34.52901639344262	5729	1
34.53262295081967	9435	1
34.55551912568306	1890	1
34.579562841530056	4459	1
34.59142076502732	6096	1
34.61333333333333	1205	1
34.62426229508197	6063	1
34.64595628415301	1271	1
34.66612021857923	6714	1
34.741530054644805	2202	1
34.78475409836065	2374	1
34.79754098360656	6658	1
34.80158469945356	3079	1
34.842568306010925	5324	1
34.855300546448085	7902	1
34.86267759562841	4851	1
34.89043715846994	543	1
34.91016393442623	7362	1
34.93065573770492	5304	1
34.95770491803279	8648	1
34.96300546448088	7315	1
34.99311475409836	278	1
35.00251366120219	6600	1
35.00836065573771	3691	1
35.02502732240437	6533	1
35.03475409836066	1965	1
35.09224043715847	6812	1
35.09540983606558	4613	1
35.11295081967213	2493	1
35.125846994535515	8825	1
35.285300546448084	4552	1
35.28704918032787	9536	1
35.293169398907104	3169	1
35.30366120218579	7733	1
35.32333333333333	3582	1
35.39120218579235	6675	1
35.39295081967213	6344	1
35.44825136612022	7736	1
35.49699453551913	2345	1
35.50125683060109	8885	1
35.52398907103825	5091	1
35.53453551912568	7836	1
35.552622950819675	7372	1
35.63726775956284	6271	1
35.7124043715847	4678	1
35.733005464480875	6608	1
35.73661202185792	6151	1
35.74857923497268	5693	1
35.86710382513661	3104	1
35.88666666666666	7609	1
35.89153005464481	8516	1
35.908142076502735	4618	1
35.93065573770492	2414	1
36.005409836065574	7389	1
36.0396174863388	2612	1
36.05792349726776	6624	1
36.07989071038251	2437	1
36.15131147540984	719	1
36.15191256830601	2829	1
36.22486338797815	8496	1
36.23546448087432	661	1
36.265464480874314	4448	1
36.327650273224044	8267	1
36.3292349726776	3431	1
36.37579234972677	9672	1
36.37879781420765	3335	1
36.38218579234972	3973	1
36.390109289617484	6440	1
36.40131147540984	5969	1
36.41131147540984	8767	1
36.42513661202185	4116	1
36.45491803278688	3449	1
36.47163934426229	8547	1
36.49584699453552	3459	1
36.52316939890711	8225	1
36.53333333333333	1110	1
36.57338797814207	2514	1
36.6055737704918	8802	1
36.61453551912568	8253	1
36.64382513661202	8200	1
36.699234972677594	9441	1
36.712786885245905	9766	1
36.73420765027322	1268	1
36.79005464480875	4202	1
36.79950819672131	2193	1
36.80644808743169	5516	1
36.84049180327869	4273	1
36.84622950819672	3584	1
36.8631693989071	8684	1
36.86989071038251	1950	1
36.87191256830601	4722	1
36.89644808743169	3991	1
36.98704918032787	4892	1
36.99524590163935	9570	1
36.99890710382514	4791	1
37.0220218579235	5585	1
37.02994535519126	2366	0
37.03540983606557	2935	1
37.05983606557377	3319	1
37.104699453551916	6291	1
37.10655737704918	9320	1
37.114371584699455	2290	1
37.134207650273225	8728	1
37.15497267759563	2372	1
37.16131147540984	5727	1
37.16344262295082	2260	1
37.26726775956284	9689	1
37.300765027322406	9222	1
37.30377049180328	2949	1
37.31972677595628	854	1
37.332131147540984	5461	1
37.33300546448088	9793	1
37.36267759562841	7017	1
37.38136612021857	852	1
37.400655737704916	4441	1
37.41469945355191	9193	1
37.42136612021858	4700	1
37.43218579234973	6686	1
37.447049180327866	3860	1
37.46120218579235	9771	1
37.479672131147545	8405	1
37.48098360655738	992	1
37.484863387978145	9919	1
37.52398907103825	6437	1
37.579562841530056	2950	1
37.58546448087432	1943	1
37.593114754098366	607	1
37.595956284153004	8408	1
37.60295081967213	4744	1
37.621420765027324	1756	1
37.66169398907103	581	1
37.66601092896175	7554	1
37.690382513661206	4596	1
37.69311475409836	9742	1
37.742677595628415	1743	1
37.776393442622954	4938	1
37.79584699453552	6232	1
37.81327868852459	4304	1
37.81486338797814	9691	1
37.83868852459016	5519	1
37.849289617486335	8671	1
37.856557377049185	9891	1
37.860983606557376	4783	1
37.866174863387975	7621	1
37.88661202185793	2677	1
37.89153005464481	3316	1
37.90655737704918	5785	1
37.91153005464481	463	1
37.93256830601093	1436	1
37.93617486338798	5438	1
37.97213114754098	9123	1
38.00775956284153	6664	1
38.05311475409836	8779	1
38.07142076502732	1427	1
38.09021857923498	7696	1
38.09688524590164	8413	1
38.11896174863388	8912	1
38.16918032786885	2610	1
38.19874316939891	6654	1
38.20836065573771	1845	1
38.216448087431694	3578	1
38.249071038251365	4856	1
38.255792349726775	6364	1
38.317868852459014	685	1
38.319890710382516	8536	1
38.38180327868852	1972	1
38.39928961748634	3152	1
38.39934426229508	9249	1
38.44628415300546	1469	1
38.448907103825135	5470	1
38.461584699453546	6770	1
38.50453551912569	9278	1
38.53688524590164	923	1
38.57748633879781	8073	1
38.633497267759566	5620	1
38.67879781420765	2692	1
38.71590163934426	4993	1
38.75775956284153	3784	1
38.770765027322405	4844	1
38.77573770491803	1049	1
38.787650273224045	8373	1
38.81737704918032	8468	1
38.869234972677596	7033	1
38.90021857923497	6623	1
38.91054644808743	3916	1
38.95087431693989	2752	1
38.951147540983605	1179	1
38.95464480874317	776	1
38.959289617486334	8884	1
39.01256830601093	4775	1
39.08327868852459	9500	1
39.10732240437159	6368	1
39.11153005464481	6091	1
39.1763387978142	4186	1
39.28672131147541	6243	1
39.29191256830601	965	1
39.32054644808743	9551	1
39.330655737704916	5826	1
39.3387431693989	4836	1
39.35393442622951	3701	1
39.37021857923497	1746	1
39.398415300546446	3088	1
39.40704918032787	2760	1
39.41213114754098	5487	1
39.41754098360656	8485	1
39.42109289617486	6913	1
39.480327868852456	4519	1
39.49245901639344	2313	1
39.500491803278685	8832	1
39.520382513661204	8391	1
39.53147540983607	4854	1
39.53781420765027	9479	1
39.6196174863388	6706	1
39.64978142076503	7538	1
39.66202185792349	4542	1
39.72688524590164	2125	1
39.77918032786885	9732	1
39.86693989071038	4385	1
39.90333333333333	2256	1
39.90896174863388	7086	1
39.9427868852459	8011	1
39.94655737704918	9607	1
39.98098360655737	8514	1
40.01032786885246	6880	1
40.07142076502732	9234	1
40.097759562841524	5915	1
40.12612021857924	9270	1
40.12688524590164	2940	1
40.13612021857924	9856	1
40.1575956284153	9738	1
40.21311475409836	4159	1
40.21327868852459	3094	1
40.22273224043715	2300	1
40.229234972677595	8580	1
40.23983606557377	7158	0
40.2527868852459	3695	1
40.26043715846994	3178	1
40.26918032786885	118	1
40.281639344262295	1846	1
40.28546448087431	1629	1
40.29109289617486	2725	1
40.29677595628416	7931	1
40.32338797814208	3679	1
40.33693989071038	1627	1
40.3468306010929	3447	1
40.3544262295082	7803	1
40.370765027322406	1070	1
40.37841530054645	3539	1
40.399508196721314	2525	1
40.40524590163934	1162	1
40.42131147540983	9018	1
40.42890710382514	4442	1
40.4455737704918	5497	1
40.473989071038254	1992	1
40.47857923497268	417	1
40.4935519125683	7427	1
40.60437158469945	1675	1
40.627049180327866	2581	1
40.64857923497268	9249	0
40.65950819672131	6024	1
40.687923497267754	8804	1
40.704153005464484	9355	1
40.708251366120216	8568	1
40.71655737704918	1013	1
40.719125683060106	86	1
40.733333333333334	4642	1
40.73841530054645	5480	1
40.771912568306014	2076	1
40.78628415300546	6702	1
40.85486338797814	9310	1
40.85710382513661	7713	1
40.87349726775957	5781	1
40.91879781420765	8244	1
40.94120218579235	6722	1
40.95622950819672	416	1
40.956885245901645	4556	1
40.971693989071035	2506	1
40.97393442622951	4312	1
41.037267759562845	5038	1
41.038688524590164	8433	1
41.05868852459016	5074	1
41.067595628415305	9313	1
41.10841530054645	3393	1
41.16650273224044	3520	1
41.1744262295082	4006	1
41.184262295081965	5347	1
41.1875956284153	8257	1
41.20617486338798	7567	1
41.24300546448087	4135	0
41.24448087431694	7359	1
41.244535519125684	172	1
41.255956284153	6850	1
41.274535519125685	5809	1
41.29027322404371	6619	1
41.32420765027322	4256	1
41.32551912568306	2110	1
41.33562841530054	1976	1
41.341475409836065	903	1
41.34918032786885	8487	1
41.38284153005464	9774	1
41.532677595628414	6854	1
41.5355737704918	724	1
41.5403825136612	845	1
41.54371584699453	7225	1
41.549672131147545	5579	1
41.585956284153006	5052	1
41.59546448087431	7302	1
41.608306010928956	9353	1
41.63142076502732	8107	1
41.63983606557377	1343	1
41.671912568306006	1486	1
41.68005464480874	7666	1
41.68448087431694	5948	1
41.733606557377044	5870	1
41.76043715846995	6334	1
41.779999999999994	4423	1
41.79016393442623	5041	1
41.826502732240435	3052	1
41.86748633879782	5383	1
41.90540983606557	9553	1
41.91535519125683	2614	1
41.95579234972678	2563	1
41.99775956284153	1609	1
42.00213114754098	6263	1
42.04049180327869	6538	1
42.046174863387975	1563	1
42.05469945355191	4486	1
42.155191256830605	1589	1
42.156666666666666	5015	1
42.18125683060109	9447	1
42.21	8951	1
42.240054644808744	3306	1
42.249071038251365	9154	1
42.267704918032784	408	1
42.283442622950815	5791	1
42.31775956284153	695	1
42.35661202185792	3193	1
42.384590163934426	5136	1
42.39360655737705	7045	1
42.41251366120218	8072	1
42.476502732240434	9225	1
42.500601092896176	6662	1
42.52579234972677	2819	1
42.52655737704918	6260	1
42.5355737704918	6280	1
42.546229508196724	8538	1
42.56185792349727	8053	1
42.61677595628415	7844	1
42.62267759562842	773	1
42.642732240437155	8111	1
42.67147540983606	6191	1
42.672677595628414	6104	1
42.698196721311476	5231	1
42.69945355191257	7531	1
42.70874316939891	8474	1
42.714207650273224	5003	1
42.718743169398905	3574	1
42.78890710382514	4717	1
42.823989071038255	5701	1
42.85617486338798	2842	1
42.90792349726775	8498	1
43.03590163934426	7983	1
43.09180327868852	8534	1
43.095573770491804	4449	1
43.10448087431694	9646	1
43.1096174863388	8625	1
43.134535519125684	7124	1
43.175956284153	6663	1
43.19857923497268	4009	1
43.21918032786885	2616	1
43.22901639344262	465	1
43.27284153005465	8193	1
43.300655737704915	7374	1
43.31639344262295	7034	1
43.31896174863388	4236	1
43.33677595628415	7806	1
43.34306010928962	7281	1
43.38540983606558	8448	1
43.46016393442623	6657	1
43.465956284153	8477	1
43.49415300546448	4741	1
43.620218579234965	2749	1
43.64147540983607	3308	1
43.65486338797814	3830	1
43.683551912568305	2447	1
43.69459016393442	9382	1
43.70289617486339	1810	1
43.70743169398907	1382	1
43.72765027322404	4932	1
43.72814207650273	8019	1
43.81661202185792	9534	1
43.82415300546448	8008	1
43.834644808743164	5043	1
43.84513661202186	4509	1
43.88475409836065	1108	1
43.909234972677595	2203	1
43.946393442622956	2268	1
43.946994535519124	115	1
43.97792349726776	9997	1
43.98584699453552	3702	1
44.00748633879781	264	1
44.025956284153004	7950	1
44.031912568306005	4205	1
44.051420765027316	6513	1
44.11300546448087	9032	1
44.13393442622951	9453	1
44.144699453551915	3200	1
44.16103825136612	9620	1
44.178743169398906	8585	1
44.23803278688525	5559	1
44.24092896174864	8845	1
44.25939890710383	586	1
44.26754098360656	2386	1
44.27961748633879	205	1
44.28393442622951	9654	1
44.286830601092895	669	1
44.35437158469946	2866	1
44.38918032786886	5189	1
44.41994535519125	5821	1
44.463497267759564	3006	1
44.46912568306011	7655	1
44.47945355191256	8761	1
44.48950819672131	134	1
44.491256830601095	8049	1
44.50016393442623	5004	1
44.50978142076502	6821	1
44.54076502732241	808	1
44.562349726775956	5306	1
44.57229508196721	3793	1
44.58158469945355	7453	1
44.60469945355191	3944	1
44.60502732240437	7564	1
44.61333333333334	3933	1
44.720601092896175	1127	1
44.72377049180328	9057	1
44.72934426229508	3231	1
44.74732240437159	299	1
44.751639344262294	861	1
44.78087431693989	9078	1
44.78601092896175	366	1
44.80311475409836	3293	1
44.848907103825134	1702	1
44.87901639344262	1738	1
44.92464480874317	1045	1
44.944863387978145	8442	1
44.968360655737705	1507	1
44.98978142076503	4983	1
44.9927868852459	5309	1
45.00196721311475	8574	1
45.027868852459015	7588	1
45.112459016393444	6908	1
45.115409836065574	7233	1
45.12601092896175	5793	1
45.15229508196721	9847	1
45.15677595628415	6214	1
45.17562841530055	9776	1
45.18639344262295	5071	1
45.21213114754098	4548	1
45.222459016393444	4310	1
45.2279781420765	4043	1
45.23661202185792	3394	1
45.2603825136612	9436	1
45.26530054644809	3509	1
45.2892349726776	7756	1
45.33448087431694	8846	1
45.33748633879782	1887	1
45.34672131147541	1489	1
45.354480874316934	6673	1
45.363442622950814	7856	1
45.36863387978142	8929	1
45.38136612021857	936	1
45.394535519125675	7968	1
45.52781420765027	8159	1
45.527923497267764	7925	1
45.54699453551912	8209	1
45.61010928961748	4189	1
45.625846994535515	7022	1
45.64524590163934	2060	1
45.669617486338794	1993	1
45.69010928961749	4184	1
45.70207650273224	2964	1
45.70459016393443	2547	1
45.711311475409836	5439	1
45.76256830601093	7088	1
45.806284153005464	7286	1
45.80879781420765	2000	1
45.81950819672131	3294	1
45.82442622950819	2122	1
45.83928961748634	342	1
45.84420765027322	7107	1
45.846775956284155	9300	1
45.854699453551916	3754	1
45.881530054644806	5206	1
45.9016393442623	2029	1
45.90262295081967	2023	1
45.9103825136612	6119	1
45.92688524590164	112	1
45.951038251366114	4707	1
45.95868852459016	5930	1
45.97857923497268	6186	1
45.98158469945355	8001	1
46.01852459016393	2147	1
46.02879781420764	7369	1
46.040163934426225	5739	1
46.04256830601093	8667	1
46.044644808743165	6990	1
46.049562841530054	3457	1
46.08153005464481	3330	1
46.09639344262295	5415	1
46.09786885245902	5265	1
46.10486338797814	1502	1
46.12196721311475	4383	1
46.130054644808745	2406	1
46.13622950819672	3454	1
46.15863387978142	1825	1
46.16852459016393	1096	1
46.192240437158475	901	1
46.1975956284153	1656	1
46.20191256830601	5351	1
46.251693989071036	2491	1
46.31021857923497	7082	1
46.33524590163934	9303	1
46.33535519125683	64	1
46.35885245901639	105	1
46.40502732240437	9508	1
46.408415300546444	884	1
46.43562841530055	414	1
46.48240437158469	5903	1
46.557049180327866	290	1
46.55912568306011	2207	1
46.57983606557377	6547	1
46.594480874316936	4381	1
46.596721311475406	1697	1
46.59923497267759	9293	1
46.60393442622951	6189	1
46.61945355191257	1610	1
46.630546448087436	1854	1
46.639781420765026	8010	1
46.6579781420765	5529	1
46.670710382513654	2786	1
46.68262295081967	7969	1
46.68644808743169	3107	1
46.68890710382513	3000	1
46.70967213114754	5272	1
46.717267759562844	9047	1
46.759125683060105	7884	1
46.76060109289618	6739	1
46.765464480874314	6281	1
46.78103825136612	4117	1
46.79688524590164	5275	1
46.81475409836065	4458	1
46.81606557377049	3833	1
46.85163934426229	9170	1
46.873278688524586	5784	1
46.88819672131147	9638	1
46.90273224043716	4206	1
46.91393442622951	9046	1
46.917486338797815	5156	1
46.921857923497264	8278	1
46.94174863387978	8567	1
46.97163934426229	1803	1
46.993770491803275	3501	1
47.00590163934426	3451	1
47.04502732240437	2906	1
47.10994535519126	9724	1
47.110874316939885	2982	1
47.13196721311475	5935	1
47.14300546448088	5431	1
47.179672131147534	5894	1
47.180601092896175	2912	1
47.20459016393443	7023	1
47.22273224043715	2625	1
47.23092896174863	3895	1
47.23945355191257	7245	1
47.278196721311474	1159	0
47.30950819672131	4211	1
47.33098360655738	5183	1
47.337814207650275	2364	1
47.42377049180328	1764	1
47.425300546448085	2562	1
47.446284153005465	7209	1
47.45005464480874	3802	1
47.48502732240437	4176	1
47.488196721311475	3232	1
47.49666666666666	6572	1
47.5003825136612	3281	1
47.53486338797814	3544	1
47.56344262295082	1645	1
47.587814207650275	974	1
47.597486338797815	4073	1
47.610218579234974	9201	1
47.6224043715847	9181	1
47.65311475409836	1849	1
47.66868852459016	5920	1
47.67218579234973	6005	1
47.673387978142074	1490	1
47.693934426229504	2795	1
47.703114754098365	8044	1
47.712732240437155	4827	1
47.71737704918033	2138	1
47.729945355191255	6056	1
47.733715846994535	9983	1
47.74551912568306	9212	1
47.750546448087434	2025	1
47.774098360655735	1235	1
47.79792349726776	8809	1
47.80420765027322	780	1
47.80918032786885	5881	1
47.84934426229508	1725	1
47.864699453551914	603	1
47.891693989071044	2572	1
47.914918032786886	5932	1
47.93409836065574	8249	1
47.95404371584699	3727	1
47.980710382513664	5472	1
47.98103825136612	7077	1
47.985245901639345	4388	1
47.9955737704918	1888	1
48.0415300546448	4954	1
48.0427868852459	461	1
48.06065573770492	9177	1
48.06803278688525	3721	1
48.07409836065574	1182	1
48.08131147540984	2326	1
48.082841530054644	3290	1
48.0883606557377	208	1
48.175409836065576	4052	1
48.2092349726776	9006	1
48.22655737704918	3286	1
48.25743169398907	3315	1
48.27234972677596	639	1
48.281639344262295	9200	1
48.28322404371585	973	1
48.2883606557377	5170	1
48.29918032786885	292	1
48.33803278688524	4682	1
48.35715846994536	7149	1
48.358688524590164	4593	1
48.370273224043714	2729	1
48.37185792349727	5852	1
48.38377049180328	2913	1
48.38846994535519	568	1
48.39907103825137	8764	1
48.41311475409836	3854	1
48.42781420765027	24	1
48.445846994535515	2953	1
48.502131147540986	9190	1
48.50273224043716	8505	1
48.546174863387975	4065	1
48.551857923497266	7751	1
48.55732240437159	5507	1
48.57868852459016	7873	1
48.58672131147541	4737	1
48.604207650273224	8554	1
48.60590163934426	5761	1
48.635245901639344	2423	1
48.651366120218576	7985	1
48.663715846994535	1808	1
48.671256830601095	4808	1
48.704153005464484	1103	1
48.744153005464476	5728	1
48.74710382513661	4296	1
48.76163934426229	888	1
48.79234972677595	1713	1
48.80688524590164	2627	1
48.83202185792349	3068	1
48.83535519125683	6780	1
48.84213114754098	9030	1
48.850546448087435	5950	1
48.8679781420765	4038	1
48.88885245901639	4855	1
48.89136612021858	6708	1
48.90612021857923	8998	1
48.95437158469945	9967	1
48.97420765027322	2156	1
48.97459016393442	9773	1
48.984535519125686	2445	1
49.053333333333335	1632	1
49.06617486338798	9431	1
49.066338797814204	6160	1
49.06765027322404	3263	1
49.079836065573765	6124	1
49.08655737704918	6279	1
49.092185792349724	9378	1
49.101530054644805	6171	1
49.11344262295082	9521	1
49.187322404371585	8346	1
49.23699453551912	8730	1
49.277868852459015	7458	1
49.33327868852459	2015	1
49.375956284153	9031	1
49.407704918032785	9829	1
49.443333333333335	6159	1
49.501420765027326	8533	1
49.502131147540986	6058	1
49.520054644808745	907	1
49.52273224043716	4820	1
49.530491803278686	4292	1
49.53295081967213	3937	1
49.53704918032787	4153	1
49.546994535519126	6705	1
49.56464480874317	1296	1
49.57885245901639	6386	1
49.58049180327869	9876	1
49.59956284153006	3889	1
49.602349726775955	5105	1
49.652841530054644	2319	1
49.65814207650273	6216	1
49.661803278688524	9416	1
49.675300546448085	2012	1
49.696994535519124	94	1
49.69743169398907	6659	1
49.70688524590164	2640	1
49.711202185792345	6126	1
49.74928961748634	2561	1
49.755901639344266	5243	1
49.78180327868853	8866	1
49.79185792349726	1544	1
49.80311475409836	6195	1
49.84907103825136	968	1
49.8727868852459	4838	1
49.872950819672134	1393	1
49.88879781420765	2219	1
49.93595628415301	1223	1
49.968743169398905	9374	1
50.00371584699453	6891	1
50.01081967213115	6749	1
50.029289617486334	7179	1
50.03584699453552	707	1
50.04989071038251	9184	1
50.10377049180328	2167	1
50.122240437158474	821	1
50.144043715847	5642	1
50.157377049180326	9220	1
50.158032786885244	734	1
50.1763387978142	156	1
50.19158469945356	5982	1
50.25109289617486	26	1
50.279999999999994	5169	1
50.300000000000004	4857	1
50.30284153005464	6519	1
50.32344262295082	1450	1
50.340765027322405	9495	1
50.38672131147541	3982	1
50.40868852459016	6110	1
50.430983606557376	9631	1
50.43360655737705	9655	1
50.45218579234973	7215	1
50.460109289617485	7197	1
50.465081967213116	5062	1
50.482185792349725	4792	1
50.49174863387978	7580	1
50.5096174863388	7213	1
50.55300546448087	4842	1
50.57060109289617	2798	1
50.5707650273224	5565	1
50.59989071038251	5165	1
50.628524590163934	1404	1
50.63781420765027	9344	1
50.66530054644809	2736	1
50.68245901639344	4152	1
50.68333333333333	9472	1
50.696174863387974	4267	1
50.735683060109295	9314	1
50.78628415300547	1843	1
50.805245901639346	3049	1
50.8087431693989	1139	1
50.81174863387978	8039	1
50.859781420765025	7050	1
50.94601092896175	3209	1
50.981202185792355	9777	1
50.986229508196715	8964	1
50.99923497267759	5376	1
51.012076502732235	8371	1
51.01229508196722	6669	1
51.02508196721311	7832	1
51.04311475409836	1494	1
51.0527868852459	7999	1
51.103060109289615	3486	1
51.11535519125683	3641	1
51.11825136612022	3118	1
51.135737704918036	7214	1
51.14967213114754	5670	1
51.18142076502732	7711	1
51.18338797814208	5238	1
51.19136612021858	9546	1
51.21338797814207	7798	1
51.284207650273224	242	1
51.28890710382514	347	1
51.3120218579235	863	1
51.31885245901639	2168	1
51.34775956284153	1077	1
51.38098360655738	2617	1
51.40360655737705	4338	1
51.406284153005465	2413	1
51.4375956284153	8773	1
51.4696174863388	3208	1
51.475464480874315	3383	1
51.49251366120219	7484	1
51.50027322404371	4218	1
51.53737704918033	6670	1
51.54234972677596	9241	1
51.5620218579235	7940	1
51.56972677595628	2758	1
51.57562841530055	3007	1
51.57819672131148	9153	1
51.61792349726776	6384	1
51.66551912568306	5201	1
51.69786885245902	7110	1
51.71715846994535	5458	1
51.71830601092896	8132	1
51.750601092896176	4617	1
51.76	4884	1
51.78224043715847	9861	1
51.79076502732241	7744	1
51.79234972677596	4831	1
51.83043715846994	1456	1
51.84409836065574	5779	1
51.85551912568306	1438	1
51.90131147540984	2834	1
51.90213114754098	7541	1
51.90229508196721	5953	1
51.911475409836065	5889	1
51.93950819672131	3502	1
51.94207650273224	2242	1
51.95726775956284	1086	1
51.96393442622951	6239	1
51.99704918032787	1213	1
52.00923497267759	4042	1
52.0179781420765	6461	1
52.050273224043714	3506	1
52.05797814207651	4075	1
52.07524590163934	6587	1
52.0755737704918	3561	1
52.106010928961744	4933	1
52.114754098360656	2271	1
52.1148087431694	1467	1
52.138360655737706	1111	1
52.15109289617486	7688	1
52.21617486338798	1520	1
52.22010928961749	7147	1
52.22338797814207	730	1
52.24207650273224	9635	1
52.2444262295082	3461	1
52.24513661202186	2968	1
52.25448087431693	5805	1
52.34366120218579	9728	1
52.3483606557377	3103	1
52.35879781420765	6766	1
52.36513661202186	9608	1
52.36628415300546	9267	1
52.37262295081967	9549	1
52.3827868852459	3382	1
52.421202185792346	9923	1
52.427978142076505	2221	1
52.4292349726776	6827	1
52.43229508196721	8279	1
52.457814207650266	3714	1
52.47377049180328	9940	1
52.47633879781421	4959	1
52.48196721311476	140	1
52.486775956284156	2559	1
52.49983606557377	8142	1
52.56382513661202	5107	1
52.60245901639344	1094	1
52.60781420765028	1320	1
52.63830601092896	3651	1
52.648743169398905	8307	1
52.648743169398905	401	1
52.662568306010925	4706	1
52.693934426229504	7817	1
52.69469945355191	6916	1
52.69978142076503	8194	1
52.70092896174864	5134	1
52.7307650273224	5501	1
52.74120218579235	5204	1
52.749781420765025	2349	1
52.788469945355196	6575	1
52.79415300546448	4068	1
52.83830601092896	3743	1
52.854590163934425	927	1
52.88355191256831	458	1
52.895409836065575	2984	1
52.90147540983607	963	1
52.90491803278688	3718	1
52.90868852459017	6457	1
52.92814207650273	5023	1
52.93857923497267	1829	1
52.98360655737705	3311	1
52.99737704918032	6579	1
53.006502732240435	7346	1
53.016174863387974	7059	1
53.02568306010929	6671	1
53.092896174863384	2314	1
53.09622950819672	188	1
53.13803278688525	7038	1
53.14349726775956	8093	1
53.18234972677595	8579	1
53.20355191256831	897	1
53.20863387978142	4589	1
53.21819672131147	580	1
53.27109289617486	1283	1
53.27393442622951	6855	1
53.32546448087432	2521	1
53.33863387978142	9656	1
53.34180327868852	9473	1
53.343715846994535	9491	1
53.347158469945356	8932	1
53.366994535519126	8289	1
53.37415300546448	161	1
53.37912568306011	6069	1
53.40262295081967	7626	1
53.42573770491803	9026	1
53.42661202185792	1505	1
53.431639344262294	1959	1
53.445519125683056	8518	1
53.459398907103825	8640	1
53.46901639344262	6640	1
53.495300546448085	9845	1
53.50213114754098	3039	1
53.52814207650273	4499	1
53.57043715846994	7745	1
53.59573770491804	8803	1
53.61896174863387	213	1
53.65125683060109	6282	1
53.67371584699453	1207	1
53.67890710382513	1983	1
53.68885245901639	1327	1
53.78983606557377	7483	1
53.79748633879782	3046	1
53.80601092896175	9562	1
53.81491803278688	1929	1
53.857158469945354	2741	1
53.86846994535519	2420	1
53.8696174863388	9992	1
53.88874316939891	1513	1
53.964207650273224	5325	1
53.96568306010929	7697	1
54.02885245901639	7271	1
54.029344262295076	5195	1
54.0324043715847	6869	1
54.052950819672134	4688	1
54.0548087431694	3861	1
54.11655737704918	136	1
54.15672131147541	2631	1
54.19071038251366	6523	1
54.20459016393443	5488	1
54.213442622950815	1948	1
54.21398907103825	5662	1
54.22338797814208	3287	1
54.22601092896175	3085	1
54.26573770491803	6336	1
54.26803278688524	6491	1
54.27415300546448	1792	1
54.27508196721312	6882	1
54.3007650273224	9394	1
54.30251366120219	4025	1
54.31923497267759	6524	1
54.331420765027325	5995	1
54.35322404371584	653	1
54.35890710382514	856	1
54.372568306010926	5546	1
54.37387978142076	4294	1
54.37825136612022	9786	1
54.379726775956286	6051	1
54.410710382513656	5123	1
54.44426229508196	6574	1
54.449945355191254	8735	1
54.45950819672131	1710	1
54.47327868852459	7610	1
54.47661202185792	1040	1
54.47743169398907	243	1
54.51524590163935	4518	1
54.52010928961748	6081	1
54.531693989071044	3398	1
54.535027322404375	7649	1
54.56513661202186	9663	1
54.610273224043716	6304	1
54.62163934426229	729	1
54.62590163934426	6083	1
54.62748633879781	7029	1
54.6316393442623	8397	1
54.6672131147541	5692	1
54.690710382513664	7181	1
54.767759562841526	6986	1
54.772677595628416	3102	1
54.7775956284153	5910	1
54.78633879781421	6718	1
54.83114754098361	297	1
54.83224043715847	7651	1
54.86338797814208	3798	1
54.87814207650273	4487	1
54.89289617486339	9143	1
54.92732240437158	2	1
54.92950819672131	9924	1
54.9327868852459	6370	1
54.93606557377049	5070	1
54.9431693989071	7251	1
54.9464480874317	7978	1
54.950819672131146	4786	1
54.95846994535519	8823	1
54.97049180327869	2273	1
54.97486338797814	394	1
54.97650273224044	8016	1
54.980327868852456	2651	1
54.98196721311475	6556	1
54.98469945355191	4407	1
54.99180327868852	7143	1
54.995628415300544	681	1
55.02568306010929	3456	1
55.03442622950819	8899	1
55.03661202185792	7780	1
55.04918032786885	6323	1
55.0551912568306	8934	1
55.06393442622951	7723	1
55.066120218579236	2944	1
55.0688524590164	7288	1
55.075409836065575	5199	1
55.07595628415301	1146	1
55.08469945355191	215	1
55.0912568306011	691	1
55.093989071038244	1511	1
55.09890710382514	4880	1
55.12185792349727	8999	1
55.12786885245902	3927	1
55.15901639344263	6256	1
55.16065573770492	9827	1
55.16065573770492	6455	1
55.16393442622951	11	1
55.165573770491804	2179	1
55.17650273224043	1650	1
55.178688524590164	6259	1
55.17923497267759	1781	1
55.18415300546447	3148	1
55.18469945355191	8103	1
55.186885245901635	280	1
55.19562841530055	1250	1
55.20601092896175	9901	1
55.209289617486334	4419	1
55.2103825136612	2833	1
55.2103825136612	81	1
55.212021857923496	4080	1
55.21967213114754	1330	1
55.225136612021856	8363	1
55.24480874316939	4136	1
55.24644808743169	6416	1
55.25628415300547	341	1
55.26448087431694	9576	1
55.267759562841526	5887	1
55.268852459016394	4018	1
55.27158469945355	1148	1
55.27431693989071	4607	1
55.27650273224043	4277	1
55.278688524590166	718	1
55.287978142076504	6492	1
55.29453551912568	8447	1
55.29562841530055	1475	1
55.31092896174864	250	1
55.31092896174864	6320	1
55.32568306010929	2472	1
55.33497267759563	8061	1
55.337704918032784	8992	1
55.343715846994535	6817	1
55.349726775956285	7603	1
55.35792349726776	147	1
55.36830601092896	9849	1
55.37049180327869	7478	1
55.37103825136612	6181	1
55.37650273224043	4916	1
55.38579234972678	9442	1
55.38743169398907	8551	1
55.392349726775954	7415	1
55.39890710382513	3576	1
55.40163934426229	5593	1
55.431693989071036	2019	1
55.46120218579235	2214	1
55.463934426229514	434	1
55.4655737704918	7809	1
55.46994535519126	9506	1
55.479234972677595	6379	1
55.48415300546448	1564	1
55.49016393442623	8131	1
55.495628415300544	4445	1
55.505464480874316	3530	1
55.50601092896175	6502	1
55.51967213114754	1430	1
55.52950819672131	4137	1
55.53934426229508	8626	1
55.563387978142075	8353	1
55.5655737704918	7815	1
55.58032786885246	6245	1
55.58579234972678	2119	1
55.596721311475406	1360	1
55.600546448087435	1257	1
55.60710382513661	8607	1
55.61967213114754	3136	1
55.6327868852459	2509	1
55.63661202185792	3904	1
55.64535519125683	4090	1
55.65191256830601	2436	1
55.65245901639344	2894	1
55.656284153005465	1300	1
55.67814207650273	6746	1
55.68306010928962	9784	1
55.690710382513664	5520	1
55.70109289617486	1380	1
55.702185792349724	6734	1
55.702185792349724	9976	1
55.70710382513661	4958	1
55.712021857923496	2083	1
55.720218579234974	1448	1
55.726229508196724	5841	1
55.7551912568306	2102	1
55.75628415300547	4020	1
55.762841530054644	9709	1
55.76338797814208	7830	1
55.76448087431694	5230	1
55.765573770491805	7911	1
55.785792349726776	4062	1
55.80437158469945	4010	1
55.81092896174864	8599	1
55.81256830601093	1556	1
55.84207650273224	4439	1
55.86939890710382	4591	1
55.87267759562842	2487	1
55.87978142076503	8394	1
55.88360655737705	5412	1
55.898360655737704	4451	1
55.899453551912565	5300	1
55.899453551912565	8877	1
55.90491803278688	3108	1
55.92732240437158	3961	1
55.934972677595624	8175	1
55.93661202185792	5794	1
55.9431693989071	9427	1
55.95846994535519	3322	1
55.97049180327869	9603	1
55.978142076502735	1442	1
55.98688524590164	635	1
56.01530054644809	5856	1
56.02404371584699	1569	1
56.03715846994535	3504	1
56.043169398907104	8898	1
56.04754098360656	5056	1
56.05901639344262	9408	1
56.06174863387978	4114	1
56.06994535519126	3143	1
56.08032786885246	6621	1
56.09617486338797	3429	1
56.09617486338797	8801	1
56.107650273224046	1432	1
56.10874316939891	6729	1
56.13442622950819	1367	1
56.15081967213115	3021	1
56.15245901639344	616	1
56.154644808743164	4789	1
56.161202185792355	1769	1
56.16284153005464	9101	1
56.172677595628414	4673	1
56.17486338797814	547	1
56.183606557377054	3863	1
56.19508196721311	5549	1
56.202185792349724	7436	1
56.21256830601093	1018	1
56.216393442622945	2380	1
56.22404371584699	4806	1
56.23224043715847	6372	1
56.24644808743169	8685	1
56.24918032786885	4122	1
56.27103825136612	3248	1
56.28251366120219	2370	1
56.29672131147541	5247	1
56.29672131147541	7923	1
56.297814207650276	4502	1
56.306010928961754	2494	1
56.31147540983606	7418	1
56.31803278688525	4505	1
56.34644808743169	2762	1
56.34754098360656	4195	1
56.35628415300546	2956	1
56.36338797814208	6392	1
56.39562841530055	2148	1
56.405464480874315	8902	1
56.4344262295082	1695	1
56.449726775956286	9421	1
56.45901639344262	7021	1
56.47158469945355	8862	1
56.481420765027316	0	1
