0.008138415300546448	7593	1
0.09395136612021858	6471	1
0.09970874316939891	2032	1
0.1256207650273224	6970	1
0.16416939890710383	2580	1
0.2723071038251366	1710	1
0.4170655737704918	8241	1
0.4409191256830601	8540	1
0.4799103825136612	8498	1
0.4938502732240437	9499	1
0.5280300546448088	1120	1
0.5309748633879782	8945	1
0.5322765027322405	7958	1
0.5439568306010928	6926	1
0.6635846994535519	8899	1
0.7078633879781421	259	1
0.7239234972677595	211	1
0.734896174863388	2673	1
0.8417267759562841	2258	1
0.8560546448087432	1186	1
0.908191256830601	6346	1
0.9265628415300546	5071	1
0.998775956284153	5776	1
1.0232076502732241	5070	1
1.0541530054644808	921	1
1.082415300546448	2941	1
1.3409945355191255	4945	1
1.3549781420765028	942	1
1.375830601092896	1247	1
1.3784207650273224	5995	1
1.3834808743169398	8292	1
1.3951092896174861	3610	1
1.4341639344262296	2076	1
1.4396065573770491	9690	1
1.5545464480874318	3985	1
1.5778907103825137	2469	1
1.5922459016393444	7731	1
1.6019071038251367	9640	1
1.604016393442623	2968	1
1.6271256830601093	4918	1
1.6462677595628414	3797	1
1.69403825136612	7004	1
1.6946939890710382	1113	1
1.728655737704918	895	1
1.8436939890710382	4535	1
1.850967213114754	3544	1
1.858568306010929	8955	1
1.894071038251366	5497	1
2.0037486338797814	6561	1
2.0105245901639344	2720	1
2.103983606557377	6999	1
2.150934426229508	1304	1
2.1573934426229506	8266	1
2.1582677595628414	862	1
2.2085846994535516	4393	1
2.3099562841530057	5583	1
2.435939890710382	3442	1
2.441688524590164	1949	1
2.4943715846994534	8062	1
2.5633715846994534	6725	1
2.574415300546448	4293	1
2.5986939890710383	5746	1
2.618295081967213	5593	1
2.618398907103825	3185	1
2.634333333333333	5402	1
2.7198743169398907	5727	1
2.8082677595628414	1686	1
2.8177322404371585	7890	1
2.821989071038251	3614	1
2.8560928961748635	5720	1
2.868606557377049	5680	1
2.879808743169399	9167	1
2.91279781420765	6553	1
2.9232295081967212	5258	1
2.954021857923497	5376	1
3.2119890710382513	5678	1
3.282726775956284	7392	1
3.3229562841530056	9039	1
3.458142076502732	2333	1
3.5516721311475408	9141	1
3.5618087431693986	712	1
3.5855628415300544	8067	1
3.599120218579235	6493	1
3.630087431693989	2602	1
3.894437158469945	6298	1
3.8950163934426225	218	1
3.935639344262295	1425	1
3.983683060109289	1885	1
3.987081967213115	4694	1
3.998174863387978	5828	1
4.086027322404371	1057	1
4.0884590163934424	6931	1
4.113890710382513	8233	1
4.14903825136612	7116	1
4.215448087431693	1146	1
4.234005464480874	9664	1
4.242901639344262	8271	1
4.262530054644809	198	1
4.265551912568306	9854	1
4.317508196721311	9294	1
4.3613114754098365	4017	1
4.417704918032787	3906	1
4.427540983606557	6498	1
4.457131147540983	3067	1
4.474606557377049	6327	1
4.480065573770492	9183	1
4.550743169398907	5335	1
4.580590163934426	4307	1
4.605765027322405	487	1
4.66292349726776	8955	0
4.672754098360656	7551	1
4.681994535519126	7578	1
4.718021857923497	8590	1
4.729136612021858	8949	1
4.762748633879782	1486	1
4.8544043715847	140	1
4.885092896174863	3706	1
4.898426229508197	3922	1
4.95275956284153	6093	1
5.028956284153005	8717	1
5.056748633879781	3340	1
5.12883606557377	316	1
5.195710382513661	642	1
5.20107650273224	6905	1
5.204300546448088	1786	1
5.220726775956284	4881	1
5.252169398907104	5614	1
5.292032786885246	4459	1
5.3714043715847	2838	1
5.398754098360656	5694	1
5.410699453551913	3410	1
5.416349726775956	3639	1
5.421677595628416	9788	1
5.4802732240437155	2034	1
5.4960109289617485	5138	1
5.511693989071039	808	1
5.596502732240437	9426	1
5.61983606557377	8021	1
5.655846994535519	4503	1
5.689836065573771	9261	1
5.694262295081967	1975	1
5.783661202185793	631	1
5.80655737704918	5306	1
5.883770491803279	1779	1
5.886448087431694	9881	1
5.895136612021858	3958	1
5.918907103825137	8531	1
5.982568306010929	1275	1
5.993825136612021	1051	1
6.047540983606558	4361	1
6.063715846994535	9075	1
6.096338797814207	3885	1
6.102896174863388	3010	1
6.11639344262295	1793	1
6.148743169398907	1376	1
6.149890710382514	5307	1
6.163934426229508	4848	1
6.240273224043715	3452	1
6.25120218579235	1610	1
6.266229508196721	6871	1
6.288852459016394	3238	1
6.313825136612022	5519	1
6.316010928961749	1179	1
6.393770491803279	9730	1
6.468360655737705	2306	1
6.4863387978142075	7802	1
6.4973770491803275	7171	1
6.511475409836065	1887	1
6.569344262295082	709	1
6.586120218579235	1586	1
6.586612021857923	5317	1
6.606229508196721	4271	1
6.619180327868852	6979	1
6.621639344262294	2716	1
6.6317486338797815	5220	1
6.642459016393443	872	1
6.664918032786885	8083	1
6.669071038251366	8576	1
6.677814207650273	7492	1
6.680874316939891	5327	1
6.721311475409836	9028	1
6.772677595628416	7107	1
6.878142076502732	7715	1
6.921475409836066	2654	1
7.029180327868852	5816	1
7.0299453551912565	3698	1
7.0591803278688525	7198	1
7.077322404371584	570	1
7.1924590163934425	9508	1
7.264808743169399	8441	1
7.287377049180328	1489	1
7.313005464480875	6034	1
7.352950819672131	8180	1
7.369672131147541	3704	1
7.375300546448087	3402	1
7.412459016393442	5591	1
7.456939890710383	5248	1
7.542131147540983	5952	1
7.63	9696	1
7.666994535519126	7747	1
7.75224043715847	8165	1
7.811967213114754	994	1
7.926448087431694	1935	1
7.996721311475409	6526	1
8.054480874316939	4931	1
8.09672131147541	6848	1
8.11792349726776	8981	1
8.131038251366121	4032	1
8.165300546448087	2641	1
8.246010928961748	6575	1
8.270765027322405	1232	1
8.279726775956284	9849	1
8.288360655737705	3608	1
8.289945355191257	8457	1
8.330710382513661	3386	1
8.332131147540984	447	1
8.348743169398908	3654	1
8.360437158469946	8656	1
8.3748087431694	5617	1
8.406448087431693	2396	1
8.485464480874317	2848	1
8.522185792349726	4723	1
8.531202185792349	3508	1
8.579344262295082	1801	1
8.591639344262294	5057	1
8.604262295081968	1420	1
8.625737704918032	8649	1
8.731693989071038	9027	1
8.746830601092896	5162	1
8.791311475409836	8424	1
8.800382513661202	7585	1
8.84617486338798	4857	1
8.870109289617487	7196	1
8.913879781420766	7080	1
8.916010928961748	1576	1
8.936174863387977	5791	1
8.963715846994535	7447	1
9.131803278688524	7473	1
9.134590163934426	4202	1
9.21464480874317	5634	1
9.26639344262295	2465	1
9.313879781420766	4493	1
9.33311475409836	9674	1
9.348688524590164	7308	1
9.355300546448087	9509	1
9.357377049180329	3969	1
9.359180327868852	5606	1
9.418360655737706	7141	1
9.43863387978142	6949	1
9.468961748633879	3682	1
9.4775956284153	9230	1
9.494480874316938	1218	1
9.512513661202187	9898	1
9.60415300546448	3764	1
9.608087431693988	3254	1
9.651092896174863	8584	1
9.677049180327868	9758	1
9.691366120218579	5430	1
9.706338797814208	6726	1
9.73431693989071	3447	1
9.772185792349726	2815	1
9.779071038251367	372	1
9.784207650273224	5006	1
9.813770491803279	3064	1
9.871693989071039	6380	1
9.937486338797815	9243	1
9.955519125683061	7067	1
9.966065573770493	2021	1
10.0451912568306	2625	1
10.068633879781421	2343	1
10.106612021857924	8486	1
10.116939890710382	4034	1
10.182896174863387	5401	1
10.225792349726776	2347	1
10.362896174863389	7287	1
10.383169398907103	4567	1
10.404863387978141	5931	1
10.48502732240437	730	1
10.489180327868851	6080	1
10.513934426229508	249	1
10.520491803278688	5630	1
10.553169398907103	3864	1
10.594426229508196	7452	1
10.708688524590164	4994	1
10.713114754098362	3559	1
10.834153005464481	9738	1
10.860054644808743	4359	1
10.931967213114753	5023	1
10.969180327868852	5768	1
11.055901639344263	1098	1
11.058579234972678	8148	1
11.060710382513662	155	1
11.076284153005464	3227	1
11.141256830601092	7471	1
11.172841530054646	6772	1
11.343989071038251	6654	1
11.345245901639345	8701	1
11.393661202185793	7924	1
11.415409836065574	2652	1
11.415737704918033	749	1
11.444754098360656	9367	1
11.452513661202186	5592	1
11.463442622950819	9816	1
11.48655737704918	8979	1
11.556448087431693	2476	1
11.56016393442623	3644	1
11.62879781420765	3421	1
11.660928961748635	1124	1
11.721311475409836	7529	1
11.743497267759562	8231	1
11.749234972677595	2728	1
11.749453551912568	7009	1
11.78191256830601	238	1
11.82	8198	1
11.855737704918033	7354	1
11.880601092896175	2540	1
11.892295081967214	375	1
11.893934426229508	1348	1
11.928524590163935	6049	1
11.956065573770491	9582	1
11.975737704918032	7949	1
11.993497267759563	6916	1
12.0275956284153	7686	1
12.0724043715847	2911	1
12.08327868852459	5367	1
12.126448087431694	7200	1
12.138087431693988	4243	1
12.219125683060108	2945	1
12.227595628415301	2166	1
12.232076502732241	1310	1
12.239672131147541	3571	1
12.25273224043716	8349	1
12.26775956284153	9886	1
12.273770491803278	2733	1
12.299562841530054	6107	1
12.30327868852459	5674	1
12.32327868852459	7345	1
12.342677595628414	8985	1
12.346448087431693	6657	1
12.350819672131149	7424	1
12.36928961748634	5217	1
12.39207650273224	7327	1
12.395573770491803	519	1
12.433825136612022	3019	1
12.43431693989071	8625	1
12.529453551912567	9001	1
12.554207650273224	1094	1
12.563989071038252	366	1
12.67	3915	1
12.689617486338797	7597	1
12.708688524590164	9964	1
12.709781420765026	8163	1
12.74295081967213	8285	1
12.754043715846995	3990	1
12.75841530054645	4946	1
12.83327868852459	8592	1
12.848142076502732	7501	1
12.883497267759562	9754	1
12.90606557377049	748	1
12.973442622950818	4181	1
13.05896174863388	1749	1
13.079016393442624	2746	1
13.08655737704918	6322	1
13.091475409836065	2174	1
13.1151912568306	2680	1
13.155464480874317	9682	1
13.170054644808744	7974	1
13.198032786885246	3374	1
13.20743169398907	2704	1
13.258852459016392	5266	1
13.292513661202186	2931	1
13.360437158469944	359	1
13.399890710382513	2060	1
13.411967213114755	5339	1
13.415846994535519	8279	1
13.42	5851	1
13.428087431693989	7853	1
13.43896174863388	8571	1
13.441366120218579	6786	1
13.443387978142075	3694	1
13.498360655737706	8970	1
13.53743169398907	4981	1
13.56207650273224	4245	1
13.586120218579234	8023	1
13.587704918032786	7789	1
13.600437158469944	9806	1
13.64120218579235	6242	1
13.671420765027323	448	1
13.678087431693989	676	1
13.704480874316939	3998	1
13.721857923497268	7737	1
13.751311475409835	9567	1
13.768360655737704	805	1
13.774918032786886	2319	1
13.78398907103825	4869	1
13.831256830601092	7273	1
13.919180327868853	6569	1
13.93224043715847	8818	1
13.953879781420763	3982	1
13.987158469945356	3824	1
14.02846994535519	9400	1
14.059289617486339	8046	1
14.064098360655738	7261	1
14.148251366120217	1226	1
14.149945355191257	5363	1
14.17431693989071	5625	1
14.18153005464481	3292	1
14.211967213114754	1374	1
14.242677595628415	9528	1
14.255737704918033	5356	1
14.291147540983607	6570	1
14.296448087431695	8130	1
14.40295081967213	1101	1
14.40743169398907	8865	1
14.418852459016394	9026	1
14.421803278688524	2289	1
14.439945355191256	1137	1
14.566010928961749	9101	1
14.568196721311475	844	1
14.642295081967212	9200	1
14.649562841530056	4347	1
14.693879781420764	2787	1
14.700819672131146	2510	1
14.709617486338798	2567	1
14.740655737704918	1760	1
14.746502732240437	1479	1
14.750655737704918	9352	1
14.761639344262296	8281	1
14.827650273224043	5105	1
14.871639344262295	8777	1
14.894699453551913	3514	1
14.898142076502731	369	1
14.929562841530055	6784	1
14.959726775956284	4448	1
14.980765027322404	2431	1
14.998907103825136	9910	1
15.01967213114754	451	1
15.035464480874316	8526	1
15.04950819672131	3981	1
15.070928961748635	8718	1
15.082841530054646	7250	1
15.120655737704917	3071	1
15.145027322404372	5623	1
15.177704918032786	3127	1
15.178852459016394	9480	1
15.18879781420765	5722	1
15.215519125683059	4944	1
15.23032786885246	6359	1
15.326338797814207	7360	1
15.327049180327869	885	1
15.428306010928962	977	1
15.46191256830601	7544	1
15.545956284153005	9167	0
15.570928961748635	2901	1
15.599562841530053	1822	1
15.6151912568306	5523	1
15.649781420765027	9751	1
15.688852459016394	8836	1
15.711147540983607	644	1
15.711857923497266	640	1
15.724863387978141	6807	1
15.748360655737706	9196	1
15.78672131147541	3594	1
15.820273224043715	2847	1
15.820928961748633	3499	1
15.828251366120218	8117	1
15.865901639344262	9002	1
15.914207650273223	7646	1
15.931584699453552	7307	1
15.936775956284153	7184	1
15.952076502732242	9377	1
15.954371584699453	2918	1
15.96535519125683	5215	1
15.983387978142076	1213	1
16.065300546448086	465	1
16.074754098360657	7997	1
16.077213114754098	7359	1
16.08349726775956	326	1
16.08737704918033	9056	1
16.108688524590164	4473	1
16.123551912568306	7819	1
16.1475956284153	9422	1
16.184590163934427	504	1
16.195300546448088	5454	1
16.203551912568305	7788	1
16.220601092896175	9646	1
16.226612021857925	5333	1
16.255027322404374	1045	1
16.34901639344262	4817	1
16.350928961748632	9281	1
16.413715846994535	4365	1
16.414972677595628	4145	1
16.425081967213114	2281	1
16.429945355191258	7183	1
16.433715846994534	5506	1
16.437486338797815	8079	1
16.464754098360658	7020	1
16.465737704918034	481	1
16.494262295081967	7006	1
16.540601092896175	9957	1
16.55327868852459	845	1
16.581912568306013	3630	1
16.586284153005465	7725	1
16.60191256830601	8894	1
16.614590163934427	7522	1
16.664972677595628	9424	1
16.668852459016392	8676	1
16.699945355191257	4805	1
16.722677595628415	6937	1
16.729890710382513	5759	1
16.73863387978142	4110	1
16.744098360655737	8344	1
16.76306010928962	1829	1
16.805409836065575	7507	1
16.810327868852458	1851	1
16.843551912568305	8689	1
16.900546448087432	4838	1
16.979562841530054	2386	1
16.986065573770492	4148	1
17.08398907103825	7701	1
17.099344262295084	8599	1
17.109234972677598	8506	1
17.12142076502732	5069	1
17.13191256830601	3401	1
17.156502732240437	7314	1
17.218087431693988	7760	1
17.233825136612023	3356	1
17.250218579234975	3498	1
17.260218579234973	2256	1
17.26174863387978	6897	1
17.276830601092897	1316	1
17.282021857923496	408	1
17.287486338797812	6148	1
17.28846994535519	6236	1
17.336775956284153	9971	1
17.337158469945354	2238	1
17.43825136612022	4586	1
17.45311475409836	7214	1
17.492295081967214	2979	1
17.586666666666666	3303	1
17.593497267759563	9152	1
17.59967213114754	9958	1
17.625136612021855	4934	1
17.633715846994534	7428	1
17.676775956284153	9151	1
17.683715846994534	4888	1
17.696338797814207	5825	1
17.70814207650273	2851	1
17.732131147540983	8958	1
17.734590163934424	5892	1
17.758196721311474	9973	1
17.781475409836066	6821	1
17.79693989071038	327	1
17.82049180327869	7631	1
17.826284153005464	1914	1
17.866994535519126	7938	1
17.888907103825137	1869	1
17.89207650273224	5247	1
17.94743169398907	2556	1
17.968633879781418	5142	1
17.98650273224044	8451	1
18.007595628415302	5197	1
18.0748087431694	1434	1
18.22546448087432	667	1
18.32224043715847	7805	1
18.32535519125683	7581	1
18.331803278688525	6795	1
18.36185792349727	1946	1
18.380819672131146	2468	1
18.402185792349727	8862	1
18.46672131147541	977	0
18.46808743169399	4036	1
18.51136612021858	4895	1
18.574644808743166	3440	1
18.580710382513658	5147	1
18.62765027322404	4144	1
18.628251366120217	9053	1
18.634098360655738	9094	1
18.65830601092896	5361	1
18.700437158469942	8946	1
18.70081967213115	654	1
18.708688524590166	9419	1
18.76366120218579	5394	1
18.767103825136612	3613	1
18.784754098360654	4527	1
18.79786885245902	5585	1
18.856994535519124	1003	1
18.914754098360653	8624	1
18.96032786885246	4815	1
18.967486338797812	2261	1
19.108633879781422	8838	1
19.118142076502732	1176	1
19.14918032786885	7173	1
19.173879781420766	6777	1
19.176666666666666	6603	1
19.18737704918033	6806	1
19.227759562841527	6933	1
19.263606557377052	2806	1
19.283387978142077	205	1
19.36131147540984	7969	1
19.37311475409836	3673	1
19.388524590163932	432	1
19.394754098360657	6878	1
19.478142076502735	2198	1
19.487978142076503	7	1
19.497814207650272	4933	1
19.498196721311473	9115	1
19.520601092896175	47	1
19.545081967213115	2675	1
19.54655737704918	1268	1
19.559945355191257	9153	1
19.648032786885246	9038	1
19.709890710382513	8613	1
19.732622950819675	4987	1
19.738251366120217	7662	1
19.799562841530054	2835	1
19.803387978142077	5134	1
19.83808743169399	6492	1
19.899071038251364	9163	1
19.903934426229505	4902	1
19.9196174863388	8014	1
19.925573770491802	7768	1
19.961748633879782	3446	1
19.98633879781421	1702	1
19.98633879781421	2776	1
19.988907103825134	5457	1
19.99530054644809	3024	1
20.01382513661202	7673	1
20.026557377049183	229	1
20.032185792349726	9620	1
20.054699453551912	9852	1
20.073333333333334	5511	1
20.081857923497267	8672	1
20.122131147540983	3828	1
20.150601092896174	2505	1
20.15983606557377	7754	1
20.167103825136614	2096	1
20.20885245901639	2048	1
20.218524590163934	874	1
20.258196721311474	8762	1
20.272459016393444	5582	1
20.311530054644805	8324	1
20.319398907103825	3602	1
20.353387978142077	7431	1
20.367049180327868	1814	1
20.39464480874317	6012	1
20.40497267759563	4042	1
20.47590163934426	6209	1
20.483661202185793	4811	1
20.485846994535517	4698	1
20.490109289617486	8542	1
20.494371584699454	7358	1
20.52863387978142	4217	1
20.531311475409836	4098	1
20.554371584699453	6907	1
20.5572131147541	9174	1
20.584426229508196	6328	1
20.593224043715846	8790	1
20.643934426229507	9637	1
20.658032786885247	2222	1
20.65863387978142	2014	1
20.659726775956283	5873	1
20.696229508196723	2613	1
20.744043715846992	9643	1
20.760601092896177	6819	1
20.799945355191255	7257	1
20.88377049180328	1201	1
20.910163934426226	1636	1
20.951038251366118	9317	1
20.987049180327865	4357	1
21.084316939890712	4816	1
21.103989071038253	1714	1
21.107540983606558	1845	1
21.108907103825135	9365	1
21.11606557377049	5753	1
21.129945355191257	1407	1
21.13087431693989	8706	1
21.136120218579237	5658	1
21.1592349726776	7757	1
21.168852459016396	7664	1
21.181639344262297	8935	1
21.185901639344262	8453	1
21.1875956284153	6330	1
21.200437158469946	3619	1
21.20158469945355	5464	1
21.211639344262295	5173	1
21.211857923497266	4831	1
21.21393442622951	4354	1
21.22601092896175	5338	1
21.259398907103826	3873	1
21.26573770491803	9676	1
21.280109289617485	2445	1
21.280273224043718	163	1
21.303989071038252	2914	1
21.33415300546448	2502	1
21.33639344262295	7845	1
21.33639344262295	9000	1
21.442295081967213	2216	1
21.44743169398907	6555	1
21.52256830601093	9215	1
21.555737704918034	4864	1
21.617595628415298	5895	1
21.625573770491805	4077	1
21.638743169398907	4828	1
21.66857923497268	514	1
21.675628415300544	9475	1
21.678633879781422	348	1
21.68486338797814	2784	1
21.71049180327869	8042	1
21.757868852459016	3943	1
21.777377049180327	4346	1
21.839071038251365	7282	1
21.85224043715847	5199	1
21.88382513661202	968	1
21.901475409836067	5764	1
21.901748633879784	6959	1
21.905245901639343	1398	1
21.924153005464483	7403	1
21.98912568306011	9917	1
22.003114754098362	2087	1
22.014098360655737	6741	1
22.016284153005465	1746	1
22.021475409836068	5418	1
22.037814207650275	8648	1
22.047650273224043	8509	1
22.056120218579235	6925	1
22.07016393442623	8251	1
22.102131147540984	7866	1
22.12054644808743	8125	1
22.136284153005466	9887	1
22.142513661202187	9721	1
22.15573770491803	6418	1
22.157431693989068	634	1
22.161967213114753	5094	1
22.211147540983607	3637	1
22.226338797814208	4806	1
22.244098360655737	8440	1
22.247158469945354	7717	1
22.267868852459017	6640	1
22.270983606557376	6079	1
22.275409836065574	740	1
22.284699453551912	3633	1
22.32918032786885	9660	1
22.348852459016395	8998	1
22.35136612021858	3809	1
22.3875956284153	9199	1
22.41650273224044	8267	1
22.42295081967213	468	1
22.4320218579235	6370	1
22.443770491803278	4590	1
22.488907103825138	6234	1
22.495081967213114	178	1
22.496338797814207	4772	1
22.508087431693987	4996	1
22.549453551912567	4930	1
22.554480874316937	3712	1
22.558524590163934	6316	1
22.566939890710383	888	1
22.58912568306011	7875	1
22.599999999999998	9578	1
22.61049180327869	1999	1
22.62486338797814	8255	1
22.653934426229508	7530	1
22.678633879781422	1155	1
22.69125683060109	1205	1
22.70754098360656	2227	1
22.71912568306011	2785	1
22.720601092896175	1241	1
22.767650273224046	8749	1
22.782076502732238	5063	1
22.79382513661202	1648	1
22.794426229508197	5400	1
22.806284153005464	1178	1
22.8248087431694	8857	1
22.840437158469946	7326	1
22.84546448087432	1614	1
22.856284153005465	6349	1
22.886721311475412	3248	1
22.906010928961745	4174	1
22.943169398907106	7357	1
22.96426229508197	6329	1
22.966666666666665	5730	1
22.996775956284154	4457	1
23.017814207650275	8176	1
23.107650273224042	3047	1
23.113715846994534	3300	1
23.192185792349726	8138	1
23.231420765027323	7479	1
23.274043715846993	7885	1
23.299562841530054	6749	1
23.316120218579233	8260	1
23.33590163934426	3449	1
23.342950819672133	2283	1
23.357158469945354	6225	1
23.35781420765027	971	1
23.376612021857923	2644	1
23.475628415300548	6835	1
23.49896174863388	2586	1
23.499180327868853	6479	1
23.50049180327869	3278	1
23.530928961748632	8534	1
23.535136612021855	5275	1
23.576830601092894	401	1
23.63120218579235	1031	1
23.644972677595625	2296	1
23.66830601092896	5036	1
23.670819672131145	2539	1
23.68448087431694	4649	1
23.69639344262295	3436	1
23.72174863387978	6219	1
23.72191256830601	5660	1
23.73016393442623	4733	1
23.737158469945353	5607	1
23.753825136612022	9023	1
23.79327868852459	6069	1
23.86344262295082	5460	1
23.887267759562842	9618	1
23.90158469945355	8851	1
23.90546448087432	5480	1
23.917814207650274	6058	1
23.955628415300545	8045	1
23.962021857923496	1971	1
23.97415300546448	6411	1
24.001912568306008	1427	1
24.01136612021858	7042	1
24.05327868852459	4352	1
24.060273224043716	4661	1
24.072950819672133	4577	1
24.089180327868853	3181	1
24.119508196721313	9531	1
24.140218579234975	5937	1
24.146174863387976	1991	1
24.15071038251366	6430	1
24.184043715846993	226	1
24.196338797814207	3212	1
24.23109289617486	5476	1
24.260109289617485	9669	1
24.26295081967213	4797	1
24.289726775956286	2147	1
24.301366120218578	6347	1
24.35896174863388	8286	1
24.37912568306011	3280	1
24.384371584699455	6111	1
24.428907103825136	9248	1
24.435464480874316	110	1
24.4475956284153	1923	1
24.449726775956282	3758	1
24.452568306010928	9205	1
24.460765027322406	7163	1
24.48311475409836	5170	1
24.500437158469946	3791	1
24.52005464480874	8668	1
24.56868852459016	3941	1
24.593715846994535	6520	1
24.60289617486339	7871	1
24.63224043715847	2183	1
24.632677595628415	1756	1
24.693333333333335	7877	1
24.706502732240438	4303	1
24.732349726775958	6559	1
24.76071038251366	7384	1
24.803169398907105	4238	1
24.81196721311475	5665	1
24.8151912568306	1050	1
24.830655737704916	3041	1
24.84912568306011	8250	1
24.852131147540984	544	1
24.91032786885246	1138	1
24.95617486338798	2058	1
24.99120218579235	3993	1
25.03049180327869	3413	1
25.05224043715847	4143	1
25.06601092896175	708	1
25.107049180327866	1044	1
25.108415300546447	933	1
25.115191256830602	9935	1
25.11808743169399	4491	1
25.201202185792347	6684	1
25.202185792349727	4898	1
25.207704918032785	2314	1
25.231693989071037	9408	1
25.249344262295082	8212	1
25.250437158469946	7435	1
25.255737704918033	6100	1
25.274972677595628	6126	1
25.282021857923496	9238	1
25.297158469945355	2554	1
25.311147540983605	1967	1
25.35360655737705	1027	1
25.356065573770493	6880	1
25.386174863387975	3627	1
25.395519125683062	7900	1
25.470983606557375	1550	1
25.47639344262295	8493	1
25.48409836065574	6580	1
25.48469945355191	9221	1
25.550601092896176	252	1
25.573005464480875	7135	1
25.575956284153005	7182	1
25.577759562841532	9786	1
25.586065573770494	7019	1
25.596830601092897	7692	1
25.668633879781417	9735	1
25.672021857923497	2526	1
25.679453551912566	8911	1
25.698743169398906	405	1
25.746502732240437	9147	1
25.752459016393445	7328	1
25.791803278688523	5325	1
25.798251366120216	9953	1
25.820601092896176	9519	1
25.828524590163934	5662	1
25.841530054644807	5236	1
25.845846994535517	843	1
25.85535519125683	2478	1
25.91125683060109	2395	1
25.915136612021858	7467	1
25.915573770491804	6309	1
25.95229508196721	3223	1
25.953715846994534	8693	1
25.982185792349725	4091	1
25.986065573770492	257	1
25.988251366120217	4859	1
26.012513661202185	4940	1
26.018251366120218	5347	1
26.019890710382516	2267	1
26.036939890710382	3865	1
26.047868852459015	9702	1
26.05295081967213	3719	1
26.069289617486337	1216	1
26.07672131147541	445	1
26.11262295081967	6470	1
26.13398907103825	5718	1
26.14846994535519	7841	1
26.153989071038254	7813	1
26.210437158469944	5770	1
26.25377049180328	6305	1
26.26863387978142	3656	1
26.283169398907102	9355	1
26.311639344262296	1220	1
26.31437158469945	7679	1
26.319617486338796	1061	1
26.360819672131147	6610	1
26.3824043715847	3845	1
26.409289617486337	4845	1
26.47136612021858	1390	1
26.47420765027322	3599	1
26.47743169398907	8584	0
26.482295081967212	1809	1
26.492841530054644	6497	1
26.503715846994535	3827	1
26.509836065573772	4742	1
26.547486338797814	4362	1
26.56983606557377	9594	1
26.590054644808745	9663	1
26.59672131147541	3291	1
26.60153005464481	6502	1
26.664754098360657	5778	1
26.755081967213115	1450	1
26.7555737704918	964	1
26.774972677595628	5084	1
26.798743169398907	8796	1
26.810601092896174	3184	1
26.826994535519127	594	1
26.829890710382514	2462	1
26.839289617486337	7564	1
26.844972677595628	3376	1
26.845300546448087	9724	1
26.863497267759563	9341	1
26.866994535519122	7633	1
26.898469945355192	6121	1
26.94054644808743	2606	1
26.941693989071037	1108	1
26.97994535519126	8147	1
26.993715846994533	2341	1
27.016612021857924	9154	1
27.037322404371587	3960	1
27.053606557377048	6775	1
27.092732240437158	5352	1
27.094590163934424	6624	1
27.121584699453553	5513	1
27.121803278688525	5439	1
27.168196721311475	7089	1
27.19672131147541	9740	1
27.207322404371585	1382	1
27.22814207650273	8594	1
27.249726775956283	409	1
27.270437158469946	6086	1
27.31191256830601	9764	1
27.342349726775954	4371	1
27.343879781420764	1961	1
27.380928961748634	4618	1
27.412513661202183	1656	1
27.436448087431696	8882	1
27.50256830601093	2105	1
27.50639344262295	9161	1
27.513387978142074	3935	1
27.564207650273225	2430	1
27.573060109289617	1104	1
27.61879781420765	856	1
27.622295081967213	978	1
27.63081967213115	7554	1
27.682677595628412	459	1
27.694207650273224	8555	1
27.72497267759563	1776	1
27.75912568306011	2913	1
27.78120218579235	5465	1
27.791639344262293	8972	1
27.79601092896175	8987	1
27.807267759562844	8595	1
27.840437158469946	3298	1
27.867704918032786	5230	1
27.878032786885246	558	1
27.878524590163934	4158	1
27.903387978142078	5331	1
27.92224043715847	3069	1
27.977814207650272	7145	1
28.022841530054645	9432	1
28.068852459016394	5516	1
28.084371584699454	4607	1
28.092185792349728	5926	1
28.13191256830601	5340	1
28.14814207650273	7955	1
28.14863387978142	1283	1
28.16333333333333	3651	1
28.19054644808743	9573	1
28.24513661202186	9427	1
28.256666666666664	7630	1
28.271256830601093	4418	1
28.276502732240438	7713	1
28.27786885245902	8868	1
28.281639344262295	7409	1
28.32032786885246	6378	1
28.320928961748635	6785	1
28.36901639344262	92	1
28.393114754098363	1875	1
28.42622950819672	9327	1
28.47092896174863	9198	1
28.490710382513658	9550	1
28.52092896174863	2512	1
28.560874316939888	9384	1
28.565136612021856	6639	1
28.57808743169399	2545	1
28.61672131147541	2803	1
28.638524590163932	1994	1
28.66273224043716	3963	1
28.66967213114754	9517	1
28.689617486338797	670	1
28.693333333333335	784	1
28.69628415300546	4802	1
28.711038251366123	958	1
28.7296174863388	1065	1
28.729890710382517	1129	1
28.730983606557377	7739	1
28.807158469945357	1034	1
28.845737704918033	3168	1
28.85409836065574	7923	1
28.92535519125683	7940	1
28.939016393442625	6968	1
28.945136612021855	7604	1
28.952841530054645	1839	1
28.979398907103825	6341	1
29.0175956284153	4724	1
29.034262295081966	8677	1
29.036065573770493	6706	1
29.087650273224043	1424	1
29.10464480874317	8156	1
29.153060109289616	6407	1
29.17125683060109	5728	1
29.18857923497268	6379	1
29.20311475409836	4667	1
29.212185792349725	2487	1
29.220983606557375	3173	1
29.22978142076503	5852	1
29.246010928961745	168	1
29.287923497267762	274	1
29.343715846994535	8350	1
29.40513661202186	4952	1
29.414426229508194	2082	1
29.44344262295082	8074	1
29.447540983606558	1604	1
29.45825136612022	1850	1
29.5051912568306	4795	1
29.50688524590164	8968	1
29.51907103825137	3543	1
29.525573770491803	8587	1
29.53120218579235	6525	1
29.536830601092895	813	1
29.55103825136612	6935	1
29.577923497267758	980	1
29.622459016393442	4425	1
29.653333333333332	7524	1
29.675409836065572	7189	1
29.693551912568303	1188	1
29.73	8386	1
29.731693989071037	7231	1
29.778524590163933	8485	1
29.816885245901638	5468	1
29.817377049180326	6531	1
29.829344262295084	3380	1
29.838415300546448	8063	1
29.873934426229507	7212	1
29.900601092896174	2876	1
29.91426229508197	2149	1
29.92606557377049	9300	1
29.950928961748634	1067	1
29.958688524590166	3819	1
29.9675956284153	3095	1
29.97448087431694	9382	1
29.97879781420765	5969	1
30.011202185792346	739	1
30.015901639344264	5840	1
30.04568306010929	1788	1
30.06382513661202	4353	1
30.080710382513658	6265	1
30.086994535519125	9846	1
30.14622950819672	2757	1
30.15158469945355	1286	1
30.159344262295082	6839	1
30.17666666666667	4936	1
30.185355191256832	3931	1
30.194153005464482	2077	1
30.20016393442623	8088	1
30.22551912568306	4729	1
30.226284153005462	8118	1
30.246775956284154	8187	1
30.263934426229508	3348	1
30.27229508196721	5743	1
30.28551912568306	7485	1
30.292349726775956	9448	1
30.300218579234972	6714	1
30.343387978142076	7387	1
30.350054644808743	4844	1
30.4275956284153	1761	1
30.46349726775956	6175	1
30.478196721311477	2758	1
30.568907103825136	90	1
30.57109289617486	2863	1
30.574535519125682	513	1
30.601311475409833	3003	1
30.658579234972677	2492	1
30.670218579234973	6044	1
30.718469945355192	6625	1
30.73103825136612	2853	1
30.749071038251365	9946	1
30.762568306010927	9630	1
30.766666666666666	8463	1
30.77841530054645	3423	1
30.794098360655738	1231	1
30.796284153005466	3360	1
30.799180327868854	8466	1
30.84688524590164	2843	1
30.850382513661202	2721	1
30.85120218579235	7423	1
30.8555737704918	301	1
30.873224043715847	5911	1
30.87928961748634	9988	1
30.87934426229508	4452	1
30.918797814207647	8238	1
30.94	1587	1
30.963005464480872	8226	1
30.99311475409836	5161	1
31.001530054644807	4146	1
31.051420765027324	7193	1
31.057540983606557	7567	1
31.071311475409836	1059	1
31.115355191256832	9044	1
31.11617486338798	3796	1
31.132185792349727	9732	1
31.134207650273225	95	1
31.148524590163934	9055	1
31.18743169398907	3551	1
31.19349726775956	9844	1
31.227868852459018	8858	1
31.240273224043715	8050	1
31.256229508196718	8785	1
31.25896174863388	6070	1
31.28366120218579	3242	1
31.29639344262295	5009	1
31.349016393442625	7904	1
31.362622950819674	5975	1
31.37109289617486	3353	1
31.407213114754096	4422	1
31.415901639344263	7436	1
31.48688524590164	3247	1
31.489071038251367	6764	1
31.510765027322403	4614	1
31.548360655737703	1931	1
31.563715846994537	2982	1
31.575901639344263	7733	1
31.603551912568303	6977	1
31.617103825136613	7684	1
31.630382513661203	6432	1
31.647213114754095	7090	1
31.693387978142077	9263	1
31.699781420765028	5227	1
31.736830601092898	7132	1
31.805901639344263	3016	1
31.829234972677597	7714	1
31.83879781420765	3266	1
31.851639344262296	111	1
31.89295081967213	4061	1
31.917377049180324	8044	1
31.92983606557377	1330	1
31.945300546448088	3282	1
32.00065573770492	1470	1
32.00081967213115	2191	1
32.01262295081967	83	1
32.06650273224044	3700	1
32.07486338797814	552	1
32.107595628415304	9768	1
32.11371584699453	3549	1
32.1172131147541	5349	1
32.121475409836066	931	1
32.131584699453555	7922	1
32.152513661202185	2503	1
32.180109289617484	8017	1
32.19928961748634	2810	1
32.20989071038251	2452	1
32.22010928961749	4928	1
32.22087431693989	5119	1
32.234863387978145	7464	1
32.23546448087431	904	1
32.24404371584699	104	1
32.277486338797814	8174	1
32.28748633879781	8361	1
32.30016393442623	6323	1
32.34540983606557	9468	1
32.35180327868852	9600	1
32.35371584699453	4605	1
32.36562841530055	9186	1
32.37453551912568	8621	1
32.384098360655734	3375	1
32.38448087431694	7088	1
32.41551912568306	7606	1
32.48497267759563	2358	1
32.50344262295082	2124	1
32.53213114754098	6632	1
32.548415300546445	4128	1
32.56251366120219	7796	1
32.565245901639344	8663	1
32.56540983606558	303	1
32.57890710382514	1465	1
32.59814207650273	5314	1
32.598579234972675	9119	1
32.61672131147541	7781	1
32.65792349726776	7221	1
32.69360655737705	9624	1
32.72928961748634	7504	1
32.75218579234973	9104	1
32.77459016393443	5596	1
32.81366120218579	3183	1
32.83185792349727	6966	1
32.835573770491806	5962	1
32.84743169398907	6579	1
32.84967213114754	3301	1
32.87273224043716	6641	1
32.88513661202186	7299	1
32.89819672131147	4721	1
32.9344262295082	6617	1
32.94568306010929	4917	1
32.95693989071038	3755	1
32.96327868852459	3715	1
32.969562841530056	3418	1
32.978524590163936	2423	1
32.98289617486339	4678	1
32.99180327868852	1158	1
32.99355191256831	9059	1
33.00207650273224	7381	1
33.030819672131145	8149	1
33.13584699453552	8708	1
33.16770491803278	1925	1
33.173825136612024	4131	1
33.177540983606555	4431	1
33.184972677595624	214	1
33.18551912568306	9320	1
33.19060109289617	6487	1
33.20743169398907	5334	1
33.2627868852459	4053	1
33.26568306010929	4651	1
33.27928961748634	7032	1
33.28191256830601	266	1
33.28584699453552	2677	1
33.30601092896175	5214	1
33.358743169398906	5640	1
33.36983606557377	9065	1
33.382349726775956	9501	1
33.44568306010929	3734	1
33.506557377049184	4853	1
33.52142076502732	5148	1
33.52322404371585	1346	1
33.566120218579236	8854	1
33.57584699453552	1444	1
33.59579234972678	6452	1
33.62535519125683	1063	1
33.64174863387978	3119	1
33.65125683060109	3833	1
33.652896174863386	7137	1
33.66841530054645	8346	1
33.677650273224046	5015	1
33.678688524590164	7833	1
33.68502732240437	3362	1
33.706830601092896	7548	1
33.71786885245901	2878	1
33.75420765027322	3395	1
33.77622950819672	979	1
33.828743169398905	6606	1
33.84612021857923	4250	1
33.866994535519126	7248	1
33.87262295081967	5580	1
33.92245901639344	8032	1
33.93114754098361	7312	1
33.93633879781421	7340	1
33.940983606557374	4356	1
33.99049180327869	8092	1
34.02071038251366	3611	1
34.02737704918033	8268	1
34.08071038251366	4523	1
34.081420765027325	131	1
34.10546448087432	9658	1
34.106448087431694	8605	1
34.12092896174863	5330	1
34.12726775956284	113	1
34.136721311475405	1299	1
34.1672131147541	2226	1
34.17704918032787	5072	1
34.17956284153005	6564	1
34.1931693989071	8780	1
34.19486338797814	6583	1
34.212349726775955	5802	1
34.217540983606554	9203	1
34.21885245901639	4324	1
34.22573770491803	3889	1
34.2896174863388	2214	1
34.30098360655738	5388	1
34.301475409836065	5452	1
34.31218579234972	4862	1
34.32180327868853	5688	1
34.3303825136612	8262	1
34.34010928961749	4714	1
34.34945355191257	1167	1
34.35114754098361	8318	1
34.38169398907104	5991	1
34.50442622950819	5244	1
34.51688524590164	5849	1
34.5172131147541	6057	1
34.52087431693989	3974	1
34.53404371584699	5326	1
34.54693989071038	7236	1
34.56912568306011	9178	1
34.572131147540986	3229	1
34.59928961748634	1121	1
34.62808743169399	8579	1
34.68715846994536	7656	1
34.71207650273224	2477	1
34.71939890710382	758	1
34.758743169398905	1039	1
34.78071038251366	4302	1
34.7844262295082	7862	1
34.78453551912568	8290	1
34.80311475409836	9931	1
34.82513661202186	1824	1
34.832185792349726	4630	1
34.90524590163935	5408	1
34.93404371584699	9254	1
34.94918032786885	7644	1
35.02398907103825	9133	1
35.02945355191257	1900	1
35.02967213114754	2418	1
35.04218579234973	171	1
35.08092896174863	2820	1
35.096393442622954	2984	1
35.09677595628415	5268	1
35.11224043715847	2495	1
35.12879781420765	8352	1
35.161147540983606	5459	1
35.161803278688524	2142	1
35.17344262295082	8763	1
35.18120218579235	7470	1
35.218797814207655	9217	1
35.21934426229508	8974	1
35.23245901639344	3980	1
35.25377049180328	1632	1
35.26464480874317	6911	1
35.29912568306011	5228	1
35.300273224043714	6808	1
35.310765027322404	9795	1
35.310819672131146	5972	1
35.317158469945355	7056	1
35.33377049180328	9343	1
35.351967213114754	7389	1
35.43344262295082	2	1
35.43491803278688	9810	1
35.44573770491803	5919	1
35.450874316939895	8727	1
35.45393442622951	2857	1
35.45814207650273	2480	1
35.45874316939891	7049	1
35.473606557377046	1842	1
35.494590163934426	6600	1
35.51043715846995	8351	1
35.51338797814208	6120	1
35.524098360655735	6746	1
35.53032786885245	2184	1
35.53251366120219	8839	1
35.53360655737705	2308	1
35.53475409836066	2025	1
35.53699453551913	2020	1
35.5375956284153	9052	1
35.55092896174863	6159	1
35.555956284153005	6074	1
35.55715846994536	6245	1
35.56256830601093	3566	1
35.5627868852459	2422	1
35.57420765027322	9839	1
35.586229508196716	108	1
35.58693989071038	8409	1
35.593005464480875	9370	1
35.601147540983604	7727	1
35.603442622950816	662	1
35.61650273224044	965	1
35.61857923497268	8936	1
35.64546448087432	1687	1
35.64661202185792	5365	1
35.65071038251366	2187	1
35.65672131147541	6178	1
35.673060109289615	9883	1
35.67863387978142	4591	1
35.68027322404372	4565	1
35.68065573770492	4338	1
35.6807650273224	6882	1
35.702677595628415	6467	1
35.72989071038251	7093	1
35.73590163934426	4646	1
35.73912568306011	635	1
35.741147540983604	5855	1
35.74437158469946	6766	1
35.75628415300547	7352	1
35.77890710382514	8533	1
35.80715846994536	2102	1
35.81562841530055	9540	1
35.81699453551912	9296	1
35.83699453551913	386	1
35.85322404371585	8172	1
35.85387978142076	5412	1
35.87092896174863	1977	1
35.8720218579235	9493	1
35.88584699453552	9545	1
35.89147540983607	8852	1
35.893060109289614	517	1
35.89595628415301	5079	1
35.91289617486339	5203	1
35.97415300546448	7944	1
35.97808743169399	1837	1
35.979562841530054	615	1
35.994535519125684	6181	1
35.999453551912566	5091	1
36.011475409836066	8372	1
36.0227868852459	4701	1
36.025628415300545	5151	1
36.026065573770495	7678	1
36.033989071038256	5042	1
36.04622950819672	8907	1
36.05579234972678	9648	1
36.06169398907103	6733	1
36.07027322404372	3256	1
36.08054644808743	2182	1
36.089125683060104	6144	1
36.090382513661204	4766	1
36.09693989071038	5841	1
36.09732240437158	9444	1
36.1088524590164	8684	1
36.118524590163936	3030	1
36.1275956284153	9936	1
36.1355737704918	9998	1
36.14076502732241	9771	1
36.17180327868852	7711	1
36.172240437158464	4060	1
36.179071038251365	4956	1
36.18601092896175	4437	1
36.18852459016394	4648	1
36.189453551912564	4137	1
36.19224043715847	801	1
36.200819672131146	4707	1
36.20579234972678	464	1
36.21262295081967	1461	1
36.214262295081966	8064	1
36.215409836065575	5590	1
36.216939890710385	9093	1
36.23327868852459	1649	1
36.23606557377049	907	1
36.239398907103826	6259	1
36.255081967213115	7942	1
36.25901639344262	9122	1
36.268524590163935	6608	1
36.2811475409836	9245	1
36.28142076502732	8641	1
36.28775956284153	8022	1
36.29830601092896	7406	1
36.29852459016393	9434	1
36.30540983606557	3415	1
36.31125683060109	9076	1
36.31196721311475	57	1
36.322404371584696	9421	1
36.32573770491803	928	1
36.330983606557375	623	1
36.347049180327865	5734	1
36.34967213114754	9956	1
36.38289617486339	7928	1
36.38803278688525	6284	1
36.38934426229508	912	1
36.389726775956284	7888	1
36.39049180327869	8588	1
36.399125683060106	5283	1
36.400983606557375	2902	1
36.402459016393436	1857	1
36.41568306010929	4477	1
36.41874316939891	1343	1
36.42863387978142	1882	1
36.444426229508196	3597	1
36.45010928961749	4164	1
36.45513661202186	1735	1
36.46573770491803	132	1
36.46994535519125	7762	1
36.486010928961754	3468	1
36.50185792349726	174	1
36.50486338797814	2388	1
36.533551912568306	8631	1
36.53710382513661	6017	1
36.539453551912565	2980	1
36.55754098360656	5345	1
36.56027322404372	8016	1
36.56781420765027	2986	1
36.58688524590164	2750	1
36.5879781420765	8164	1
36.60513661202186	6464	1
36.607267759562845	8612	1
36.61612021857923	225	1
36.62273224043716	7143	1
36.64633879781421	4654	1
36.64978142076503	8535	1
36.65918032786885	5947	1
36.684699453551914	2481	1
36.69060109289617	7043	1
36.695956284153	1754	1
36.70814207650273	4520	1
36.72065573770492	6516	1
36.72486338797814	2144	1
36.725792349726774	3713	1
36.72890710382513	8104	1
36.73005464480874	5566	1
36.73158469945355	3169	1
36.74103825136611	6541	1
36.744535519125684	1181	1
36.76207650273224	5547	1
36.762185792349726	9818	1
36.77508196721311	9336	1
36.77732240437158	3392	1
36.78366120218579	3881	1
36.78792349726776	9742	1
36.79338797814208	6745	1
36.798142076502735	8943	1
36.8016393442623	4900	1
36.805573770491804	6633	1
36.81672131147541	9194	1
36.84650273224044	6929	1
36.85174863387979	7480	1
36.85322404371585	5237	1
36.86224043715847	6723	1
36.86371584699453	9836	1
36.86704918032787	2953	1
36.867213114754094	2038	1
36.87950819672131	2299	1
36.887595628415305	8431	1
36.88967213114754	6503	1
36.900601092896174	5549	1
36.90092896174863	6342	1
36.905464480874315	4445	1
36.932021857923495	1591	1
36.973934426229505	1426	1
36.98	4134	1
36.98	7253	1
36.98196721311476	7452	0
36.994590163934426	1652	1
36.998961748633874	9095	1
37.00622950819672	3686	1
37.01016393442623	4909	1
37.01344262295082	8867	1
37.03109289617487	8777	0
37.03972677595628	4551	1
37.04005464480875	2450	1
37.04174863387978	1071	1
37.059344262295085	9984	1
37.08054644808743	3170	1
37.09524590163934	7294	1
37.09704918032787	4248	1
37.09852459016393	6415	1
37.11912568306011	5257	1
37.12814207650273	1122	1
37.13994535519126	5312	1
37.143770491803274	1558	1
37.143879781420765	1035	1
37.1503825136612	9358	1
37.15344262295082	28	1
37.162677595628416	6836	1
37.16344262295082	4800	1
37.1720218579235	6453	1
37.18158469945355	1236	1
37.18868852459016	7082	1
37.203770491803276	2840	1
37.204918032786885	4089	1
37.21229508196721	3394	1
37.21650273224044	4871	1
37.27387978142077	8334	1
37.27513661202185	3285	1
37.29158469945355	9750	1
37.33147540983607	9190	1
37.35770491803279	4074	1
37.406939890710376	2100	1
37.40726775956284	8257	1
37.41655737704918	7192	1
37.43027322404372	8183	1
37.459398907103825	1560	1
37.46562841530054	1569	1
37.474699453551914	7897	1
37.48540983606557	3927	1
37.513224043715844	3039	1
37.5179781420765	5485	1
37.523715846994534	8263	1
37.550983606557374	9757	1
37.55497267759563	9929	1
37.57180327868852	2202	1
37.57409836065574	1544	1
37.57814207650273	6371	1
37.58125683060109	3355	1
37.61377049180328	7767	1
37.61781420765028	7272	1
37.61857923497268	5114	1
37.62426229508196	55	1
37.638688524590165	5626	1
37.64486338797814	787	1
37.65754098360655	6376	1
37.66322404371585	3079	1
37.66469945355191	9049	1
37.6827868852459	9675	1
37.68830601092896	100	1
37.701038251366114	1369	1
37.70355191256831	5145	1
37.71666666666667	3849	1
37.72639344262295	5902	1
37.73344262295082	1868	1
37.76453551912569	9746	1
37.77049180327869	6077	1
37.7979781420765	9865	1
37.81344262295082	3950	1
37.8148087431694	515	1
37.82338797814207	1956	1
37.82628415300546	1698	1
37.84163934426229	3004	1
37.87502732240437	1708	1
37.9016393442623	5784	1
37.92398907103825	8512	1
37.927158469945354	4194	1
37.92808743169399	9451	1
37.94327868852459	3407	1
37.94633879781421	7561	1
37.96098360655738	2546	1
37.96147540983607	1360	1
37.96267759562841	4295	1
37.98568306010929	2755	1
37.98989071038251	4763	1
37.99071038251366	8497	1
37.99617486338798	364	1
37.997213114754096	1007	1
38.03551912568306	7766	1
38.03715846994535	4193	1
38.04737704918033	1025	1
38.055956284153	7553	1
38.12092896174863	1028	1
38.1375956284153	187	1
38.16989071038251	7400	1
38.17262295081967	9280	1
38.18338797814207	1367	1
38.203005464480874	6605	1
38.20513661202186	7863	1
38.205628415300545	243	1
38.20765027322404	2694	1
38.21453551912568	714	1
38.221693989071035	3408	1
38.22229508196722	7338	1
38.228032786885244	2858	1
38.23142076502732	7556	1
38.249508196721315	7180	1
38.25415300546448	5467	1
38.25857923497268	8040	1
38.25945355191257	5037	1
38.26125683060109	2171	1
38.262622950819676	4672	1
38.26677595628415	4687	1
38.2716393442623	7899	1
38.2724043715847	3520	1
38.277049180327865	6318	1
38.28005464480874	7185	1
38.288306010928956	8436	1
38.30497267759563	3430	1
38.31748633879781	6656	1
38.32224043715847	4556	1
38.335081967213114	3843	1
38.34021857923498	911	1
38.34704918032787	360	1
38.34732240437159	378	1
38.34732240437159	7541	1
38.356502732240436	3028	1
38.375136612021855	2436	1
38.38103825136612	2995	1
38.39109289617487	4334	1
38.393825136612016	7706	1
38.40584699453552	9079	1
38.41661202185792	2607	1
38.420874316939894	6151	1
38.42628415300546	1314	1
38.4351912568306	9872	1
38.47027322404371	4709	1
38.47530054644808	8561	1
38.47661202185792	4715	1
38.479617486338796	4735	1
38.52316939890711	3859	1
38.5268306010929	6973	1
38.53010928961749	3350	1
38.54715846994536	7460	1
38.554043715846994	3488	1
38.564153005464476	2566	1
38.569016393442624	5847	1
38.582896174863386	4297	1
38.5920218579235	3065	1
38.59814207650273	8645	1
38.60060109289617	3904	1
38.60065573770492	8450	1
38.61530054644809	6760	1
38.6224043715847	1449	1
38.63464480874317	7144	1
38.64218579234973	2145	1
38.64890710382514	4228	1
38.652786885245895	1361	1
38.660054644808746	8053	1
38.67180327868852	10	1
38.67207650273224	1257	1
38.673497267759565	6507	1
38.674590163934425	5321	1
38.67464480874317	8551	1
38.685737704918026	2890	1
38.685792349726775	3742	1
38.691475409836066	6000	1
38.70737704918032	3596	1
38.72601092896175	2501	1
38.7287431693989	98	1
38.73207650273224	11	1
38.73551912568306	4423	1
38.74781420765027	3152	1
38.75103825136612	3500	1
38.76087431693989	2486	1
38.76540983606557	2573	1
38.776721311475406	7488	1
38.79792349726776	1494	1
38.81579234972677	851	1
38.81972677595628	4440	1
38.82601092896175	7851	1
38.826939890710385	9412	1
38.83950819672131	4432	1
38.84251366120218	3765	1
38.85142076502732	399	1
38.854590163934425	2207	1
38.86245901639344	6083	1
38.874535519125686	5022	1
38.87562841530054	9700	1
38.87650273224044	2663	1
38.881584699453555	2528	1
38.8827868852459	9333	1
38.89322404371585	7987	1
38.895956284153	4241	1
38.89901639344262	3542	1
38.89939890710382	400	1
38.89983606557377	4751	1
38.906994535519125	1341	1
38.91207650273224	4907	1
38.94196721311476	8909	1
38.94508196721311	3957	1
38.95191256830601	6687	1
38.96967213114754	7166	1
38.99360655737705	1474	1
39.00081967213115	6885	1
39.00327868852459	8347	1
39.00863387978142	3033	1
39.02437158469945	3478	1
39.02737704918033	6558	1
39.04704918032787	30	1
39.04896174863388	5638	1
39.056284153005464	3570	1
39.060765027322404	7668	1
39.07814207650273	4762	1
39.08021857923497	6410	1
39.083661202185795	2944	1
39.09016393442623	2051	1
39.098196721311474	4097	1
39.10360655737705	6637	1
39.115355191256825	8061	1
39.131147540983605	6988	1
39.13185792349727	6020	1
39.147595628415296	1351	1
39.15453551912568	2892	1
39.15562841530055	4720	1
39.15704918032787	8230	1
39.16234972677596	8547	1
39.16863387978142	2405	1
39.16945355191257	8824	1
39.1796174863388	6501	1
39.18327868852459	9989	1
39.18387978142077	5932	1
39.194863387978145	8752	1
39.19688524590164	9206	1
39.1975956284153	1215	1
39.20612021857923	5494	1
39.230765027322406	6680	1
39.23322404371584	5463	1
39.234426229508195	3026	1
39.23491803278689	2906	1
39.23655737704918	1196	1
39.23661202185792	403	1
39.24109289617486	9947	1
39.25256830601093	6060	1
39.25453551912568	2609	1
39.26333333333333	3961	1
39.29710382513661	6133	1
39.30136612021858	9819	1
39.308306010928966	3035	1
39.32923497267759	1233	1
39.33114754098361	3617	1
39.34737704918033	7251	1
39.3479781420765	2383	1
39.348688524590166	3090	1
39.355737704918035	6508	1
39.35890710382514	1300	1
39.367431693989076	950	1
39.37049180327869	9204	1
39.37672131147541	9992	1
39.38109289617486	7064	1
39.3851912568306	2200	1
39.387978142076506	5099	1
39.39546448087432	2867	1
39.4083606557377	2075	1
39.412677595628416	9875	1
39.41590163934426	8036	1
39.416338797814205	6981	1
39.41939890710382	7061	1
39.43109289617486	8420	1
39.45393442622951	9890	1
39.45513661202186	1545	1
39.459071038251366	2352	1
39.463442622950815	8678	1
39.467540983606554	5357	1
39.48016393442623	4132	1
39.491256830601095	7375	1
39.50491803278688	9453	1
39.50502732240437	1848	1
39.51	9010	1
39.51486338797814	5820	1
39.5191256830601	701	1
39.53120218579235	5970	1
39.54125683060109	7520	1
39.549617486338796	2121	1
39.561857923497264	7271	1
39.5688524590164	4761	1
39.60355191256831	9853	1
39.626393442622955	991	1
39.65972677595628	300	1
39.6903825136612	8808	1
39.69338797814208	5166	1
39.70010928961749	8371	1
39.70693989071038	9008	1
39.71180327868853	7005	1
39.73633879781421	3879	1
39.74830601092896	3938	1
39.75136612021858	6188	1
39.78748633879781	2464	1
39.81814207650273	855	1
39.822076502732244	3319	1
39.826885245901636	7321	1
39.83316939890711	157	1
39.83349726775956	8501	1
39.83579234972678	2353	1
39.85349726775956	5610	1
39.85398907103826	5762	1
39.85409836065573	8428	1
39.86300546448087	7234	1
39.865355191256825	2619	1
39.875136612021855	6635	1
39.876393442622955	4642	1
39.89737704918033	2856	1
39.90704918032787	3142	1
39.91021857923497	6667	1
39.91693989071038	6409	1
39.925737704918035	2273	1
39.94098360655738	4727	1
39.94224043715847	2519	1
39.943333333333335	6278	1
39.94497267759563	8578	1
39.99185792349727	7558	1
39.994863387978135	4263	1
40.008032786885245	5773	1
40.01338797814208	6381	1
40.01344262295082	395	1
40.03027322404371	7459	1
40.03169398907104	6651	1
40.05459016393443	6576	1
40.0587431693989	3748	1
40.07327868852459	2342	1
40.09005464480874	3975	1
40.09169398907103	7077	1
40.11043715846994	312	1
40.12273224043716	3539	1
40.13333333333333	2709	1
40.13344262295082	3214	1
40.13737704918033	8005	1
40.13923497267759	9925	1
40.14027322404372	8565	1
40.156721311475415	7085	1
40.15693989071038	9933	1
40.18191256830601	8011	1
40.19808743169399	3345	1
40.19918032786885	6665	1
40.214262295081966	4010	1
40.22748633879781	1166	1
40.22934426229508	6928	1
40.23469945355191	322	1
40.23644808743169	4919	1
40.24360655737705	262	1
40.24459016393442	9537	1
40.25639344262295	9289	1
40.25781420765027	3295	1
40.25901639344262	7281	1
40.25967213114754	8423	1
40.28021857923497	3751	1
40.28120218579235	1943	1
40.28666666666667	2807	1
40.30726775956284	8390	1
40.32180327868853	9319	1
40.3268306010929	6731	1
40.35344262295082	4016	1
40.37245901639344	8618	1
40.380437158469945	4892	1
40.40355191256831	7782	1
40.430601092896175	9712	1
40.43967213114754	8240	1
40.455956284153004	3172	1
40.466557377049185	671	1
40.50453551912568	1819	1
40.51420765027322	4594	1
40.51508196721311	6007	1
40.55207650273224	6016	1
40.558524590163934	1396	1
40.580655737704916	8733	1
40.58464480874317	27	1
40.59448087431694	5569	1
40.5975956284153	1730	1
40.60027322404372	8157	1
40.60071038251366	9253	1
40.630437158469945	3947	1
40.63207650273224	8606	1
40.653333333333336	8325	1
40.656666666666666	4636	1
40.65688524590164	8521	1
40.658415300546444	5561	1
40.690655737704915	3209	1
40.701256830601096	6392	1
40.70213114754099	3728	1
40.71448087431694	1328	1
40.72120218579235	8177	1
40.722841530054644	2368	1
40.72568306010929	320	1
40.739672131147536	1879	1
40.740109289617486	696	1
40.764426229508196	4712	1
40.77387978142076	6067	1
40.78469945355191	7039	1
40.785300546448084	5502	1
40.78655737704918	2361	1
40.796994535519126	9743	1
40.81693989071038	1509	1
40.81890710382514	4114	1
40.82448087431694	7663	1
40.825027322404374	7878	1
40.82710382513661	6940	1
40.84535519125683	4937	1
40.856120218579235	1624	1
40.856885245901644	3743	1
40.85819672131148	3025	1
40.871912568306016	6628	1
40.87387978142076	3874	1
40.878087431693984	584	1
40.885245901639344	7125	1
40.892349726775954	7618	1
40.90267759562841	3158	1
40.922622950819665	9901	1
40.94043715846995	4537	1
40.95633879781421	6504	1
40.972950819672135	9096	1
40.994207650273225	1520	1
41.00005464480874	4273	1
41.012240437158475	2642	1
41.01825136612022	3489	1
41.02535519125683	1938	1
41.03065573770492	7268	1
41.03923497267759	7493	1
41.04371584699453	3805	1
41.0672131147541	5377	1
41.069453551912574	7803	1
41.0768306010929	8823	1
41.09530054644809	5961	1
41.104043715847	7948	1
41.10896174863388	107	1
41.131202185792354	2520	1
41.16901639344262	3593	1
41.17863387978142	1966	1
41.18256830601093	3299	1
41.19803278688524	5645	1
41.21338797814207	8743	1
41.22693989071038	1432	1
41.22939890710382	3370	1
41.232513661202184	2726	1
41.24442622950819	7809	1
41.246775956284154	4606	1
41.253551912568305	4691	1
41.266284153005465	472	1
41.2672131147541	2420	1
41.284207650273224	6469	1
41.29612021857923	1416	1
41.327322404371586	734	1
41.34021857923497	3116	1
41.35464480874317	2794	1
41.36251366120218	3405	1
41.367759562841535	8432	1
41.37928961748634	147	1
41.379344262295085	2627	1
41.38431693989071	6201	1
41.38890710382513	7292	1
41.39781420765028	688	1
41.40387978142077	5864	1
41.41524590163934	6292	1
41.41868852459016	8382	1
41.43	7999	1
41.433879781420764	694	1
41.44754098360656	5877	1
41.448797814207644	8932	1
41.44939890710383	8956	1
41.45612021857923	7545	1
41.45956284153005	1738	1
41.46103825136612	3190	1
41.4703825136612	9359	1
41.47092896174863	6362	1
41.49060109289618	962	1
41.491530054644805	4770	1
41.50622950819672	8892	1
41.51382513661202	1658	1
41.52874316939891	2560	1
41.549672131147545	599	1
41.585573770491806	7361	1
41.58989071038251	1833	1
41.59792349726776	5687	1
41.60688524590164	4428	1
41.607978142076504	8010	1
41.62387978142076	2181	1
41.62857923497268	6424	1
41.63792349726776	7970	1
41.640601092896176	2897	1
41.6512568306011	1600	1
41.65486338797814	5232	1
41.681639344262294	9800	1
41.68420765027323	9518	1
41.69453551912568	5706	1
41.72486338797814	5936	1
41.72622950819672	4804	1
41.72781420765027	393	1
41.73672131147541	3795	1
41.73825136612022	2274	1
41.7448087431694	6685	1
41.74666666666667	9585	1
41.747978142076505	8491	1
41.75934426229508	3137	1
41.76016393442623	8057	1
41.76710382513661	6048	1
41.76814207650273	9808	1
41.76972677595628	4610	1
41.77234972677595	6433	1
41.77295081967213	4865	1
41.77661202185792	9285	1
41.78169398907104	5976	1
41.7848087431694	1522	1
41.821366120218585	2701	1
41.83508196721312	8447	1
41.840655737704914	9850	1
41.84213114754098	49	1
41.84562841530055	1174	1
41.85016393442623	7414	1
41.857978142076504	6847	1
41.865081967213115	3556	1
41.86781420765027	989	1
41.87158469945355	998	1
41.88213114754098	2454	1
41.9224043715847	4912	1
41.929180327868856	8856	1
41.93710382513662	503	1
41.93754098360656	5117	1
41.94486338797814	6321	1
41.94650273224044	4306	1
41.95256830601093	2298	1
41.95710382513661	431	1
41.958196721311474	8288	1
41.97431693989071	9311	1
41.98874316939891	5378	1
42.01879781420765	3503	1
42.02972677595628	6099	1
42.035355191256826	5411	1
42.04497267759563	7078	1
42.04568306010929	1258	1
42.05650273224044	5251	1
42.06333333333333	539	1
42.06404371584699	9653	1
42.068579234972674	8084	1
42.06989071038251	5075	1
42.08010928961748	4075	1
42.09814207650273	7636	1
42.09874316939891	6953	1
42.118087431693986	3918	1
42.16579234972677	4484	1
42.17098360655738	840	1
42.171584699453554	5659	1
42.175628415300544	6385	1
42.17628415300547	1835	1
42.207540983606556	5707	1
42.209508196721316	2837	1
42.21338797814207	6830	1
42.2224043715847	8434	1
42.25469945355191	8368	1
42.275300546448086	5182	1
42.281639344262295	9233	1
42.282021857923496	2894	1
42.2888524590164	3860	1
42.29027322404371	5882	1
42.30185792349727	7140	1
42.30196721311475	742	1
42.3035519125683	831	1
42.32338797814208	6334	1
42.33972677595629	6113	1
42.347158469945356	8363	1
42.355956284153	2930	1
42.36704918032787	8103	1
42.36737704918033	3832	1
42.376666666666665	4102	1
42.37677595628415	8885	1
42.38628415300546	5700	1
42.393497267759564	1280	1
42.39857923497268	9088	1
42.42032786885245	8085	1
42.424699453551916	6393	1
42.43934426229508	7120	1
42.43934426229508	5837	1
42.44661202185792	3148	1
42.4503825136612	6713	1
42.453387978142075	7590	1
42.47918032786885	3557	1
42.48054644808743	4534	1
42.486338797814206	9301	1
42.48655737704918	4548	1
42.49409836065574	7816	1
42.50207650273224	250	1
42.52874316939891	4916	1
42.56060109289617	2935	1
42.566775956284154	1755	1
42.584371584699454	3863	1
42.58459016393442	8687	1
42.58497267759563	5017	1
42.58655737704918	8041	1
42.591912568306014	4507	1
42.63349726775956	8948	1
42.64513661202186	9999	1
42.665956284153005	9402	1
42.67841530054645	5202	1
42.705245901639344	7407	1
42.71562841530055	2132	1
42.72191256830601	8523	1
42.729125683060104	5644	1
42.73661202185792	4791	1
42.76857923497268	8393	1
42.775628415300545	651	1
42.777486338797814	967	1
42.78431693989071	4171	1
42.81497267759563	475	1
42.81967213114754	7759	1
42.829562841530056	576	1
42.879289617486336	3672	1
42.887595628415305	6729	1
42.89868852459016	3657	1
42.92672131147541	3240	1
42.929508196721315	1456	1
42.97185792349727	4697	1
42.99628415300546	1769	1
43.00185792349726	2451	1
43.01639344262295	6235	1
43.01934426229508	5859	1
43.02005464480874	9561	1
43.02437158469945	6301	1
43.03956284153005	9218	1
43.05306010928962	7511	1
43.06289617486339	2702	1
43.082896174863386	6779	1
43.092568306010925	9574	1
43.1051912568306	7150	1
43.11158469945355	6831	1
43.1172131147541	1250	1
43.13606557377049	1620	1
43.144207650273216	3893	1
43.144590163934424	4079	1
43.1520218579235	5336	1
43.158961748633885	5793	1
43.161475409836065	7939	1
43.20114754098361	2569	1
43.20464480874317	8730	1
43.22218579234973	9848	1
43.23491803278689	2170	1
43.235573770491804	4314	1
43.23825136612022	884	1
43.263661202185794	3341	1
43.29901639344262	8500	1
43.334644808743164	6140	1
43.34103825136612	5300	1
43.35142076502732	7280	1
43.35475409836065	4611	1
43.3603825136612	2327	1
43.361639344262294	9277	1
43.36327868852459	2629	1
43.368852459016395	8066	1
43.38513661202186	2162	1
43.395519125683066	9459	1
43.41185792349727	1547	1
43.426065573770494	9195	1
43.4379781420765	5587	1
43.47158469945355	4200	1
43.48049180327869	7820	1
43.48229508196721	5655	1
43.529398907103825	5200	1
43.531967213114754	3286	1
43.53404371584699	7275	1
43.54311475409836	8748	1
43.55229508196721	8742	1
43.57972677595628	284	1
43.59262295081967	3761	1
43.60524590163934	3115	1
43.60699453551913	81	1
43.6155737704918	6689	1
43.63579234972677	3322	1
43.66546448087432	292	1
43.66704918032787	8725	1
43.67016393442623	5608	1
43.69918032786885	8633	1
43.700437158469946	2411	1
43.71382513661202	2952	1
43.750601092896176	4754	1
43.758415300546446	8688	1
43.75945355191257	854	1
43.76049180327869	8377	1
43.7687431693989	349	1
43.77016393442623	1774	1
43.79207650273224	3834	1
43.792841530054645	2313	1
43.79371584699454	8299	1
43.801475409836065	9996	1
43.80338797814208	4246	1
43.809672131147536	3988	1
43.82191256830601	5225	1
43.84032786885246	1173	1
43.85005464480874	5474	1
43.87010928961749	5850	1
43.871366120218575	1744	1
43.87885245901639	3683	1
43.88098360655738	7793	1
43.88273224043716	9715	1
43.89475409836065	4778	1
43.90016393442623	4211	1
43.908087431693986	6814	1
43.91622950819672	6850	1
43.9179781420765	4786	1
43.97431693989071	6549	1
43.99502732240437	8296	1
44.017704918032784	1564	1
44.018852459016394	3856	1
44.02590163934426	4055	1
44.03617486338798	7742	1
44.03672131147541	493	1
44.04	1953	1
44.08191256830601	8000	1
44.09054644808743	2579	1
44.0924043715847	3328	1
44.09459016393443	7723	1
44.09754098360656	4790	1
44.13344262295082	8078	1
44.146557377049184	1419	1
44.1468306010929	1305	1
44.15049180327869	2165	1
44.20994535519125	9861	1
44.21918032786885	706	1
44.222404371584695	5711	1
44.22540983606557	8915	1
44.238142076502726	9723	1
44.241857923497264	6543	1
44.247158469945354	9609	1
44.24765027322404	5414	1
44.25191256830601	5211	1
44.27426229508196	2871	1
44.289453551912565	2612	1
44.295355191256824	333	1
44.329945355191256	5749	1
44.35661202185792	4450	1
44.360491803278684	7029	1
44.36677595628416	6184	1
44.37786885245902	340	1
44.382349726775956	6218	1
44.38508196721311	8591	1
44.38803278688525	2841	1
44.394590163934424	6266	1
44.40415300546448	1627	1
44.42131147540984	3472	1
44.4348087431694	4666	1
44.44010928961749	1487	1
44.442513661202184	9568	1
44.4648087431694	892	1
44.4812568306011	5389	1
44.48131147540983	522	1
44.49295081967213	1866	1
44.49568306010929	7654	1
44.513333333333335	3100	1
44.53508196721311	1987	1
44.53732240437159	7481	1
44.53737704918033	6522	1
44.5396174863388	133	1
44.55054644808743	7864	1
44.56016393442623	9092	1
44.59136612021858	8848	1
44.59579234972677	4798	1
44.59923497267759	1307	1
44.642732240437155	3886	1
44.64300546448087	1337	1
44.64830601092896	8990	1
44.68360655737705	9103	1
44.70049180327869	441	1
44.71125683060109	5176	1
44.7172131147541	1517	1
44.7387431693989	961	1
44.74251366120219	6909	1
44.74273224043716	7482	1
44.764316939890705	8889	1
44.76939890710383	7197	1
44.77021857923497	6274	1
44.78289617486339	4569	1
44.789508196721314	2922	1
44.79404371584699	6244	1
44.79415300546448	4355	1
44.79622950819672	4492	1
44.81748633879781	1141	1
44.82229508196721	1874	1
44.82415300546448	4317	1
44.83010928961749	3534	1
44.84612021857924	3416	1
44.86377049180328	3445	1
44.88327868852459	8335	1
44.90120218579235	4333	1
44.90950819672131	3652	1
44.92770491803279	2959	1
44.938743169398904	8091	1
44.942240437158475	9391	1
44.9472131147541	4738	1
44.95792349726776	1106	1
44.96136612021858	1984	1
44.96967213114755	3653	1
44.990765027322404	6512	1
45.03710382513661	2523	1
45.04229508196721	7883	1
45.05311475409836	4657	1
45.05551912568306	5822	1
45.05644808743169	9462	1
45.06229508196721	209	1
45.063825136612024	1909	1
45.08185792349727	5085	1
45.09158469945355	4826	1
45.0972131147541	2571	1
45.10661202185792	6196	1
45.11027322404371	6518	1
45.1111475409836	3872	1
45.111748633879785	6295	1
45.13010928961749	7748	1
45.13071038251366	4883	1
45.14715846994536	7792	1
45.154371584699454	3590	1
45.15562841530054	9959	1
45.158907103825136	6646	1
45.162568306010925	9558	1
45.18125683060109	2683	1
45.2083606557377	7053	1
45.23021857923497	7655	1
45.23688524590164	6460	1
45.24781420765027	4401	1
45.254644808743166	4026	1
45.26125683060109	7622	1
45.26153005464481	648	1
45.2679781420765	526	1
45.29382513661202	7134	1
45.296994535519126	7907	1
45.30579234972677	1323	1
45.3083606557377	2443	1
45.32633879781421	3325	1
45.34540983606558	146	1
45.35103825136611	6613	1
45.352021857923496	438	1
45.357267759562845	1066	1
45.37158469945356	8359	1
45.37546448087432	9627	1
45.390054644808735	9345	1
45.39770491803278	5040	1
45.403661202185795	6682	1
45.40491803278688	569	1
45.4083606557377	1895	1
45.420819672131145	2208	1
45.44185792349727	2316	1
45.457267759562846	2119	1
45.46469945355191	291	1
45.48081967213115	6106	1
45.48131147540983	8087	1
45.4927868852459	1273	1
45.541311475409834	7829	1
45.56174863387978	3200	1
45.57382513661202	9429	1
45.58426229508196	1619	1
45.59016393442623	3525	1
45.597158469945356	1393	1
45.59726775956284	4496	1
45.60568306010929	1763	1
45.6148087431694	8923	1
45.62994535519126	9687	1
45.63251366120218	9120	1
45.63781420765027	8488	1
45.64180327868853	6574	1
45.64704918032787	4543	1
45.648415300546446	8364	1
45.649180327868855	9719	1
45.66229508196721	9249	1
45.66475409836065	208	1
45.66573770491803	9602	1
45.668907103825134	8314	1
45.69885245901639	4508	1
45.7020218579235	1892	1
45.71841530054645	1634	1
45.74819672131147	5661	1
45.765464480874314	1860	1
45.77770491803279	5663	1
45.77841530054645	3036	1
45.77885245901639	3869	1
45.787978142076504	4776	1
45.795081967213115	7058	1
45.79633879781421	7814	1
45.800054644808746	8265	1
45.803825136612026	6210	1
45.808579234972676	4398	1
45.81136612021858	7277	1
45.817868852459014	2699	1
45.82672131147541	9405	1
45.84016393442623	3684	1
45.86923497267759	2739	1
45.90945355191257	418	1
45.92032786885246	7169	1
45.92360655737705	4880	1
45.9275956284153	471	1
45.93748633879782	2148	1
45.939890710382514	4419	1
45.95464480874317	1883	1
45.95890710382513	9150	1
45.97431693989071	3482	1
46.015573770491805	7952	1
46.034316939890715	4400	1
46.052786885245894	6473	1
46.076174863387976	7194	1
46.07896174863388	6046	1
46.08234972677595	7641	1
46.12398907103825	5740	1
46.133442622950824	7911	1
46.14825136612022	6337	1
46.17672131147541	5600	1
46.18273224043716	5684	1
46.186994535519126	6038	1
46.19459016393443	9605	1
46.215737704918034	6621	1
46.24994535519126	6499	1
46.25868852459016	7746	1
46.259836065573765	2377	1
46.268196721311476	9127	1
46.27251366120218	7586	1
46.273387978142075	2572	1
46.279836065573775	5101	1
46.28109289617486	9484	1
46.28469945355191	3660	1
46.284918032786884	4897	1
46.28863387978142	8293	1
46.2892349726776	9398	1
46.32639344262295	5602	1
46.33087431693989	3082	1
46.36371584699453	8887	1
46.36398907103825	9404	1
46.37792349726776	5359	1
46.38207650273224	2244	1
46.385737704918036	3471	1
46.389344262295076	3645	1
46.402786885245895	8813	1
46.4031693989071	9348	1
46.419016393442625	6969	1
46.41907103825137	8338	1
46.426939890710386	732	1
46.44568306010929	6021	1
46.44825136612022	2525	1
46.47344262295081	8832	1
46.48868852459017	3842	1
46.4992349726776	9476	1
46.52245901639345	8619	1
46.52579234972678	8665	1
46.52896174863388	672	1
46.52989071038251	3852	1
46.53710382513661	139	1
46.53983606557377	2975	1
46.555573770491804	6910	1
46.559289617486336	1445	1
46.56781420765027	7519	1
46.57475409836065	7532	1
46.60103825136612	9636	1
46.61830601092896	4426	1
46.62508196721311	7034	1
46.63016393442623	3964	1
46.640601092896176	692	1
46.660382513661204	7988	1
46.66732240437158	6698	1
46.686939890710384	9614	1
46.694153005464486	3506	1
46.705737704918036	8758	1
46.71770491803279	2240	1
46.759125683060105	5868	1
46.77546448087431	3196	1
46.784918032786884	4904	1
46.788743169398906	7649	1
46.792021857923494	8674	1
46.7983606557377	3074	1
46.80060109289617	1643	1
46.80918032786885	8378	1
46.83502732240437	5424	1
46.84142076502732	3351	1
46.85584699453552	7420	1
46.85732240437159	2391	1
46.865519125683065	4460	1
46.890546448087434	6264	1
46.91535519125683	3579	1
46.915956284153005	1058	1
46.92688524590164	179	1
46.939562841530055	2770	1
46.95289617486338	9176	1
46.956448087431696	9256	1
46.95956284153005	753	1
46.96076502732241	4155	1
46.961639344262295	2821	1
46.98726775956284	7288	1
46.9992349726776	7254	1
47.00868852459016	3615	1
47.009562841530055	5420	1
47.0748087431694	1607	1
47.074972677595625	6678	1
47.08786885245902	9866	1
47.09699453551912	9072	1
47.11043715846994	8195	1
47.118032786885244	3567	1
47.162185792349725	6915	1
47.16229508196721	4409	1
47.170928961748636	5113	1
47.176448087431694	9576	1
47.205300546448086	9713	1
47.207158469945355	2983	1
47.22409836065574	4552	1
47.2375956284153	8353	1
47.244098360655734	9164	1
47.25486338797814	6858	1
47.26825136612022	297	1
47.27464480874317	71	1
47.275355191256835	5285	1
47.31770491803279	4230	1
47.321639344262294	8902	1
47.32311475409836	8170	1
47.33415300546448	6881	1
47.36120218579235	16	1
47.36530054644809	85	1
47.3827868852459	4208	1
47.38546448087431	9297	1
47.389726775956284	915	1
47.40153005464481	7650	1
47.41699453551913	6556	1
47.417158469945356	4573	1
47.419999999999995	9143	1
47.42781420765028	903	1
47.430109289617484	3601	1
47.43043715846995	7437	1
47.432404371584695	9645	1
47.44191256830601	5699	1
47.45846994535519	4673	1
47.46404371584699	6286	1
47.46868852459016	9781	1
47.480000000000004	7364	1
47.49803278688524	4664	1
47.51426229508197	3294	1
47.515901639344264	7086	1
47.516666666666666	869	1
47.518415300546444	3689	1
47.52098360655737	6324	1
47.56748633879781	8116	1
47.590327868852455	8097	1
47.59289617486339	9652	1
47.592950819672126	7537	1
47.604699453551916	6661	1
47.613934426229505	9693	1
47.62606557377049	1559	1
47.64551912568306	2802	1
47.66939890710382	1148	1
47.67622950819673	4948	1
47.69273224043716	5771	1
47.72338797814208	9360	1
47.72775956284153	1095	1
47.76803278688524	5554	1
47.77398907103825	9651	1
47.79420765027322	2211	1
47.8124043715847	5846	1
47.83311475409836	5752	1
47.8363387978142	9581	1
47.86830601092896	9193	1
47.87945355191257	1081	1
47.88426229508197	6340	1
47.886830601092896	9783	1
47.88825136612022	4043	1
47.895027322404374	7476	1
47.89633879781421	6964	1
47.90945355191256	4382	1
47.93677595628416	9070	1
47.94606557377049	8113	1
47.94715846994535	841	1
47.94732240437158	6834	1
47.949617486338795	4288	1
47.95092896174863	560	1
47.96262295081967	8380	1
47.96590163934426	3532	1
47.97300546448087	88	1
47.98469945355191	5633	1
47.987103825136614	6496	1
47.99431693989071	5005	1
48.015573770491805	7903	1
48.02087431693989	7776	1
48.040601092896175	815	1
48.056721311475414	8081	1
48.07032786885246	8284	1
48.07213114754098	8028	1
48.07224043715847	4681	1
48.07868852459017	7095	1
48.10087431693989	8208	1
48.10579234972678	8387	1
48.11081967213115	8729	1
48.12693989071038	7670	1
48.133497267759566	2001	1
48.13841530054645	3034	1
48.15513661202186	5769	1
48.16524590163934	5821	1
48.16590163934426	2921	1
48.16950819672131	425	1
48.18524590163934	1696	1
48.18568306010929	1852	1
48.21453551912568	40	1
48.22404371584699	2604	1
48.22415300546448	5250	1
48.232513661202184	4875	1
48.236338797814206	5368	1
48.240382513661196	4717	1
48.24628415300546	8938	1
48.25715846994536	5446	1
48.258415300546446	8710	1
48.260273224043715	5165	1
48.273770491803276	7484	1
48.28825136612022	1904	1
48.29710382513661	9909	1
48.30114754098361	5891	1
48.30273224043716	4755	1
48.306010928961754	7510	1
48.306994535519124	9315	1
48.30846994535519	5433	1
48.30868852459016	3725	1
48.30972677595628	9040	1
48.309999999999995	1339	1
48.32601092896175	9287	1
48.34661202185793	5222	1
48.35103825136612	5754	1
48.35513661202185	5830	1
48.358251366120214	3996	1
48.37934426229508	1575	1
48.384098360655734	6701	1
48.394644808743166	9207	1
48.39666666666667	9773	1
48.40814207650273	9554	1
48.43464480874317	7444	1
48.43890710382514	4351	1
48.44098360655738	4122	1
48.44901639344262	4929	1
48.46180327868853	3171	1
48.472021857923494	2893	1
48.481420765027316	4429	1
48.482568306010926	6788	1
48.5067213114754	7624	1
48.507267759562836	976	1
48.54901639344262	8219	1
48.554754098360654	5799	1
48.56360655737705	2473	1
48.584426229508196	6530	1
48.58639344262295	5529	1
48.59360655737705	760	1
48.59770491803278	4530	1
48.604590163934425	1408	1
48.60508196721312	6089	1
48.62781420765027	1813	1
48.6355737704918	164	1
48.648852459016396	6662	1
48.64928961748634	8111	1
48.65256830601093	4732	1
48.655136612021856	2763	1
48.65901639344262	1663	1
48.673387978142074	7208	1
48.699726775956286	1438	1
48.71213114754099	273	1
48.721311475409834	9541	1
48.7303825136612	8726	1
48.73420765027323	2110	1
48.73551912568306	9921	1
48.739836065573776	8128	1
48.75967213114754	2852	1
48.79459016393442	3681	1
48.812349726775956	282	1
48.81874316939891	6054	1
48.82196721311475	2282	1
48.82830601092896	3898	1
48.834371584699454	4564	1
48.84120218579235	2949	1
48.84655737704918	4942	1
48.85748633879781	8173	1
48.869562841530055	3518	1
48.87825136612022	4014	1
48.88229508196721	7791	1
48.88311475409836	5301	1
48.88377049180328	256	1
48.890819672131144	4539	1
48.89120218579235	7953	1
48.89453551912568	61	1
48.896885245901636	2904	1
48.89928961748634	3799	1
48.90688524590164	3476	1
48.907322404371584	6152	1
48.92109289617486	4829	1
48.925628415300544	4395	1
48.940000000000005	1191	1
48.9724043715847	2585	1
48.99360655737705	3812	1
48.994043715847	3323	1
49.01803278688525	3687	1
49.02027322404371	124	1
49.0283606557377	2509	1
49.03300546448087	5421	1
49.035737704918034	3381	1
49.03666666666667	7278	1
49.03950819672131	8151	1
49.068688524590165	9048	1
49.07590163934426	1227	1
49.07868852459016	5406	1
49.08497267759563	4108	1
49.08721311475409	6367	1
49.09207650273224	684	1
49.1	1219	1
49.108743169398906	8560	1
49.11530054644809	4482	1
49.11928961748634	4631	1
49.180218579234975	990	1
49.18639344262295	3327	1
49.19010928961748	7115	1
49.21967213114754	4327	1
49.22721311475409	4001	1
49.2427868852459	356	1
49.24748633879781	9437	1
49.25295081967213	8499	1
49.25459016393443	9506	1
49.2724043715847	9608	1
49.28661202185792	6176	1
49.3211475409836	2618	1
49.33934426229508	7463	1
49.3483606557377	3836	1
49.35098360655738	7037	1
49.35251366120218	5578	1
49.35677595628415	2695	1
49.366502732240434	7202	1
49.380710382513655	2570	1
49.38229508196721	1518	1
49.38661202185792	9066	1
49.392786885245904	3333	1
49.39710382513661	686	1
49.40098360655738	3746	1
49.41426229508196	9954	1
49.4164480874317	6190	1
49.427267759562845	6620	1
49.43	2229	1
49.43491803278688	4013	1
49.45109289617486	4020	1
49.45612021857923	2161	1
49.45819672131148	1082	1
49.46491803278688	9966	1
49.46814207650273	1471	1
49.474699453551914	1513	1
49.479234972677595	7568	1
49.49650273224044	1222	1
49.51983606557377	8944	1
49.55109289617486	9299	1
49.5672131147541	283	1
49.58677595628415	6112	1
49.58792349726776	2881	1
49.58901639344263	7966	1
49.5948087431694	8609	1
49.59808743169399	9166	1
49.59874316939891	3120	1
49.60174863387978	997	1
49.61169398907104	8275	1
49.61218579234973	3434	1
49.62896174863388	2589	1
49.63393442622951	2043	1
49.64601092896174	6686	1
49.6503825136612	2751	1
49.651366120218576	6710	1
49.661475409836065	3432	1
49.66732240437159	5279	1
49.67852459016393	6950	1
49.70027322404372	9116	1
49.700765027322404	7960	1
49.71016393442623	1359	1
49.712021857923496	8524	1
49.71989071038251	5987	1
49.733606557377044	4749	1
49.73546448087431	489	1
49.73885245901639	823	1
49.74628415300546	246	1
49.747923497267756	324	1
49.75032786885246	6802	1
49.75918032786885	331	1
49.773715846994534	9970	1
49.773770491803276	221	1
49.7772131147541	5130	1
49.80573770491803	7977	1
49.826830601092894	7637	1
49.829180327868855	4977	1
49.83404371584699	2978	1
49.8375956284153	2460	1
49.83770491803279	6480	1
49.8424043715847	5488	1
49.8724043715847	7320	1
49.885300546448086	5780	1
49.89939890710383	2150	1
49.90765027322404	9385	1
49.92524590163934	4252	1
49.9427868852459	7607	1
49.94568306010929	6797	1
49.94688524590164	6856	1
49.948797814207644	7491	1
49.97071038251366	6404	1
49.97306010928961	2233	1
49.97606557377049	3491	1
49.98732240437158	4825	1
49.99956284153006	894	1
50.00732240437158	7199	1
50.02021857923497	899	1
50.024863387978144	5450	1
50.03819672131147	1959	1
50.05464480874317	5048	1
50.077322404371586	5714	1
50.08202185792349	8778	1
50.0883606557377	6874	1
50.096010928961746	480	1
50.10896174863388	8408	1
50.122896174863385	9305	1
50.12868852459016	6008	1
50.16551912568306	5207	1
50.16825136612022	9855	1
50.18715846994535	6893	1
50.19010928961748	711	1
50.19508196721311	8243	1
50.20185792349727	7324	1
50.21267759562841	6027	1
50.213169398907105	4209	1
50.22409836065573	8557	1
50.24032786885246	6403	1
50.25327868852459	6995	1
50.253934426229506	1036	1
50.26010928961749	6677	1
50.26491803278689	996	1
50.30639344262295	804	1
50.33387978142076	9784	1
50.35628415300546	1855	1
50.35825136612022	1599	1
50.38934426229508	8921	1
50.405846994535516	9234	1
50.43393442622951	3587	1
50.49092896174864	1843	1
50.492568306010924	6421	1
50.509672131147546	8210	1
50.53109289617486	9110	1
50.53224043715847	2987	1
50.54404371584699	3921	1
50.55060109289617	2729	1
50.557103825136615	6156	1
50.58054644808743	2285	1
50.600874316939894	5194	1
50.60103825136612	373	1
50.60453551912568	9270	1
50.60956284153006	2990	1
50.61612021857923	1240	1
50.61939890710382	3103	1
50.62185792349727	8470	1
50.62415300546448	7536	1
50.62972677595628	7880	1
50.63486338797814	960	1
50.63540983606558	3409	1
50.636338797814204	5856	1
50.646830601092894	82	1
50.66612021857923	9491	1
50.67131147540984	5260	1
50.68590163934426	3721	1
50.70666666666667	6420	1
50.70743169398907	9657	1
50.72431693989071	6434	1
50.727377049180326	4799	1
50.73420765027322	1475	1
50.74207650273224	3934	1
50.74846994535519	6659	1
50.75775956284153	1846	1
50.759234972677596	7028	1
50.76273224043716	6119	1
50.77153005464481	9117	1
50.77338797814208	2958	1
50.778633879781424	4197	1
50.79693989071038	8245	1
50.82557377049181	1936	1
50.832841530054644	5916	1
50.845355191256836	9414	1
50.85579234972678	1989	1
50.86295081967213	2079	1
50.867759562841535	9310	1
50.868087431693986	4407	1
50.86879781420765	5867	1
50.89289617486338	6889	1
50.8963387978142	3714	1
50.90311475409836	6103	1
50.921202185792346	1312	1
50.9403825136612	5262	1
50.94043715846994	9927	1
50.94562841530054	305	1
50.966120218579235	7517	1
50.98349726775956	473	1
50.98448087431694	7469	1
50.99049180327869	9505	1
51.00781420765028	4557	1
51.01912568306011	8297	1
51.04267759562841	5353	1
51.05081967213115	9775	1
51.051092896174865	5168	1
51.053333333333335	3359	1
51.06071038251366	1616	1
51.10136612021858	5681	1
51.10382513661202	2553	1
51.10748633879781	4305	1
51.10918032786885	9596	1
51.133825136612025	6833	1
51.13989071038252	4878	1
51.15448087431694	5016	1
51.16071038251366	5320	1
51.188415300546446	6030	1
51.19928961748634	3211	1
51.275245901639344	4634	1
51.30803278688524	6065	1
51.32043715846994	5143	1
51.345191256830596	4894	1
51.371420765027324	4300	1
51.37693989071038	7694	1
51.37945355191256	6894	1
51.38535519125683	4500	1
51.38672131147541	816	1
51.403333333333336	62	1
51.41234972677596	8784	1
51.430874316939885	8234	1
51.43125683060109	5267	1
51.46092896174863	277	1
51.46262295081967	7434	1
51.4724043715847	2966	1
51.47486338797815	2963	1
51.54677595628415	7441	1
51.55366120218579	9908	1
51.55765027322405	1	1
51.55956284153005	3054	1
51.564535519125684	8342	1
51.567158469945355	5341	1
51.568633879781416	374	1
51.57087431693989	9863	1
51.57415300546448	8161	1
51.574972677595625	1768	1
51.57890710382514	9612	1
51.59322404371585	6631	1
51.604207650273224	8239	1
51.60475409836065	496	1
51.606775956284146	4999	1
51.607158469945354	7959	1
51.61409836065574	7704	1
51.616994535519126	4283	1
51.629234972677594	5942	1
51.63781420765027	3951	1
51.6396174863388	7477	1
51.64065573770492	8402	1
51.64262295081968	1234	1
51.6444262295082	9619	1
51.64644808743169	6704	1
51.651748633879784	7066	1
51.6555737704918	9087	1
51.675683060109286	3870	1
51.67699453551912	1290	1
51.68245901639344	4528	1
51.6844262295082	391	1
51.68502732240437	7022	1
51.68825136612022	6269	1
51.69010928961748	4962	1
51.6916393442623	4406	1
51.70475409836065	342	1
51.70879781420765	9239	1
51.709781420765026	7849	1
51.71726775956284	6825	1
51.72071038251366	6720	1
51.72087431693989	5269	1
51.72196721311476	9182	1
51.7248087431694	1047	1
51.7372131147541	548	1
51.75213114754098	1246	1
51.752404371584696	5682	1
51.75420765027322	2474	1
51.769289617486336	4411	1
51.780054644808736	2610	1
51.78737704918033	2345	1
51.79185792349727	9904	1
51.81377049180328	9769	1
51.81808743169399	3722	1
51.820163934426226	8206	1
51.82098360655738	231	1
51.82546448087432	7665	1
51.83497267759563	865	1
51.83584699453552	2264	1
51.83704918032787	260	1
51.848196721311474	7869	1
51.8588524590164	1262	1
51.8603825136612	1349	1
51.873005464480876	936	1
51.8735519125683	2912	1
51.87672131147541	1294	1
51.87786885245901	7601	1
51.8831693989071	8934	1
51.89595628415301	9686	1
51.89956284153005	5337	1
51.90426229508196	6019	1
51.912677595628416	7998	1
51.91415300546448	8136	1
51.91469945355191	2661	1
51.91633879781421	1097	1
51.91732240437158	9013	1
51.92300546448087	3017	1
51.928251366120215	78	1
51.93065573770492	2804	1
51.93267759562842	6260	1
51.95092896174863	382	1
51.95497267759563	8317	1
51.959398907103825	1828	1
51.96792349726776	8849	1
51.97901639344262	4860	1
51.981092896174864	5715	1
51.98683060109289	8354	1
51.992677595628415	5900	1
52.00415300546448	6051	1
52.00590163934426	4992	1
52.00666666666667	7531	1
52.01661202185792	3967	1
52.038469945355196	1536	1
52.04	1963	1
52.04502732240437	5233	1
52.04644808743169	1787	1
52.047431693989076	6383	1
52.05169398907103	4803	1
52.05382513661202	4988	1
52.05770491803279	258	1
52.05792349726776	9522	1
52.062732240437164	6961	1
52.06393442622951	8167	1
52.07174863387978	6345	1
52.07726775956284	2002	1
52.0807650273224	2870	1
52.08300546448088	8607	1
52.08885245901639	1292	1
52.09060109289617	7917	1
52.09180327868852	6390	1
52.10387978142076	7934	1
52.10404371584699	5410	1
52.11109289617486	7931	1
52.11781420765028	8820	1
52.12245901639344	9306	1
52.12704918032787	1574	1
52.13289617486338	7729	1
52.13841530054645	4405	1
52.14890710382514	7237	1
52.164043715846994	7065	1
52.16693989071038	6604	1
52.17551912568306	1089	1
52.17639344262295	3636	1
52.19114754098361	1713	1
52.1931693989071	7562	1
52.199234972677594	2861	1
52.20060109289618	7263	1
52.20513661202186	4793	1
52.21207650273224	4979	1
52.212349726775955	2833	1
52.21300546448087	2252	1
52.227595628415294	6758	1
52.23196721311476	9868	1
52.23306010928962	3197	1
52.23311475409836	4331	1
52.23688524590164	6261	1
52.24934426229508	8642	1
52.25349726775956	728	1
52.25628415300547	2786	1
52.258360655737704	3552	1
52.2792349726776	5893	1
52.28622950819672	9985	1
52.30885245901639	123	1
52.32	2359	1
52.323114754098356	8031	1
52.34131147540983	719	1
52.34540983606558	4963	1
52.35306010928962	8201	1
52.356065573770486	6790	1
52.36491803278689	6810	1
52.36562841530055	486	1
52.36568306010929	8698	1
52.369234972677596	8802	1
52.37284153005465	7286	1
52.38617486338798	230	1
52.39551912568306	434	1
52.405355191256824	3188	1
52.42109289617486	5940	1
52.42404371584699	7205	1
52.43267759562842	1395	1
52.44715846994536	2948	1
52.464590163934425	3439	1
52.478415300546445	9264	1
52.481038251366115	1659	1
52.481475409836065	5963	1
52.48360655737705	9586	1
52.485628415300546	5089	1
52.485628415300546	1086	1
52.489398907103826	2615	1
52.491967213114755	4876	1
52.495409836065576	9262	1
52.50256830601093	1195	1
52.506065573770485	4129	1
52.51142076502732	8912	1
52.51415300546448	6761	1
52.52120218579235	5836	1
52.525737704918036	4973	1
52.5272131147541	4515	1
52.527486338797814	9252	1
52.53879781420765	3385	1
52.54415300546448	4037	1
52.553715846994535	7190	1
52.56590163934426	7242	1
52.56989071038251	6674	1
52.578743169398905	1008	1
52.581748633879776	946	1
52.58726775956284	9042	1
52.587322404371584	5259	1
52.59497267759563	8413	1
52.61377049180328	1529	1
52.61978142076502	6293	1
52.62743169398907	3259	1
52.63344262295082	9840	1
52.63437158469945	6068	1
52.63852459016393	9701	1
52.641912568306005	7751	1
52.64289617486339	621	1
52.643060109289614	9335	1
52.64486338797814	5724	1
52.645792349726776	3913	1
52.64775956284153	2212	1
52.64781420765027	8209	1
52.6527868852459	2741	1
52.6548087431694	7129	1
52.660054644808746	505	1
52.661147540983606	7362	1
52.66617486338797	1318	1
52.66994535519125	4220	1
52.6748087431694	3437	1
52.67967213114754	1448	1
52.68978142076503	2550	1
52.69185792349727	1907	1
52.70491803278688	2521	1
52.705191256830595	394	1
52.70546448087431	8202	1
52.7088524590164	2551	1
52.71398907103825	5004	1
52.71551912568306	4231	1
52.72819672131148	6139	1
52.73311475409837	8248	1
52.73338797814207	4018	1
52.741639344262296	2179	1
52.744480874316935	2078	1
52.75311475409836	6596	1
52.75808743169399	5054	1
52.76120218579235	5065	1
52.76153005464481	9856	1
52.764316939890705	7297	1
52.76530054644808	1742	1
52.76765027322405	1878	1
52.76786885245902	3600	1
52.768142076502734	1592	1
52.77081967213115	5174	1
52.7755737704918	9903	1
52.83147540983607	5482	1
52.83344262295082	4210	1
52.83633879781421	9124	1
52.84508196721311	4322	1
52.84606557377049	3199	1
52.84672131147541	2859	1
52.85595628415301	4253	1
52.86224043715847	1142	1
52.872513661202184	6304	1
52.88005464480874	152	1
52.881584699453555	791	1
52.88322404371584	6436	1
52.894590163934424	9157	1
52.908797814207645	9533	1
52.90939890710382	9734	1
52.91486338797814	9820	1
52.91950819672131	5683	1
52.930983606557376	7827	1
52.93617486338798	4903	1
52.9407650273224	8073	1
52.957158469945355	2146	1
52.97650273224044	5745	1
52.982950819672126	3759	1
52.9896174863388	4684	1
52.99213114754098	5318	1
52.99338797814208	6422	1
52.996775956284154	3901	1
52.99967213114754	2225	1
53.00153005464481	5212	1
53.02284153005464	8254	1
53.03513661202185	3732	1
53.03704918032787	9720	1
53.04530054644809	4688	1
53.04672131147541	2686	1
53.058524590163934	7683	1
53.06027322404371	9445	1
53.06879781420765	5838	1
53.096338797814205	7738	1
53.108743169398906	8735	1
53.11109289617486	2700	1
53.1163387978142	5676	1
53.12934426229508	7810	1
53.13163934426229	641	1
53.136448087431695	8881	1
53.15956284153005	814	1
53.161092896174864	7118	1
53.178360655737706	2737	1
53.20054644808743	6743	1
53.201857923497265	3818	1
53.20387978142076	6891	1
53.208306010928965	3942	1
53.215792349726776	3194	1
53.21595628415301	5295	1
53.231038251366115	7822	1
53.23885245901639	3346	1
53.24579234972677	8218	1
53.25338797814208	1454	1
53.258032786885245	4873	1
53.26016393442623	6158	1
53.26803278688524	7919	1
53.27087431693989	7126	1
53.2720218579235	2669	1
53.27535519125683	2115	1
53.27989071038251	4413	1
53.287213114754095	7240	1
53.31027322404371	6535	1
53.311857923497264	3045	1
53.313387978142075	8490	1
53.34732240437159	6828	1
53.359398907103824	9170	1
53.36300546448087	9885	1
53.37655737704918	5983	1
53.382240437158465	3189	1
53.38387978142077	2639	1
53.388360655737706	325	1
53.39945355191257	2092	1
53.40153005464481	7920	1
53.4075956284153	824	1
53.414918032786886	2262	1
53.421639344262296	1941	1
53.42590163934427	7465	1
53.42956284153006	4866	1
53.43125683060109	1527	1
53.43868852459016	5935	1
53.44967213114754	4133	1
53.45464480874317	6122	1
53.46207650273224	2370	1
53.46513661202186	3078	1
53.46879781420765	8530	1
53.47726775956284	1631	1
53.480710382513664	7103	1
53.50005464480874	1705	1
53.5227868852459	6229	1
53.53109289617486	4254	1
53.53191256830601	9709	1
53.53852459016393	9595	1
53.57065573770492	690	1
53.59327868852459	6506	1
53.611639344262294	1877	1
53.623333333333335	695	1
53.62530054644808	3192	1
53.62612021857923	8875	1
53.62688524590163	3997	1
53.63010928961749	4665	1
53.63060109289617	8799	1
53.6327868852459	9566	1
53.633060109289616	4434	1
53.63371584699454	2479	1
53.64786885245902	5539	1
53.64874316939891	9353	1
53.6511475409836	1726	1
53.67	6607	1
53.67393442622951	5310	1
53.68535519125683	8474	1
53.700819672131146	2854	1
53.70409836065574	4483	1
53.70781420765027	2638	1
53.71475409836065	533	1
53.719781420765024	239	1
53.72153005464481	3110	1
53.74027322404371	1301	1
53.74153005464481	992	1
53.7427868852459	299	1
53.74404371584699	280	1
53.74480874316939	5747	1
53.75710382513661	8171	1
53.76650273224043	9031	1
53.771584699453555	1798	1
53.7751912568306	6317	1
53.7755737704918	2522	1
53.78196721311475	7870	1
53.78213114754099	7128	1
53.787595628415296	8978	1
53.79196721311475	9399	1
53.796939890710384	5657	1
53.81284153005464	4893	1
53.81442622950819	2410	1
53.828087431693994	2448	1
53.8315300546448	4730	1
53.8320218579235	5588	1
53.84169398907104	1212	1
53.84639344262295	6776	1
53.87049180327869	611	1
53.875245901639346	5860	1
53.88961748633879	490	1
53.89295081967214	5532	1
53.898032786885246	5912	1
53.90672131147541	6991	1
53.9127868852459	3007	1
53.918688524590166	4021	1
53.925355191256834	8556	1
53.934262295081965	3279	1
53.93743169398907	8469	1
53.94459016393443	6169	1
53.95213114754098	554	1
53.955628415300545	6246	1
53.95661202185792	4397	1
53.96251366120219	759	1
53.9631693989071	6243	1
53.97229508196722	6023	1
53.97349726775956	3474	1
53.975191256830605	4161	1
53.97983606557377	8873	1
53.980765027322406	1451	1
53.98366120218579	9607	1
53.99109289617486	7787	1
53.99579234972678	7390	1
53.99617486338798	5246	1
54.00568306010929	4993	1
54.00633879781421	3412	1
54.01857923497268	3388	1
54.02737704918033	8954	1
54.043551912568304	270	1
54.044754098360656	4095	1
54.06098360655737	4022	1
54.079562841530056	2426	1
54.08814207650273	8920	1
54.10349726775956	1177	1
54.110874316939885	2330	1
54.11464480874317	5027	1
54.12109289617486	9018	1
54.12284153005464	1404	1
54.12661202185792	7133	1
54.13081967213115	8158	1
54.13841530054645	3671	1
54.141639344262295	7651	1
54.14366120218579	8355	1
54.143825136612016	4494	1
54.14540983606557	5163	1
54.14737704918033	2231	1
54.158087431693986	821	1
54.16333333333333	1712	1
54.163715846994535	7283	1
54.165573770491804	1296	1
54.175409836065576	6463	1
54.18180327868852	2234	1
54.18781420765027	6547	1
54.18786885245901	4201	1
54.196666666666665	5373	1
54.20278688524591	5904	1
54.20355191256831	6256	1
54.20918032786885	6252	1
54.21229508196721	2698	1
54.21765027322404	215	1
54.22120218579235	3087	1
54.2263387978142	7645	1
54.228852459016395	5381	1
54.23726775956284	5098	1
54.24748633879781	2934	1
54.270765027322405	212	1
54.275300546448086	8697	1
54.27825136612022	6679	1
54.28628415300546	4991	1
54.29415300546448	1637	1
54.304863387978145	1514	1
54.30814207650273	3480	1
54.32300546448087	4090	1
54.32306010928962	9705	1
54.324972677595625	4366	1
54.33163934426229	4385	1
54.341967213114756	5415	1
54.347486338797815	9148	1
54.36743169398907	7138	1
54.38830601092896	8721	1
54.39393442622951	5572	1
54.39814207650273	402	1
54.41770491803279	3862	1
54.42808743169399	5371	1
54.429836065573774	9575	1
54.436229508196725	1818	1
54.4372131147541	6455	1
54.45540983606558	6185	1
54.47049180327869	8927	1
54.478797814207645	9428	1
54.47907103825136	9972	1
54.48546448087432	9381	1
54.49551912568306	4785	1
54.500546448087434	948	1
54.50945355191257	1441	1
54.514316939890705	9386	1
54.53289617486339	5612	1
54.54786885245901	6029	1
54.54830601092896	9118	1
54.56699453551913	7164	1
54.56934426229508	2839	1
54.585901639344264	9050	1
54.591530054644814	1139	1
54.59398907103825	6796	1
54.594098360655735	7773	1
54.60087431693989	3155	1
54.62060109289617	3999	1
54.621092896174865	9799	1
54.62387978142076	2923	1
54.64289617486339	4427	1
54.65573770491803	5713	1
54.66502732240437	4899	1
54.68032786885246	2872	1
54.6879781420765	9255	1
54.68907103825137	7815	1
54.69016393442623	7313	1
54.70655737704918	58	1
54.736065573770496	5543	1
54.74207650273224	7079	1
54.75245901639344	8876	1
54.760655737704916	1671	1
54.77431693989071	1344	1
54.80054644808743	7874	1
54.80163934426229	1861	1
54.815300546448086	7611	1
54.83387978142077	1260	1
54.85355191256831	9298	1
54.86775956284153	8738	1
54.869945355191255	546	1
54.87540983606557	6510	1
54.87650273224044	2797	1
54.8967213114754	6860	1
54.90163934426229	6505	1
54.92021857923497	7901	1
54.924590163934425	5419	1
54.9464480874317	7868	1
54.950819672131146	5845	1
54.95355191256831	3564	1
54.97923497267759	3275	1
54.99071038251366	3220	1
54.99289617486339	6652	1
54.99508196721311	2808	1
54.99890710382514	6947	1
55.005464480874316	5537	1
55.00928961748634	9717	1
55.01530054644809	1707	1
55.02950819672131	3049	1
55.03442622950819	5159	1
55.04262295081967	1679	1
55.050273224043714	1981	1
55.05792349726776	6257	1
55.068306010928964	406	1
55.08306010928962	2417	1
55.086885245901634	9022	1
55.102732240437156	7893	1
55.114754098360656	6459	1
55.12677595628415	8916	1
55.131147540983605	8229	1
55.15136612021858	9941	1
55.157377049180326	6829	1
55.161748633879775	1383	1
55.166666666666664	7291	1
55.166666666666664	5786	1
55.17431693989071	8468	1
55.18251366120219	1562	1
55.19945355191256	4953	1
55.20327868852459	5431	1
55.203825136612025	3008	1
55.22568306010929	3892	1
55.22786885245902	9082	1
55.229508196721305	4012	1
55.23497267759563	9994	1
55.23551912568306	8047	1
55.23825136612022	2764	1
55.24699453551912	6853	1
55.254644808743166	3013	1
55.26229508196721	8843	1
55.26612021857924	8563	1
55.26612021857924	5761	1
55.29125683060109	8189	1
55.303825136612026	4420	1
55.30710382513661	2788	1
55.309289617486336	1160	1
55.32513661202186	506	1
55.32677595628415	4111	1
55.337704918032784	2822	1
55.33825136612022	6222	1
55.342622950819674	4391	1
55.36010928961748	6711	1
55.36174863387978	8666	1
55.36229508196721	4006	1
55.36612021857923	5518	1
55.37814207650273	345	1
55.38032786885246	9454	1
55.39180327868852	761	1
55.39344262295082	7932	1
55.3967213114754	4212	1
55.401092896174866	501	1
55.405464480874315	8779	1
55.43442622950819	7557	1
55.439890710382514	4063	1
55.47049180327869	8503	1
55.474316939890706	3215	1
55.47540983606557	8430	1
55.47595628415301	3072	1
55.478142076502735	8546	1
55.48633879781421	8329	1
55.51420765027322	6589	1
55.52295081967213	180	1
55.523497267759566	8310	1
55.54644808743169	9132	1
55.546994535519126	4710	1
55.562295081967214	7388	1
55.56666666666666	1680	1
55.57595628415301	6708	1
55.5775956284153	7634	1
55.578142076502736	8152	1
55.59836065573771	66	1
55.6	1446	1
55.60928961748633	223	1
55.61693989071038	693	1
55.62021857923497	2801	1
55.65191256830601	4469	1
55.657377049180326	9279	1
55.65901639344262	4417	1
55.66229508196721	7535	1
55.66502732240437	4175	1
55.66994535519125	796	1
55.68306010928962	2188	1
55.68469945355191	4574	1
55.6863387978142	5693	1
55.702185792349724	3858	1
55.70546448087432	2762	1
55.708196721311474	9560	1
55.718032786885246	4578	1
55.72131147540984	26	1
55.74207650273224	8888	1
55.74863387978142	562	1
55.75573770491803	3753	1
55.774863387978144	610	1
55.784153005464475	8942	1
55.78688524590164	3513	1
55.80601092896175	5581	1
55.81748633879781	4961	1
55.81748633879781	6577	1
55.81803278688525	8191	1
55.827322404371586	8724	1
55.83387978142076	4092	1
55.83989071038251	8910	1
55.849726775956285	1143	1
55.85355191256831	6164	1
55.87322404371585	4168	1
55.877049180327866	909	1
55.88196721311475	528	1
55.88251366120218	1060	1
55.887978142076506	2692	1
55.890163934426226	5894	1
55.89180327868852	7162	1
55.892349726775954	5375	1
55.90437158469945	6791	1
55.90928961748634	7157	1
55.91639344262295	1161	1
55.92021857923497	6189	1
55.924590163934425	3050	1
55.92677595628415	4141	1
55.931693989071036	9192	1
55.94207650273224	1270	1
55.94808743169399	4693	1
55.95027322404371	4443	1
55.95245901639344	5910	1
55.95355191256831	1150	1
55.96448087431694	3053	1
55.96939890710382	4514	1
55.97595628415301	1204	1
55.9775956284153	5731	1
55.998360655737706	6688	1
56.01311475409836	3618	1
56.01530054644809	7025	1
56.01584699453552	2458	1
56.020765027322405	5874	1
56.0224043715847	9187	1
56.0224043715847	7617	1
56.03551912568306	7454	1
56.03715846994535	7267	1
56.03770491803279	2403	1
56.044262295081964	5178	1
56.0448087431694	1331	1
56.05245901639344	9504	1
56.05683060109289	9025	1
56.06065573770492	7696	1
56.06994535519126	1719	1
56.07486338797814	5253	1
56.08306010928962	2097	1
56.095628415300546	5920	1
56.103825136612016	1164	1
56.10874316939891	3583	1
56.11748633879781	970	1
56.12896174863388	9273	1
56.13060109289618	6902	1
56.13497267759563	8783	1
56.13497267759563	5242	1
56.13551912568306	3727	1
56.14207650273224	3349	1
56.144262295081965	6895	1
56.1448087431694	4554	1
56.15081967213115	2548	1
56.17103825136612	2650	1
56.18251366120219	2003	1
56.18852459016394	9100	1
56.19016393442623	780	1
56.2087431693989	9767	1
56.210928961748635	4884	1
56.210928961748635	189	1
56.21147540983606	713	1
56.218032786885246	4084	1
56.221311475409834	1508	1
56.23825136612022	4843	1
56.25191256830601	795	1
56.25300546448088	9826	1
56.256830601092894	4643	1
56.26502732240437	3778	1
56.266666666666666	8871	1
56.269945355191254	7566	1
56.28142076502732	1615	1
56.28469945355191	5261	1
56.2863387978142	4015	1
56.29289617486339	5618	1
56.31256830601093	7603	1
56.315300546448086	5545	1
56.31857923497268	4891	1
56.321311475409836	2461	1
56.32295081967213	541	1
56.327322404371586	2128	1
56.331693989071034	363	1
56.34153005464481	1276	1
56.349726775956285	1249	1
56.35628415300546	9356	1
56.36065573770492	3850	1
56.367213114754094	2994	1
56.37322404371585	6757	1
56.381967213114756	5286	1
56.383060109289616	9380	1
56.38579234972678	9511	1
56.38961748633879	3955	1
56.39617486338798	9860	1
56.401092896174866	7825	1
56.4087431693989	5386	1
56.42295081967213	7652	1
56.4327868852459	5405	1
56.43715846994535	545	1
56.45136612021857	3702	1
56.460109289617485	6552	1
56.461202185792345	9834	1
56.46612021857923	8973	1
56.48087431693989	2108	1
56.48797814207651	9021	1
56.49726775956284	1611	1
56.50437158469945	4908	1
56.51311475409836	8076	1
56.5311475409836	9271	1
56.5311475409836	5204	1
56.542076502732236	4824	1
56.54262295081967	1042	1
56.55081967213115	2868	1
56.56338797814208	9770	1
56.57267759562841	6658	1
56.57978142076502	498	1
56.59071038251366	2101	1
56.59234972677596	4204	1
56.61147540983606	2598	1
56.6224043715847	8419	1
56.624043715846994	5741	1
56.62786885245902	4525	1
56.62841530054645	4922	1
56.63661202185792	452	1
56.66174863387978	1577	1
56.66775956284153	5944	1
56.668306010928966	4172	1
56.67213114754098	6571	1
56.67923497267759	1657	1
56.70546448087432	7074	1
56.721311475409834	9553	1
56.72841530054645	8101	1
56.73606557377049	6483	1
56.741530054644805	5814	1
56.74590163934427	7474	1
56.747540983606555	9291	1
56.75409836065573	7449	1
56.758469945355195	3044	1
56.76010928961749	3537	1
56.7672131147541	1381	1
56.77213114754098	2442	1
56.79672131147541	4847	1
56.80273224043716	9532	1
56.809289617486336	2531	1
56.814207650273225	7687	1
56.815300546448086	5959	1
56.816393442622946	8685	1
56.82950819672131	4325	1
56.83497267759563	9482	1
56.8896174863388	109	1
56.890163934426226	4668	1
56.89071038251366	7111	1
56.89781420765027	5436	1
56.92677595628415	1402	1
56.92786885245902	9815	1
56.928961748633874	6084	1
56.95191256830601	7708	1
56.961202185792345	8399	1
56.96612021857923	846	1
56.97704918032787	5842	1
56.98688524590164	3821	1
56.99016393442623	8947	1
57.00109289617486	4403	1
57.001639344262294	1867	1
57.00601092896174	9851	1
57.00710382513661	8013	1
57.00928961748634	5144	1
57.01584699453552	782	1
57.02021857923497	6101	1
57.03825136612022	56	1
57.0655737704918	6416	1
57.08852459016393	7972	1
57.11857923497267	6866	1
57.130054644808745	3398	1
57.1327868852459	2845	1
57.133333333333326	8227	1
57.14371584699453	771	1
57.15464480874317	927	1
57.166666666666664	2783	1
57.18032786885246	7075	1
57.18251366120219	4725	1
57.19125683060109	1265	1
57.191803278688525	6384	1
57.20382513661202	4964	1
57.215846994535525	6268	1
57.220218579234974	743	1
57.2224043715847	868	1
57.22677595628415	8872	1
57.23661202185792	5629	1
57.240437158469945	639	1
57.240437158469945	5201	1
57.24699453551912	6883	1
57.256830601092894	988	1
57.26065573770492	4025	1
57.272677595628416	5686	1
57.273770491803276	3182	1
57.3	9214	1
57.31256830601093	9665	1
57.336612021857924	7620	1
57.338797814207645	5146	1
57.34754098360656	3255	1
57.352459016393446	8581	1
57.355737704918035	3335	1
57.37377049180328	6914	1
57.374863387978145	8178	1
57.37540983606557	8456	1
57.37650273224043	3989	1
57.38579234972677	4949	1
57.41420765027322	769	1
57.41912568306011	2760	1
57.424590163934425	5921	1
57.42732240437159	6801	1
57.428961748633874	9369	1
57.42950819672131	8340	1
57.44535519125683	6062	1
57.44808743169399	6996	1
57.45628415300546	2018	1
57.46666666666666	1153	1
57.478142076502735	4080	1
57.47978142076503	2113	1
57.49071038251366	900	1
57.494535519125684	6578	1
57.50601092896174	3970	1
57.50983606557377	1570	1
57.517486338797816	2091	1
57.5207650273224	4839	1
57.5311475409836	4982	1
57.53934426229508	9061	1
57.553005464480876	2220	1
57.555191256830604	1405	1
57.5655737704918	6804	1
57.5792349726776	1422	1
57.596721311475406	1709	1
57.60655737704918	4386	1
57.62459016393443	8384	1
57.62568306010928	4550	1
57.63060109289618	5604	1
57.64098360655737	6302	1
57.65081967213114	1144	1
57.6639344262295	1199	1
57.66502732240437	7223	1
57.66885245901639	1493	1
57.66994535519126	2321	1
57.67814207650274	7305	1
57.68142076502732	9616	1
57.685792349726775	9589	1
57.702185792349724	6230	1
57.70437158469945	8452	1
57.706010928961746	5801	1
57.7224043715847	3968	1
57.743169398907106	2706	1
57.756830601092894	2681	1
57.76174863387978	5449	1
57.76448087431694	2213	1
57.77158469945355	1773	1
57.77650273224044	7175	1
57.78415300546448	941	1
57.80163934426229	8984	1
57.82513661202186	6360	1
57.82786885245902	2354	1
57.83333333333333	6191	1
57.84098360655737	754	1
57.86010928961749	8142	1
57.867759562841535	3504	1
57.874863387978145	9543	1
57.8775956284153	5131	1
57.88032786885246	969	1
57.92513661202186	5818	1
57.93224043715847	1145	1
57.942622950819676	1308	1
57.94426229508196	8825	1
57.944808743169396	7011	1
57.94918032786885	3591	1
57.97049180327869	9563	1
57.97103825136612	2399	1
57.97704918032787	0	1
