0.041269781420765025	7118	1
0.09776939890710382	6460	1
0.2044704918032787	4606	1
0.2950311475409836	3596	1
0.4090508196721312	1778	1
0.4538688524590164	4732	1
0.4799661202185792	1089	1
0.576087431693989	6618	1
0.6186448087431693	4408	1
0.6521857923497267	4365	1
0.6697103825136612	7936	1
0.6748688524590163	9921	1
0.7180546448087431	5887	1
0.7655519125683059	9569	1
0.8072131147540983	2403	1
0.8449180327868853	2626	1
1.0108196721311475	1128	1
1.0514863387978142	169	1
1.075016393442623	9750	1
1.0921256830601094	2171	1
1.1490819672131147	1161	1
1.1639781420765027	8426	1
1.1997322404371584	5448	1
1.2512459016393442	3275	1
1.3341092896174864	9131	1
1.3855956284153006	7149	1
1.407622950819672	8992	1
1.715360655737705	9790	1
1.8042459016393442	274	1
1.8089344262295082	1186	1
1.8303825136612022	451	1
2.033262295081967	1496	1
2.053295081967213	890	1
2.104879781420765	2552	1
2.300196721311475	4785	1
2.3503224043715845	8109	1
2.356978142076503	7964	1
2.3635464480874315	1216	1
2.4125901639344263	661	1
2.429590163934426	1576	1
2.449704918032787	595	1
2.477213114754098	3330	1
2.5415081967213116	4430	1
2.6506994535519124	400	1
2.6711475409836063	7197	1
2.706464480874317	1402	1
2.7219562841530056	7815	1
2.7449344262295083	4550	1
2.7600054644808742	1104	1
2.854677595628415	9141	1
2.9217213114754097	2794	1
3.0381857923497266	1422	1
3.0726557377049177	8018	1
3.262743169398907	2198	1
3.2973825136612023	6789	1
3.3099617486338797	8233	1
3.336688524590164	7774	1
3.511016393442623	8114	1
3.5126393442622947	3295	1
3.535125683060109	7844	1
3.5516284153005464	6203	1
3.589349726775956	1282	1
3.6223333333333336	6380	1
3.6439289617486335	6371	1
3.701688524590164	2545	1
3.892103825136612	6882	1
3.908491803278688	167	1
3.926344262295082	311	1
3.9309781420765026	7930	1
3.9381256830601092	7237	1
3.9613551912568306	9311	1
4.070289617486339	8781	1
4.1530273224043714	9837	1
4.17603825136612	7158	1
4.226431693989071	8278	1
4.261907103825137	9085	1
4.297349726775956	9090	1
4.301535519125683	7063	1
4.33344262295082	1971	1
4.343885245901639	1555	1
4.357142076502732	5624	1
4.405715846994536	2632	1
4.43531693989071	6317	1
4.457174863387978	9625	1
4.49816393442623	6488	1
4.513213114754098	6544	1
4.514	2235	1
4.522655737704918	9492	1
4.5448633879781415	8308	1
4.546868852459016	4314	1
4.575021857923497	8039	1
4.630732240437158	8675	1
4.6607377049180325	3098	1
4.66831693989071	7187	1
4.759612021857923	3364	1
4.825868852459016	8090	1
4.86892349726776	6101	1
4.923065573770492	6678	1
5.005338797814208	1525	1
5.064562841530054	317	1
5.110174863387978	8956	1
5.154994535519125	7433	1
5.207765027322405	4029	1
5.219207650273224	8968	1
5.257125683060109	617	1
5.277967213114754	2723	1
5.337978142076502	5626	1
5.378754098360655	3238	1
5.3900437158469945	3478	1
5.414781420765028	2663	1
5.469016393442622	2821	1
5.487103825136613	4546	1
5.507158469945355	7121	1
5.508196721311475	4033	1
5.516229508196721	1296	1
5.523989071038252	7281	1
5.534262295081967	6937	1
5.5390710382513655	8982	1
5.542677595628415	9097	1
5.604098360655738	3924	1
5.65568306010929	821	1
5.70551912568306	5910	1
5.766338797814208	1979	1
5.7912568306010925	319	1
5.795191256830601	7563	1
5.800491803278688	2971	1
5.852841530054644	2078	1
5.857158469945355	9054	1
5.936502732240437	3239	1
5.993551912568306	5033	1
6.000491803278688	254	1
6.023278688524591	7027	1
6.070546448087431	1510	1
6.09448087431694	1286	1
6.177704918032787	2230	1
6.179781420765027	2422	1
6.246448087431694	9221	1
6.299071038251366	7396	1
6.303661202185792	9441	1
6.319508196721312	5288	1
6.353442622950819	5931	1
6.372513661202186	7792	1
6.3933333333333335	1304	1
6.416885245901639	6366	1
6.483169398907104	3001	1
6.493442622950819	7567	1
6.52983606557377	5704	1
6.5878688524590165	9955	1
6.608196721311475	1289	1
6.648196721311476	2119	1
6.709890710382513	1624	1
6.716666666666667	3536	1
6.739726775956284	9740	1
6.799125683060109	4382	1
6.827650273224044	2320	1
6.853169398907104	5911	1
6.902513661202185	4091	1
6.9032786885245905	7626	1
6.912786885245901	7187	0
6.9319672131147545	664	1
6.944043715846994	2477	1
7.002841530054645	1704	1
7.026721311475409	2489	1
7.053005464480874	5047	1
7.203715846994535	1272	1
7.22431693989071	3588	1
7.2484699453551915	5137	1
7.341530054644809	268	1
7.445628415300547	1015	1
7.491092896174863	1020	1
7.504098360655737	7391	1
7.524754098360655	6165	1
7.531475409836066	7249	1
7.548688524590164	4220	1
7.603606557377049	6779	1
7.606448087431693	5854	1
7.662295081967213	2164	1
7.665300546448087	2653	1
7.682677595628415	2025	1
7.689398907103825	3958	1
7.72327868852459	9820	1
7.775901639344262	2017	1
7.795628415300546	2605	1
7.8219125683060104	338	1
7.859508196721312	3753	1
7.91551912568306	3667	1
7.92224043715847	6523	1
8.000601092896176	8674	1
8.006065573770492	4673	1
8.012131147540984	3115	1
8.043333333333333	9516	1
8.057377049180328	3856	1
8.078360655737704	2549	1
8.099453551912568	1156	1
8.113715846994536	2305	1
8.114098360655738	9457	1
8.12071038251366	382	1
8.17792349726776	8746	1
8.205245901639344	6327	1
8.30398907103825	3266	1
8.465081967213115	2882	1
8.509508196721312	5607	1
8.51672131147541	4059	1
8.600928961748632	409	1
8.60551912568306	577	1
8.660983606557377	4712	1
8.733934426229508	8974	1
8.74945355191257	4129	1
8.763934426229508	4741	1
8.809945355191257	8545	1
8.818032786885245	7202	1
8.837431693989071	3397	1
8.849016393442621	6016	1
8.879344262295081	8943	1
8.88928961748634	4184	1
8.905081967213114	6403	1
8.910601092896174	7428	1
8.972513661202186	6554	1
9.038142076502732	8117	1
9.073551912568306	1604	1
9.110928961748634	4080	1
9.121202185792349	6140	1
9.129398907103825	7381	1
9.187213114754098	773	1
9.204699453551912	4588	1
9.233333333333333	3517	1
9.237267759562842	4809	1
9.256885245901639	7457	1
9.283825136612023	8004	1
9.286775956284153	5577	1
9.305355191256831	9147	1
9.367377049180327	4686	1
9.421748633879782	9449	1
9.427540983606558	4466	1
9.431584699453552	6208	1
9.563551912568306	6949	1
9.56584699453552	2797	1
9.5751912568306	7165	1
9.580273224043715	2319	1
9.588142076502733	5587	1
9.599234972677596	6999	1
9.636939890710384	4584	1
9.639234972677595	7253	1
9.696994535519126	8228	1
9.71191256830601	2077	1
9.763060109289619	9481	1
9.794098360655738	7017	1
9.815191256830602	4612	1
9.875245901639344	9351	1
10.031748633879781	5427	1
10.04688524590164	6103	1
10.123224043715847	8880	1
10.129945355191257	3918	1
10.146939890710382	8244	1
10.161147540983606	2478	1
10.18863387978142	1226	1
10.210983606557377	9972	1
10.213551912568306	5750	1
10.2248087431694	8788	1
10.225027322404372	8345	1
10.230491803278689	1707	1
10.24054644808743	9859	1
10.250601092896176	7042	1
10.272185792349728	1292	1
10.420218579234971	1359	1
10.443060109289618	4599	1
10.44535519125683	4232	1
10.52639344262295	3351	1
10.546174863387979	5666	1
10.547486338797814	4148	1
10.552404371584698	2565	1
10.587049180327869	5355	1
10.616284153005463	8907	1
10.651038251366119	1974	1
10.663989071038252	4257	1
10.665901639344263	1767	1
10.669125683060109	5734	1
10.684098360655739	1380	1
10.703661202185792	2131	1
10.754754098360655	9537	1
10.839398907103824	2694	1
10.88983606557377	5795	1
10.919344262295082	9713	1
10.959398907103825	7589	1
10.998360655737704	1767	0
11.000218579234973	447	1
11.031092896174863	6927	1
11.06912568306011	4757	1
11.082513661202185	9216	1
11.103497267759563	3303	1
11.123060109289618	9452	1
11.128360655737703	5465	1
11.196502732240438	666	1
11.243661202185793	7050	1
11.250819672131147	9721	1
11.274590163934427	3307	1
11.28207650273224	1922	1
11.31382513661202	4461	1
11.378907103825135	1287	1
11.40912568306011	8328	1
11.419890710382514	7832	1
11.483333333333333	9772	1
11.494480874316938	5253	1
11.51551912568306	552	1
11.529071038251367	1234	1
11.53846994535519	9394	1
11.559071038251366	1029	1
11.57	2719	1
11.590928961748633	7931	1
11.595300546448087	2350	1
11.597377049180329	8397	1
11.606174863387977	3671	1
11.704972677595629	9752	1
11.70863387978142	7631	1
11.722459016393444	276	1
11.748415300546448	7299	1
11.758688524590164	8398	1
11.781584699453552	3874	1
11.818415300546448	3109	1
11.828524590163935	7370	1
11.842349726775955	7653	1
11.844644808743169	2619	1
11.927814207650274	1740	1
11.932950819672131	3488	1
11.969562841530056	110	1
11.975245901639344	5217	1
12.020218579234973	4342	1
12.034371584699453	5337	1
12.041366120218578	2915	1
12.052021857923497	7277	1
12.054043715846994	1559	1
12.102185792349726	7325	1
12.10431693989071	5673	1
12.120491803278687	4459	1
12.141475409836065	5511	1
12.14535519125683	2301	1
12.160546448087432	1228	1
12.171092896174864	4842	1
12.178633879781419	9444	1
12.198797814207651	7191	1
12.262131147540984	7120	1
12.394863387978143	542	1
12.39846994535519	130	1
12.39912568306011	592	1
12.408688524590163	5039	1
12.507540983606557	2957	1
12.525355191256832	7987	1
12.557704918032787	9467	1
12.558797814207649	1963	1
12.565409836065573	4651	1
12.57327868852459	9022	1
12.579453551912568	4771	1
12.584207650273225	7095	1
12.610218579234973	5430	1
12.63775956284153	8532	1
12.718306010928961	2014	1
12.757103825136612	5202	1
12.77655737704918	223	1
12.824043715846994	9370	1
12.837213114754098	3034	1
12.870655737704917	5602	1
12.883934426229509	8048	1
12.898251366120219	7487	1
12.909726775956285	8676	1
12.912677595628415	1715	1
12.933606557377049	3348	1
12.945792349726776	6310	1
12.949945355191257	6913	1
12.960546448087431	7354	1
12.972622950819673	3939	1
13.038961748633879	4300	1
13.049344262295081	9896	1
13.068579234972677	7969	1
13.098360655737705	7595	1
13.112513661202186	5009	1
13.119945355191257	3840	1
13.123442622950819	3086	1
13.127868852459017	7946	1
13.143005464480874	7279	1
13.188415300546449	4929	1
13.206120218579235	8569	1
13.216120218579235	6862	1
13.220109289617486	4469	1
13.336502732240437	2630	1
13.361584699453552	790	1
13.368579234972678	6814	1
13.37191256830601	6665	1
13.397814207650274	6467	1
13.412622950819673	8909	1
13.413169398907105	1698	1
13.477322404371586	6821	1
13.484535519125682	3855	1
13.487978142076502	9029	1
13.616557377049181	8130	1
13.632732240437157	9094	1
13.633060109289616	2256	1
13.633551912568306	6172	1
13.690163934426229	8392	1
13.715300546448088	5311	1
13.775409836065572	6979	1
13.874207650273224	8536	1
13.875464480874317	5859	1
13.917431693989071	7173	1
13.955464480874316	8327	1
14.005628415300547	7342	1
14.033879781420765	5157	1
14.04743169398907	6319	1
14.08120218579235	3722	1
14.139289617486337	6524	1
14.15136612021858	5291	1
14.15584699453552	955	1
14.210601092896175	840	1
14.24103825136612	9325	1
14.25710382513661	7999	1
14.302404371584698	2132	1
14.355628415300547	1040	1
14.399781420765027	9922	1
14.464098360655738	3279	1
14.50568306010929	6906	1
14.51158469945355	6654	1
14.569180327868853	2560	1
14.590601092896176	5306	1
14.610491803278688	517	1
14.626448087431694	842	1
14.630655737704917	2874	1
14.678415300546447	2171	0
14.74448087431694	5638	1
14.788415300546449	8303	1
14.834098360655737	4252	1
14.859234972677594	2527	1
14.86863387978142	4971	1
14.872677595628415	476	1
14.897540983606556	3120	1
14.936502732240436	2208	1
14.940491803278688	8472	1
14.957868852459015	8546	1
14.961748633879782	9601	1
14.988251366120219	5574	1
15.062076502732241	5580	1
15.08655737704918	7553	1
15.094590163934427	4228	1
15.095573770491804	3074	1
15.097868852459015	3493	1
15.121202185792349	4674	1
15.125901639344262	4199	1
15.134644808743168	296	1
15.14431693989071	9746	1
15.169945355191258	6046	1
15.17814207650273	5252	1
15.190000000000001	7805	1
15.215683060109289	4299	1
15.224699453551912	8131	1
15.236830601092896	3819	1
15.27016393442623	6640	1
15.293825136612021	2387	1
15.298852459016395	7034	1
15.318688524590165	4594	1
15.363387978142077	8215	1
15.366721311475409	4881	1
15.402513661202185	1685	1
15.426830601092895	6868	1
15.468852459016393	8689	1
15.483005464480874	9400	1
15.506338797814207	8212	1
15.513551912568305	6748	1
15.51590163934426	7593	1
15.519016393442623	7640	1
15.523387978142077	4621	1
15.525136612021857	9754	1
15.564863387978143	8797	1
15.578579234972677	6115	1
15.602131147540984	3850	1
15.708415300546447	4458	1
15.776885245901639	5579	1
15.815956284153005	1316	1
15.83606557377049	630	1
15.847431693989071	3047	1
15.852349726775955	9891	1
15.883114754098361	3841	1
15.970546448087433	7115	1
16.05934426229508	4038	1
16.063387978142075	6537	1
16.074371584699453	9244	1
16.07639344262295	1196	1
16.097650273224044	1145	1
16.097868852459015	5494	1
16.099234972677596	5731	1
16.13978142076503	4054	1
16.166120218579234	5589	1
16.16726775956284	6261	1
16.1775956284153	4275	1
16.21639344262295	4602	1
16.220382513661203	4261	1
16.226830601092896	8152	1
16.231256830601094	5895	1
16.262622950819672	819	1
16.276338797814205	5051	1
16.308087431693988	8597	1
16.365573770491803	5088	1
16.39934426229508	9529	1
16.446174863387977	3327	1
16.46218579234973	6872	1
16.57983606557377	7970	1
16.656612021857924	6440	1
16.719726775956282	115	1
16.724590163934426	9501	1
16.73945355191257	5889	1
16.746775956284154	4760	1
16.794098360655738	7141	1
16.80568306010929	303	1
16.80688524590164	4259	1
16.846284153005463	7881	1
16.89928961748634	6573	1
16.94191256830601	2246	1
16.972841530054644	1347	1
17.033715846994536	5125	1
17.042622950819673	8285	1
17.050163934426227	8780	1
17.05464480874317	8449	1
17.083879781420766	8821	1
17.127486338797812	2910	1
17.128032786885246	3748	1
17.215956284153002	5524	1
17.23748633879781	5593	1
17.274043715846993	1251	1
17.286448087431694	4294	1
17.297431693989072	9157	1
17.316284153005466	7314	1
17.34617486338798	3550	1
17.436939890710384	3530	1
17.470273224043716	4934	1
17.476120218579233	7198	1
17.509071038251367	6186	1
17.52185792349727	4763	1
17.524918032786882	1288	1
17.60792349726776	622	1
17.626229508196722	1819	1
17.634426229508197	5623	1
17.64398907103825	1930	1
17.646120218579235	4717	1
17.650000000000002	4923	1
17.66535519125683	4175	1
17.689016393442625	8924	1
17.6951912568306	5466	1
17.73486338797814	4979	1
17.763879781420766	3418	1
17.767868852459017	9742	1
17.78672131147541	6972	1
17.815300546448086	3118	1
17.84409836065574	9554	1
17.92327868852459	5712	1
17.95213114754098	6708	1
17.95431693989071	9205	1
18.158579234972677	7263	1
18.20224043715847	7966	1
18.22	4773	1
18.225027322404372	4792	1
18.233989071038252	4364	1
18.235081967213116	1901	1
18.271584699453552	6489	1
18.290546448087433	3504	1
18.3448087431694	5590	1
18.35666666666667	8939	1
18.37841530054645	6428	1
18.407377049180326	730	1
18.43229508196721	9203	1
18.54207650273224	1120	1
18.591311475409835	2154	1
18.60830601092896	3154	1
18.631803278688523	8671	1
18.691420765027324	5057	1
18.753879781420764	7719	1
18.755956284153005	814	1
18.756502732240435	2703	1
18.794918032786885	6735	1
18.805081967213116	5046	1
18.809016393442622	8533	1
18.809234972677594	4825	1
18.852677595628414	7714	1
18.87136612021858	8875	1
18.876830601092898	7309	1
18.884426229508197	632	1
18.948306010928963	5892	1
18.949234972677598	3719	1
18.96142076502732	7501	1
18.969617486338798	2504	1
18.99448087431694	2429	1
19.06453551912568	1591	1
19.081693989071038	8174	1
19.091202185792348	8366	1
19.102021857923496	5746	1
19.203879781420763	690	1
19.262841530054644	5555	1
19.275191256830603	7488	1
19.284480874316937	8728	1
19.289617486338795	5763	1
19.36207650273224	9928	1
19.374371584699453	785	1
19.42568306010929	46	1
19.443715846994536	1949	1
19.514535519125683	1210	1
19.549125683060108	4209	1
19.550601092896173	3552	1
19.555628415300546	9288	1
19.5624043715847	6274	1
19.58218579234973	2963	1
19.62934426229508	8741	1
19.664918032786886	4477	1
19.72945355191257	3673	1
19.736994535519123	3378	1
19.76344262295082	2363	1
19.821967213114753	6394	1
19.840273224043713	7656	1
19.87934426229508	3640	1
19.880710382513662	3968	1
19.893005464480872	3134	1
19.893934426229507	9266	1
19.90672131147541	2380	1
19.909125683060108	4347	1
19.914918032786883	3771	1
19.92	5486	1
19.92213114754098	5186	1
19.92661202185792	3933	1
19.950273224043716	67	1
19.955136612021857	737	1
19.96486338797814	9179	1
20.01792349726776	9168	1
20.042185792349727	1137	1
20.076775956284155	1326	1
20.096666666666668	6466	1
20.18633879781421	273	1
20.193005464480873	2655	1
20.288633879781422	9536	1
20.307486338797816	3920	1
20.33584699453552	5919	1
20.344098360655735	1612	1
20.37448087431694	3985	1
20.39382513661202	1091	1
20.397322404371586	3373	1
20.40672131147541	7266	1
20.42344262295082	5207	1
20.42568306010929	9126	1
20.42978142076503	1312	1
20.440601092896177	3123	1
20.51983606557377	7140	1
20.53289617486339	1320	1
20.550437158469947	7259	1
20.553661202185793	9794	1
20.565245901639344	5139	1
20.58743169398907	6959	1
20.605300546448085	5457	1
20.636284153005462	1906	1
20.70846994535519	6255	1
20.728032786885247	1079	1
20.728032786885247	9821	1
20.758743169398908	8966	1
20.764426229508196	2323	1
20.77295081967213	2860	1
20.79158469945355	7393	1
20.81546448087432	3704	1
20.87224043715847	354	1
20.91147540983607	9527	1
20.91371584699454	9330	1
20.975573770491803	7211	1
20.98934426229508	6670	1
21.02912568306011	9059	1
21.03983606557377	3557	1
21.067158469945355	7884	1
21.091038251366122	1739	1
21.13934426229508	8983	1
21.15502732240437	6688	1
21.16016393442623	6350	1
21.179344262295082	3894	1
21.191147540983607	6235	1
21.22169398907104	5856	1
21.242896174863386	2472	1
21.270273224043713	7483	1
21.27207650273224	9257	1
21.272622950819674	5322	1
21.322240437158467	8932	1
21.390273224043714	3587	1
21.415081967213112	1943	1
21.44502732240437	6463	1
21.44568306010929	6266	1
21.48950819672131	2541	1
21.51967213114754	696	1
21.577814207650274	6232	1
21.58327868852459	7182	1
21.588306010928964	6367	1
21.601147540983604	4150	1
21.647704918032787	7040	1
21.67584699453552	1176	1
21.7503825136612	9495	1
21.750437158469946	5767	1
21.782185792349726	9663	1
21.79344262295082	9234	1
21.799453551912567	7545	1
21.8772131147541	1074	1
21.9127868852459	863	1
21.973770491803275	5358	1
21.977267759562842	513	1
22.015792349726777	6162	1
22.066830601092896	7902	1
22.0672131147541	1054	1
22.07502732240437	4359	1
22.085027322404372	8069	1
22.126502732240436	843	1
22.154371584699454	1905	1
22.159890710382513	6332	1
22.18	4146	1
22.186666666666667	8323	1
22.20169398907104	3484	1
22.22530054644809	1094	1
22.231967213114753	1032	1
22.283005464480873	4863	1
22.300765027322402	9324	1
22.306174863387977	488	1
22.363879781420767	5914	1
22.38054644808743	7599	1
22.386065573770495	135	1
22.425136612021856	6007	1
22.436502732240438	2140	1
22.460928961748635	3678	1
22.504371584699452	7995	1
22.5403825136612	5944	1
22.545737704918032	9276	1
22.59896174863388	7928	1
22.602131147540984	6400	1
22.603387978142074	2036	1
22.63863387978142	4393	1
22.664207650273223	6829	1
22.705027322404373	6027	1
22.761803278688525	8373	1
22.800218579234972	3636	1
22.801147540983607	6726	1
22.859781420765028	7317	1
22.869781420765026	7571	1
22.946174863387977	2352	1
22.95185792349727	7949	1
22.954808743169398	1577	1
22.999781420765025	3910	1
23.04415300546448	8599	1
23.104535519125683	7557	1
23.106010928961748	2508	1
23.115737704918033	8415	1
23.1403825136612	256	1
23.170765027322407	7016	1
23.187322404371585	9588	1
23.204262295081968	3443	1
23.208688524590162	8998	1
23.21032786885246	6802	1
23.25032786885246	8370	1
23.26005464480874	2884	1
23.33606557377049	7463	1
23.343333333333334	8003	1
23.363005464480874	4807	1
23.38775956284153	6390	1
23.392513661202187	3811	1
23.39590163934426	2847	1
23.400054644808744	6709	1
23.42360655737705	5901	1
23.429180327868853	5061	1
23.469180327868855	8832	1
23.47770491803279	7033	1
23.491967213114755	1265	1
23.539562841530056	2152	1
23.661092896174864	8074	1
23.668579234972675	2905	1
23.68207650273224	4966	1
23.78743169398907	9184	1
23.795081967213115	4685	1
23.829071038251364	3129	1
23.835027322404372	8172	1
23.8548087431694	678	1
23.863497267759563	1235	1
23.873551912568306	338	0
23.89967213114754	6501	1
23.90743169398907	180	1
23.914972677595628	9684	1
23.93409836065574	8760	1
23.9627868852459	9033	1
23.992349726775956	8226	1
24.07524590163934	8556	1
24.089016393442623	619	1
24.11841530054645	4176	1
24.181366120218577	4504	1
24.185901639344262	8573	1
24.190765027322403	452	1
24.19136612021858	7032	1
24.19158469945355	7497	1
24.198360655737705	8198	1
24.198688524590164	6653	1
24.248743169398907	1966	1
24.24901639344262	2438	1
24.292240437158473	7112	1
24.36415300546448	8627	1
24.43934426229508	3797	1
24.49081967213115	1507	1
24.50792349726776	7278	1
24.520491803278688	5352	1
24.548524590163932	9044	1
24.56016393442623	4755	1
24.582404371584698	8633	1
24.632732240437157	8914	1
24.66021857923497	6767	1
24.662622950819674	7395	1
24.74737704918033	4948	1
24.764918032786884	6110	1
24.77540983606557	134	1
24.80535519125683	6349	1
24.839890710382512	4363	1
24.908797814207652	635	1
24.950874316939892	7628	1
24.972021857923497	5582	1
24.979180327868853	4537	1
24.98224043715847	1382	1
25.00415300546448	1449	1
25.013661202185794	5610	1
25.026338797814205	9363	1
25.027923497267757	5148	1
25.05262295081967	3915	1
25.062732240437157	8064	1
25.07191256830601	6286	1
25.099726775956285	3644	1
25.101092896174862	2968	1
25.122677595628417	3932	1
25.123169398907102	7547	1
25.13546448087432	2400	1
25.226830601092896	1562	1
25.23792349726776	3782	1
25.286010928961748	5	1
25.331147540983608	4116	1
25.35125683060109	7679	1
25.375573770491805	7087	1
25.386557377049183	271	1
25.38661202185792	8111	1
25.39109289617486	8468	1
25.438743169398908	6962	1
25.46967213114754	3097	1
25.47087431693989	4598	1
25.487322404371582	5312	1
25.490437158469945	7697	1
25.49846994535519	4158	1
25.514207650273224	1523	1
25.51573770491803	6148	1
25.59071038251366	9037	1
25.604754098360655	3773	1
25.60743169398907	6883	1
25.61770491803279	1045	1
25.64879781420765	2042	1
25.649890710382515	9633	1
25.680819672131147	8238	1
25.731857923497266	2229	1
25.731967213114753	7124	1
25.738524590163934	1064	1
25.76191256830601	2144	1
25.7651912568306	508	1
25.76945355191257	9714	1
25.781147540983607	9304	1
25.803333333333335	9150	1
25.81262295081967	7790	1
25.85551912568306	1063	1
25.862513661202186	6012	1
25.87103825136612	7892	1
25.88153005464481	2611	1
25.888524590163936	5697	1
25.88983606557377	4118	1
25.902240437158472	8116	1
25.909453551912566	1360	1
25.91054644808743	5040	1
25.931857923497265	3927	1
25.945081967213113	2079	1
25.954043715846993	8642	1
26.00775956284153	104	1
26.022786885245903	1810	1
26.034699453551912	7232	1
26.038688524590164	7075	1
26.095519125683058	9156	1
26.126010928961747	7436	1
26.15120218579235	2316	1
26.196775956284153	5947	1
26.217704918032783	9575	1
26.243005464480873	7378	1
26.284426229508195	1677	1
26.29469945355191	8040	1
26.306338797814206	7675	1
26.310655737704916	7228	1
26.32032786885246	7221	1
26.322295081967212	5400	1
26.326120218579234	2314	1
26.328251366120217	1279	1
26.328306010928962	8202	1
26.334699453551913	8634	1
26.37295081967213	9057	1
26.374426229508195	3387	1
26.406775956284154	2263	1
26.429071038251365	2727	1
26.438852459016392	2395	1
26.472295081967214	1794	1
26.577322404371582	6701	1
26.58535519125683	7765	1
26.587650273224043	9139	1
26.61	6860	1
26.635409836065573	8698	1
26.66049180327869	1987	1
26.680655737704917	9604	1
26.700655737704917	3236	1
26.736120218579234	2584	1
26.773060109289617	4997	1
26.807978142076504	938	1
26.81311475409836	803	1
26.816338797814204	5532	1
26.83639344262295	6765	1
26.846284153005463	2780	1
26.865901639344262	5937	1
26.934918032786886	1461	1
26.943661202185794	9065	1
26.944426229508196	5016	1
26.983333333333334	6522	1
27.014808743169397	7961	1
27.0196174863388	6730	1
27.12311475409836	6611	1
27.13983606557377	5631	1
27.14262295081967	9132	1
27.183169398907104	1280	1
27.242404371584698	6068	1
27.272568306010932	9226	1
27.274371584699452	9219	1
27.346448087431693	3432	1
27.380655737704917	3091	1
27.38153005464481	8587	1
27.39928961748634	2836	1
27.415245901639345	1787	1
27.448852459016393	9516	0
27.470273224043716	710	1
27.47262295081967	8136	1
27.475956284153003	9596	1
27.484918032786883	6648	1
27.51311475409836	5863	1
27.543661202185792	8811	1
27.642349726775954	2033	1
27.671693989071038	9383	1
27.716338797814206	5527	1
27.737978142076503	1847	1
27.74366120218579	8156	1
27.753825136612022	5144	1
27.76584699453552	2602	1
27.773879781420767	247	1
27.806994535519127	3228	1
27.822295081967216	7996	1
27.8227868852459	3309	1
27.91540983606557	1038	1
27.942513661202184	8568	1
27.999562841530054	8428	1
28.040273224043712	7020	1
28.06245901639344	6368	1
28.07535519125683	3316	1
28.101530054644808	6546	1
28.119453551912567	8697	1
28.124918032786887	1879	1
28.18185792349727	7438	1
28.21382513661202	2653	0
28.221202185792347	6122	1
28.226939890710383	2023	1
28.231147540983606	3123	0
28.25349726775956	6801	1
28.2575956284153	7535	1
28.259071038251363	900	1
28.28497267759563	8034	1
28.28502732240437	3677	1
28.39153005464481	3778	1
28.413169398907105	6484	1
28.413387978142076	2287	1
28.415300546448087	5680	1
28.41617486338798	6453	1
28.429398907103824	8867	1
28.4603825136612	1578	1
28.47398907103825	3880	1
28.48273224043716	4938	1
28.48535519125683	3731	1
28.5007650273224	2020	1
28.585409836065573	5938	1
28.757377049180327	9862	1
28.77005464480874	800	1
28.771967213114753	9159	1
28.78234972677596	6783	1
28.79715846994535	5875	1
28.815409836065573	6643	1
28.820983606557377	6279	1
28.844863387978144	6545	1
28.86879781420765	8089	1
28.87710382513661	7686	1
28.902677595628415	8466	1
28.93016393442623	9567	1
28.959016393442624	9197	1
28.96311475409836	4655	1
28.983661202185793	4654	1
28.996721311475408	9039	1
29.053224043715844	7248	1
29.10065573770492	6966	1
29.112513661202186	4269	1
29.114207650273222	3071	1
29.115628415300545	8870	1
29.125573770491805	2934	1
29.126448087431694	3722	0
29.1372131147541	4729	1
29.14464480874317	1442	1
29.14879781420765	7196	1
29.15191256830601	9170	1
29.153934426229508	9880	1
29.157923497267756	8032	1
29.18934426229508	4776	1
29.196557377049178	6149	1
29.19890710382514	5240	1
29.210273224043714	5411	1
29.220491803278687	114	1
29.22415300546448	8171	1
29.23950819672131	6563	1
29.29393442622951	4335	1
29.326284153005464	9519	1
29.32704918032787	626	1
29.347978142076503	9119	1
29.361693989071036	7606	1
29.383497267759562	9070	1
29.38415300546448	543	1
29.42366120218579	8793	1
29.43185792349727	1902	1
29.456120218579233	1842	1
29.46125683060109	378	1
29.50054644808743	2044	1
29.54224043715847	8971	1
29.565737704918032	4944	1
29.6124043715847	5277	1
29.62950819672131	8269	1
29.635573770491803	5802	1
29.639726775956284	1857	1
29.661311475409835	1841	1
29.72103825136612	7948	1
29.722568306010928	9273	1
29.723551912568308	8440	1
29.73650273224044	8479	1
29.754699453551915	7575	1
29.7696174863388	4214	1
29.857540983606558	2151	1
29.87103825136612	9997	1
29.88601092896175	1110	1
29.91273224043716	6870	1
29.93448087431694	738	1
29.935573770491803	4132	1
29.935683060109287	2775	1
29.961530054644808	9778	1
30.025409836065574	3803	1
30.0675956284153	8222	1
30.080273224043715	5113	1
30.121147540983607	1939	1
30.147650273224045	7011	1
30.180437158469946	3272	1
30.200874316939892	9207	1
30.202513661202186	1934	1
30.226775956284154	7348	1
30.241475409836063	4617	1
30.27382513661202	9547	1
30.31743169398907	4230	1
30.321530054644807	8942	1
30.351857923497267	7544	1
30.37234972677596	5506	1
30.402950819672128	4917	1
30.404590163934426	3715	1
30.41245901639344	2807	1
30.416284153005464	8286	1
30.423224043715848	6973	1
30.42978142076503	4678	1
30.444043715846995	1927	1
30.499125683060107	9608	1
30.512185792349726	1959	1
30.535628415300543	8409	1
30.540546448087433	6613	1
30.545136612021857	7531	1
30.556830601092898	8134	1
30.560382513661203	355	1
30.560437158469945	6521	1
30.594153005464477	5632	1
30.643715846994535	672	1
30.68825136612022	2346	1
30.688743169398908	1105	1
30.702896174863387	7086	1
30.712513661202188	6593	1
30.721475409836067	7578	1
30.75688524590164	5563	1
30.762349726775955	7479	1
30.82857923497268	5684	1
30.831967213114755	8562	1
30.85081967213115	9917	1
30.884972677595627	3419	1
30.894371584699453	7641	1
30.905355191256827	4675	1
30.946174863387977	567	1
30.97262295081967	5041	1
30.983005464480875	4289	1
30.999781420765025	6436	1
31.0279781420765	9892	1
31.043715846994534	138	1
31.09021857923497	8098	1
31.091256830601093	1838	1
31.096612021857922	9934	1
31.123770491803278	6811	1
31.138087431693986	7404	1
31.141530054644807	1502	1
31.142185792349725	4280	1
31.156120218579236	6720	1
31.165737704918033	2100	1
31.17398907103825	5425	1
31.174918032786884	6083	1
31.198688524590164	1325	1
31.208579234972678	7401	1
31.216775956284152	6496	1
31.259945355191256	9145	1
31.271092896174864	8469	1
31.295300546448086	4210	1
31.30087431693989	7958	1
31.303278688524593	6851	1
31.30448087431694	2169	1
31.310983606557375	1719	1
31.33530054644809	8476	1
31.34142076502732	8230	1
31.347650273224044	1752	1
31.38491803278688	8579	1
31.394371584699453	9586	1
31.421857923497267	7947	1
31.426939890710383	771	1
31.447704918032784	5395	1
31.459234972677596	2423	1
31.489945355191256	4074	1
31.536994535519124	7833	1
31.541857923497265	2488	1
31.566830601092896	3852	1
31.58120218579235	6385	1
31.584262295081967	8707	1
31.589344262295082	557	1
31.6196174863388	6508	1
31.657650273224043	7976	1
31.664754098360653	870	1
31.66863387978142	8534	1
31.66950819672131	4557	1
31.675956284153003	3202	1
31.707158469945355	5172	1
31.724590163934426	9412	1
31.74983606557377	6634	1
31.75710382513661	5687	1
31.79169398907104	2406	1
31.840655737704918	1771	1
31.8448087431694	4980	1
31.85327868852459	3013	1
31.866284153005463	3286	1
31.870983606557374	5564	1
31.881967213114752	2484	1
31.897978142076504	8051	1
31.90497267759563	5440	1
31.942131147540984	4607	1
31.98207650273224	7511	1
32.007213114754094	7809	1
32.0251912568306	3628	1
32.03371584699453	4682	1
32.054480874316944	5975	1
32.06327868852459	5270	1
32.09885245901639	6612	1
32.13950819672131	4398	1
32.143060109289614	3280	1
32.15087431693989	1695	1
32.16136612021858	5861	1
32.18103825136612	1180	1
32.22273224043716	9645	1
32.22606557377049	1283	1
32.23475409836065	8520	1
32.27885245901639	5321	1
32.299180327868854	4296	1
32.30213114754098	6183	1
32.316830601092896	8363	1
32.3192349726776	5493	1
32.33792349726776	6763	1
32.33896174863388	1464	1
32.38295081967213	9453	1
32.38579234972678	4514	1
32.409617486338796	6698	1
32.41054644808743	4534	1
32.411147540983606	6667	1
32.437704918032786	3259	1
32.48065573770492	5055	1
32.48213114754098	7707	1
32.517704918032784	5357	1
32.54289617486339	5281	1
32.552896174863385	6192	1
32.584043715846995	3311	1
32.592295081967215	1221	1
32.59535519125683	2960	1
32.62043715846995	5370	1
32.6303825136612	2049	1
32.670546448087435	3222	1
32.71879781420765	928	1
32.73841530054645	192	1
32.752349726775954	5565	1
32.81174863387978	8406	1
32.833224043715845	4452	1
32.85535519125683	7865	1
32.86229508196721	5775	1
32.86939890710383	8461	1
32.89901639344262	5740	1
32.94464480874317	2530	1
32.98087431693989	5386	1
32.99879781420765	7330	1
33.04540983606557	4786	1
33.054098360655736	9616	1
33.05765027322404	7335	1
33.06841530054645	5629	1
33.08775956284153	6236	1
33.13295081967213	95	1
33.143551912568306	9549	1
33.14644808743169	2202	1
33.19535519125683	3877	1
33.204426229508194	8183	1
33.20579234972677	8639	1
33.21748633879781	283	1
33.24808743169399	1869	1
33.32076502732241	2839	1
33.4	9471	1
33.412950819672126	6386	1
33.41879781420765	2124	1
33.455737704918036	1239	1
33.5079781420765	6510	1
33.55114754098361	8400	1
33.5520218579235	4196	1
33.70469945355191	9120	1
33.72311475409836	7132	1
33.72743169398907	5877	1
33.731803278688524	7102	1
33.738961748633876	5761	1
33.76393442622951	9048	1
33.775956284153004	9757	1
33.78896174863388	8908	1
33.8907650273224	2067	1
33.93071038251366	7582	1
33.952185792349724	7183	1
33.961311475409836	5365	1
33.96415300546448	9682	1
33.986666666666665	5182	1
34.023715846994534	9933	1
34.026065573770495	6195	1
34.043169398907104	9083	1
34.0575956284153	8975	1
34.063879781420766	4539	1
34.070218579234975	9448	1
34.07584699453552	6364	1
34.09207650273224	4840	1
34.09251366120218	2579	1
34.15672131147541	6134	1
34.180874316939885	4544	1
34.20174863387978	5530	1
34.20415300546448	6358	1
34.20846994535519	3229	1
34.247868852459014	4540	1
34.27180327868853	6354	1
34.29327868852459	5178	1
34.2968306010929	4775	1
34.29863387978142	5260	1
34.30573770491803	9822	1
34.31737704918033	5690	1
34.37071038251366	2793	1
34.37431693989071	3476	1
34.37896174863388	1234	0
34.445464480874314	5934	1
34.474644808743165	4186	1
34.51677595628416	9320	1
34.52256830601093	8892	1
34.533934426229514	6629	1
34.53409836065574	5647	1
34.565683060109286	8247	1
34.570163934426226	2431	1
34.59808743169398	8317	1
34.66245901639344	9612	1
34.66256830601093	1953	1
34.693333333333335	8315	1
34.71535519125683	3297	1
34.749453551912566	1278	1
34.778251366120216	462	1
34.78568306010929	5609	1
34.80765027322405	9944	1
34.86054644808743	9521	1
34.875519125683056	2129	1
34.905191256830605	8279	1
34.91639344262295	8430	1
34.91688524590163	1167	1
34.932732240437154	9856	1
34.95229508196721	1165	1
34.967650273224045	6854	1
34.98191256830601	9079	1
35.02103825136612	1917	1
35.09393442622951	58	1
35.096010928961746	3624	1
35.118743169398904	2133	1
35.119672131147546	9021	1
35.130327868852454	3733	1
35.176065573770494	2976	1
35.23054644808743	6309	1
35.27021857923498	5390	1
35.30928961748634	1942	1
35.376994535519124	3429	1
35.38180327868853	8753	1
35.398852459016396	7076	1
35.42174863387978	4241	1
35.429180327868856	9101	1
35.481092896174864	3551	1
35.49497267759563	2628	1
35.51765027322404	8859	1
35.55502732240437	4338	1
35.56617486338797	1000	1
35.575027322404374	4442	1
35.59415300546448	8325	1
35.61387978142077	3426	1
35.61459016393443	3253	1
35.61890710382513	8347	1
35.630491803278694	9614	1
35.636830601092896	6260	1
35.66256830601093	1807	1
35.6707650273224	7227	1
35.696284153005465	9172	1
35.71524590163934	3642	1
35.71524590163934	4470	1
35.752459016393445	8043	1
35.78912568306011	3035	1
35.814098360655734	3688	1
35.840382513661204	7658	1
35.906284153005465	2138	1
35.929453551912566	439	1
35.9324043715847	5757	1
35.932950819672136	6218	1
35.950710382513655	812	1
35.977704918032785	8715	1
35.99513661202186	2274	1
35.996120218579236	3381	1
35.99748633879781	9927	1
36.001311475409835	8341	1
36.01371584699453	6256	1
36.03633879781421	5415	1
36.132349726775956	5201	1
36.13863387978142	5796	1
36.147267759562844	8334	1
36.15945355191257	8959	1
36.167158469945356	4951	1
36.20661202185792	361	1
36.20841530054645	4087	1
36.25513661202186	2532	1
36.25934426229508	1043	1
36.28027322404372	306	1
36.28786885245902	4892	1
36.3016393442623	4883	1
36.3035519125683	7637	1
36.321639344262294	6117	1
36.33355191256831	6626	1
36.37754098360656	3974	1
36.391256830601094	6736	1
36.41994535519125	1494	1
36.46502732240437	7091	1
36.52732240437159	2935	1
36.5572131147541	9114	1
36.59754098360656	2961	1
36.60256830601093	7951	1
36.62114754098361	8506	1
36.633060109289616	6079	1
36.63863387978142	4905	1
36.68863387978142	4967	1
36.71819672131147	8434	1
36.71846994535519	9043	1
36.74535519125683	3949	1
36.747267759562845	8709	1
36.74814207650274	5662	1
36.77169398907104	3911	1
36.78169398907104	3094	1
36.832185792349726	6179	1
36.84060109289617	2857	1
36.85262295081967	2642	1
36.87387978142077	5855	1
36.87459016393443	2531	1
36.966939890710385	9376	1
36.97114754098361	8854	1
36.98841530054644	7114	1
37.02010928961749	8147	1
37.02393442622951	7018	1
37.02622950819672	3657	1
37.10382513661202	8530	1
37.10775956284153	2223	1
37.124153005464485	4814	1
37.17825136612022	6416	1
37.185956284153	3023	1
37.209125683060115	6994	1
37.24819672131147	2583	1
37.25081967213114	8996	1
37.253551912568305	441	1
37.287540983606554	2791	1
37.29163934426229	5658	1
37.30333333333333	8391	1
37.313387978142075	4272	1
37.36349726775956	9730	1
37.373278688524586	1472	1
37.38060109289617	5067	1
37.475027322404365	9208	1
37.49688524590164	4043	1
37.503661202185796	4134	1
37.53327868852459	636	1
37.64153005464481	3213	1
37.64251366120218	3498	1
37.67573770491803	3421	1
37.70628415300546	1816	1
37.792131147540985	6837	1
37.79218579234973	7472	1
37.80043715846994	2937	1
37.80469945355191	3059	1
37.81224043715847	4664	1
37.81857923497268	3123	1
37.87617486338797	3862	1
37.90338797814208	7306	1
37.910054644808746	8270	1
37.923442622950816	8049	1
37.937595628415295	1124	1
37.94092896174864	927	1
37.98016393442623	8120	1
37.98131147540984	4471	1
37.99437158469945	5613	1
38.00825136612021	6219	1
38.033825136612016	2570	1
38.055956284153	4198	1
38.0575956284153	6800	1
38.11464480874317	2648	1
38.12568306010929	6363	1
38.14934426229508	1594	1
38.16475409836065	3859	1
38.176830601092895	4715	1
38.221038251366124	3066	1
38.259125683060105	6944	1
38.27584699453552	1132	1
38.27688524590164	2799	1
38.281202185792345	3151	1
38.29	5732	1
38.2972131147541	8403	1
38.32677595628416	5694	1
38.34060109289617	864	1
38.34420765027322	8084	1
38.36825136612021	4697	1
38.37814207650273	2099	1
38.39218579234973	9893	1
38.39338797814207	2590	1
38.39584699453552	6583	1
38.39677595628415	6601	1
38.415245901639345	395	1
38.44846994535519	9756	1
38.460874316939886	1271	1
38.475464480874315	2585	1
38.4892349726776	2393	1
38.50573770491803	5691	1
38.52546448087431	6770	1
38.57748633879781	5538	1
38.584754098360655	7082	1
38.625136612021855	1699	1
38.643551912568306	9146	1
38.671639344262296	8926	1
38.709289617486334	8574	1
38.73803278688524	1651	1
38.770054644808745	8241	1
38.77573770491803	9018	1
38.7892349726776	9662	1
38.84628415300546	5570	1
38.90972677595628	9499	1
38.936885245901635	3500	1
38.94284153005465	7466	1
39.010655737704916	9382	1
39.02426229508197	1163	1
39.072404371584696	7712	1
39.095136612021854	3036	1
39.13300546448087	328	1
39.15513661202186	9316	1
39.1691256830601	620	1
39.17743169398907	6791	1
39.19540983606557	8903	1
39.22109289617486	4181	1
39.25344262295082	484	1
39.259945355191256	6357	1
39.2624043715847	2850	1
39.26540983606557	818	1
39.325300546448084	2447	1
39.32628415300547	9367	1
39.34404371584699	2389	1
39.36639344262294	9971	1
39.36857923497268	9699	1
39.405573770491806	4234	1
39.405956284153	9198	1
39.413387978142076	9075	1
39.417868852459016	3687	1
39.420874316939894	984	1
39.44732240437159	8519	1
39.477103825136616	2276	1
39.478087431693986	5663	1
39.4992349726776	8672	1
39.50333333333333	2615	1
39.505792349726775	9321	1
39.52398907103825	7142	1
39.52513661202186	2334	1
39.529016393442625	8314	1
39.55437158469945	1524	1
39.55573770491804	6254	1
39.57043715846994	1493	1
39.57371584699453	3970	1
39.576229508196725	8654	1
39.577923497267754	1647	1
39.59967213114754	5106	1
39.61404371584699	6331	1
39.71284153005465	4025	1
39.739289617486335	7649	1
39.74803278688524	368	1
39.748579234972674	1065	1
39.78437158469946	6302	1
39.79617486338798	126	1
39.808306010928966	4523	1
39.8368306010929	3919	1
39.86125683060109	7670	1
39.875956284153006	7461	1
39.87928961748634	9269	1
39.88021857923497	6530	1
39.90830601092897	8271	1
40.00737704918033	5881	1
40.03136612021858	3625	1
40.10546448087432	4173	1
40.13688524590164	3585	1
40.139672131147535	5849	1
40.20934426229508	7365	1
40.242732240437164	1047	1
40.252021857923495	1039	1
40.255956284153	8216	1
40.2616393442623	5019	1
40.278306010928965	7273	1
40.28491803278689	3940	1
40.2903825136612	6902	1
40.29879781420765	7956	1
40.30540983606557	9169	1
40.37573770491803	2521	1
40.37661202185792	6253	1
40.40868852459016	9272	1
40.41437158469945	6644	1
40.421256830601095	7664	1
40.42366120218579	4018	1
40.44448087431694	5155	1
40.46672131147541	1201	1
40.48688524590164	3838	1
40.52016393442623	1332	1
40.52032786885246	3864	1
40.527978142076506	8199	1
40.55688524590164	6661	1
40.55775956284153	2136	1
40.56934426229508	2052	1
40.580983606557375	6382	1
40.59295081967213	8113	1
40.61273224043716	9254	1
40.615792349726775	9576	1
40.62530054644809	7185	1
40.6372131147541	9433	1
40.63994535519125	3941	1
40.65683060109289	1697	1
40.70213114754099	3806	1
40.74213114754098	9201	1
40.74497267759563	774	1
40.75109289617486	516	1
40.81245901639344	8640	1
40.83688524590164	1247	1
40.84803278688524	6633	1
40.853879781420765	6325	1
40.862950819672136	2900	1
40.88857923497268	6722	1
40.90109289617486	308	1
40.926830601092895	5186	0
40.92814207650274	3903	1
40.97081967213115	8417	1
40.97934426229508	4039	1
40.9808743169399	1653	1
40.981803278688524	5333	1
41.00382513661202	899	1
41.01327868852459	2998	1
41.0179781420765	7344	1
41.05021857923497	5298	1
41.05650273224044	8446	1
41.061256830601096	3010	1
41.07174863387978	2068	1
41.127049180327866	294	1
41.12781420765027	8282	1
41.15049180327868	6293	1
41.15300546448088	9248	1
41.16639344262295	2262	1
41.18081967213114	7610	1
41.18180327868853	7068	1
41.20448087431694	2358	1
41.2075956284153	7047	1
41.20770491803278	9630	1
41.223551912568304	8301	1
41.27158469945355	4375	1
41.29207650273224	5063	1
41.33655737704918	9140	1
41.337759562841526	3372	1
41.359398907103824	2282	1
41.36349726775956	6033	1
41.36803278688525	2409	1
41.37114754098361	989	1
41.42327868852459	9966	1
41.42699453551913	1096	1
41.45081967213115	1563	1
41.45251366120218	9607	1
41.46874316939891	7151	1
41.512513661202185	887	1
41.53928961748634	8209	1
41.621803278688525	8487	1
41.64087431693989	6164	1
41.653224043715845	6090	1
41.65836065573771	5543	1
41.671147540983604	7201	1
41.67120218579235	3019	1
41.68081967213114	9904	1
41.68491803278688	1084	1
41.68737704918033	4492	1
41.70803278688524	5243	1
41.80196721311475	2925	1
41.80207650273224	8847	1
41.81464480874317	9314	1
41.843770491803284	9154	1
41.84612021857924	4219	1
41.8783606557377	3209	1
41.88994535519125	5665	1
41.90901639344262	2482	1
41.9420218579235	4628	1
41.951530054644806	4608	1
41.96448087431694	2621	1
41.96726775956284	8497	1
42.00808743169399	8970	1
42.00814207650273	6836	1
42.03551912568305	7862	1
42.03562841530054	8507	1
42.08535519125683	2744	1
42.1	9705	1
42.10540983606557	854	1
42.12661202185792	5308	1
42.15049180327869	5052	1
42.15934426229508	1782	1
42.159672131147545	2899	1
42.1612568306011	1862	1
42.19765027322404	1737	1
42.20836065573771	5777	1
42.2348087431694	5862	1
42.26502732240437	6188	1
42.28956284153005	5561	1
42.300710382513664	6139	1
42.307049180327866	8616	1
42.344098360655735	6741	1
42.41054644808743	4327	1
42.452240437158466	5954	1
42.45448087431694	6435	1
42.492677595628415	5695	1
42.52420765027322	4932	1
42.5396174863388	2237	1
42.606010928961744	8861	1
42.60896174863388	5681	1
42.65142076502732	9136	1
42.65398907103825	9615	1
42.671202185792346	7533	1
42.681912568306004	5146	1
42.6896174863388	5334	1
42.710546448087435	6853	1
42.72989071038252	7236	1
42.7979781420765	7219	1
42.8127868852459	8357	1
42.81928961748634	2408	1
42.84366120218579	9443	1
42.845245901639345	9973	1
42.8472131147541	1874	1
42.893879781420765	5900	1
42.89879781420765	1183	1
42.90382513661202	5812	1
42.918907103825134	9279	1
42.92994535519126	9704	1
42.94071038251366	5669	1
43.03693989071038	3	1
43.04737704918033	4447	1
43.05131147540984	9799	1
43.05306010928962	1427	1
43.0572131147541	9011	1
43.06579234972678	6145	1
43.06765027322405	4984	1
43.0707650273224	4396	1
43.07256830601093	5898	1
43.09311475409836	8723	1
43.10972677595628	9389	1
43.11196721311475	7685	1
43.12918032786885	5698	1
43.134535519125684	1046	1
43.13693989071038	404	1
43.16650273224044	4012	1
43.181311475409835	4482	1
43.18377049180327	9918	1
43.19131147540983	7753	1
43.202732240437165	2845	1
43.20628415300546	6154	1
43.206393442622954	3546	1
43.237158469945356	98	1
43.237814207650274	5184	1
43.239999999999995	6743	1
43.25666666666667	1159	1
43.25934426229508	8751	1
43.26491803278689	8635	1
43.28169398907104	7782	1
43.282732240437156	5221	1
43.2879781420765	691	1
43.292131147540985	3849	1
43.297704918032785	331	1
43.31650273224044	2907	1
43.316775956284154	4924	1
43.32601092896175	4739	1
43.34065573770492	5831	1
43.35688524590164	7055	1
43.36863387978141	6132	1
43.373715846994536	8775	1
43.38087431693989	9233	1
43.383825136612025	426	1
43.40601092896175	7741	1
43.426721311475404	5193	1
43.43081967213115	2939	1
43.43874316939891	5200	1
43.4431693989071	2120	1
43.443278688524586	9960	1
43.46398907103825	1466	1
43.50333333333334	1870	1
43.50868852459016	3619	1
43.51213114754098	1845	1
43.534207650273224	6313	1
43.5531693989071	7776	1
43.59628415300546	7028	1
43.600874316939894	2283	1
43.61469945355191	6105	1
43.625191256830604	3522	1
43.6287431693989	4632	1
43.6444262295082	2851	1
43.66612021857923	1053	1
43.67557377049181	1121	1
43.677158469945354	7186	1
43.68371584699454	1469	1
43.69071038251366	1988	1
43.706721311475405	6936	1
43.710819672131144	4777	1
43.71617486338798	6865	1
43.73846994535519	3720	1
43.73868852459016	8843	1
43.75584699453552	6096	1
43.7768306010929	898	1
43.77726775956284	9406	1
43.806338797814206	7169	1
43.811530054644805	7435	1
43.812349726775956	5244	1
43.8135519125683	8837	1
43.8348087431694	3030	1
43.83786885245902	3708	1
43.8383606557377	7977	1
43.84945355191257	4404	1
43.8575956284153	3898	1
43.87054644808743	8372	1
43.88120218579235	9902	1
43.886393442622946	6679	1
43.895737704918034	4567	1
43.90185792349727	1533	1
43.90300546448087	7745	1
43.90841530054645	6525	1
43.94153005464481	9694	1
43.94688524590164	3360	1
43.979180327868846	918	1
43.98087431693989	4310	1
43.98098360655738	1344	1
43.998251366120215	675	1
43.99994535519126	7469	1
44.005409836065574	6439	1
44.00901639344262	4899	1
44.0527868852459	4003	1
44.0535519125683	2558	1
44.0751912568306	9640	1
44.07573770491803	6224	1
44.07655737704918	8770	1
44.07781420765027	6190	1
44.07907103825137	8232	1
44.094863387978144	1169	1
44.09989071038252	2872	1
44.11628415300546	4718	1
44.120710382513664	9081	1
44.13666666666666	4140	1
44.13792349726776	8898	1
44.14617486338798	4622	1
44.15655737704918	2639	1
44.16846994535519	2300	1
44.17092896174863	8422	1
44.17530054644809	4801	1
44.186120218579234	2898	1
44.189945355191256	825	1
44.2183606557377	4057	1
44.22005464480874	8558	1
44.22863387978142	4251	1
44.23453551912568	6299	1
44.23956284153005	3975	1
44.264043715846995	8274	1
44.26562841530055	4119	1
44.298797814207646	2735	1
44.30885245901639	4660	1
44.31032786885246	2278	1
44.31114754098361	4605	1
44.32114754098361	6365	1
44.32846994535519	7474	1
44.33693989071038	9709	1
44.33754098360655	6383	1
44.350491803278686	9884	1
44.35311475409836	3604	1
44.36857923497268	8701	1
44.40573770491803	3512	1
44.4224043715847	8276	1
44.42852459016393	4131	1
44.44021857923497	6419	1
44.44579234972677	5038	1
44.45502732240437	8820	1
44.49912568306011	4854	1
44.50907103825136	776	1
44.51650273224044	6549	1
44.52879781420765	5858	1
44.54344262295082	2772	1
44.56579234972678	8925	1
44.58972677595628	6580	1
44.603497267759565	262	1
44.60398907103825	2781	1
44.63251366120218	6943	1
44.65081967213115	302	1
44.67524590163934	5625	1
44.68825136612022	2183	1
44.6996174863388	12	1
44.7172131147541	7007	1
44.72344262295082	7247	1
44.72546448087432	1993	1
44.73983606557377	7873	1
44.75453551912568	8080	1
44.77316939890711	4455	1
44.77704918032787	3111	1
44.785737704918034	5000	1
44.78715846994536	2622	1
44.80732240437158	1396	1
44.82071038251366	5950	1
44.821311475409836	4779	1
44.837704918032784	1062	1
44.837814207650275	4004	1
44.84245901639344	7517	1
44.85142076502732	9566	1
44.86142076502732	6049	1
44.86196721311475	6819	1
44.86601092896175	2284	1
44.867213114754094	3780	1
44.88054644808743	7646	1
44.92300546448087	5353	1
44.92896174863388	3262	1
44.933934426229506	5864	1
44.94136612021858	6202	1
44.95180327868852	1241	1
44.95502732240437	1023	1
44.9831693989071	4462	1
44.986338797814206	6052	1
44.99846994535519	801	1
45.02191256830601	6812	1
45.0272131147541	8025	1
45.03786885245901	6842	1
45.048032786885244	3983	1
45.05	7801	1
45.0703825136612	4013	1
45.081311475409834	1636	1
45.08950819672131	9035	1
45.10765027322404	1400	1
45.109398907103824	2739	1
45.11087431693989	8324	1
45.12344262295082	197	1
45.125901639344264	2517	1
45.13355191256831	3070	1
45.14	7268	1
45.1579781420765	869	1
45.16213114754098	3352	1
45.16797814207651	3012	1
45.17185792349727	1573	1
45.17437158469945	8211	1
45.2088524590164	8168	1
45.21054644808743	1259	1
45.230655737704915	2376	1
45.23650273224044	4022	1
45.28295081967213	4953	1
45.308087431693984	9137	1
45.310819672131146	8272	1
45.311857923497264	8678	1
45.31273224043716	2691	1
45.326885245901636	422	1
45.33448087431694	859	1
45.34579234972677	5190	1
45.34622950819672	3472	1
45.353497267759565	1277	1
45.356502732240436	6446	1
45.357595628415304	9516	1
45.36065573770492	8917	1
45.3648087431694	2265	1
45.369562841530055	4665	1
45.3772131147541	5186	1
45.42256830601092	2855	1
45.42508196721312	4502	1
45.42846994535519	7980	1
45.44202185792349	2556	1
45.44327868852459	1299	1
45.457486338797814	1983	1
45.468032786885246	2740	1
45.47032786885246	7023	1
45.47568306010929	1995	1
45.4779781420765	2454	1
45.4831693989071	2568	1
45.48344262295082	2617	1
45.518142076502734	9461	1
45.520437158469946	826	1
45.52366120218579	6646	1
45.52497267759563	4578	1
45.52846994535519	6986	1
45.52983606557377	3218	1
45.531256830601095	4600	1
45.573879781420764	4187	1
45.60251366120219	4345	1
45.61612021857923	796	1
45.6351912568306	9881	1
45.637923497267764	7097	1
45.661475409836065	4949	1
45.68032786885246	8502	1
45.709999999999994	5850	1
45.714262295081966	7079	1
45.72601092896175	5008	1
45.73049180327869	1846	1
45.73142076502732	1537	1
45.73732240437159	6480	1
45.74546448087432	3335	1
45.74945355191257	7024	1
45.756502732240435	1435	1
45.78371584699454	2728	1
45.791420765027326	449	1
45.80726775956284	7609	1
45.810874316939895	6820	1
45.81628415300546	9393	1
45.826939890710385	3805	1
45.841147540983606	2371	1
45.861693989071036	1814	1
45.86420765027323	3938	1
45.86464480874317	6250	1
45.86967213114754	2414	1
45.87622950819672	4285	1
45.88961748633879	6527	1
45.898032786885246	4055	1
45.90142076502732	4587	1
45.90322404371585	7264	1
45.904426229508196	4282	1
45.938360655737704	7896	1
45.94054644808743	4137	1
45.96830601092896	8978	1
45.97191256830601	6036	1
45.975464480874315	2437	1
45.990819672131146	458	1
45.99273224043716	1170	1
46.00448087431694	5315	1
46.01448087431694	8107	1
46.01715846994536	3511	1
46.02207650273224	2269	1
46.03262295081967	4349	1
46.04234972677595	1353	1
46.04748633879782	3033	1
46.06131147540983	3135	1
46.065628415300544	7718	1
46.06819672131147	7975	1
46.07043715846995	4182	1
46.072404371584696	2058	1
46.08639344262295	1601	1
46.09672131147541	6150	1
46.1044262295082	9112	1
46.142021857923496	3404	1
46.16021857923497	4879	1
46.186885245901635	4044	1
46.19688524590164	5384	1
46.20027322404371	9285	1
46.207158469945355	5179	1
46.235956284153005	4965	1
46.24071038251366	4603	1
46.249453551912566	7014	1
46.320109289617484	1448	1
46.35098360655738	2365	1
46.38885245901639	7204	1
46.39967213114754	2094	1
46.41431693989071	2674	1
46.43005464480874	3774	1
46.432131147540986	419	1
46.43256830601093	6918	1
46.43551912568306	7245	1
46.47311475409836	6582	1
46.47491803278689	2931	1
46.47612021857923	7775	1
46.51606557377049	7981	1
46.516994535519125	3076	1
46.52016393442623	4596	1
46.55010928961749	9429	1
46.597868852459015	1650	1
46.60475409836065	692	1
46.606448087431694	4637	1
46.61792349726776	2388	1
46.63060109289617	5015	1
46.63415300546448	770	1
46.648415300546446	9277	1
46.68535519125683	7804	1
46.68672131147541	1558	1
46.734808743169395	6095	1
46.74185792349727	8447	1
46.773715846994534	8037	1
46.81743169398907	3056	1
46.818961748633875	7046	1
46.82448087431694	6909	1
46.834371584699454	2715	1
46.87120218579235	6788	1
46.88535519125683	3799	1
46.896502732240435	4569	1
46.90765027322404	6575	1
46.90863387978142	5185	1
46.92579234972678	5326	1
46.93601092896174	4726	1
46.9412568306011	9562	1
46.95590163934426	5520	1
46.97978142076502	7471	1
46.983005464480875	6118	1
46.9892349726776	3450	1
47.02360655737704	9905	1
47.054426229508195	4759	1
47.08841530054645	8802	1
47.1027868852459	4747	1
47.10355191256831	7768	1
47.12885245901639	8688	1
47.14617486338798	2798	1
47.1707650273224	7811	1
47.17103825136612	5011	1
47.18710382513661	3336	1
47.20284153005465	7229	1
47.203825136612025	1058	1
47.21890710382514	2842	1
47.23191256830601	3988	1
47.25633879781421	8419	1
47.261092896174866	5517	1
47.2716393442623	2554	1
47.30136612021858	9700	1
47.34060109289617	8693	1
47.341584699453556	8024	1
47.361693989071036	1419	1
47.41169398907104	2948	1
47.4275956284153	9585	1
47.43284153005464	4229	1
47.45092896174863	7876	1
47.51103825136612	5788	1
47.518196721311476	9486	1
47.53054644808743	2926	1
47.533551912568306	6476	1
47.556721311475414	7889	1
47.56464480874317	8902	1
47.58158469945355	6758	1
47.587759562841526	6571	1
47.60535519125683	8193	1
47.62185792349727	7619	1
47.639781420765026	2889	1
47.64398907103825	550	1
47.65049180327868	8620	1
47.65147540983606	3767	1
47.652841530054644	9423	1
47.65781420765027	2337	1
47.667486338797815	7481	1
47.694754098360654	5256	1
47.710928961748635	1570	1
47.738907103825134	8624	1
47.76601092896175	5710	1
47.77218579234973	3981	1
47.77989071038252	2829	1
47.7851912568306	9766	1
47.79262295081967	9545	1
47.798852459016395	8378	1
47.80448087431694	676	1
47.82071038251366	200	1
47.82382513661202	6078	1
47.83644808743169	3480	1
47.84819672131148	1352	1
47.85016393442623	4536	1
47.85994535519126	5686	1
47.862950819672136	2192	1
47.88010928961749	1338	1
47.89409836065573	4560	1
47.8955737704918	5474	1
47.90710382513661	8841	1
47.91863387978142	6669	1
47.92032786885246	4060	1
47.94098360655738	5124	1
47.95005464480874	8442	1
47.96398907103825	102	1
47.965737704918034	7676	1
47.97120218579235	3369	1
47.97743169398907	9744	1
47.99775956284152	4610	1
48.00907103825137	7726	1
48.01043715846994	2699	1
48.013715846994536	389	1
48.02469945355191	9718	1
48.027103825136614	6716	1
48.028961748633876	8566	1
48.03524590163934	2222	1
48.042076502732236	3215	1
48.05896174863388	3935	1
48.05945355191256	949	1
48.08633879781421	3853	1
48.104972677595626	8029	1
48.11010928961748	1648	1
48.12142076502732	9287	1
48.152513661202185	4730	1
48.15464480874317	5467	1
48.15972677595628	9646	1
48.170109289617486	9753	1
48.188087431693994	4123	1
48.194754098360654	250	1
48.19732240437158	6056	1
48.244535519125684	5222	1
48.24852459016394	6091	1
48.24918032786885	8961	1
48.25251366120218	9793	1
48.26879781420765	6176	1
48.279726775956284	2465	1
48.29715846994535	5320	1
48.30142076502732	1488	1
48.308579234972676	8077	1
48.327267759562844	547	1
48.34502732240438	4428	1
48.35371584699454	4341	1
48.37502732240437	7224	1
48.40502732240437	6196	1
48.408087431693986	1242	1
48.424644808743174	7242	1
48.433934426229506	2153	1
48.43639344262295	9817	1
48.44185792349727	9384	1
48.44486338797814	5080	1
48.452950819672125	4663	1
48.453770491803276	6588	1
48.49185792349727	1322	1
48.505683060109284	995	1
48.518579234972684	7274	1
48.53398907103825	7565	1
48.536120218579235	8515	1
48.541693989071035	2040	1
48.56398907103825	6447	1
48.57595628415301	3088	1
48.583989071038246	7733	1
48.592677595628416	5673	0
48.61644808743169	1754	1
48.61901639344263	1341	1
48.62677595628415	5372	1
48.642349726775954	3451	1
48.65081967213115	4609	1
48.68972677595629	1864	1
48.69153005464481	4102	1
48.69387978142077	2307	1
48.7035519125683	6374	1
48.722896174863386	9110	1
48.74207650273224	3055	1
48.75415300546448	2445	1
48.780928961748636	3931	1
48.787978142076504	8135	1
48.787978142076504	9162	1
48.79333333333334	7038	1
48.81131147540984	6658	1
48.814480874316935	4833	1
48.829125683060106	5346	1
48.82972677595629	6204	1
48.86437158469945	7910	1
48.89005464480874	6034	1
48.92704918032787	9210	1
48.928251366120215	6396	1
48.96409836065573	6153	1
48.97622950819672	8073	1
48.97704918032787	7585	1
48.9875956284153	9544	1
49.00513661202186	4041	1
49.02989071038252	2418	1
49.05153005464481	2312	1
49.06590163934426	4652	1
49.07245901639344	3976	1
49.073551912568306	6852	1
49.07497267759563	679	1
49.09360655737705	982	1
49.100491803278686	8700	1
49.12715846994536	2671	1
49.129344262295085	233	1
49.13612021857924	3141	1
49.14743169398907	6152	1
49.155901639344265	5122	1
49.16431693989071	4030	1
49.16770491803278	3121	1
49.168961748633876	5082	1
49.18573770491803	4136	1
49.186994535519126	9641	1
49.21180327868853	5664	1
49.23584699453552	353	1
49.25409836065574	3030	0
49.27628415300546	429	1
49.294754098360656	2118	1
49.306994535519124	3962	1
49.32398907103825	9359	1
49.33748633879781	2669	1
49.35103825136612	2588	1
49.35918032786885	3813	1
49.363224043715846	6595	1
49.36699453551912	6212	1
49.372896174863385	7979	1
49.389071038251366	5826	1
49.415846994535514	1482	1
49.4203825136612	4996	1
49.43043715846994	2684	1
49.44863387978142	8955	1
49.45136612021857	8056	1
49.47551912568306	1097	1
49.48437158469945	9871	1
49.49207650273224	9732	1
49.50065573770492	8986	1
49.52060109289617	1584	1
49.523387978142075	3637	1
49.54666666666667	2364	1
49.56333333333333	195	1
49.57295081967213	9564	1
49.60972677595628	7127	1
49.63693989071038	4832	1
49.64109289617486	7509	1
49.65234972677595	8759	1
49.65535519125683	151	1
49.6803825136612	4410	1
49.685081967213115	244	1
49.70333333333333	1924	1
49.71185792349727	5706	1
49.72382513661202	6473	1
49.73491803278688	3679	1
49.74628415300546	1589	1
49.754972677595624	7533	0
49.756612021857926	3666	1
49.76398907103825	8872	1
49.802131147540976	6359	1
49.80459016393443	9447	1
49.80546448087432	9214	1
49.8244262295082	9768	1
49.83846994535519	2854	1
49.86901639344262	3162	1
49.87049180327869	5210	1
49.872950819672134	3339	1
49.92360655737705	8141	1
49.93497267759563	9494	1
49.94825136612022	3466	1
49.950437158469946	4558	1
49.95431693989071	9158	1
49.961202185792345	9459	1
49.96885245901639	9795	1
49.96928961748634	929	1
49.97032786885246	7451	1
49.98355191256831	2819	1
49.98781420765027	5920	1
49.98956284153006	7763	1
50.01677595628416	7347	1
50.025519125683054	4683	1
50.041803278688526	782	1
50.09584699453552	2500	1
50.09644808743169	1748	1
50.10934426229508	6472	1
50.11978142076503	1376	1
50.175300546448085	582	1
50.17699453551913	2261	1
50.181639344262294	5585	1
50.2148087431694	5969	1
50.21896174863388	6432	1
50.23016393442622	9755	1
50.249071038251365	6378	1
50.272896174863384	7652	1
50.281584699453546	6584	1
50.2851912568306	6085	1
50.29404371584699	3734	1
50.30322404371584	6024	1
50.31060109289617	9450	1
50.37765027322404	786	1
50.389016393442624	1575	1
50.40486338797814	9360	1
50.40907103825136	7411	1
50.41475409836065	414	1
50.41830601092896	6619	1
50.43852459016393	5660	1
50.44601092896175	64	1
50.452295081967215	2702	1
50.45879781420765	7100	1
50.47672131147541	5705	1
50.52459016393443	159	1
50.543606557377046	4172	1
50.55081967213115	2241	1
50.562349726775956	2089	1
50.575081967213116	5940	1
50.57633879781421	2519	1
50.58202185792349	9030	1
50.58524590163935	8732	1
50.588196721311476	176	1
50.592568306010925	7233	1
50.603497267759565	9332	1
50.61371584699454	2940	1
50.63803278688525	5603	1
50.650655737704916	8905	1
50.6531693989071	6952	1
50.65387978142077	5744	1
50.65650273224044	0	1
50.6627868852459	6526	1
50.66590163934426	4679	1
50.66628415300546	1127	1
50.67005464480874	4358	1
50.67841530054645	6104	1
50.68562841530054	3407	1
50.68852459016393	852	1
50.7020218579235	3699	1
50.71103825136612	4543	1
50.72136612021858	6861	1
50.723278688524594	6989	1
50.73284153005464	892	1
50.73333333333333	2196	1
50.734535519125686	3804	1
50.73540983606558	2827	1
50.74218579234973	2206	1
50.750491803278685	6924	1
50.75185792349726	4324	1
50.752786885245904	9574	1
50.75677595628416	5993	1
50.75830601092896	4399	1
50.76016393442623	6011	1
50.76453551912568	7710	1
50.77065573770492	6290	1
50.77983606557377	2581	1
50.77989071038251	7643	1
50.780437158469944	884	1
50.78704918032787	1732	1
50.80360655737705	6881	1
50.81983606557377	5785	1
50.823169398907105	8865	1
50.82601092896175	3946	1
50.84497267759563	752	1
50.84628415300546	9470	1
50.85513661202186	8454	1
50.85584699453552	9274	1
50.8596174863388	9031	1
50.867704918032786	3956	1
50.871475409836066	917	1
50.876666666666665	7737	1
50.877377049180325	1711	1
50.88355191256831	9683	1
50.89322404371585	2580	1
50.89409836065574	3638	1
50.90928961748634	2993	1
50.910327868852455	8375	1
50.92087431693989	9621	1
50.926885245901644	6351	1
50.930109289617484	9797	1
50.941475409836066	9202	1
50.9431693989071	5545	1
50.94530054644809	9594	1
50.95426229508197	5143	1
50.95666666666667	4742	1
50.966120218579235	5192	1
50.983825136612026	7420	1
50.98650273224043	7783	1
50.9883606557377	6076	1
50.991857923497264	1888	1
50.9975956284153	6395	1
50.999453551912566	6417	1
51.002459016393445	5387	1
51.01306010928962	4597	1
51.02622950819672	4958	1
51.0379781420765	1724	1
51.046612021857925	4292	1
51.04901639344262	2647	1
51.05978142076503	4465	1
51.05989071038251	8756	1
51.06633879781421	261	1
51.07338797814207	6697	1
51.08431693989071	1119	1
51.09928961748634	3486	1
51.10524590163934	3586	1
51.1063387978142	2811	1
51.12043715846995	9178	1
51.12398907103825	1297	1
51.12448087431694	2039	1
51.13191256830601	2259	1
51.13945355191257	1264	1
51.170437158469944	5399	1
51.17415300546448	922	1
51.176065573770494	9844	1
51.18459016393442	2792	1
51.192622950819676	7828	1
51.20060109289618	7848	1
51.20612021857924	6751	1
51.20830601092896	6556	1
51.20879781420766	4819	1
51.214043715847	4952	1
51.215792349726776	7135	1
51.2279781420765	6641	1
51.22901639344262	6981	1
51.23655737704918	7222	1
51.253606557377054	9715	1
51.2596174863388	1680	1
51.28382513661202	1616	1
51.28524590163935	7972	1
51.29256830601093	8869	1
51.29743169398907	3615	1
51.298469945355194	9221	0
51.304043715846994	4031	1
51.3079781420765	8404	1
51.31726775956284	4950	1
51.3207650273224	7614	1
51.3267213114754	358	1
51.334043715846995	8661	1
51.33497267759563	3338	1
51.33989071038251	5273	1
51.35180327868852	615	1
51.356120218579235	5618	1
51.38273224043716	749	1
51.384535519125684	5492	1
51.38726775956284	9024	1
51.39704918032787	9846	1
51.40398907103825	1621	1
51.41661202185793	9440	1
51.4220218579235	2534	1
51.424918032786884	4161	1
51.42983606557377	6146	1
51.43	1133	1
51.43262295081967	2410	1
51.43311475409836	4633	1
51.437431693989076	6171	1
51.45344262295082	6589	1
51.45431693989071	7051	1
51.45628415300546	4279	1
51.457978142076506	3100	1
51.46726775956284	81	1
51.48956284153005	5149	1
51.49054644808743	2031	1
51.50377049180328	5598	1
51.52382513661202	4973	1
51.52688524590164	9673	1
51.53005464480874	8483	1
51.55426229508197	1610	1
51.56912568306011	8235	1
51.5968306010929	3665	1
51.602295081967206	8399	1
51.60486338797814	5236	1
51.61136612021858	6908	1
51.61442622950819	2349	1
51.61836065573771	1898	1
51.62382513661202	8808	1
51.63355191256831	2257	1
51.63606557377049	3953	1
51.638306010928964	5703	1
51.6436612021858	2736	1
51.651038251366124	1388	1
51.66109289617486	7617	1
51.67256830601093	7368	1
51.67961748633879	1600	1
51.68814207650273	9418	1
51.69590163934426	6075	1
51.70109289617486	5205	1
51.70218579234973	9523	1
51.70699453551912	8657	1
51.71098360655738	1720	1
51.715300546448084	6450	1
51.753442622950814	2520	1
51.75901639344262	652	1
51.788743169398906	7702	1
51.79327868852459	9251	1
51.80387978142076	5268	1
51.80415300546448	3156	1
51.82469945355191	313	1
51.8292349726776	7305	1
51.82983606557377	30	1
51.85409836065574	7802	1
51.85437158469946	7415	1
51.85628415300546	9897	1
51.87131147540983	568	1
51.900000000000006	6388	1
51.906612021857924	4303	1
51.9079781420765	9144	1
51.9087431693989	1479	1
51.913387978142076	7417	1
51.92633879781421	2116	1
51.930109289617484	6494	1
51.93928961748634	2213	1
51.95109289617486	7205	1
51.95415300546448	8088	1
51.963060109289614	6904	1
51.97016393442623	8637	1
51.97639344262295	9708	1
51.97672131147541	1608	1
51.97677595628415	7108	1
51.97710382513661	2224	1
51.982240437158474	2725	1
51.99032786885246	1025	1
51.994918032786885	6649	1
52.010601092896174	8360	1
52.012622950819676	9224	1
52.02437158469945	8115	1
52.03497267759563	4258	1
52.0527868852459	7110	1
52.055245901639346	1826	1
52.05792349726776	6490	1
52.08502732240437	9077	1
52.093715846994535	4201	1
52.106830601092895	811	1
52.11338797814207	8915	1
52.12114754098361	701	1
52.129234972677594	1693	1
52.14234972677596	8467	1
52.15590163934426	7048	1
52.16092896174863	5100	1
52.16349726775956	9953	1
52.16950819672131	5688	1
52.17027322404372	7304	1
52.18502732240437	2016	1
52.18540983606557	6934	1
52.194043715846995	7084	1
52.21087431693989	56	1
52.21464480874317	3977	1
52.21524590163934	9533	1
52.22715846994535	9801	1
52.227704918032785	7507	1
52.23065573770492	3273	1
52.29710382513661	6369	1
52.300983606557374	7437	1
52.302622950819675	931	1
52.31448087431694	6511	1
52.31650273224044	4885	1
52.33633879781421	6805	1
52.336994535519125	5111	1
52.34584699453552	6880	1
52.3475956284153	7341	1
52.34989071038252	8026	1
52.36349726775956	2848	1
52.366885245901635	3655	1
52.370327868852456	2685	1
52.3755737704918	5502	1
52.39043715846994	5105	1
52.39322404371585	5023	1
52.40562841530054	3341	1
52.408087431693986	3201	1
52.4083606557377	3632	1
52.43890710382514	3878	1
52.444426229508196	6353	1
52.47710382513661	8803	1
52.48437158469945	1394	1
52.49322404371585	3611	1
52.50213114754098	6933	1
52.50890710382514	9280	1
52.51803278688524	932	1
52.52617486338798	9563	1
52.52650273224044	6702	1
52.54775956284153	4190	1
52.55617486338797	3178	1
52.56830601092896	2248	1
52.569016393442624	9841	1
52.58677595628415	2336	1
52.600109289617485	6135	1
52.62	4877	1
52.6287431693989	2005	1
52.674972677595626	2338	1
52.67792349726776	7303	1
52.68622950819672	7188	1
52.68699453551912	6645	1
52.688360655737704	255	1
52.69874316939891	8680	1
52.70710382513661	9675	1
52.71027322404371	6020	1
52.722076502732236	2896	1
52.72677595628416	1220	1
52.728415300546445	6415	1
52.74103825136611	9929	1
52.76142076502732	3844	1
52.774918032786886	8958	1
52.78901639344262	2984	1
52.80431693989071	4974	1
52.80546448087431	3193	1
52.806284153005464	5869	1
52.82284153005464	473	1
52.82366120218579	8995	1
52.82601092896174	7206	1
52.835901639344264	8078	1
52.84808743169399	7056	1
52.85005464480874	952	1
52.87185792349727	9993	1
52.87311475409836	7375	1
52.879617486338795	100	1
52.915245901639345	2289	1
52.91661202185792	1803	1
52.91797814207651	9176	1
52.93622950819672	8516	1
52.96409836065574	4480	1
52.9712568306011	719	1
53.00125683060109	5305	1
53.01360655737705	6429	1
53.035683060109285	565	1
53.042513661202186	6106	1
53.04644808743169	2450	1
53.054043715846994	248	1
53.05426229508197	8053	1
53.064207650273225	9962	1
53.06890710382513	3896	1
53.074043715847	6156	1
53.077595628415295	5903	1
53.084863387978146	1670	1
53.0864480874317	2756	1
53.09781420765027	7494	1
53.10147540983607	7493	1
53.10956284153006	590	1
53.12978142076502	3754	1
53.131967213114756	9980	1
53.139726775956284	748	1
53.14349726775956	8122	1
53.1635519125683	7283	1
53.16754098360656	8504	1
53.17437158469945	4640	1
53.17442622950819	5266	1
53.18229508196721	6275	1
53.18743169398907	5983	1
53.18825136612022	2815	1
53.188743169398904	295	1
53.193934426229504	163	1
53.19573770491803	9191	1
53.19786885245902	4750	1
53.19846994535519	6900	1
53.21765027322404	6754	1
53.22857923497268	8229	1
53.25453551912568	6123	1
53.25595628415301	5535	1
53.25628415300547	1335	1
53.25644808743169	4024	1
53.2648087431694	8521	1
53.27475409836066	7569	1
53.283497267759564	6655	1
53.2848087431694	1491	1
53.28699453551912	269	1
53.28775956284153	8858	1
53.28803278688524	7689	1
53.30169398907104	7900	1
53.31617486338798	7715	1
53.33163934426229	7611	1
53.35513661202186	7935	1
53.355300546448085	1086	1
53.38010928961749	7527	1
53.381092896174856	6773	1
53.39032786885245	8250	1
53.39972677595628	4027	1
53.40207650273224	7934	1
53.410000000000004	1291	1
53.41322404371585	2062	1
53.425956284153	460	1
53.4355737704918	9667	1
53.43754098360655	7500	1
53.444426229508196	5251	1
53.44502732240437	3424	1
53.45950819672131	2051	1
53.48207650273224	3045	1
53.49508196721311	8310	1
53.49994535519126	6211	1
53.503879781420764	1018	1
53.53814207650273	7456	1
53.553005464480876	905	1
53.55540983606557	5783	1
53.56229508196721	9339	1
53.566830601092896	8540	1
53.5835519125683	4725	1
53.58426229508196	1839	1
53.588196721311476	9135	1
53.61666666666667	4095	1
53.62060109289617	9498	1
53.62803278688524	4422	1
53.637868852459015	4315	1
53.64677595628415	4451	1
53.648032786885246	7839	1
53.65989071038251	9194	1
53.669672131147536	1463	1
53.67617486338798	8776	1
53.677540983606555	4669	1
53.689453551912564	9827	1
53.69344262295082	6080	1
53.69497267759562	6965	1
53.69983606557377	7371	1
53.703060109289616	5758	1
53.71437158469946	4583	1
53.71754098360656	3114	1
53.7312568306011	1067	1
53.73508196721311	424	1
53.74322404371584	85	1
53.7575956284153	6413	1
53.76765027322404	2348	1
53.7748087431694	1306	1
53.80693989071038	5475	1
53.82125683060109	7630	1
53.82338797814207	2107	1
53.82901639344262	1044	1
53.83169398907104	1198	1
53.841530054644814	757	1
53.85256830601093	438	1
53.857540983606555	8119	1
53.88453551912568	3980	1
53.891639344262295	9651	1
53.89546448087432	8194	1
53.90650273224043	8742	1
53.91650273224043	9093	1
53.92366120218579	8567	1
53.93021857923497	6569	1
53.971748633879784	7147	1
54.0111475409836	3249	1
54.016994535519125	9682	0
54.01907103825136	1408	1
54.032459016393446	4921	1
54.03841530054645	4791	1
54.06360655737704	5316	1
54.07256830601092	3506	1
54.07289617486339	2795	1
54.07677595628416	8789	1
54.087814207650275	9741	1
54.091530054644814	1758	1
54.109890710382516	350	1
54.11584699453552	5445	1
54.15486338797814	4109	1
54.16814207650273	9584	1
54.17513661202186	7392	1
54.176775956284146	2209	1
54.20087431693989	1638	1
54.210491803278686	4831	1
54.21213114754098	923	1
54.22863387978142	841	1
54.229672131147545	1350	1
54.23923497267759	6553	1
54.25601092896175	5741	1
54.2735519125683	6063	1
54.27961748633879	1099	1
54.30535519125683	6258	1
54.31136612021858	9780	1
54.31923497267759	9515	1
54.32005464480874	714	1
54.32295081967213	6560	1
54.32732240437158	6475	1
54.347595628415306	9337	1
54.355956284153	9532	1
54.357540983606555	6430	1
54.360273224043716	5140	1
54.36754098360656	6356	1
54.38103825136612	1776	1
54.38846994535519	7860	1
54.39781420765027	5552	1
54.41311475409836	9866	1
54.41699453551912	1090	1
54.42546448087431	1664	1
54.428306010928964	8893	1
54.429836065573774	298	1
54.43366120218579	2001	1
54.44087431693989	1915	1
54.44808743169399	6746	1
54.45355191256831	3354	1
54.45513661202186	7570	1
54.46475409836065	5444	1
54.4787431693989	704	1
54.48486338797814	9762	1
54.49726775956284	8901	1
54.52289617486339	4427	1
54.52770491803279	131	1
54.532021857923496	8594	1
54.53322404371585	9463	1
54.547704918032785	1830	1
54.55775956284153	65	1
54.565191256830595	6910	1
54.578743169398905	7134	1
54.588907103825136	4538	1
54.621693989071034	871	1
54.63781420765027	9307	1
54.65573770491803	7705	1
54.659562841530054	8288	1
54.67103825136612	5518	1
54.67431693989071	2967	1
54.676502732240436	4657	1
54.68196721311475	3921	1
54.686885245901635	54	1
54.69125683060109	8798	1
54.699999999999996	4475	1
54.70273224043716	3063	1
54.72295081967213	4554	1
54.751366120218584	9051	1
54.775956284153004	8498	1
54.775956284153004	2698	1
54.785792349726776	1362	1
54.79125683060109	1383	1
54.812568306010924	486	1
54.833333333333336	9776	1
54.834426229508196	1775	1
54.84699453551912	4405	1
54.84699453551912	7908	1
54.85136612021858	1003	1
54.85737704918033	2295	1
54.86502732240437	4914	1
54.86775956284153	4889	1
54.87213114754098	9867	1
54.87486338797814	6017	1
54.875956284153006	3122	1
54.88142076502732	9078	1
54.89344262295082	8143	1
54.89781420765027	5187	1
54.90437158469945	7638	1
54.91202185792349	5723	1
54.923497267759565	4313	1
54.92622950819672	9885	1
54.93442622950819	8663	1
54.94426229508196	9318	1
54.948633879781426	5955	1
54.96120218579235	6591	1
54.9688524590164	5189	1
54.97377049180328	5701	1
54.989617486338794	9343	1
54.99453551912568	7035	1
54.99508196721311	8623	1
55.00437158469945	7319	1
55.00874316939891	1854	1
55.009836065573765	6066	1
55.0103825136612	3009	1
55.01857923497268	4532	1
55.02513661202185	779	1
55.03114754098361	2945	1
55.03606557377049	4183	1
55.053005464480876	3160	1
55.06065573770492	7465	1
55.061202185792354	454	1
55.09508196721311	7410	1
55.10327868852459	7861	1
55.10819672131147	2936	1
55.12732240437158	3392	1
55.12950819672131	194	1
55.131147540983605	5719	1
55.14262295081967	681	1
55.14863387978142	5736	1
55.157377049180326	2994	1
55.1672131147541	1689	1
55.17814207650273	6719	1
55.18196721311475	3131	1
55.183606557377054	5136	1
55.19234972677595	1413	1
55.192896174863385	7859	1
55.197814207650275	7633	1
55.19945355191256	9255	1
55.20163934426229	5241	1
55.20327868852459	459	1
55.203825136612025	7875	1
55.20874316939891	5891	1
55.21256830601093	6486	1
55.227322404371584	3591	1
55.236065573770496	1833	1
55.243169398907106	6098	1
55.26120218579235	3973	1
55.275956284153004	4516	1
55.27650273224043	8184	1
55.28142076502733	4835	1
55.28524590163934	6625	1
55.29562841530055	9724	1
55.29781420765027	9785	1
55.31693989071038	8189	1
55.33224043715847	1443	1
55.35355191256831	3909	1
55.35846994535519	7364	1
55.36338797814208	6414	1
55.36830601092896	1910	1
55.37868852459017	347	1
55.380874316939895	1972	1
55.38688524590164	3462	1
55.39562841530055	1700	1
55.39781420765027	6841	1
55.41366120218579	5614	1
55.41857923497268	3069	1
55.43825136612022	7778	1
55.44918032786885	8411	1
55.45355191256831	7439	1
55.45956284153005	2459	1
55.46174863387978	6399	1
55.48415300546448	232	1
55.485245901639345	1932	1
55.498360655737706	5165	1
55.50601092896175	1590	1
55.521857923497265	8180	1
55.53005464480874	2754	1
55.54972677595628	8714	1
55.562295081967214	6423	1
55.568306010928964	1149	1
55.5688524590164	2116	0
55.578142076502736	4115	1
55.57868852459016	3527	1
55.58087431693989	6142	1
55.589617486338796	1820	1
55.59071038251366	8095	1
55.59617486338798	9488	1
55.596721311475406	3711	1
55.6	9958	1
55.60601092896175	6237	1
55.622950819672134	6877	1
55.62404371584699	3042	1
55.625136612021855	8603	1
55.64043715846994	6316	1
55.65081967213115	2538	1
55.68415300546448	5912	1
55.68852459016394	4509	1
55.69562841530055	1021	1
55.698907103825135	8346	1
55.70765027322404	7986	1
55.70983606557377	3598	1
55.71748633879781	2992	1
55.71967213114754	3923	1
55.72404371584699	5167	1
55.740437158469945	5450	1
55.75081967213115	6307	1
55.756830601092894	1229	1
55.77431693989071	4180	1
55.780874316939894	7629	1
55.783060109289615	7208	1
55.7896174863388	4982	1
55.79398907103825	4961	1
55.79562841530055	3049	1
55.81147540983606	2774	1
55.815300546448086	5674	1
55.81584699453552	3395	1
55.81584699453552	2331	1
55.81584699453552	8999	1
55.82185792349726	2205	1
55.82677595628415	3926	1
55.827322404371586	4166	1
55.82786885245902	6780	1
55.83989071038251	3979	1
55.84316939890711	2955	1
55.85464480874317	1404	1
55.858469945355196	3324	1
55.86229508196721	7514	1
55.885245901639344	8389	1
55.89453551912568	6576	1
55.899453551912565	9282	1
55.90437158469945	8704	1
55.91693989071038	7512	1
55.9224043715847	4437	1
55.92568306010929	2659	1
55.93934426229508	2682	1
55.939890710382514	3308	1
55.94262295081967	2972	1
55.9431693989071	7334	1
55.944808743169396	879	1
55.945901639344264	3252	1
55.97158469945355	8897	1
55.972131147540985	8237	1
55.973224043715845	2540	1
55.995628415300544	3574	1
56.005464480874316	9062	1
56.00819672131148	3208	1
56.013661202185794	3158	1
56.0224043715847	3244	1
56.023497267759566	9105	1
56.050273224043714	1157	1
56.051366120218574	2155	1
56.06174863387978	1960	1
56.0655737704918	5160	1
56.07267759562841	6931	1
56.07377049180327	1139	1
56.10437158469945	2027	1
56.10928961748633	7069	1
56.11256830601093	3143	1
56.11748633879781	7402	1
56.122950819672134	1696	1
56.126229508196715	9305	1
56.12732240437158	8129	1
56.13879781420765	8525	1
56.147540983606554	1	1
56.14972677595628	2733	1
56.15409836065574	967	1
56.15846994535519	7855	1
56.17213114754098	5345	1
56.17213114754098	8101	1
56.175409836065576	9482	1
56.17868852459016	1371	1
56.17923497267759	3756	1
56.183606557377054	947	1
56.1879781420765	4400	1
56.197814207650275	7388	1
56.20546448087432	2859	1
56.21311475409836	4103	1
56.216393442622945	611	1
56.221311475409834	7284	1
56.2224043715847	5644	1
56.22404371584699	7452	1
56.2311475409836	9969	1
56.23551912568306	2330	1
56.243169398907106	8261	1
56.24426229508197	4169	1
56.24699453551912	3942	1
56.25027322404372	2818	1
56.256830601092894	2443	1
56.258469945355195	9582	1
56.26830601092896	5382	1
56.274863387978144	4615	1
56.279781420765026	293	1
56.280874316939894	1458	1
56.29945355191256	537	1
56.301092896174865	4850	1
56.30273224043716	5161	1
56.33005464480874	4684	1
56.340437158469946	7850	1
56.349726775956285	5091	1
56.361202185792344	5459	1
56.36557377049181	6335	1
56.37213114754098	5159	1
56.37431693989071	8065	1
56.38032786885246	2730	1
56.39125683060109	8777	1
56.39180327868852	545	1
56.399453551912565	2204	1
56.41420765027322	386	1
56.41530054644809	5526	1
56.424590163934425	6469	1
56.43497267759563	2783	1
56.43661202185792	6342	1
56.44098360655738	5405	1
56.45901639344262	707	1
56.46065573770492	1726	1
56.47377049180327	3847	1
56.483606557377044	4204	1
56.496721311475405	3879	1
56.49726775956284	6304	1
56.49781420765027	5501	1
56.50218579234973	5350	1
56.50273224043716	5127	1
56.50655737704918	2712	1
56.514754098360655	374	1
56.51584699453552	1019	1
56.52021857923497	8965	1
56.525683060109294	4165	1
56.527868852459015	3245	1
56.5311475409836	2297	1
56.546994535519126	549	1
56.55191256830601	3595	1
56.553005464480876	743	1
56.55355191256831	1237	1
56.56284153005465	8066	1
56.58087431693989	443	1
56.58524590163935	8395	1
56.59016393442623	6517	1
56.59289617486339	6121	1
56.60437158469945	9504	1
56.61748633879781	8508	1
56.630054644808745	9220	1
56.63387978142076	8740	1
56.64262295081967	9851	1
56.644262295081965	8365	1
56.64644808743169	2146	1
56.648633879781414	3650	1
56.6551912568306	6026	1
56.657377049180326	6954	1
56.670491803278686	4990	1
56.670491803278686	977	1
56.67158469945355	3652	1
56.67213114754098	6891	1
56.675409836065576	8862	1
56.67868852459016	6287	1
56.68251366120219	6477	1
56.69562841530055	1806	1
56.698907103825135	3008	1
56.70983606557377	6462	1
56.72404371584699	469	1
56.72459016393442	6539	1
56.72568306010929	6337	1
56.727322404371584	4824	1
56.741530054644805	4063	1
56.74262295081967	8946	1
56.745355191256834	964	1
56.75027322404372	5130	1
56.76120218579234	2314	0
56.76338797814208	3192	1
56.76338797814208	7684	1
56.77213114754098	4460	1
56.777049180327865	5369	1
56.78524590163934	6727	1
56.795081967213115	9965	1
56.79836065573771	5087	1
56.80491803278689	3344	1
56.80710382513661	3155	1
56.81256830601093	2167	1
56.81803278688525	5913	1
56.82349726775956	1785	1
56.82841530054645	970	1
56.836612021857924	7867	1
56.84535519125683	7476	1
56.86338797814208	1209	1
56.87158469945355	4168	1
56.87431693989071	5152	1
56.88743169398907	9100	1
56.8896174863388	6917	1
56.895081967213116	9080	1
56.898360655737704	8538	1
56.904371584699454	6550	1
56.928961748633874	3675	1
56.930601092896175	2239	1
56.93224043715847	4390	1
56.94043715846995	8761	1
56.94426229508196	7267	1
56.94754098360656	6863	1
56.94863387978142	2328	1
56.94863387978142	8577	1
56.95027322404372	7138	1
56.956830601092896	2367	1
56.96174863387978	1554	1
56.96229508196721	2405	1
56.97704918032787	9890	1
56.983606557377044	5838	1
56.99125683060109	7864	1
57.00655737704918	9984	1
57.02295081967213	1582	1
57.02404371584699	2592	1
57.025683060109294	4048	1
57.027868852459015	9479	1
57.03169398907104	1768	1
57.03770491803279	6405	1
57.040983606557376	6795	1
57.050273224043714	2378	1
57.05245901639344	7269	1
57.06612021857923	1112	1
57.06775956284153	9345	1
57.07704918032787	7351	1
57.09071038251366	3901	1
57.09289617486339	2637	1
57.09836065573771	4193	1
57.13169398907104	2290	1
57.14207650273224	4072	1
57.144262295081965	345	1
57.15683060109289	2822	1
57.15901639344262	7732	1
57.16120218579235	6585	1
57.204918032786885	9637	1
57.209289617486334	5876	1
57.2103825136612	9802	1
57.219125683060106	1158	1
57.221311475409834	7562	1
57.222950819672135	7878	1
57.22786885245902	7331	1
57.24098360655737	7129	1
57.248633879781416	6700	1
57.26338797814207	9416	1
57.26502732240437	3467	1
57.281967213114754	5977	1
57.28306010928962	2032	1
57.290710382513666	834	1
57.29562841530055	1223	1
57.29836065573771	4506	1
57.30382513661202	2479	1
57.30491803278689	3430	1
57.31584699453551	1631	1
57.316393442622946	4424	1
57.35737704918033	9019	1
57.36502732240437	8444	1
57.36502732240437	3140	1
57.36557377049181	5829	1
57.367759562841535	3313	1
57.3775956284153	3087	1
57.385245901639344	6221	1
57.387978142076506	1377	1
57.4	6094	1
57.41530054644809	7131	1
57.424590163934425	6384	1
57.42568306010929	8106	1
57.4327868852459	1821	1
57.437704918032786	9199	1
57.44863387978142	504	1
57.45081967213115	9308	1
57.45191256830601	9118	1
57.456830601092896	1566	1
57.472131147540985	9073	1
57.485245901639345	9445	1
57.48579234972677	9410	1
57.494535519125684	3106	1
57.5207650273224	7150	1
57.5207650273224	7361	1
57.5344262295082	8683	1
57.53661202185792	9109	1
57.556284153005464	2973	1
57.56666666666666	1773	1
57.56666666666666	3179	1
57.57049180327869	8817	1
57.57431693989071	4023	1
57.58306010928962	7692	1
57.58633879781421	7294	1
57.5983606557377	3742	1
57.59945355191257	39	1
57.607650273224046	1142	1
57.63169398907104	3052	1
57.63879781420765	450	1
57.648087431693995	3505	1
57.658469945355186	3701	1
57.65901639344262	3999	1
57.672677595628414	1649	1
57.675409836065576	440	1
57.696174863387974	4691	1
57.7	2503	1
57.702185792349724	9091	1
57.70983606557377	2	1
