0.025902732240437158	7843	1
0.04898568306010929	4956	1
0.08509672131147542	9634	1
0.3853814207650273	2221	1
0.5357245901639345	2607	1
0.5500437158469945	3982	1
0.5792349726775956	2113	1
0.5951420765027322	98	1
0.626896174863388	204	1
0.7199617486338797	3553	1
0.7355846994535519	9275	1
0.7444754098360655	8091	1
0.8185519125683061	2730	1
0.8267267759562841	3779	1
0.8506448087431694	4334	1
0.8661584699453552	128	1
0.9067814207650273	9189	1
0.9424644808743169	1002	1
0.9824098360655737	1677	1
1.0048469945355192	4514	1
1.0380437158469946	7393	1
1.0787158469945357	9971	1
1.0893661202185791	3158	1
1.122431693989071	7992	1
1.2634371584699453	2157	1
1.3632131147540982	1613	1
1.3818306010928962	5782	1
1.3820710382513661	5801	1
1.4411857923497267	1961	1
1.4815573770491803	4298	1
1.494950819672131	5028	1
1.6083879781420765	4908	1
1.660327868852459	749	1
1.7352349726775955	4969	1
1.746743169398907	1463	1
1.7605027322404372	8496	1
1.7981857923497266	9492	1
2.014256830601093	7849	1
2.1101475409836064	1070	1
2.1104371584699453	8702	1
2.1294207650273225	5650	1
2.1464153005464484	6638	1
2.1861748633879783	9659	1
2.193994535519126	7255	1
2.199103825136612	5760	1
2.2631967213114756	9142	1
2.380398907103825	5937	1
2.3819071038251365	3898	1
2.4016120218579236	6059	1
2.4877650273224043	8491	1
2.500502732240437	4834	1
2.501251366120219	7300	1
2.505650273224044	6269	1
2.5902513661202184	8397	1
2.596125683060109	6662	1
2.679273224043716	3422	1
2.6953278688524587	3234	1
2.6974590163934424	2833	1
2.7492568306010927	1262	1
2.8460765027322403	882	1
2.92931693989071	2521	1
2.9749508196721313	8051	1
3.0271311475409837	7726	1
3.053153005464481	8112	1
3.182207650273224	7603	1
3.234437158469945	125	1
3.277360655737705	1173	1
3.2911857923497263	2491	1
3.3277431693989072	4082	1
3.4063169398907105	1827	1
3.4143224043715845	8440	1
3.5250819672131146	5517	1
3.530453551912568	2070	1
3.6109071038251366	4479	1
3.6155300546448084	2351	1
3.6683879781420767	4683	1
3.7654371584699455	3892	1
3.786071038251366	161	1
3.7999726775956284	3798	1
3.8273333333333333	6739	1
3.847737704918033	9912	1
3.8597540983606557	6838	1
3.8732185792349725	7370	1
3.884644808743169	8921	1
3.908311475409836	6060	1
3.9150546448087433	7439	1
3.9339398907103824	1144	1
3.955972677595628	2743	1
3.961229508196721	6886	1
3.9995191256830602	4723	1
4.013808743169399	9768	1
4.042612021857924	5889	1
4.069344262295082	4274	1
4.097114754098361	4592	1
4.118147540983607	4538	1
4.2161803278688526	9116	1
4.233409836065573	5413	1
4.279721311475409	5863	1
4.295081967213115	9126	1
4.362639344262295	5559	1
4.3889344262295085	4266	1
4.399885245901639	3558	1
4.543617486338798	9620	1
4.57179781420765	9252	1
4.572393442622951	7498	1
4.636672131147542	9614	1
4.688087431693989	3463	1
4.696306010928962	3910	1
4.756464480874317	1391	1
4.783469945355191	1489	1
4.788819672131147	9456	1
4.9786393442622945	7994	1
5.055213114754099	3854	1
5.068633879781421	9391	1
5.075387978142076	6301	1
5.111420765027322	8923	1
5.1287158469945355	6157	1
5.231344262295082	9245	1
5.264333333333333	1319	1
5.295978142076502	1500	1
5.3414972677595625	2672	1
5.359185792349726	3183	1
5.371677595628415	9284	1
5.499945355191256	3927	1
5.503224043715847	5608	1
5.524207650273224	5010	1
5.541967213114754	9305	1
5.588633879781421	5378	1
5.591530054644809	9195	1
5.619890710382514	1727	1
5.726612021857923	1058	1
5.7457377049180325	4560	1
5.817158469945355	6240	1
5.849289617486339	5595	1
5.971967213114754	6143	1
5.9783606557377045	5133	1
6.018797814207651	2359	1
6.0351912568306005	3910	0
6.039125683060109	4672	1
6.054262295081967	6709	1
6.176229508196721	3800	1
6.185846994535519	6163	1
6.3552459016393446	6480	1
6.3701639344262295	8736	1
6.451639344262294	3562	1
6.493606557377049	6802	1
6.522185792349727	7613	1
6.544972677595628	449	1
6.56207650273224	9401	1
6.583989071038252	4685	1
6.609781420765027	4899	1
6.653114754098361	1583	1
6.654262295081967	1847	1
6.756885245901639	8558	1
6.768251366120219	9702	1
6.837103825136611	4734	1
6.837650273224043	8957	1
6.893224043715847	2450	1
6.897704918032787	7118	1
6.991639344262295	5101	1
7.005245901639344	3104	1
7.018852459016394	5979	1
7.087158469945355	1556	1
7.111092896174863	4936	1
7.111311475409836	6382	1
7.142513661202186	3552	1
7.1645901639344265	8953	1
7.316775956284152	2342	1
7.339180327868853	2294	1
7.475464480874317	4415	1
7.487486338797814	8636	1
7.520601092896174	512	1
7.640491803278689	8350	1
7.709180327868853	2024	1
7.728579234972677	7963	1
7.738087431693989	3696	1
7.833497267759563	7285	1
7.916830601092896	7201	1
7.937103825136612	9006	1
7.948907103825137	2721	1
7.985956284153006	1156	1
8.126010928961747	651	1
8.217540983606558	504	1
8.233715846994535	9666	1
8.256338797814207	234	1
8.372295081967213	2981	1
8.373551912568306	2797	1
8.3824043715847	7503	1
8.41551912568306	5842	1
8.468797814207651	9805	1
8.48792349726776	3815	1
8.597103825136612	8546	1
8.633060109289618	571	1
8.638852459016393	846	1
8.708688524590164	7034	1
8.74945355191257	7107	1
8.765573770491804	2738	1
8.869125683060108	6330	1
8.93207650273224	6908	1
8.933879781420764	2468	1
8.988032786885245	6873	1
8.993770491803279	946	1
8.996120218579234	3735	1
9.037923497267759	181	1
9.167650273224044	3105	1
9.227158469945355	4720	1
9.23	9706	1
9.250054644808744	8037	1
9.254153005464481	9450	1
9.264808743169398	9449	1
9.283770491803278	4970	1
9.324316939890709	5795	1
9.34775956284153	5692	1
9.366557377049181	1592	1
9.396612021857925	439	1
9.402459016393442	95	1
9.453989071038253	8850	1
9.534918032786885	9256	1
9.546065573770491	4855	1
9.56502732240437	6223	1
9.586775956284152	1233	1
9.607486338797813	3633	1
9.669234972677597	1714	1
9.67431693989071	7837	1
9.679125683060109	1660	1
9.698524590163935	8358	1
9.728797814207649	9747	1
9.769344262295082	3959	1
9.802896174863386	3290	1
9.818524590163934	8577	1
9.938852459016392	670	1
9.99672131147541	9454	1
10.028688524590164	8800	1
10.039344262295081	6703	1
10.204754098360654	9629	1
10.278688524590164	9761	1
10.279016393442623	5890	1
10.36327868852459	1573	1
10.399562841530056	8667	1
10.425846994535519	9428	1
10.5003825136612	8083	1
10.509398907103826	5144	1
10.51743169398907	3565	1
10.57289617486339	6064	1
10.602568306010928	7810	1
10.604918032786886	7297	1
10.623497267759562	8093	1
10.633442622950819	7892	1
10.698961748633879	3161	1
10.734754098360657	3729	1
10.780109289617487	4420	1
10.834590163934426	4119	1
10.863497267759563	4102	1
10.879453551912569	6697	1
10.893005464480874	5432	1
10.905737704918032	7451	1
10.923497267759563	9403	1
10.926284153005463	1753	1
10.968087431693988	1283	1
10.987486338797813	2189	1
10.993989071038252	8709	1
11.035956284153006	3712	1
11.058469945355192	6305	1
11.06775956284153	4998	1
11.091857923497267	5685	1
11.154480874316938	3232	1
11.19535519125683	6485	1
11.208852459016393	5874	1
11.222896174863388	4559	1
11.22688524590164	2652	1
11.23174863387978	8263	1
11.234207650273223	5489	1
11.243333333333334	3084	1
11.24841530054645	5391	1
11.248907103825136	2520	1
11.2527868852459	5830	1
11.350710382513661	4296	1
11.371311475409836	9190	1
11.41448087431694	1157	1
11.431748633879781	8668	1
11.43448087431694	8693	1
11.455355191256832	5228	1
11.545409836065573	5544	1
11.553169398907103	7650	1
11.561092896174863	4468	1
11.575136612021858	6670	1
11.602021857923496	9510	1
11.602732240437158	5886	1
11.619508196721311	4902	1
11.643224043715847	2028	1
11.676502732240438	1875	1
11.701639344262295	5384	1
11.713278688524591	3244	1
11.714863387978143	4308	1
11.715300546448088	7623	1
11.73464480874317	486	1
11.748251366120218	9999	1
11.764043715846995	2087	1
11.79967213114754	5549	1
11.804754098360656	6194	1
11.810273224043716	7638	1
11.827704918032786	5563	1
11.87896174863388	3045	1
12.019562841530053	6953	1
12.026393442622952	7376	1
12.027322404371583	9470	1
12.076120218579234	3938	1
12.07830601092896	602	1
12.09775956284153	8073	1
12.225956284153005	19	1
12.265901639344262	9811	1
12.269890710382512	6049	1
12.326775956284154	2731	1
12.341967213114753	7499	1
12.346010928961748	8756	1
12.354699453551913	9487	1
12.371584699453551	2276	1
12.38153005464481	6253	1
12.411803278688526	8244	1
12.438032786885246	269	1
12.511693989071038	3659	1
12.521693989071037	4202	1
12.523551912568307	1329	1
12.527595628415302	4251	1
12.53191256830601	2121	1
12.53415300546448	4841	1
12.596775956284151	876	1
12.650983606557377	3380	1
12.663060109289617	3520	1
12.757049180327868	6437	1
12.772732240437158	3166	1
12.778196721311476	5366	1
12.785191256830602	6602	1
12.85655737704918	3975	1
12.88087431693989	1513	1
12.881147540983607	8367	1
12.91065573770492	2578	1
12.95551912568306	9520	1
13.044043715846994	6015	1
13.05688524590164	2524	1
13.093060109289617	8330	1
13.111639344262295	6146	1
13.143606557377048	8544	1
13.17087431693989	4353	1
13.194590163934427	819	1
13.203825136612021	7360	1
13.226939890710382	1076	1
13.268743169398906	4176	1
13.321693989071038	5222	1
13.36825136612022	4341	1
13.390874316939891	656	1
13.432349726775957	7230	1
13.500218579234971	8240	1
13.541092896174863	3090	1
13.553825136612021	9037	1
13.567103825136613	2851	1
13.629562841530053	2699	1
13.650983606557377	4188	1
13.655792349726777	8069	1
13.696775956284153	2748	1
13.719726775956284	6820	1
13.814371584699453	3507	1
13.819234972677597	1095	1
13.871857923497267	1181	1
13.902185792349727	3124	1
13.910054644808742	5621	1
13.92792349726776	2471	1
14.094262295081966	1842	1
14.171147540983606	5736	1
14.326229508196722	8179	1
14.331967213114755	3058	1
14.33672131147541	263	1
14.374754098360656	5976	1
14.379781420765028	6877	1
14.40103825136612	8586	1
14.406284153005465	8311	1
14.474426229508197	9656	1
14.51224043715847	2301	1
14.519125683060109	3285	1
14.530819672131148	9861	1
14.565027322404372	32	1
14.588469945355191	7683	1
14.652677595628415	9653	1
14.67672131147541	7298	1
14.704644808743168	8357	1
14.741803278688526	8567	1
14.746065573770492	5426	1
14.761584699453552	7486	1
14.785683060109289	9033	1
14.795737704918034	3922	1
14.809617486338798	9800	1
14.813770491803279	3825	1
14.87377049180328	4444	1
14.917049180327869	6630	1
14.935901639344262	6702	1
14.936775956284151	4366	1
14.949071038251367	7988	1
14.968251366120219	7310	1
14.97016393442623	3001	1
15.086393442622951	4114	1
15.103606557377049	5037	1
15.105683060109289	3302	1
15.113825136612022	1560	1
15.186666666666666	5377	1
15.205136612021859	2660	1
15.222295081967214	499	1
15.231912568306011	8624	1
15.265081967213115	6632	1
15.27775956284153	5783	1
15.2951912568306	5652	1
15.351311475409837	7685	1
15.366557377049181	126	1
15.374918032786885	6661	1
15.39191256830601	1335	1
15.393224043715847	4193	1
15.437978142076501	2401	1
15.539125683060108	7994	0
15.540601092896175	6320	1
15.578524590163935	1548	1
15.599890710382514	4012	1
15.65032786885246	1593	1
15.678360655737704	1988	1
15.71464480874317	8553	1
15.71639344262295	7537	1
15.793333333333333	755	1
15.821256830601092	5777	1
15.839344262295082	5134	1
15.845355191256829	3739	1
15.931639344262296	8418	1
15.938907103825136	8436	1
15.94568306010929	2631	1
16.020928961748634	2296	1
16.048087431693986	2362	1
16.07928961748634	1020	1
16.262295081967213	961	1
16.26327868852459	4510	1
16.327486338797815	2800	1
16.34857923497268	5822	1
16.35306010928962	6850	1
16.395628415300546	6357	1
16.429125683060107	3317	1
16.44311475409836	5930	1
16.444918032786887	9328	1
16.466065573770493	2389	1
16.534098360655737	2005	1
16.577486338797815	1519	1
16.608907103825135	6454	1
16.614590163934427	6489	1
16.619836065573768	6792	1
16.652841530054644	1068	1
16.66169398907104	4133	1
16.669672131147543	5113	1
16.696120218579235	9244	1
16.765464480874318	9396	1
16.794426229508197	5488	1
16.81262295081967	943	1
16.858688524590164	4809	1
16.86120218579235	5411	1
16.868524590163936	5055	1
16.873169398907102	4862	1
16.900983606557375	5907	1
16.915683060109288	2829	1
16.92344262295082	462	1
17.043715846994534	6532	1
17.053169398907105	1146	1
17.145901639344263	1807	1
17.263661202185794	3113	1
17.283005464480873	3193	1
17.302131147540983	1819	1
17.31825136612022	6740	1
17.327213114754098	1948	1
17.32726775956284	781	1
17.376830601092895	9384	1
17.41486338797814	3082	1
17.41983606557377	6988	1
17.42918032786885	8990	1
17.439016393442625	4743	1
17.449234972677594	9082	1
17.47469945355191	9136	1
17.511639344262296	2868	1
17.565573770491802	1663	1
17.568360655737706	3686	1
17.58857923497268	5065	1
17.650491803278687	6861	1
17.658087431693986	420	1
17.660437158469946	380	1
17.695081967213117	8522	1
17.697704918032787	8237	1
17.711584699453553	521	1
17.733715846994535	6835	1
17.736666666666665	8009	1
17.768415300546447	2160	1
17.828087431693987	9885	1
17.8751912568306	889	1
17.93207650273224	8365	1
17.96191256830601	7639	1
17.974754098360656	1832	1
17.975573770491803	5605	1
17.979508196721312	6732	1
18.000601092896176	7897	1
18.021147540983605	2990	1
18.066502732240437	9871	1
18.070819672131147	1894	1
18.072295081967212	4214	1
18.078579234972675	4013	1
18.079071038251367	9268	1
18.133333333333333	2095	1
18.14568306010929	4083	1
18.173715846994536	5832	1
18.207814207650273	668	1
18.213606557377048	3194	1
18.261584699453554	9713	1
18.30071038251366	6784	1
18.42153005464481	6300	1
18.45081967213115	3046	1
18.470109289617486	7676	1
18.493715846994533	4258	1
18.542841530054645	6350	1
18.55841530054645	3762	1
18.562295081967214	2582	1
18.603169398907102	9404	1
18.631420765027322	1605	1
18.658196721311477	3460	1
18.66136612021858	8617	1
18.71016393442623	9060	1
18.752513661202187	8961	1
18.752896174863388	9650	1
18.844043715846993	5647	1
18.972349726775956	1142	1
18.989836065573773	4942	1
18.999398907103824	2837	1
19.000054644808742	5209	1
19.069071038251366	7671	1
19.108196721311476	9191	1
19.120601092896173	5579	1
19.125956284153002	4224	1
19.140327868852456	2271	1
19.15224043715847	7502	1
19.190601092896173	1621	1
19.210928961748632	1273	1
19.255519125683062	3357	1
19.263005464480873	8317	1
19.27360655737705	4134	1
19.282677595628414	219	1
19.311584699453554	5148	1
19.33912568306011	5630	1
19.359945355191257	8776	1
19.382021857923498	5434	1
19.383387978142075	6652	1
19.396229508196722	6393	1
19.43377049180328	9368	1
19.5372131147541	8716	1
19.559071038251368	5893	1
19.587814207650272	6081	1
19.620601092896173	8825	1
19.671584699453554	5008	1
19.720928961748633	1644	1
19.72967213114754	9333	1
19.79562841530055	7053	1
19.822185792349725	5078	1
19.834699453551913	5124	1
19.852131147540984	4590	1
19.85349726775956	1186	1
19.895628415300543	9948	1
19.928251366120218	6013	1
19.945628415300543	4992	1
19.976448087431695	7991	1
19.979398907103825	372	1
20.037540983606558	2432	1
20.09453551912568	7493	1
20.11453551912568	4816	1
20.125628415300547	5049	1
20.156885245901638	8103	1
20.18672131147541	4057	1
20.200273224043716	4466	1
20.24901639344262	5422	1
20.262021857923497	4652	1
20.262622950819672	9931	1
20.332896174863386	6003	1
20.379234972677597	3182	1
20.3927868852459	4864	1
20.478415300546448	5568	1
20.52710382513661	2135	1
20.54622950819672	7739	1
20.578797814207647	2572	1
20.59245901639344	8665	1
20.653387978142078	9259	1
20.695628415300543	6056	1
20.707486338797814	5880	1
20.716721311475407	9017	1
20.72601092896175	6138	1
20.765136612021855	3519	1
20.794371584699455	1855	1
20.813114754098358	3947	1
20.854590163934425	9081	1
20.870054644808743	5624	1
20.876448087431694	4226	1
20.90808743169399	6249	1
20.91710382513661	3526	1
20.92901639344262	4350	1
20.935737704918033	4647	1
20.939781420765026	1022	1
20.946612021857923	5952	1
21.002459016393445	2726	1
21.020109289617487	7862	1
21.028579234972675	7152	1
21.03639344262295	4497	1
21.038251366120218	7316	1
21.04912568306011	3206	1
21.06590163934426	2705	1
21.071311475409836	3579	1
21.080437158469945	3016	1
21.10229508196721	6445	1
21.13994535519126	7026	1
21.17071038251366	1477	1
21.190109289617485	9198	1
21.201857923497265	7063	1
21.335300546448085	4968	1
21.43032786885246	8947	1
21.440163934426227	1563	1
21.456939890710384	8904	1
21.479672131147538	7955	1
21.503879781420764	7240	1
21.505081967213115	6906	1
21.51879781420765	5818	1
21.547213114754097	6815	1
21.568032786885244	2843	1
21.651967213114755	9386	1
21.65573770491803	3123	1
21.656338797814207	5617	1
21.662295081967212	7549	1
21.668360655737704	4378	1
21.705409836065574	4673	1
21.763333333333332	7135	1
21.775737704918033	7971	1
21.82803278688525	4858	1
21.828907103825138	3614	1
21.893060109289614	6477	1
21.90655737704918	9555	1
21.92978142076503	8269	1
21.96497267759563	2633	1
21.989945355191256	392	1
21.99262295081967	9843	1
21.9951912568306	993	1
21.998907103825136	2250	1
22.001639344262294	1382	1
22.026502732240434	3039	1
22.037431693989074	673	1
22.11153005464481	8729	1
22.166120218579238	9872	1
22.22846994535519	3826	1
22.229344262295083	9675	1
22.270928961748634	9682	1
22.3475956284153	998	1
22.356338797814207	2096	1
22.362841530054645	3211	1
22.388524590163936	5813	1
22.38863387978142	8133	1
22.39256830601093	3534	1
22.397158469945353	6768	1
22.429398907103824	2383	1
22.460273224043718	8107	1
22.482896174863388	1716	1
22.485300546448087	6052	1
22.493661202185795	2718	1
22.530054644808743	7463	1
22.58863387978142	4438	1
22.596830601092893	7479	1
22.60087431693989	7977	1
22.62289617486339	9616	1
22.658743169398907	3331	1
22.66704918032787	2255	1
22.684863387978144	4240	1
22.72322404371585	9004	1
22.725300546448086	3754	1
22.727322404371584	6646	1
22.746775956284154	6141	1
22.766666666666666	9621	1
22.806502732240435	7771	1
22.80950819672131	7902	1
22.820054644808742	7540	1
22.83366120218579	5042	1
22.848907103825137	8790	1
22.855956284153006	5731	1
22.86983606557377	1862	1
22.89426229508197	6104	1
22.914316939890707	5454	1
22.914699453551915	3822	1
22.92934426229508	8596	1
22.936338797814205	5290	1
22.974043715846992	1033	1
22.978415300546445	8352	1
23.039016393442623	8683	1
23.04562841530055	9300	1
23.129890710382515	6244	1
23.168032786885245	2352	1
23.172896174863386	1250	1
23.18896174863388	5011	1
23.196448087431694	7013	1
23.206448087431692	4895	1
23.24726775956284	1427	1
23.26502732240437	6585	1
23.275191256830603	9447	1
23.277267759562843	4454	1
23.3427868852459	4799	1
23.389508196721312	7496	1
23.46765027322404	8296	1
23.48497267759563	4100	1
23.495081967213114	4144	1
23.506612021857926	6914	1
23.520491803278688	8879	1
23.527049180327868	1684	1
23.53726775956284	4351	1
23.568196721311477	57	1
23.568961748633882	679	1
23.58808743169399	3205	1
23.598415300546446	5275	1
23.604098360655737	2309	1
23.629508196721314	8474	1
23.682786885245903	7636	1
23.683989071038248	773	1
23.703114754098358	5425	1
23.70710382513661	8858	1
23.73415300546448	4428	1
23.768961748633878	273	1
23.77191256830601	9867	1
23.797049180327868	1436	1
23.859726775956286	12	1
23.8627868852459	7732	1
23.878415300546447	2198	1
23.93639344262295	7229	1
23.997267759562842	3862	1
24.039398907103823	5643	1
24.06879781420765	2614	1
24.075136612021858	4546	1
24.142295081967212	7340	1
24.229945355191255	434	1
24.235956284153005	5738	1
24.274808743169398	97	1
24.278415300546445	1837	1
24.290273224043716	9485	1
24.367158469945352	9576	1
24.372677595628417	8619	1
24.38846994535519	4433	1
24.408415300546448	8880	1
24.454535519125685	8773	1
24.48617486338798	5476	1
24.506666666666664	1757	1
24.508360655737707	5705	1
24.535245901639346	7359	1
24.5624043715847	7239	1
24.587704918032788	6473	1
24.595956284153004	7056	1
24.606502732240436	9610	1
24.69366120218579	6364	1
24.715846994535518	4171	1
24.722240437158472	5441	1
24.735464480874317	8450	1
24.800218579234972	3588	1
24.801311475409836	964	1
24.81262295081967	7080	1
24.825792349726775	7166	1
24.834480874316938	9491	1
24.84398907103825	3107	1
24.85737704918033	1722	1
24.87071038251366	4532	1
24.890054644808743	9382	1
24.892021857923496	2708	1
24.903934426229508	9769	1
24.91655737704918	6132	1
24.91792349726776	6486	1
24.930928961748634	2275	1
25.00814207650273	9644	1
25.02355191256831	6375	1
25.04491803278688	9989	1
25.045027322404373	6413	1
25.130109289617483	6590	1
25.15655737704918	7139	1
25.187431693989073	9736	1
25.19814207650273	7414	1
25.229726775956284	3267	1
25.23633879781421	623	1
25.267704918032788	4441	1
25.30065573770492	740	1
25.30366120218579	4097	1
25.317868852459018	7249	1
25.338360655737706	1745	1
25.34535519125683	4952	1
25.36360655737705	8695	1
25.37295081967213	5634	1
25.38191256830601	4972	1
25.386557377049183	1550	1
25.402622950819673	5059	1
25.427486338797813	2514	1
25.43021857923497	4536	1
25.434535519125685	791	1
25.44344262295082	8232	1
25.45158469945355	9173	1
25.457704918032785	952	1
25.506448087431693	11	1
25.510819672131145	2231	1
25.52021857923497	8101	1
25.543715846994537	7082	1
25.55535519125683	9055	1
25.602185792349726	3435	1
25.639125683060108	5457	1
25.660109289617484	7643	1
25.693497267759565	8404	1
25.755846994535517	7413	1
25.77830601092896	3146	1
25.79448087431694	3808	1
25.805737704918034	360	1
25.80814207650273	2378	1
25.80967213114754	6803	1
25.815573770491802	4315	1
25.82393442622951	7630	1
25.85551912568306	926	1
25.85726775956284	8883	1
25.865956284153004	3074	1
25.87710382513661	7717	1
25.886939890710384	2210	1
25.917267759562844	9829	1
25.94459016393443	2104	1
25.977814207650272	3076	1
25.979562841530054	2966	1
25.982513661202184	6699	1
25.990273224043715	3697	1
25.998907103825136	7485	1
26.006338797814205	8078	1
26.032622950819672	8072	1
26.05327868852459	3690	1
26.077868852459016	9113	1
26.096284153005463	6842	1
26.09639344262295	7649	1
26.109945355191257	5337	1
26.132732240437157	9241	1
26.138196721311473	8361	1
26.169453551912568	9671	1
26.182185792349728	7500	1
26.19120218579235	1721	1
26.216939890710382	7155	1
26.253224043715846	4665	1
26.34349726775956	2585	1
26.352513661202185	8437	1
26.383551912568308	3634	1
26.395027322404374	7951	1
26.396120218579235	8507	1
26.414426229508194	3864	1
26.43786885245902	9624	1
26.450819672131146	3117	1
26.493879781420766	9390	1
26.516557377049182	7235	1
26.549999999999997	1989	1
26.573551912568306	9724	1
26.593278688524588	4763	1
26.647650273224045	9399	1
26.691475409836062	9814	1
26.696830601092895	1737	1
26.718797814207647	9122	1
26.744098360655737	4208	1
26.74846994535519	72	1
26.750655737704918	6812	1
26.780382513661202	1524	1
26.805901639344263	5645	1
26.809781420765027	8566	1
26.854371584699454	2281	1
26.903387978142074	8170	1
26.906284153005462	7838	1
26.94573770491803	3652	1
26.95901639344262	3489	1
26.994918032786885	1493	1
27.011475409836066	5530	1
27.06863387978142	904	1
27.081311475409837	5918	1
27.10382513661202	6976	1
27.125081967213113	8731	1
27.12704918032787	2020	1
27.13191256830601	1601	1
27.213224043715847	7986	1
27.248797814207652	8454	1
27.261857923497267	9981	1
27.340655737704918	1959	1
27.345628415300546	9261	1
27.368142076502732	582	1
27.386994535519126	5735	1
27.417595628415302	7117	1
27.420273224043715	1577	1
27.46103825136612	3693	1
27.49054644808743	4760	1
27.51	8634	1
27.528360655737707	1023	1
27.557540983606554	8044	1
27.597978142076503	9516	1
27.60497267759563	2697	1
27.612021857923494	1998	1
27.615245901639344	7920	1
27.657267759562842	3514	1
27.694043715846995	6447	1
27.739562841530056	7706	1
27.78218579234973	9393	1
27.79087431693989	2000	1
27.793224043715846	9821	1
27.809234972677597	1632	1
27.8344262295082	8715	1
27.883333333333333	6831	1
27.889890710382513	5507	1
27.891803278688524	3907	1
27.90049180327869	3377	1
27.902513661202185	5164	1
27.92071038251366	5743	1
27.921475409836063	2793	1
27.959726775956284	1759	1
27.99415300546448	6451	1
28.00792349726776	7621	1
28.098306010928958	2717	1
28.109945355191257	5564	1
28.133387978142075	3835	1
28.14874316939891	4416	1
28.154262295081967	31	1
28.183551912568305	8969	1
28.192622950819672	3353	1
28.221639344262293	8478	1
28.2372131147541	4130	1
28.23841530054645	6168	1
28.25311475409836	8168	1
28.258524590163933	1994	1
28.285081967213113	5025	1
28.28879781420765	7827	1
28.31224043715847	8425	1
28.33486338797814	9077	1
28.406284153005465	6864	1
28.41245901639344	5956	1
28.42103825136612	3111	1
28.439617486338797	7287	1
28.455573770491803	5585	1
28.457377049180327	8432	1
28.46983606557377	4650	1
28.483005464480875	9187	1
28.49349726775956	4999	1
28.521038251366118	1240	1
28.533770491803278	5273	1
28.547650273224043	9708	1
28.548852459016395	6231	1
28.573715846994535	9780	1
28.585901639344264	2334	1
28.5931693989071	6952	1
28.59879781420765	5284	1
28.615245901639344	6622	1
28.628579234972676	7515	1
28.648032786885246	6468	1
28.681803278688523	1984	1
28.693934426229507	3652	0
28.703715846994534	6852	1
28.75688524590164	4937	1
28.76262295081967	3812	1
28.763934426229508	503	1
28.83262295081967	2651	1
28.83398907103825	6495	1
28.8496174863388	674	1
28.870109289617485	9356	1
28.88256830601093	5385	1
28.891420765027323	3198	1
28.892841530054646	7395	1
28.89945355191257	4068	1
28.920327868852457	6306	1
28.932950819672133	6922	1
28.94103825136612	6701	1
28.97087431693989	7755	1
28.98431693989071	7693	1
28.988688524590163	2928	1
28.992295081967214	3780	1
28.992349726775956	2479	1
29.01158469945355	7302	1
29.012295081967213	987	1
29.01360655737705	6078	1
29.016174863387977	9893	1
29.02005464480874	4116	1
29.039508196721314	2083	1
29.05087431693989	1874	1
29.055081967213113	9535	1
29.17606557377049	6587	1
29.21672131147541	8021	1
29.27863387978142	2980	1
29.28136612021858	3218	1
29.303879781420765	8856	1
29.3227868852459	9789	1
29.354098360655737	1162	1
29.36224043715847	6177	1
29.373005464480872	1017	1
29.379453551912565	7125	1
29.386830601092893	3315	1
29.461639344262295	1302	1
29.46775956284153	8929	1
29.47081967213115	7779	1
29.49098360655738	7218	1
29.509234972677593	3136	1
29.540874316939888	6373	1
29.55087431693989	8580	1
29.56967213114754	1031	1
29.585464480874315	3051	1
29.59568306010929	8026	1
29.630437158469945	9898	1
29.66016393442623	5302	1
29.718142076502733	3318	1
29.72415300546448	2179	1
29.744699453551913	6631	1
29.746939890710383	3725	1
29.751967213114753	8324	1
29.81415300546448	5135	1
29.81448087431694	253	1
29.835464480874315	7753	1
29.837704918032784	3743	1
29.85688524590164	5367	1
29.87344262295082	9274	1
29.931202185792348	8565	1
29.94311475409836	8169	1
29.954426229508197	6943	1
29.963606557377048	2085	1
29.983333333333334	7151	1
29.99792349726776	8752	1
30.02415300546448	5359	1
30.060273224043716	6865	1
30.073278688524592	90	1
30.10737704918033	724	1
30.128524590163934	6888	1
30.13169398907104	2297	1
30.144644808743166	1374	1
30.147377049180328	3963	1
30.17420765027322	9153	1
30.176174863387978	6724	1
30.2524043715847	3281	1
30.25393442622951	7071	1
30.2651912568306	5751	1
30.269508196721308	5555	1
30.27382513661202	2111	1
30.276120218579234	9079	1
30.325081967213116	9027	1
30.426010928961748	2577	1
30.42606557377049	9662	1
30.438852459016392	4776	1
30.446174863387977	3297	1
30.456448087431696	9647	1
30.47830601092896	1854	1
30.479836065573767	2947	1
30.4851912568306	8531	1
30.50415300546448	9130	1
30.519890710382516	6690	1
30.52978142076503	4113	1
30.534098360655737	2803	1
30.53535519125683	9176	1
30.53989071038251	2930	1
30.54032786885246	1567	1
30.54185792349727	9880	1
30.547322404371585	5333	1
30.57409836065574	1809	1
30.58153005464481	9664	1
30.622240437158467	4297	1
30.624207650273224	2464	1
30.63295081967213	7108	1
30.639726775956284	1715	1
30.677759562841526	9047	1
30.690928961748636	2795	1
30.721092896174863	8996	1
30.746502732240437	8047	1
30.747322404371584	1138	1
30.76863387978142	6378	1
30.794262295081968	7514	1
30.79486338797814	7997	1
30.968688524590164	5149	1
30.97928961748634	887	1
31.021639344262297	2640	1
31.03989071038251	1758	1
31.055956284153005	4737	1
31.074153005464478	5361	1
31.084426229508196	2331	1
31.084480874316938	3089	1
31.126120218579235	1437	1
31.15136612021858	9211	1
31.15382513661202	4494	1
31.158415300546448	3276	1
31.246502732240437	9094	1
31.255027322404374	5985	1
31.27573770491803	4574	1
31.296284153005466	129	1
31.315792349726777	5628	1
31.334918032786884	7880	1
31.362841530054645	6388	1
31.365355191256832	477	1
31.366994535519122	1565	1
31.36912568306011	7421	1
31.37065573770492	5850	1
31.372677595628414	2002	1
31.410273224043713	2636	1
31.44912568306011	9104	1
31.488524590163934	9395	1
31.518469945355193	4163	1
31.590874316939892	1508	1
31.60234972677596	3734	1
31.60622950819672	4069	1
31.616939890710384	8541	1
31.621967213114754	9782	1
31.627923497267762	4326	1
31.633497267759562	7931	1
31.66622950819672	2986	1
31.6824043715847	9248	1
31.751530054644807	4162	1
31.75846994535519	3895	1
31.775573770491803	6821	1
31.82049180327869	5311	1
31.82054644808743	9262	1
31.82142076502732	3014	1
31.83890710382514	1640	1
31.87896174863388	9172	1
31.88393442622951	7542	1
31.899945355191257	3164	1
31.918688524590166	2118	1
31.92885245901639	6334	1
31.93792349726776	2188	1
31.9503825136612	282	1
32.022295081967215	8178	1
32.04967213114754	2615	1
32.05535519125683	1624	1
32.07672131147541	3941	1
32.09573770491803	7978	1
32.09622950819672	474	1
32.109781420765025	9960	1
32.136010928961745	9868	1
32.15032786885246	8185	1
32.25639344262295	5570	1
32.32267759562841	3484	1
32.323497267759564	1582	1
32.328852459016396	6626	1
32.34142076502732	5708	1
32.355683060109286	1958	1
32.38207650273224	780	1
32.39617486338798	2390	1
32.404371584699454	7782	1
32.40841530054645	5552	1
32.43737704918033	1473	1
32.45551912568306	2327	1
32.47032786885246	3509	1
32.47524590163935	960	1
32.48896174863388	2620	1
32.51049180327869	1637	1
32.55448087431694	5355	1
32.592896174863384	8760	1
32.61005464480874	7975	1
32.63169398907104	8166	1
32.63956284153006	6320	0
32.67032786885246	5288	1
32.68426229508197	8303	1
32.68584699453552	7167	1
32.69191256830601	3261	1
32.697377049180325	4282	1
32.70622950819672	4149	1
32.72655737704918	6939	1
32.78437158469945	3140	1
32.79032786885246	3600	1
32.80825136612022	336	1
32.85300546448087	1693	1
32.85398907103825	9111	1
32.870273224043714	3849	1
32.92327868852459	9012	1
32.96098360655738	8792	1
32.967213114754095	9865	1
32.96743169398907	5435	1
32.98513661202186	8559	1
33.013224043715844	5684	1
33.024535519125685	4886	1
33.02546448087432	703	1
33.052513661202184	2246	1
33.09530054644809	3476	1
33.113606557377054	8364	1
33.20606557377049	3884	1
33.20666666666666	2695	1
33.22420765027322	300	1
33.27475409836065	4807	1
33.28710382513661	8748	1
33.32103825136612	4325	1
33.394043715847	4810	1
33.414426229508194	4208	0
33.414918032786886	6738	1
33.43863387978142	8627	1
33.44092896174863	6369	1
33.44568306010929	7172	1
33.49289617486339	3917	1
33.50677595628415	7724	1
33.533879781420765	3510	1
33.54125683060109	6024	1
33.54819672131148	1009	1
33.633770491803276	3109	1
33.63415300546448	326	1
33.64453551912568	3972	1
33.6527868852459	3160	1
33.65540983606557	1312	1
33.67551912568306	8519	1
33.74524590163934	502	1
33.77431693989071	5323	1
33.78289617486339	1957	1
33.87710382513661	6399	1
33.89213114754098	2253	1
33.91628415300546	2241	1
33.95792349726776	4804	1
34.01726775956284	5875	1
34.02770491803278	4008	1
34.04677595628415	3214	1
34.09513661202186	3572	1
34.10016393442623	7207	1
34.1427868852459	206	1
34.181693989071036	5438	1
34.23475409836065	6683	1
34.238196721311475	4049	1
34.24431693989071	9138	1
34.247923497267756	3899	1
34.257704918032786	8221	1
34.26409836065574	731	1
34.27901639344262	8387	1
34.28622950819672	9016	1
34.31262295081967	3264	1
34.32420765027322	9721	1
34.32934426229508	63	1
34.37234972677595	6311	1
34.38765027322404	1402	1
34.405901639344265	1561	1
34.45612021857924	8575	1
34.468469945355196	7679	1
34.525737704918036	9433	1
34.557103825136615	7879	1
34.56989071038251	2502	1
34.582131147540984	8644	1
34.604153005464475	8372	1
34.609398907103824	7789	1
34.611639344262294	5177	1
34.61568306010929	5686	1
34.6183606557377	5704	1
34.621475409836066	7944	1
34.62513661202186	5115	1
34.62661202185792	9642	1
34.64267759562841	5465	1
34.647322404371586	1071	1
34.65863387978142	2685	1
34.661147540983606	2021	1
34.692513661202184	2133	1
34.74169398907104	7645	1
34.78857923497268	7351	1
34.79158469945355	5546	1
34.81956284153005	3015	1
34.82371584699454	2676	1
34.85513661202186	8289	1
34.87524590163934	6966	1
34.94967213114754	9302	1
35.00196721311475	5092	1
35.00229508196722	5473	1
35.01617486338798	4022	1
35.04978142076503	1654	1
35.0624043715847	7788	1
35.06442622950819	9806	1
35.08420765027322	6549	1
35.1227868852459	196	1
35.13994535519126	3144	1
35.17431693989071	7543	1
35.19131147540983	4	1
35.20049180327869	575	1
35.203497267759566	7848	1
35.21289617486339	410	1
35.2172131147541	6448	1
35.225081967213114	9440	1
35.244644808743175	6650	1
35.24819672131147	7631	1
35.25125683060109	210	1
35.273005464480875	975	1
35.27901639344262	3928	1
35.324972677595625	8829	1
35.34092896174864	6427	1
35.348306010928965	8537	1
35.35125683060109	528	1
35.35322404371585	9065	1
35.35469945355191	9655	1
35.35737704918033	508	1
35.3620218579235	8655	1
35.366612021857925	5578	1
35.415628415300546	3764	1
35.41912568306011	8555	1
35.45814207650273	5671	1
35.46289617486339	1540	1
35.49803278688525	9802	1
35.49819672131147	9311	1
35.49950819672131	7555	1
35.50923497267759	5263	1
35.51021857923497	3767	1
35.52387978142077	973	1
35.560437158469945	885	1
35.57928961748634	8012	1
35.590765027322405	5242	1
35.59377049180328	4653	1
35.60142076502732	5941	1
35.602786885245905	5773	1
35.61338797814207	6942	1
35.623005464480876	9216	1
35.624043715846994	2105	1
35.65868852459017	5622	1
35.6675956284153	2273	1
35.69846994535519	8223	1
35.71273224043716	6733	1
35.725081967213114	3773	1
35.75923497267759	1269	1
35.76907103825136	9419	1
35.77163934426229	2219	1
35.77469945355191	9547	1
35.77901639344262	4915	1
35.7896174863388	829	1
35.798032786885244	7308	1
35.80322404371585	6402	1
35.810819672131146	1543	1
35.821256830601094	3222	1
35.82863387978142	2265	1
35.82885245901639	2262	1
35.85486338797814	5597	1
35.8575956284153	3871	1
35.86928961748634	6715	1
35.89431693989071	7073	1
35.91732240437158	5002	1
35.93005464480875	6840	1
35.936174863387976	1717	1
35.95912568306011	6947	1
35.959672131147535	8951	1
35.96284153005464	3756	1
35.964262295081966	9087	1
36.00032786885246	1501	1
36.00256830601093	3324	1
36.00748633879781	3430	1
36.05770491803279	9221	1
36.063497267759566	9690	1
36.07786885245901	7472	1
36.0827868852459	1608	1
36.09502732240437	7251	1
36.10125683060109	6641	1
36.10655737704918	6872	1
36.111748633879785	2079	1
36.11628415300546	5166	1
36.13027322404371	875	1
36.13699453551912	5980	1
36.17524590163934	6510	1
36.20469945355191	3772	1
36.22344262295082	5089	1
36.287650273224045	9887	1
36.30792349726776	8999	1
36.31655737704918	7910	1
36.32344262295082	8129	1
36.325683060109284	3946	1
36.326502732240435	4278	1
36.347158469945356	7133	1
36.356448087431694	9730	1
36.37579234972677	5997	1
36.38655737704918	7560	1
36.40185792349727	9250	1
36.45202185792349	2723	1
36.47005464480874	5415	1
36.471366120218576	8344	1
36.49688524590164	299	1
36.51808743169399	7401	1
36.522950819672126	8110	1
36.52808743169399	7170	1
36.531256830601095	6079	1
36.544316939890706	9595	1
36.553606557377044	4244	1
36.55754098360656	4207	1
36.56360655737705	8860	1
36.597049180327865	8031	1
36.62207650273224	9760	1
36.62453551912568	1576	1
36.69065573770492	5998	1
36.71322404371585	9632	1
36.73256830601093	3133	1
36.73437158469945	8971	1
36.74218579234972	4907	1
36.75448087431694	6975	1
36.79207650273224	9711	1
36.7948087431694	8383	1
36.80677595628415	1825	1
36.80983606557377	1993	1
36.82344262295082	498	1
36.8348087431694	6826	1
36.83677595628415	7418	1
36.846010928961746	8403	1
36.84683060109289	7721	1
36.85595628415301	9603	1
36.85765027322404	6166	1
36.858360655737705	1921	1
36.89622950819672	9709	1
36.914426229508194	6001	1
36.950163934426236	2993	1
36.95551912568306	2587	1
37.00945355191257	9838	1
37.03136612021858	1006	1
37.03989071038251	9925	1
37.04262295081967	925	1
37.05551912568306	8336	1
37.07584699453552	7465	1
37.08551912568306	3055	1
37.10781420765027	5392	1
37.1179781420765	9879	1
37.14748633879781	9851	1
37.14939890710382	3025	1
37.15677595628415	6040	1
37.18825136612022	6848	1
37.266994535519125	4543	1
37.27513661202185	6030	1
37.28617486338798	2168	1
37.28928961748634	7374	1
37.29710382513661	6946	1
37.30377049180328	2433	1
37.33628415300546	5829	1
37.33743169398907	7911	1
37.34459016393443	4058	1
37.34573770491804	6102	1
37.35693989071038	6456	1
37.38513661202185	9667	1
37.38617486338798	7159	1
37.40071038251366	9512	1
37.404316939890705	3021	1
37.41224043715847	6077	1
37.419726775956285	5279	1
37.423387978142074	2656	1
37.43672131147541	9550	1
37.463114754098356	8493	1
37.467213114754095	8141	1
37.471311475409834	485	1
37.4744262295082	2936	1
37.495956284153	7366	1
37.49885245901639	8188	1
37.524918032786886	7210	1
37.529016393442625	8293	1
37.529726775956284	7670	1
37.58098360655738	2145	1
37.59180327868853	826	1
37.60027322404371	2181	1
37.6327868852459	8801	1
37.63387978142077	5720	1
37.63568306010929	1772	1
37.63617486338798	9425	1
37.65983606557377	3909	1
37.659945355191255	1923	1
37.66349726775957	1422	1
37.704426229508194	9225	1
37.74284153005465	8656	1
37.75513661202186	2844	1
37.787540983606554	9884	1
37.7951912568306	6333	1
37.8051912568306	9062	1
37.809344262295085	7277	1
37.8131693989071	789	1
37.82743169398907	318	1
37.84273224043716	5866	1
37.84803278688525	1930	1
37.85153005464481	6202	1
37.852076502732245	4571	1
37.85912568306011	8642	1
37.87349726775956	2326	1
37.880327868852454	4576	1
37.93191256830601	1041	1
37.94245901639344	2805	1
37.96748633879781	5118	1
37.97153005464481	1754	1
37.97863387978142	4358	1
37.997650273224046	4361	1
38.00879781420765	9035	1
38.012185792349726	6635	1
38.014426229508196	6945	1
38.043224043715846	6031	1
38.04890710382514	7860	1
38.0588524590164	6148	1
38.06032786885246	9011	1
38.08551912568306	7060	1
38.10054644808743	4450	1
38.10830601092896	6700	1
38.12349726775956	9481	1
38.151803278688526	8401	1
38.15688524590164	736	1
38.16655737704918	1109	1
38.1783606557377	3911	1
38.19355191256831	3337	1
38.2335519125683	5883	1
38.242677595628415	9008	1
38.24622950819672	1133	1
38.27677595628415	6680	1
38.28103825136612	5219	1
38.29054644808743	6137	1
38.29366120218579	2400	1
38.31846994535519	544	1
38.32825136612022	509	1
38.35453551912568	7020	1
38.35710382513661	1969	1
38.378579234972676	4712	1
38.380765027322404	5661	1
38.38289617486339	6757	1
38.405081967213114	2753	1
38.433934426229506	8699	1
38.452677595628415	4679	1
38.47409836065574	5542	1
38.52846994535519	2995	1
38.54174863387978	1969	0
38.5703825136612	1263	1
38.57213114754098	3868	1
38.62377049180328	2796	1
38.624426229508195	1553	1
38.63316939890711	119	1
38.637868852459015	3172	1
38.6427868852459	9439	1
38.65846994535519	2899	1
38.65972677595628	2374	1
38.67366120218579	909	1
38.67464480874317	9712	1
38.680491803278684	1428	1
38.683879781420764	9987	1
38.695901639344264	8980	1
38.70890710382514	9593	1
38.72349726775956	9859	1
38.723551912568304	1134	1
38.72398907103825	4059	1
38.73005464480874	4373	1
38.7392349726776	2834	1
38.741967213114755	9264	1
38.74579234972678	8950	1
38.7507650273224	207	1
38.7551912568306	9292	1
38.7631693989071	7433	1
38.782021857923496	8306	1
38.797595628415294	4777	1
38.81704918032787	7019	1
38.83120218579235	2512	1
38.84049180327869	8102	1
38.84251366120218	6028	1
38.84732240437159	9371	1
38.86136612021858	5637	1
38.862021857923494	3953	1
38.887759562841524	3837	1
38.90169398907104	5380	1
38.90234972677595	2812	1
38.91229508196721	8940	1
38.9196174863388	2403	1
38.924153005464476	1420	1
38.93661202185792	1850	1
38.93918032786885	7534	1
38.95841530054644	5715	1
38.9731693989071	3202	1
38.97415300546448	7628	1
38.97644808743169	9154	1
39.00065573770492	614	1
39.00109289617487	2761	1
39.00573770491803	9975	1
39.02928961748634	2328	1
39.03147540983606	6903	1
39.03300546448088	1648	1
39.03448087431694	2462	1
39.03546448087432	1047	1
39.0624043715847	1079	1
39.08792349726776	7182	1
39.09956284153005	2896	1
39.10819672131148	8549	1
39.11530054644809	4105	1
39.12311475409836	7260	1
39.12459016393442	7505	1
39.12502732240437	4430	1
39.14092896174863	6339	1
39.14251366120218	759	1
39.15010928961749	5789	1
39.17568306010929	211	1
39.1920218579235	9546	1
39.19693989071038	9061	1
39.26377049180328	6581	1
39.26754098360655	4867	1
39.27125683060109	6346	1
39.29524590163934	616	1
39.298524590163936	2185	1
39.30699453551913	3466	1
39.307377049180324	413	1
39.311639344262296	701	1
39.31879781420765	5515	1
39.3207650273224	8481	1
39.361912568306	1810	1
39.367213114754094	3061	1
39.373606557377045	3163	1
39.388797814207656	3724	1
39.42284153005464	5120	1
39.43224043715847	6542	1
39.45693989071038	4728	1
39.4927868852459	3243	1
39.50295081967213	2606	1
39.52234972677596	7881	1
39.53060109289618	2131	1
39.54065573770492	7656	1
39.551857923497266	3592	1
39.561256830601096	7725	1
39.5648087431694	3073	1
39.582404371584694	2392	1
39.58754098360656	3251	1
39.64628415300546	5119	1
39.65202185792349	3119	1
39.652896174863386	8014	1
39.67169398907104	5575	1
39.685027322404366	8294	1
39.69377049180328	8672	1
39.69836065573771	6312	1
39.70327868852459	4218	1
39.74852459016393	7446	1
39.761803278688525	6591	1
39.767431693989074	127	1
39.77202185792349	7156	1
39.77693989071038	7455	1
39.78448087431694	7471	1
39.795846994535516	1828	1
39.796885245901635	4948	1
39.81819672131147	2913	1
39.82065573770492	8126	1
39.8492349726776	9201	1
39.849289617486335	8486	1
39.866502732240434	2451	1
39.8724043715847	3635	1
39.87469945355191	9936	1
39.88049180327869	3976	1
39.89901639344262	7554	1
39.91081967213115	9767	1
39.92967213114754	8444	1
39.938852459016395	7653	1
39.94158469945355	5139	1
39.9455737704918	658	1
39.94754098360656	6618	1
40.004043715847	8234	1
40.00677595628415	9911	1
40.01530054644809	3768	1
40.01901639344263	5560	1
40.01983606557377	144	1
40.02054644808743	233	1
40.054754098360654	5318	1
40.06846994535519	241	1
40.09207650273224	9529	1
40.097486338797815	3168	1
40.116612021857925	3038	1
40.12103825136612	8360	1
40.12579234972677	7405	1
40.13016393442623	4746	1
40.137049180327864	7580	1
40.138688524590165	4640	1
40.14005464480874	3342	1
40.14295081967213	6197	1
40.14584699453552	2497	1
40.14939890710382	2233	1
40.16683060109289	8750	1
40.19907103825137	4513	1
40.20071038251366	8720	1
40.2227868852459	2592	1
40.23672131147541	9808	1
40.23699453551912	893	1
40.242732240437164	6	1
40.24846994535519	7887	1
40.249071038251365	6612	1
40.25617486338798	9605	1
40.271857923497265	2422	1
40.30349726775956	8426	1
40.305846994535514	9976	1
40.31814207650274	3793	1
40.31879781420765	5558	1
40.3268306010929	1087	1
40.3351912568306	792	1
40.346721311475406	6122	1
40.37841530054645	3722	1
40.38120218579235	837	1
40.38448087431694	2679	1
40.38513661202186	24	1
40.4175956284153	2065	1
40.418633879781424	5974	1
40.43868852459016	5136	1
40.489672131147536	5389	1
40.514863387978146	8938	1
40.52092896174864	6824	1
40.52284153005464	2412	1
40.536120218579235	1526	1
40.53639344262295	4700	1
40.55021857923497	3057	1
40.55284153005465	4849	1
40.55978142076503	7436	1
40.582841530054644	8905	1
40.59016393442623	6433	1
40.60677595628415	7187	1
40.61672131147541	6543	1
40.63273224043716	3890	1
40.63726775956284	912	1
40.65103825136612	3411	1
40.651366120218576	9599	1
40.652513661202185	3660	1
40.654043715846996	1048	1
40.6572131147541	70	1
40.65803278688525	5538	1
40.659180327868846	4631	1
40.66508196721311	1505	1
40.67950819672131	7423	1
40.69114754098361	1385	1
40.70568306010929	2907	1
40.71945355191257	7691	1
40.765956284153006	4825	1
40.779726775956284	6315	1
40.79792349726776	5787	1
40.81841530054645	5678	1
40.82825136612021	6127	1
40.85486338797814	6564	1
40.86431693989071	6776	1
40.87273224043716	3330	1
40.878579234972676	5331	1
40.880819672131146	3477	1
40.89213114754098	7520	1
40.898797814207654	9519	1
40.90054644808743	471	1
40.90387978142077	6845	1
40.90573770491803	2598	1
40.90748633879782	1266	1
40.91136612021858	2938	1
40.93251366120219	7700	1
40.93868852459017	8838	1
40.94639344262295	9944	1
40.94945355191257	6956	1
40.95131147540984	1602	1
40.953005464480874	2148	1
40.96939890710382	3224	1
40.98218579234973	1222	1
40.997978142076505	9778	1
40.998688524590165	3112	1
40.999453551912566	8974	1
41.002459016393445	1503	1
41.05732240437159	4354	1
41.08688524590164	5881	1
41.09448087431694	6212	1
41.09737704918033	4605	1
41.098688524590166	9586	1
41.13918032786885	77	1
41.150273224043715	4245	1
41.153333333333336	1255	1
41.16027322404371	9358	1
41.20896174863388	4976	1
41.213169398907105	5196	1
41.21601092896175	6716	1
41.21710382513661	9099	1
41.23693989071038	2673	1
41.24693989071039	5329	1
41.26153005464481	3939	1
41.29153005464481	6814	1
41.2979781420765	8863	1
41.3031693989071	8595	1
41.33524590163935	8233	1
41.372185792349725	1230	1
41.3831693989071	8322	1
41.39584699453552	5453	1
41.401748633879784	713	1
41.41191256830601	9270	1
41.41803278688525	2557	1
41.42245901639344	2382	1
41.425956284153	1498	1
41.439562841530055	775	1
41.43978142076502	7067	1
41.44114754098361	6440	1
41.4487431693989	8417	1
41.45426229508197	9913	1
41.456830601092896	9207	1
41.50333333333333	9426	1
41.53699453551913	1361	1
41.544262295081964	4767	1
41.54448087431694	3056	1
41.600109289617485	813	1
41.60092896174863	297	1
41.60590163934427	2982	1
41.63136612021858	7127	1
41.65120218579235	6982	1
41.664918032786886	3844	1
41.67404371584699	3574	1
41.67786885245902	9759	1
41.678306010928964	6580	1
41.67846994535519	5951	1
41.68715846994535	8920	1
41.69551912568306	6539	1
41.70617486338797	3277	1
41.71688524590164	3593	1
41.71852459016393	708	1
41.72049180327869	3118	1
41.721803278688526	7912	1
41.728087431693986	394	1
41.73	8913	1
41.74109289617486	5675	1
41.74617486338798	1749	1
41.76005464480874	5180	1
41.76306010928962	1887	1
41.79032786885246	3364	1
41.81513661202186	6109	1
41.8172131147541	796	1
41.82825136612021	9902	1
41.8468306010929	785	1
41.850546448087435	7279	1
41.8572131147541	6736	1
41.87	6863	1
41.882622950819666	5506	1
41.883387978142075	7703	1
41.91497267759563	3438	1
41.952185792349724	1083	1
41.95568306010929	9717	1
41.957868852459015	1253	1
41.993442622950816	9112	1
42.004371584699456	7458	1
42.01639344262295	9934	1
42.025628415300545	7718	1
42.02704918032787	6896	1
42.03524590163935	169	1
42.0363387978142	4539	1
42.03868852459016	5877	1
42.03972677595629	6786	1
42.055136612021855	8498	1
42.055191256830604	2503	1
42.06185792349727	3851	1
42.079508196721314	4410	1
42.086612021857924	5000	1
42.08715846994536	3731	1
42.087322404371584	3162	1
42.087377049180326	1826	1
42.106502732240436	3656	1
42.1072131147541	7796	1
42.11901639344262	5141	1
42.132622950819666	6171	1
42.134480874316935	3910	1
42.14415300546448	242	1
42.15005464480874	9283	1
42.19825136612022	7682	1
42.20459016393442	5125	1
42.24092896174864	3262	1
42.31601092896175	1352	1
42.326612021857926	446	1
42.33021857923497	49	1
42.33568306010929	7738	1
42.338852459016394	6506	1
42.34688524590164	5910	1
42.35103825136612	3971	1
42.386338797814204	7113	1
42.38765027322404	426	1
42.4020218579235	9601	1
42.404426229508196	4190	1
42.41071038251366	5557	1
42.41131147540984	1639	1
42.43251366120219	6655	1
42.439945355191256	1986	1
42.4955737704918	3042	1
42.51808743169399	2152	1
42.51825136612022	1774	1
42.51972677595628	366	1
42.52584699453552	7320	1
42.53486338797814	1187	1
42.53508196721311	951	1
42.54409836065574	659	1
42.55306010928962	5046	1
42.55573770491803	9127	1
42.55950819672131	3250	1
42.573989071038255	8015	1
42.61754098360656	9661	1
42.641639344262295	8420	1
42.66622950819672	2409	1
42.70049180327869	4693	1
42.703387978142075	5945	1
42.73349726775956	1805	1
42.743825136612024	432	1
42.74666666666667	5649	1
42.7503825136612	8497	1
42.76092896174863	9858	1
42.79142076502732	8299	1
42.80497267759563	8238	1
42.817158469945355	5221	1
42.825027322404374	7142	1
42.83420765027322	9330	1
42.836393442622956	579	1
42.84125683060109	8637	1
42.86120218579235	3153	1
42.86513661202186	4044	1
42.86950819672131	1982	1
42.88153005464481	9962	1
42.90748633879781	8681	1
42.909945355191255	2026	1
42.917103825136614	9854	1
42.923060109289615	3872	1
42.92333333333333	4137	1
42.94153005464481	1764	1
42.964316939890715	2490	1
42.966939890710385	286	1
42.96781420765027	5408	1
42.9831693989071	1112	1
43.00475409836065	4096	1
43.02732240437159	2329	1
43.05306010928962	3682	1
43.06885245901639	9409	1
43.09770491803279	3866	1
43.11907103825137	7029	1
43.14306010928962	1259	1
43.14661202185792	7919	1
43.14786885245902	3491	1
43.16382513661202	7265	1
43.16633879781421	3065	1
43.16699453551912	1348	1
43.217650273224045	7748	1
43.22535519125683	640	1
43.238961748633876	1394	1
43.248360655737706	2195	1
43.25896174863388	3678	1
43.26639344262295	417	1
43.27612021857923	1851	1
43.27912568306011	6200	1
43.28814207650274	2318	1
43.2892349726776	6986	1
43.2927868852459	4537	1
43.295355191256824	7734	1
43.30737704918033	8596	0
43.309289617486336	2608	1
43.31327868852458	9755	1
43.315300546448086	8241	1
43.31961748633879	7003	1
43.33803278688525	6919	1
43.341967213114756	332	1
43.342677595628416	6085	1
43.347486338797815	2084	1
43.36683060109289	2815	1
43.36819672131147	7888	1
43.3816393442623	506	1
43.38398907103825	5770	1
43.404480874316945	2734	1
43.41754098360656	9192	1
43.418907103825134	2668	1
43.44918032786885	4084	1
43.44950819672131	1643	1
43.45245901639345	2138	1
43.45945355191257	142	1
43.46218579234973	8160	1
43.523114754098366	630	1
43.528633879781424	9970	1
43.53737704918033	1218	1
43.54125683060109	6042	1
43.5483606557377	2866	1
43.54841530054645	1011	1
43.549617486338796	5020	1
43.58196721311476	6032	1
43.604644808743174	2027	1
43.606229508196726	536	1
43.60743169398907	7801	1
43.62158469945355	4021	1
43.62836065573771	6217	1
43.628633879781425	3604	1
43.65721311475409	8023	1
43.68180327868853	2285	1
43.68524590163934	9310	1
43.68715846994536	489	1
43.69453551912569	9699	1
43.70781420765027	7305	1
43.710437158469944	6534	1
43.732076502732234	490	1
43.747158469945354	5348	1
43.752841530054646	524	1
43.76830601092896	4167	1
43.789836065573766	1606	1
43.79819672131148	9474	1
43.81650273224044	8220	1
43.82710382513661	3980	1
43.83081967213115	2709	1
43.8879781420765	1174	1
43.90191256830601	2039	1
43.93344262295082	8004	1
43.93775956284153	7121	1
43.94196721311475	7586	1
43.95863387978142	2629	1
43.96830601092896	1979	1
43.972021857923494	6571	1
43.98021857923497	6937	1
43.98234972677595	2211	1
43.98327868852459	4073	1
43.98601092896175	1506	1
43.99224043715847	1871	1
44.01120218579235	6238	1
44.01688524590163	8086	1
44.02234972677596	3970	1
44.02267759562841	5256	1
44.0227868852459	5116	1
44.031912568306005	47	1
44.05874316939891	8539	1
44.06655737704918	2349	1
44.07191256830601	8762	1
44.075683060109284	4033	1
44.08	6038	1
44.09180327868852	6689	1
44.10021857923497	6828	1
44.10409836065574	996	1
44.10579234972678	8682	1
44.12508196721311	1586	1
44.13584699453552	5947	1
44.175737704918035	816	1
44.17928961748634	7989	1
44.17978142076503	4962	1
44.18191256830601	8872	1
44.19114754098361	7873	1
44.1916393442623	5740	1
44.19306010928961	3429	1
44.2055737704918	3992	1
44.21732240437158	533	1
44.22234972677595	2356	1
44.22295081967213	6116	1
44.22868852459016	9641	1
44.230710382513664	6569	1
44.24327868852459	7367	1
44.24748633879781	2869	1
44.25644808743169	2642	1
44.25661202185792	9508	1
44.28814207650273	9219	1
44.2979781420765	7996	1
44.29841530054645	513	1
44.30606557377049	7407	1
44.30661202185792	6940	1
44.3068306010929	4649	1
44.310109289617486	6965	1
44.312349726775956	9397	1
44.315300546448086	7647	1
44.316010928961745	5328	1
44.32185792349727	794	1
44.34404371584699	8864	1
44.35508196721312	1383	1
44.360491803278684	2430	1
44.36409836065574	9003	1
44.367322404371585	322	1
44.392786885245904	1213	1
44.39606557377049	483	1
44.40054644808743	4492	1
44.409234972677595	416	1
44.409617486338796	5666	1
44.43224043715847	7546	1
44.43928961748634	5447	1
44.46442622950819	6453	1
44.5011475409836	2886	1
44.502021857923495	8826	1
44.51021857923497	6866	1
44.53874316939891	6899	1
44.54792349726776	2605	1
44.550655737704915	6101	1
44.567978142076505	280	1
44.57442622950819	9649	1
44.576120218579234	3415	1
44.57978142076503	6396	1
44.63120218579235	1992	1
44.65371584699454	5398	1
44.65939890710382	6512	1
44.676065573770494	2203	1
44.70021857923497	6998	1
44.7096174863388	2806	1
44.71366120218579	7031	1
44.7327868852459	7901	1
44.77349726775956	608	1
44.77945355191257	9000	1
44.78508196721311	6595	1
44.80087431693989	5122	1
44.80945355191257	294	1
44.81371584699453	9078	1
44.81628415300546	6295	1
44.81841530054645	5338	1
44.834371584699454	6113	1
44.865027322404366	2936	0
44.87267759562841	9324	1
44.875846994535515	4747	1
44.88256830601093	4731	1
44.90191256830601	6909	1
44.90857923497268	1313	1
44.932131147540986	920	1
44.9375956284153	3901	1
44.94262295081967	8438	1
44.957868852459015	9378	1
44.97054644808743	107	1
44.97234972677595	1216	1
44.993442622950816	6255	1
44.996338797814204	8730	1
45.01021857923497	1004	1
45.014426229508196	9249	1
45.04306010928961	7678	1
45.05650273224043	3387	1
45.06147540983606	22	1
45.0807650273224	2299	1
45.09535519125683	7804	1
45.10153005464481	1702	1
45.1044262295082	4978	1
45.11612021857923	8912	1
45.12934426229508	4730	1
45.131147540983605	9421	1
45.13699453551912	6624	1
45.14524590163934	5504	1
45.148360655737704	1849	1
45.15191256830601	4055	1
45.169398907103826	2406	1
45.173387978142074	709	1
45.18967213114754	9467	1
45.19453551912569	2876	1
45.198196721311476	6290	1
45.20775956284153	8598	1
45.21054644808743	7990	1
45.21103825136612	1210	1
45.214207650273224	3684	1
45.2163387978142	4530	1
45.22387978142077	5195	1
45.26174863387978	1541	1
45.26655737704918	2457	1
45.26721311475409	3931	1
45.283825136612016	1652	1
45.30338797814208	162	1
45.30601092896175	6161	1
45.31639344262295	6770	1
45.31765027322404	1278	1
45.32907103825137	6242	1
45.34540983606558	9375	1
45.35934426229508	8928	1
45.361038251366125	2261	1
45.36901639344262	4424	1
45.38393442622951	5319	1
45.39513661202186	4477	1
45.403551912568304	112	1
45.426502732240436	9372	1
45.452185792349724	5981	1
45.45732240437158	5662	1
45.46672131147541	2601	1
45.467213114754095	2429	1
45.46912568306011	2950	1
45.475081967213114	6237	1
45.47978142076502	377	1
45.516174863387974	7781	1
45.54448087431694	3859	1
45.5624043715847	6978	1
45.56918032786885	1279	1
45.59792349726776	6444	1
45.621693989071034	6061	1
45.649508196721314	7795	1
45.66043715846994	1780	1
45.68333333333333	3314	1
45.685901639344266	2528	1
45.6864480874317	4122	1
45.68688524590164	7777	1
45.730327868852456	3348	1
45.73158469945355	3532	1
45.73841530054645	6806	1
45.74431693989071	2381	1
45.74983606557377	9506	1
45.779344262295076	6142	1
45.805519125683055	6483	1
45.821693989071036	4487	1
45.82732240437158	5257	1
45.83491803278689	4822	1
45.83524590163934	445	1
45.86486338797814	2584	1
45.870765027322406	3490	1
45.919726775956285	6203	1
45.97076502732241	516	1
45.981366120218574	2789	1
45.98497267759563	6671	1
45.9855737704918	8739	1
45.987103825136614	5210	1
46.00480874316939	6658	1
46.027540983606556	9074	1
46.02928961748634	2942	1
46.029344262295076	220	1
46.04699453551912	3698	1
46.04857923497267	6120	1
46.118032786885244	4026	1
46.1196174863388	9613	1
46.120000000000005	3804	1
46.133278688524584	4025	1
46.134098360655734	6686	1
46.138360655737706	2176	1
46.161147540983606	9785	1
46.161857923497266	1652	0
46.18398907103825	2740	1
46.19387978142076	5954	1
46.2163387978142	3134	1
46.23049180327869	6071	1
46.24885245901639	1954	1
46.259125683060105	4135	1
46.26344262295082	472	1
46.2735519125683	5966	1
46.29409836065573	2009	1
46.31180327868852	7086	1
46.31508196721312	5409	1
46.34060109289617	8795	1
46.35448087431694	4032	1
46.37639344262295	4464	1
46.3775956284153	9944	0
46.416721311475406	896	1
46.43120218579235	3790	1
46.43262295081967	4147	1
46.45098360655738	7419	1
46.460163934426234	5443	1
46.49027322404372	921	1
46.49885245901639	7602	1
46.50699453551913	8468	1
46.51655737704918	3643	1
46.51803278688524	2293	1
46.54540983606557	8590	1
46.554863387978145	3408	1
46.55825136612022	9121	1
46.573606557377055	7620	1
46.591092896174864	3446	1
46.630382513661196	8122	1
46.6324043715847	5197	1
46.6531693989071	3486	1
46.65426229508197	6298	1
46.6575956284153	9239	1
46.66213114754098	415	1
46.6755737704918	6676	1
46.68218579234973	3220	1
46.68950819672131	1092	1
46.732950819672126	6378	0
46.736666666666665	4173	1
46.740546448087436	8374	1
46.76612021857924	1356	1
46.76950819672131	4800	1
46.775300546448086	5474	1
46.79109289617487	1935	1
46.8079781420765	9674	1
46.82770491803279	4222	1
46.83502732240437	115	1
46.85431693989071	9080	1
46.874754098360654	2274	1
46.89322404371585	2841	1
46.900163934426224	3852	1
46.90863387978142	5679	1
46.91513661202186	7846	1
46.92256830601092	2830	1
46.926010928961745	6833	1
46.94693989071038	7330	1
46.96147540983607	2428	1
46.96218579234972	774	1
46.98464480874317	4651	1
46.99065573770491	3598	1
47.00967213114754	9143	1
47.042131147540985	551	1
47.05437158469945	2166	1
47.05726775956284	8313	1
47.06360655737705	1321	1
47.074371584699456	7618	1
47.092622950819674	3998	1
47.09289617486339	5967	1
47.099289617486335	3456	1
47.10333333333333	8156	1
47.11076502732241	694	1
47.124754098360654	6022	1
47.12622950819672	5841	1
47.14207650273224	8448	1
47.14540983606557	9319	1
47.14590163934427	2128	1
47.16464480874316	5239	1
47.174480874316934	5999	1
47.19005464480874	8393	1
47.20502732240437	3295	1
47.211967213114754	5127	1
47.21398907103825	9224	1
47.23535519125683	4374	1
47.23896174863388	5719	1
47.25601092896175	7202	1
47.27950819672131	4234	1
47.29081967213115	1912	1
47.30049180327868	1956	1
47.30245901639344	5524	1
47.30732240437158	7470	1
47.36393442622951	6247	1
47.36622950819672	3699	1
47.377814207650275	1712	1
47.37978142076503	1081	1
47.38765027322405	4170	1
47.41262295081967	2216	1
47.417486338797815	3748	1
47.450765027322404	4371	1
47.47327868852459	1555	1
47.47338797814208	9757	1
47.490546448087436	376	1
47.49830601092896	5944	1
47.529016393442625	9412	1
47.54229508196721	4645	1
47.54863387978142	5103	1
47.552076502732234	5616	1
47.565300546448086	7692	1
47.56918032786886	4569	1
47.57830601092896	6973	1
47.58748633879781	5934	1
47.6027868852459	4715	1
47.61153005464481	1355	1
47.61693989071038	7175	1
47.61775956284153	3663	1
47.61819672131148	1384	1
47.62218579234973	4828	1
47.62491803278688	1595	1
47.63622950819672	5019	1
47.638633879781416	3770	1
47.676830601092895	5162	1
47.700765027322404	735	1
47.7244262295082	4219	1
47.72540983606557	1075	1
47.75437158469945	4268	1
47.76349726775956	8568	1
47.77431693989071	4589	1
47.78770491803279	1328	1
47.78786885245901	8104	1
47.79273224043716	6578	1
47.804808743169396	5599	1
47.82475409836065	9645	1
47.82502732240437	120	1
47.83360655737705	7609	1
47.853114754098364	2949	1
47.8735519125683	8639	1
47.87655737704918	494	1
47.88540983606557	6794	1
47.89092896174863	4548	1
47.89590163934427	4467	1
47.901420765027325	2736	1
47.90606557377049	8062	1
47.95852459016393	6041	1
47.975355191256824	7072	1
47.993879781420766	9646	1
48.025300546448086	9798	1
48.02579234972677	5372	1
48.04540983606557	4905	1
48.05612021857923	5964	1
48.065956284153	1748	1
48.07289617486338	6544	1
48.07579234972678	4277	1
48.07693989071038	8960	1
48.08409836065574	1953	1
48.08743169398907	9701	1
48.10896174863388	7477	1
48.14896174863388	257	1
48.154371584699454	6995	1
48.15726775956284	2268	1
48.18289617486339	6184	1
48.1896174863388	5619	1
48.20732240437159	2473	1
48.21612021857923	8017	1
48.23743169398907	3356	1
48.25289617486339	777	1
48.258415300546446	1564	1
48.297814207650276	8446	1
48.300710382513664	6772	1
48.30169398907104	4223	1
48.32431693989071	515	1
48.32748633879781	4903	1
48.331803278688525	7222	1
48.34398907103825	8204	1
48.36426229508197	628	1
48.38956284153006	1073	1
48.40071038251366	4756	1
48.4027868852459	2008	1
48.406557377049175	3384	1
48.41098360655737	5790	1
48.4127868852459	9774	1
48.4231693989071	2440	1
48.425737704918035	657	1
48.42655737704918	3726	1
48.43142076502732	6186	1
48.44606557377049	8937	1
48.447486338797816	7355	1
48.47218579234972	5511	1
48.48311475409836	7719	1
48.48601092896175	2353	1
48.49781420765027	9137	1
48.51879781420765	7023	1
48.536448087431694	1915	1
48.55639344262295	8764	1
48.558633879781425	5591	1
48.58349726775956	9365	1
48.59661202185792	5718	1
48.60136612021858	45	1
48.6124043715847	9018	1
48.630054644808745	8780	1
48.63016393442623	7010	1
48.65180327868852	3204	1
48.65786885245901	7591	1
48.67688524590164	4078	1
48.68568306010929	3382	1
48.732568306010926	5513	1
48.744207650273225	6537	1
48.74688524590164	4037	1
48.753224043715846	8821	1
48.76846994535519	5807	1
48.79939890710383	353	1
48.83207650273224	4436	1
48.849016393442625	2952	1
48.85366120218579	7987	1
48.86825136612022	122	1
48.898032786885246	6119	1
48.90688524590164	6729	1
48.92590163934426	3196	1
48.942513661202184	4718	1
48.943278688524586	6756	1
48.95989071038251	1194	1
48.978087431693986	5369	1
49.01054644808743	2750	1
49.01158469945355	4009	1
49.03748633879781	2565	1
49.08426229508197	3578	1
49.092622950819674	6461	1
49.09830601092896	3379	1
49.10464480874317	3178	1
49.10628415300546	7812	1
49.124535519125686	5748	1
49.16344262295082	6421	1
49.171639344262296	5448	1
49.17666666666666	4587	1
49.178360655737706	8898	1
49.21557377049181	4716	1
49.235136612021854	3556	1
49.235956284153005	6984	1
49.239617486338794	8006	1
49.30049180327869	2100	1
49.30885245901639	6509	1
49.313879781420766	1416	1
49.31748633879781	8650	1
49.33584699453552	9857	1
49.34098360655737	2856	1
49.4015300546448	1890	1
49.4087431693989	8033	1
49.411857923497266	8304	1
49.41245901639344	8922	1
49.42355191256831	7110	1
49.424480874316934	8231	1
49.453442622950824	373	1
49.459344262295076	2810	1
49.47087431693989	3026	1
49.473606557377046	27	1
49.486338797814206	5265	1
49.490819672131146	8059	1
49.50409836065574	2469	1
49.53185792349726	4267	1
49.54907103825136	1414	1
49.55245901639344	6827	1
49.57792349726776	8925	1
49.5851912568306	5208	1
49.606502732240436	8199	1
49.63814207650273	7980	1
49.64814207650273	5080	1
49.69103825136612	4242	1
49.697103825136615	5179	1
49.714699453551916	6341	1
49.72770491803279	1824	1
49.728087431693986	5713	1
49.73032786885246	7226	1
49.74901639344262	8484	1
49.7515300546448	8926	1
49.775683060109294	8239	1
49.781256830601095	4352	1
49.782349726775955	5958	1
49.78289617486338	2106	1
49.799180327868854	1664	1
49.80087431693989	5204	1
49.81180327868852	6460	1
49.820874316939886	1280	1
49.840710382513656	259	1
49.84841530054645	5463	1
49.85885245901639	8105	1
49.86743169398907	8270	1
49.871202185792356	9787	1
49.87661202185792	7890	1
49.88857923497268	7286	1
49.89043715846995	8407	1
49.89251366120219	2156	1
49.9003825136612	4857	1
49.97306010928961	3328	1
49.97377049180328	422	1
49.98568306010929	3522	1
50.00781420765028	6737	1
50.01639344262295	5514	1
50.019180327868845	4400	1
50.0272131147541	3736	1
50.03814207650274	4261	1
50.04393442622951	4349	1
50.04590163934426	6554	1
50.05546448087432	8049	1
50.05879781420765	7088	1
50.07185792349727	1955	1
50.081748633879776	3755	1
50.09770491803279	1947	1
50.11448087431694	1938	1
50.12366120218579	3787	1
50.124043715846994	6368	1
50.1303825136612	1217	1
50.13207650273224	4741	1
50.142349726775954	3577	1
50.151311475409834	4923	1
50.17054644808743	7462	1
50.172677595628414	6209	1
50.19726775956284	4453	1
50.206010928961746	8679	1
50.24579234972678	2122	1
50.25180327868852	9338	1
50.262513661202185	7675	1
50.27005464480874	733	1
50.29972677595629	6026	1
50.301803278688524	3034	1
50.30661202185792	5475	1
50.32743169398908	2782	1
50.33207650273224	6673	1
50.358743169398906	514	1
50.36338797814207	8171	1
50.386010928961745	1178	1
50.40535519125683	6611	1
50.4168306010929	9407	1
50.42180327868853	6112	1
50.43928961748634	4200	1
50.44590163934426	3358	1
50.45021857923497	9819	1
50.459836065573775	4290	1
50.481857923497266	5006	1
50.485191256830596	4330	1
50.50005464480874	8564	1
50.51387978142077	1045	1
50.54120218579235	2134	1
50.55207650273224	4104	1
50.557923497267765	8310	1
50.58158469945355	2427	1
50.58245901639344	2889	1
50.614262295081964	10	1
50.62377049180328	8408	1
50.626994535519124	5939	1
50.63032786885246	2801	1
50.640109289617484	7179	1
50.65032786885246	3934	1
50.662185792349725	7491	1
50.665956284153005	73	1
50.66890710382514	4376	1
50.68830601092896	1999	1
50.710109289617485	131	1
50.728087431693986	1479	1
50.728087431693986	3375	1
50.75710382513661	5262	1
50.75907103825136	476	1
50.77404371584699	8167	1
50.781967213114754	1188	1
50.782076502732245	4271	1
50.813770491803275	1129	1
50.82327868852459	226	1
50.836666666666666	1950	1
50.845355191256836	4751	1
50.849672131147535	5449	1
50.85021857923497	8195	1
50.85142076502732	2573	1
50.895300546448084	9957	1
50.913005464480875	256	1
50.9311475409836	2523	1
50.95344262295082	7905	1
50.961530054644804	7481	1
50.96191256830601	2396	1
50.97448087431694	9773	1
51.0131693989071	1620	1
51.04081967213114	8280	1
51.048142076502735	5043	1
51.05284153005464	3503	1
51.05475409836066	1453	1
51.0627868852459	2052	1
51.07420765027322	198	1
51.076174863387976	7995	1
51.080655737704916	2905	1
51.08245901639344	3654	1
51.09579234972677	705	1
51.10852459016394	5253	1
51.11896174863388	7764	1
51.1196174863388	9141	1
51.128907103825135	1841	1
51.13284153005465	2877	1
51.13846994535519	8095	1
51.156284153005465	932	1
51.160437158469946	2465	1
51.19732240437158	4931	1
51.21360655737705	1392	1
51.224262295081964	7758	1
51.22885245901639	9525	1
51.23	8884	1
51.23863387978142	3622	1
51.24049180327869	6577	1
51.25879781420765	9289	1
51.26185792349727	6725	1
51.26191256830601	7565	1
51.26901639344262	5613	1
51.27508196721311	5244	1
51.298142076502735	9995	1
51.29819672131148	500	1
51.309289617486336	3443	1
51.31644808743169	2224	1
51.325081967213116	3607	1
51.34928961748634	6442	1
51.38158469945355	8211	1
51.382677595628415	6675	1
51.38967213114754	3921	1
51.403169398907096	8710	1
51.417868852459016	9427	1
51.44049180327869	8831	1
51.450710382513655	5721	1
51.4607650273224	620	1
51.46103825136612	706	1
51.46158469945355	7925	1
51.47978142076503	3855	1
51.47983606557377	553	1
51.506229508196725	5963	1
51.5268306010929	5138	1
51.52803278688525	2399	1
51.52846994535519	7655	1
51.55344262295082	7921	1
51.5624043715847	3101	1
51.5627868852459	1552	1
51.56469945355191	5834	1
51.564863387978136	3775	1
51.56912568306011	9935	1
51.571256830601094	6011	1
51.5779781420765	9539	1
51.58245901639344	5304	1
51.58775956284153	5393	1
51.5924043715847	7845	1
51.61732240437158	4981	1
51.6303825136612	5320	1
51.631147540983605	6257	1
51.64508196721311	7488	1
51.65775956284153	6567	1
51.658142076502735	1936	1
51.675737704918035	7427	1
51.69803278688524	7061	1
51.70808743169398	948	1
51.712021857923496	3323	1
51.71491803278688	4491	1
51.74879781420765	5190	1
51.77267759562841	4928	1
51.778196721311474	1525	1
51.785027322404375	8855	1
51.79606557377049	3801	1
51.81109289617486	7745	1
51.8120218579235	9723	1
51.842896174863384	8670	1
51.868415300546445	7115	1
51.87726775956284	9089	1
51.8803825136612	2531	1
51.896502732240435	6176	1
51.93748633879781	2116	1
51.959071038251366	3820	1
51.96573770491803	1158	1
51.96918032786885	8327	1
51.98459016393443	5763	1
51.98540983606558	9039	1
51.985956284153005	3028	1
51.99180327868852	2173	1
52.0079781420765	6977	1
52.00846994535519	3626	1
52.01005464480874	7576	1
52.024918032786886	9949	1
52.02732240437159	4180	1
52.02912568306011	3563	1
52.033169398907106	4335	1
52.035027322404375	5955	1
52.059016393442626	2746	1
52.08163934426229	5041	1
52.09699453551913	2269	1
52.10546448087431	5266	1
52.10748633879781	436	1
52.11786885245901	6969	1
52.127814207650275	9939	1
52.13710382513661	9850	1
52.144590163934424	412	1
52.150601092896174	8077	1
52.16191256830601	7785	1
52.1651912568306	9943	1
52.16879781420765	1315	1
52.17961748633879	5314	1
52.18071038251366	1363	1
52.18989071038251	5694	1
52.21699453551913	7798	1
52.23016393442623	9489	1
52.247595628415304	4808	1
52.24765027322404	3108	1
52.260601092896174	3555	1
52.266174863387974	2836	1
52.26857923497268	266	1
52.27732240437159	4997	1
52.28890710382514	347	1
52.291912568306	9830	1
52.30158469945355	711	1
52.32344262295082	763	1
52.32366120218579	2418	1
52.32726775956284	5296	1
52.33087431693989	8907	1
52.334863387978146	124	1
52.335573770491806	9029	1
52.340054644808745	6746	1
52.347158469945356	389	1
52.353387978142074	61	1
52.37327868852459	9458	1
52.381967213114756	2961	1
52.38890710382514	3627	1
52.41420765027323	6507	1
52.44092896174863	1229	1
52.441420765027324	4666	1
52.44896174863388	3092	1
52.4531693989071	9589	1
52.45464480874317	8851	1
52.455956284153004	802	1
52.48453551912568	8587	1
52.48912568306011	5083	1
52.490437158469945	5846	1
52.50245901639344	4636	1
52.50409836065574	2617	1
52.54459016393442	3388	1
52.544808743169405	1790	1
52.55448087431694	7252	1
52.58524590163934	6706	1
52.59923497267759	2082	1
52.60333333333334	4837	1
52.61644808743169	7450	1
52.62710382513661	1272	1
52.62901639344262	284	1
52.65486338797814	1653	1
52.65601092896175	1161	1
52.67344262295082	5680	1
52.679071038251365	3617	1
52.6807650273224	8782	1
52.68114754098361	9400	1
52.68775956284153	9132	1
52.68934426229508	2266	1
52.69060109289617	942	1
52.71890710382513	6251	1
52.732950819672126	4030	1
52.74786885245902	2867	1
52.76109289617486	8711	1
52.76125683060109	2972	1
52.77918032786885	4139	1
52.77961748633879	8609	1
52.788251366120214	6279	1
52.817049180327864	3481	1
52.841857923497265	3280	1
52.841967213114756	7124	1
52.87825136612022	7041	1
52.88289617486339	6095	1
52.88601092896175	7208	1
52.91322404371585	9573	1
52.91754098360656	6775	1
52.922240437158464	3788	1
52.92382513661202	9728	1
52.92792349726776	6045	1
52.93573770491803	8463	1
52.95661202185792	4608	1
52.970273224043716	9354	1
52.97114754098361	7163	1
52.977814207650276	9346	1
52.985846994535514	7464	1
53.01786885245902	362	1
53.01841530054645	8550	1
53.02382513661202	4832	1
53.03322404371585	7495	1
53.04945355191257	4496	1
53.05333333333333	3645	1
53.05420765027322	7440	1
53.06726775956284	2722	1
53.07098360655738	2075	1
53.08453551912568	2093	1
53.09612021857924	7078	1
53.121420765027324	7294	1
53.12256830601093	6000	1
53.123333333333335	8712	1
53.133442622950824	4126	1
53.144590163934424	8742	1
53.154316939890705	3723	1
53.16213114754098	3529	1
53.167103825136614	1007	1
53.17448087431694	3549	1
53.18344262295082	2973	1
53.1848087431694	9598	1
53.19426229508197	6424	1
53.194754098360654	3312	1
53.22267759562841	8847	1
53.243114754098364	3240	1
53.250928961748635	7930	1
53.25677595628415	7038	1
53.26109289617486	9032	1
53.270765027322405	7532	1
53.283989071038256	7935	1
53.28639344262295	86	1
53.30896174863388	28	1
53.32377049180328	8434	1
53.33786885245901	3599	1
53.34688524590164	3543	1
53.35366120218579	2772	1
53.36562841530054	6260	1
53.370273224043714	8495	1
53.37601092896175	7524	1
53.3768306010929	9609	1
53.38699453551912	6799	1
53.410874316939896	9476	1
53.42622950819672	9947	1
53.435901639344266	7913	1
53.442950819672134	1813	1
53.45109289617486	1926	1
53.45672131147541	3376	1
53.470710382513666	5183	1
53.475027322404365	9980	1
53.4927868852459	8747	1
53.50043715846994	7275	1
53.52584699453552	7066	1
53.56251366120219	8007	1
53.56284153005464	6449	1
53.569836065573774	9919	1
53.57300546448088	1474	1
53.57786885245901	5519	1
53.584043715846995	2067	1
53.60169398907104	6557	1
53.60830601092896	6417	1
53.61005464480874	9096	1
53.61754098360656	5462	1
53.61989071038251	2454	1
53.62830601092896	7669	1
53.631092896174856	682	1
53.63497267759563	7632	1
53.652513661202185	4056	1
53.71109289617486	9909	1
53.71180327868852	9852	1
53.71983606557377	3506	1
53.73054644808743	6726	1
53.73224043715847	8205	1
53.73508196721311	1005	1
53.7368306010929	4304	1
53.75120218579235	116	1
53.763333333333335	7550	1
53.76639344262295	5388	1
53.79972677595628	3006	1
53.8335519125683	6878	1
53.837377049180326	8335	1
53.84224043715847	9792	1
53.84459016393443	5869	1
53.84464480874317	6905	1
53.848251366120216	8527	1
53.891202185792345	7898	1
53.89885245901639	2386	1
53.899836065573766	7736	1
53.90469945355191	228	1
53.90825136612022	5988	1
53.908797814207645	5381	1
53.932131147540986	4752	1
53.93710382513661	2937	1
53.980710382513664	7820	1
53.98825136612022	3647	1
53.99071038251366	9584	1
54.00071038251366	5701	1
54.00409836065574	7690	1
54.01349726775956	1357	1
54.019726775956286	3742	1
54.07065573770492	1153	1
54.07743169398907	4365	1
54.0931693989071	4402	1
54.099999999999994	7941	1
54.10879781420765	8399	1
54.11825136612022	8538	1
54.12142076502732	6598	1
54.132295081967214	6523	1
54.162677595628416	972	1
54.204918032786885	40	1
54.20989071038252	7984	1
54.213551912568306	2143	1
54.228142076502735	7307	1
54.23306010928962	6067	1
54.24732240437159	3636	1
54.26273224043715	6150	1
54.271530054644806	8475	1
54.28453551912568	1495	1
54.28770491803279	8726	1
54.30267759562842	7358	1
54.31573770491803	5572	1
54.320928961748635	9849	1
54.32284153005464	7271	1
54.33273224043716	9415	1
54.34475409836065	4508	1
54.357595628415304	5656	1
54.38890710382513	9560	1
54.40874316939891	3776	1
54.43191256830601	6087	1
54.43251366120219	1341	1
54.438415300546446	2619	1
54.44431693989071	3473	1
54.447486338797816	1783	1
54.453387978142075	7008	1
54.455300546448086	331	1
54.463551912568306	1219	1
54.47573770491803	644	1
54.4835519125683	732	1
54.4955737704918	4003	1
54.50158469945355	963	1
54.50426229508197	2769	1
54.510327868852464	2332	1
54.51464480874317	4101	1
54.52300546448087	5230	1
54.5248087431694	2627	1
54.53114754098361	3527	1
54.5351912568306	7539	1
54.53524590163934	6093	1
54.5464480874317	933	1
54.56622950819673	5414	1
54.57158469945355	4270	1
54.576830601092894	1905	1
54.58213114754098	6114	1
54.5831693989071	1609	1
54.59098360655738	3606	1
54.59836065573771	4957	1
54.671584699453554	8784	1
54.68087431693989	3263	1
54.69453551912568	548	1
54.70163934426229	4535	1
54.70983606557377	480	1
54.71584699453552	3339	1
54.71584699453552	5229	1
54.71584699453552	4794	1
54.73005464480874	3336	1
54.73497267759563	8946	1
54.74918032786885	236	1
54.75027322404372	1895	1
54.76010928961748	9900	1
54.76229508196721	8206	1
54.76338797814208	7134	1
54.767759562841526	1650	1
54.77923497267759	1430	1
54.781967213114754	3728	1
54.790163934426225	6400	1
54.80437158469945	1708	1
54.82677595628415	7103	1
54.827322404371586	6565	1
54.84808743169399	7064	1
54.85464480874317	3096	1
54.85846994535519	3544	1
54.877049180327866	5556	1
54.88251366120218	9294	1
54.88743169398907	8256	1
54.88907103825136	2140	1
54.89781420765027	632	1
54.89890710382514	2729	1
54.901092896174866	2929	1
54.91693989071038	8697	1
54.948633879781426	3116	1
54.95136612021858	7773	1
54.963934426229514	8405	1
54.97213114754098	3700	1
54.97978142076502	9066	1
54.98688524590163	2124	1
55.01092896174863	6938	1
55.03825136612022	1440	1
55.061202185792354	7506	1
55.09453551912568	9273	1
55.09508196721311	2443	1
55.12841530054645	833	1
55.13169398907103	8629	1
55.14371584699454	1860	1
55.14972677595628	9034	1
55.16284153005464	1920	1
55.164480874316936	4016	1
55.16502732240437	5768	1
55.17322404371585	9227	1
55.17923497267759	9531	1
55.18907103825136	9697	1
55.20054644808743	4755	1
55.21256830601093	4768	1
55.219125683060106	7192	1
55.2551912568306	8465	1
55.26338797814208	5303	1
55.27540983606557	4289	1
55.277049180327865	3395	1
55.28633879781421	9783	1
55.28633879781421	8164	1
55.303825136612026	6086	1
55.31475409836065	5211	1
55.33114754098361	6027	1
55.33387978142077	148	1
55.34699453551912	2786	1
55.36174863387978	6199	1
55.38961748633879	3462	1
55.405464480874315	945	1
55.40710382513661	8128	1
55.40928961748634	6391	1
55.43934426229508	9754	1
55.44754098360656	8948	1
55.460109289617485	4476	1
55.46229508196721	6416	1
55.46448087431694	8984	1
55.47704918032787	4451	1
55.48306010928962	7253	1
55.485245901639345	8011	1
55.494535519125684	4484	1
55.496721311475405	5178	1
55.50382513661202	1596	1
55.51311475409836	5857	1
55.5191256830601	2155	1
55.5224043715847	4455	1
55.53060109289618	8665	0
55.562295081967214	2277	1
55.5639344262295	3217	1
55.58087431693989	3427	1
55.5863387978142	4380	1
55.59289617486339	5202	1
55.59781420765027	4471	1
55.62131147540984	2935	1
55.636065573770495	5439	1
55.639344262295076	9797	1
55.64207650273224	3628	1
55.64918032786885	3966	1
55.65300546448088	5382	1
55.656284153005465	9714	1
55.665573770491804	8859	1
55.666666666666664	1667	1
55.67322404371585	9168	1
55.678688524590164	3809	1
55.68907103825136	929	1
55.69344262295082	560	1
55.70655737704918	6793	1
55.733333333333334	4831	1
55.74590163934426	693	1
55.75628415300547	0	1
55.756830601092894	982	1
55.76448087431694	1946	1
55.76502732240437	6405	1
55.76502732240437	1600	1
55.76612021857924	7238	1
55.766666666666666	9574	1
55.76885245901639	3326	1
55.77377049180328	6435	1
55.784153005464475	8945	1
55.79617486338798	5660	1
55.79617486338798	1584	1
55.79726775956284	9844	1
55.80601092896175	2618	1
55.81256830601093	6742	1
55.81475409836065	4427	1
55.81967213114754	5161	1
55.82841530054645	6778	1
55.8327868852459	6576	1
55.851912568306005	5873	1
55.855737704918035	6704	1
55.855737704918035	4865	1
55.86010928961748	4364	1
55.87486338797814	1183	1
55.87650273224043	8997	1
55.884153005464476	8623	1
55.89071038251366	9337	1
55.90273224043716	9580	1
55.917486338797815	7965	1
55.92568306010929	9171	1
55.927868852459014	6292	1
55.92841530054645	7158	1
55.93224043715847	9958	1
55.94098360655738	2701	1
55.9431693989071	4544	1
55.95245901639344	4848	1
55.95737704918033	6180	1
55.95792349726776	7867	1
55.96338797814208	689	1
55.9655737704918	4123	1
55.96994535519126	2317	1
55.971038251366124	9895	1
55.97158469945355	5305	1
56.00819672131148	4040	1
56.01311475409836	9722	1
56.01693989071038	9996	1
56.03224043715847	2239	1
56.034972677595626	3316	1
56.06065573770492	989	1
56.076502732240435	6307	1
56.08415300546448	738	1
56.0863387978142	8084	1
56.088524590163935	2580	1
56.09071038251366	4142	1
56.09781420765027	5232	1
56.104918032786884	2700	1
56.12459016393442	1787	1
56.12786885245902	6175	1
56.13661202185792	209	1
56.13770491803279	5159	1
56.143169398907105	8854	1
56.16065573770492	5659	1
56.17923497267759	8552	1
56.192896174863385	8603	1
56.202185792349724	5872	1
56.20655737704918	5753	1
56.225136612021856	8657	1
56.230054644808746	892	1
56.236065573770496	6867	1
56.23989071038251	545	1
56.25136612021858	5764	1
56.252459016393445	8516	1
56.25792349726776	8276	1
56.26502732240437	8842	1
56.275956284153004	1768	1
56.29453551912568	6392	1
56.30163934426229	9826	1
56.306557377049174	609	1
56.31256830601093	223	1
56.31256830601093	692	1
56.315300546448086	9509	1
56.32076502732241	4435	1
56.33224043715847	457	1
56.337704918032784	7321	1
56.342622950819674	4819	1
56.348633879781424	2807	1
56.35355191256831	6096	1
56.35409836065573	6994	1
56.36557377049181	7337	1
56.38579234972678	5584	1
56.42404371584699	6685	1
56.4327868852459	2921	1
56.4327868852459	4597	1
56.4344262295082	5281	1
56.46775956284153	7383	1
56.47704918032787	7916	1
56.48196721311475	3861	1
56.48306010928962	261	1
56.494535519125684	3480	1
56.520765027322405	2197	1
56.52131147540983	1088	1
56.527868852459015	6979	1
56.5311475409836	9360	1
56.53551912568306	5778	1
56.53825136612022	2308	1
56.54043715846995	1941	1
56.54262295081967	7123	1
56.545901639344265	1214	1
56.54644808743169	5697	1
56.5672131147541	5853	1
56.57322404371585	5706	1
56.575409836065575	2518	1
56.58633879781421	4273	1
56.58743169398907	6411	1
56.58852459016393	1124	1
56.59398907103825	4465	1
56.61639344262295	2555	1
56.618032786885244	2984	1
56.622950819672134	1063	1
56.625136612021855	1554	1
56.626229508196715	1036	1
56.62677595628415	4699	1
56.630054644808745	9051	1
56.63606557377049	4086	1
56.641530054644804	8918	1
56.662295081967216	4152	1
56.66502732240437	3932	1
56.669398907103826	1619	1
56.67158469945355	2045	1
56.68196721311475	1590	1
56.690710382513664	5750	1
56.722950819672135	1902	1
56.727322404371584	8285	1
56.73661202185792	5440	1
56.7448087431694	7556	1
56.75628415300546	4160	1
56.758469945355195	3208	1
56.769945355191254	4765	1
56.77322404371585	2770	1
56.77595628415301	9443	1
56.781967213114754	9809	1
56.8	4241	1
56.82513661202186	5420	1
56.835519125683064	6656	1
56.83825136612022	8458	1
56.84863387978142	7929	1
56.85300546448087	1710	1
56.856830601092895	1074	1
56.86612021857923	7076	1
56.869945355191255	1044	1
56.871038251366116	9594	1
56.87267759562842	9982	1
56.88360655737704	8292	1
56.88688524590164	9432	1
56.89125683060109	2475	1
56.90710382513661	6933	1
56.9120218579235	534	1
56.92021857923498	9953	1
56.9207650273224	5827	1
56.92732240437159	4713	1
56.935519125683065	603	1
56.954098360655735	1270	1
56.954098360655735	8514	1
56.956830601092896	8688	1
56.960109289617485	7283	1
56.96666666666666	4103	1
56.98196721311475	68	1
56.98797814207651	1873	1
56.992349726775956	7347	1
56.99508196721312	4092	1
56.99781420765027	4252	1
56.99781420765027	540	1
57.00710382513661	7344	1
57.01202185792349	2259	1
57.01311475409836	6782	1
57.0224043715847	5147	1
57.02622950819672	6498	1
57.028961748633876	1246	1
57.03005464480874	9691	1
57.033879781420765	3296	1
57.03551912568306	7280	1
57.045901639344265	7909	1
57.04972677595628	2989	1
57.055191256830604	6609	1
57.07049180327869	4887	1
57.078142076502736	9217	1
57.09071038251366	1438	1
57.09726775956284	6876	1
57.11311475409836	7507	1
57.115846994535524	9471	1
57.120765027322406	7342	1
57.13770491803279	9186	1
57.14754098360656	2688	1
57.153551912568304	5100	1
57.158469945355186	5636	1
57.15901639344262	2749	1
57.16010928961749	442	1
57.17158469945355	9367	1
57.17704918032787	6394	1
57.17814207650274	2545	1
57.186885245901635	6245	1
57.190710382513664	9417	1
57.21147540983606	5928	1
57.21530054644809	9424	1
57.216393442622945	5921	1
57.218032786885246	6688	1
57.221311475409834	7036	1
57.221311475409834	5965	1
57.222950819672135	176	1
57.22622950819672	3670	1
57.23224043715847	4077	1
57.253551912568305	8889	1
57.25628415300546	9583	1
57.26939890710382	7934	1
57.30491803278689	5326	1
57.30765027322404	5717	1
57.31256830601093	4000	1
57.31693989071038	8770	1
57.31803278688525	3977	1
57.31912568306011	6430	1
57.330601092896174	431	1
57.33497267759563	3425	1
57.34316939890711	60	1
57.35027322404372	118	1
57.35136612021858	871	1
57.36939890710382	1678	1
57.36939890710382	2515	1
57.37049180327869	1425	1
57.37540983606557	2964	1
57.39071038251366	3069	1
57.39672131147541	9069	1
57.39890710382513	1388	1
57.4	3005	1
57.403278688524594	460	1
57.403278688524594	8511	1
57.40546448087432	4382	1
57.40928961748634	2719	1
57.43934426229508	7331	1
57.45737704918033	183	1
57.46557377049181	5188	1
57.479234972677595	6562	1
57.48142076502732	6136	1
57.482513661202184	3720	1
57.482513661202184	9765	1
57.48469945355191	2117	1
57.49125683060109	3125	1
57.49508196721312	1386	1
57.50382513661202	5609	1
57.507650273224044	9635	1
57.511475409836066	9463	1
57.526775956284155	6687	1
57.526775956284155	1925	1
57.53169398907104	8196	1
57.5344262295082	6766	1
57.544262295081964	1544	1
57.54808743169399	9286	1
57.549180327868854	4203	1
57.550273224043714	7615	1
57.563387978142075	861	1
57.56830601092896	8099	1
57.60437158469945	2510	1
57.60546448087432	5523	1
57.633333333333326	7741	1
57.633333333333326	9626	1
57.63497267759563	1400	1
57.63497267759563	6281	1
57.63661202185792	3386	1
57.64207650273224	1814	1
57.64644808743169	7950	1
57.65081967213114	1666	1
57.655191256830605	9597	1
57.66065573770492	766	1
57.67049180327869	717	1
57.675956284153	6669	1
57.68142076502732	5423	1
57.69289617486339	3676	1
57.70054644808744	2850	1
57.71584699453552	6034	1
57.71967213114754	6518	1
57.720218579234974	643	1
57.73169398907104	9738	1
57.7327868852459	798	1
57.73606557377049	3114	1
57.752459016393445	8250	1
57.76174863387978	4333	1
57.78306010928962	9549	1
57.8207650273224	5806	1
57.82404371584699	8589	1
57.83989071038251	1898	1
57.85191256830601	1775	1
57.875956284153	4183	1
57.87650273224043	4595	1
57.885245901639344	835	1
57.889071038251366	1846	1
57.89071038251367	1763	1
57.89398907103825	5299	1
57.90491803278689	7799	1
57.91530054644809	4789	1
57.924590163934425	1015	1
57.940983606557374	8277	1
57.95136612021858	1937	1
57.95956284153005	3570	1
57.96229508196721	399	1
57.96557377049181	3721	1
57.96885245901639	1516	1
57.96994535519126	601	1
57.97049180327869	8376	1
57.9775956284153	8385	1
57.985245901639345	4959	1
57.98907103825137	1264	1
57.992349726775956	5598	1
57.992349726775956	8208	1
58.005464480874316	1103	1
58.00928961748634	3528	1
58.00983606557377	2	1
