0.061824043715846995	2767	1
0.08351912568306011	6196	1
0.1663497267759563	8966	1
0.27847814207650273	3454	1
0.3682224043715847	8300	1
0.42420273224043714	8077	1
0.4245775956284153	4614	1
0.44350437158469946	4857	1
0.5596284153005465	3261	1
0.6261693989071039	4557	1
0.6301584699453552	7313	1
0.6380437158469946	4831	1
0.6515792349726776	5898	1
0.6754153005464482	1558	1
0.7504972677595628	3809	1
0.7750983606557377	1686	1
0.787464480874317	913	1
0.9267704918032788	737	1
0.9487267759562842	859	1
0.96348087431694	416	1
0.9871366120218579	8412	1
0.9909781420765027	5606	1
1.0027704918032787	4256	1
1.0445409836065573	3218	1
1.0759999999999998	2560	1
1.1182622950819674	6750	1
1.1204262295081968	6597	1
1.1636120218579236	6884	1
1.1747103825136611	5489	1
1.1985573770491804	602	1
1.284672131147541	9276	1
1.3322295081967215	1195	1
1.383448087431694	9330	1
1.3903333333333334	2958	1
1.4375136612021857	5991	1
1.4997377049180327	3079	1
1.5302459016393444	2587	1
1.6099234972677596	4001	1
1.6256775956284153	3530	1
1.633568306010929	517	1
1.7064153005464482	609	1
1.7215027322404373	3235	1
1.8194918032786884	1981	1
1.8445409836065574	7508	1
1.8664863387978141	784	1
1.879311475409836	8193	1
1.9073825136612022	4801	1
2.0094371584699453	1351	1
2.039710382513661	3971	1
2.120103825136612	3203	1
2.125639344262295	6599	1
2.173639344262295	1301	1
2.2271475409836063	7413	1
2.2963825136612024	7126	1
2.4535792349726773	885	1
2.558393442622951	7807	1
2.579218579234973	6857	1
2.6061420765027323	7216	1
2.611568306010929	4829	1
2.651808743169399	2542	1
2.655415300546448	1851	1
2.6766065573770494	9837	1
2.707327868852459	5809	1
2.7279180327868855	1784	1
2.741743169398907	1467	1
2.7505628415300545	2799	1
2.7620218579234974	39	1
2.762207650273224	8404	1
2.7630491803278687	1792	1
2.803978142076503	331	1
2.8490983606557374	4489	1
2.8506448087431693	8356	1
2.8844808743169397	6519	1
2.930852459016393	1985	1
2.9659016393442625	1152	1
2.996502732240437	5121	1
3.048540983606557	7731	1
3.0589890710382512	8736	1
3.093901639344262	7505	1
3.0953879781420763	5061	1
3.1817158469945355	2040	1
3.1994590163934427	8246	1
3.2144699453551913	5894	1
3.2172568306010927	9194	1
3.239655737704918	5349	1
3.243497267759563	8380	1
3.3271912568306012	2932	1
3.4139726775956283	2266	1
3.4599071038251368	5129	1
3.556409836065574	1781	1
3.5605355191256827	8441	1
3.5751803278688525	2882	1
3.5908196721311474	9802	1
3.5926393442622953	4026	1
3.609715846994536	8494	1
3.6960765027322404	149	1
3.6963989071038252	7020	1
3.802322404371585	4091	1
3.8894316939890707	7038	1
3.98372131147541	9648	1
4.0086939890710385	1445	1
4.013071038251367	2408	1
4.023021857923497	406	1
4.03788524590164	7428	1
4.063311475409836	8845	1
4.082803278688524	2644	1
4.091928961748634	7771	1
4.133333333333334	354	1
4.1372841530054645	9321	1
4.183289617486339	3767	1
4.227109289617487	2862	1
4.306387978142076	3880	1
4.324710382513661	8742	1
4.33927868852459	7368	1
4.344879781420765	787	1
4.466453551912568	1944	1
4.598256830601093	4929	1
4.700256830601093	5470	1
4.851950819672131	7432	1
5.20844262295082	5506	1
5.215437158469945	9254	1
5.233431693989071	3529	1
5.283677595628415	7153	1
5.402677595628416	5006	1
5.476612021857924	7999	1
5.522021857923497	9491	1
5.583169398907104	6354	1
5.651366120218579	2803	1
5.670163934426229	162	1
5.719071038251366	9468	1
5.830765027322404	6565	1
5.837486338797814	725	1
5.865628415300546	1235	1
5.883661202185793	1746	1
5.890928961748634	8996	1
6.037814207650273	7777	1
6.051256830601093	432	1
6.130765027322404	853	1
6.186557377049181	2430	1
6.3326229508196725	9890	1
6.339344262295082	3405	1
6.34136612021858	7451	1
6.409125683060109	5600	1
6.4308743169398905	233	1
6.453387978142076	3213	1
6.469453551912568	2083	1
6.526065573770492	5670	1
6.629617486338797	9933	1
6.742076502732241	9273	1
6.78967213114754	2052	1
6.865191256830601	925	1
6.868196721311475	407	1
6.912459016393442	2815	1
7.039781420765027	9601	1
7.196174863387978	4397	1
7.213060109289618	9393	1
7.3136065573770495	3490	1
7.315355191256831	2733	1
7.316502732240437	2493	1
7.334808743169399	9073	1
7.380437158469945	7986	1
7.3806557377049185	9542	1
7.383060109289618	6836	1
7.386830601092896	3627	1
7.414808743169399	3913	1
7.489398907103825	3489	1
7.490710382513661	9694	1
7.538251366120218	2019	1
7.61967213114754	5680	1
7.6375956284153	3648	1
7.6861202185792346	9469	1
7.698469945355192	8213	1
7.71792349726776	6981	1
7.739016393442623	9730	1
7.739453551912568	9778	1
7.845737704918032	4978	1
7.868087431693988	1891	1
7.886284153005464	3290	1
7.9518579234972675	8270	1
8.027650273224044	2071	1
8.061639344262295	6654	1
8.085792349726775	7047	1
8.186338797814207	4978	0
8.234207650273223	5030	1
8.288032786885246	4366	1
8.36191256830601	873	1
8.38377049180328	4563	1
8.40344262295082	8045	1
8.430983606557376	5691	1
8.445464480874318	8662	1
8.464754098360656	5744	1
8.483879781420764	3851	1
8.541256830601093	6388	1
8.640491803278687	5766	1
8.720601092896175	2838	1
8.730765027322404	1367	1
8.732677595628415	4108	1
8.73950819672131	5605	1
8.84360655737705	6732	1
8.856174863387977	1272	1
8.878797814207651	9740	1
8.92896174863388	9966	1
9.004918032786886	3105	1
9.031530054644808	5754	1
9.091420765027323	1348	1
9.095464480874316	3769	1
9.189180327868852	1603	1
9.227431693989072	1613	1
9.26825136612022	126	1
9.287704918032787	9642	1
9.29256830601093	1343	1
9.331912568306011	3382	1
9.38	4032	1
9.386065573770493	762	1
9.441639344262295	9814	1
9.500382513661203	9533	1
9.511311475409835	7289	1
9.532404371584699	6959	1
9.540109289617485	2618	1
9.542896174863388	5100	1
9.676666666666666	1221	1
9.691803278688523	3718	1
9.748524590163933	9168	1
9.898469945355192	804	1
9.92207650273224	8787	1
9.931967213114755	2404	1
9.961420765027322	3689	1
9.984098360655738	1647	1
10.001256830601093	7605	1
10.00327868852459	1998	1
10.009781420765028	1609	1
10.027650273224044	942	1
10.050218579234972	7786	1
10.09087431693989	8847	1
10.124262295081968	7806	1
10.146994535519125	9696	1
10.161475409836067	659	1
10.17191256830601	6246	1
10.174098360655737	5496	1
10.190546448087431	7521	1
10.242131147540983	254	1
10.298579234972678	8616	1
10.306120218579235	4449	1
10.319945355191257	6319	1
10.363606557377048	8767	1
10.425628415300546	4216	1
10.488743169398907	9991	1
10.508688524590163	7375	1
10.512950819672131	438	1
10.523661202185792	7182	1
10.536666666666667	4274	1
10.562677595628415	7095	1
10.593387978142077	2120	1
10.595136612021857	889	1
10.633934426229509	3779	1
10.687103825136612	4728	1
10.73136612021858	4866	1
10.83775956284153	6364	1
10.843825136612022	4052	1
10.844098360655737	7897	1
10.848196721311476	1229	1
10.871693989071037	4184	1
10.884699453551912	1763	1
10.93983606557377	7581	1
10.966721311475409	6204	1
11.00311475409836	5651	1
11.005300546448087	5157	1
11.021256830601093	6560	1
11.02639344262295	8508	1
11.048142076502732	97	1
11.056830601092896	8112	1
11.100601092896175	7516	1
11.10448087431694	5124	1
11.20551912568306	243	1
11.227213114754099	1324	1
11.307704918032787	4753	1
11.324972677595628	5585	1
11.333551912568305	83	1
11.405136612021856	7290	1
11.41054644808743	807	1
11.517103825136612	2635	1
11.542677595628415	4275	1
11.551202185792349	7676	1
11.574590163934426	8308	1
11.58071038251366	3598	1
11.60743169398907	9267	1
11.61	6987	1
11.622786885245901	9840	1
11.688032786885246	9796	1
11.692131147540984	1125	1
11.720109289617486	9296	1
11.741475409836065	3847	1
11.742568306010927	1061	1
11.772732240437158	6908	1
11.80775956284153	3300	1
11.898032786885246	3789	1
11.932732240437158	2739	1
11.994699453551911	8239	1
12.043387978142077	9507	1
12.079016393442622	1207	1
12.087650273224043	7191	1
12.101366120218579	6420	1
12.101803278688525	3193	1
12.123497267759562	1911	1
12.127377049180328	3584	1
12.12792349726776	3255	1
12.131366120218578	8511	1
12.15983606557377	7061	1
12.183169398907104	8266	1
12.230710382513662	1176	1
12.239781420765027	3122	1
12.298415300546448	3356	1
12.37344262295082	3204	1
12.373551912568306	5260	1
12.374535519125683	6440	1
12.388032786885246	9745	1
12.451967213114754	6076	1
12.49360655737705	2244	1
12.500491803278688	5748	1
12.513989071038251	6557	1
12.524754098360656	6016	1
12.52655737704918	3419	1
12.576174863387978	1415	1
12.648360655737704	4528	1
12.688360655737704	5623	1
12.727868852459016	7131	1
12.747814207650272	2431	1
12.768415300546447	7612	1
12.812349726775956	3223	1
12.885245901639344	2449	1
12.896612021857925	7778	1
12.904371584699454	2728	1
12.96743169398907	3681	1
12.982021857923497	2159	1
13.126065573770491	5224	1
13.131584699453553	1563	1
13.167322404371586	4090	1
13.177322404371585	6763	1
13.187486338797815	9614	1
13.197322404371585	3247	1
13.22704918032787	8053	1
13.28431693989071	1583	1
13.309071038251366	6232	1
13.317978142076502	4009	1
13.332349726775956	9812	1
13.333934426229508	9307	1
13.36087431693989	9914	1
13.368579234972678	6530	1
13.402021857923497	4905	1
13.411912568306011	3322	1
13.514918032786884	7460	1
13.540382513661202	5946	1
13.546939890710384	8823	1
13.562185792349725	2211	1
13.590819672131147	3638	1
13.632349726775956	6633	1
13.643497267759562	2777	1
13.724207650273224	3271	1
13.755846994535519	1038	1
13.762295081967212	9422	1
13.772513661202185	7179	1
13.795027322404371	8351	1
13.798524590163934	837	1
13.800437158469945	778	1
13.803333333333333	6424	1
13.859180327868852	4309	1
13.867923497267759	683	1
13.876612021857923	736	1
13.91622950819672	9706	1
13.94983606557377	7050	1
13.950382513661202	2071	0
13.962841530054643	8530	1
14.002896174863388	7261	1
14.039836065573772	5553	1
14.15448087431694	4218	1
14.16262295081967	6069	1
14.170491803278688	276	1
14.188142076502732	985	1
14.227704918032787	9445	1
14.240218579234972	3020	1
14.256174863387978	3577	1
14.290327868852458	9344	1
14.349398907103824	5760	1
14.357431693989072	8879	1
14.387103825136611	5181	1
14.423606557377049	6040	1
14.53983606557377	6473	1
14.61639344262295	2001	1
14.630765027322404	4723	1
14.670765027322403	8697	1
14.728360655737704	6722	1
14.76863387978142	349	1
14.823934426229508	6006	1
14.872513661202186	351	1
14.912677595628415	5684	1
14.923551912568305	3304	1
14.924918032786884	1658	1
14.966666666666667	8225	1
15.034644808743169	2682	1
15.070437158469945	6724	1
15.07584699453552	6116	1
15.10983606557377	7087	1
15.178360655737704	5103	1
15.222622950819673	5108	1
15.289890710382512	5045	1
15.290546448087433	9039	1
15.290765027322404	7058	1
15.348852459016394	4114	1
15.368743169398906	3675	1
15.432732240437158	901	1
15.462786885245901	8592	1
15.46639344262295	4405	1
15.491803278688524	7632	1
15.496502732240437	6966	1
15.574153005464481	869	1
15.61551912568306	7326	1
15.658743169398907	5143	1
15.721639344262295	2144	1
15.753497267759563	3062	1
15.774043715846995	8624	1
15.779726775956284	9500	1
15.785027322404371	8212	1
15.81174863387978	8799	1
15.847814207650273	4579	1
15.87950819672131	2717	1
15.947978142076503	2753	1
15.95912568306011	9076	1
15.959562841530055	5321	1
15.976448087431693	5951	1
16.021584699453552	7892	1
16.039945355191257	4515	1
16.068688524590165	2884	1
16.081857923497267	9772	1
16.090819672131147	2745	1
16.092896174863387	8074	1
16.15021857923497	7224	1
16.15245901639344	6937	1
16.183060109289617	1808	1
16.206502732240438	2858	1
16.28928961748634	92	1
16.332622950819673	8301	1
16.40814207650273	9600	1
16.40967213114754	9117	1
16.501366120218577	2597	1
16.531748633879783	2336	1
16.538251366120218	5963	1
16.557868852459016	7736	1
16.560218579234974	8498	1
16.59639344262295	2820	1
16.629945355191257	4955	1
16.646612021857923	848	1
16.6575956284153	8942	1
16.706284153005463	785	1
16.779398907103825	7618	1
16.80792349726776	4853	1
16.819125683060108	8995	1
16.828688524590163	8951	1
16.861803278688523	1979	1
16.87295081967213	6431	1
16.904426229508196	8673	1
16.937704918032786	5613	1
16.989398907103826	2570	1
17.01366120218579	6476	1
17.07502732240437	1711	1
17.081420765027325	2152	1
17.099071038251367	5825	1
17.151857923497268	1331	1
17.167267759562844	9695	1
17.175245901639343	4118	1
17.195245901639343	9351	1
17.196721311475407	1280	1
17.200874316939892	5644	1
17.24366120218579	7992	1
17.250054644808742	3951	1
17.347377049180327	5893	1
17.380765027322404	5642	1
17.38562841530055	8630	1
17.38945355191257	6992	1
17.477814207650276	3919	1
17.478688524590165	3291	1
17.495081967213117	6591	1
17.50377049180328	4041	1
17.514262295081966	8844	1
17.6124043715847	696	1
17.6675956284153	7918	1
17.68808743169399	6758	1
17.730710382513664	2987	1
17.787650273224045	882	1
17.90289617486339	5415	1
17.920655737704916	5480	1
17.989562841530056	1802	1
17.992295081967214	3643	1
17.997158469945354	3760	1
18.13393442622951	6718	1
18.13535519125683	8961	1
18.136502732240437	9997	1
18.154098360655738	484	1
18.17814207650273	9198	1
18.21464480874317	6661	1
18.248743169398907	3952	1
18.275136612021857	4769	1
18.32071038251366	3775	1
18.33005464480874	6154	1
18.33327868852459	8807	1
18.33879781420765	253	1
18.354153005464482	622	1
18.37393442622951	7982	1
18.37726775956284	7073	1
18.380382513661203	979	1
18.465245901639342	1909	1
18.48382513661202	2356	1
18.499726775956287	8603	1
18.545737704918032	5077	1
18.58863387978142	6050	1
18.61448087431694	8975	1
18.659836065573767	4687	1
18.720928961748633	7725	1
18.722732240437157	2538	1
18.727650273224043	7734	1
18.796830601092893	203	1
18.80191256830601	9700	1
18.826830601092897	9065	1
18.881639344262293	1809	1
18.90322404371585	7947	1
18.91622950819672	1036	1
18.943661202185794	879	1
18.984918032786886	2764	1
19.001475409836065	9671	1
19.005245901639345	769	1
19.026830601092897	6684	1
19.029781420765026	7854	1
19.0903825136612	3796	1
19.09426229508197	827	1
19.12967213114754	3361	1
19.18185792349727	7185	1
19.186120218579234	1136	1
19.192349726775955	9177	1
19.207978142076502	6856	1
19.25120218579235	9984	1
19.286502732240436	2899	1
19.298688524590162	1373	1
19.299180327868854	8010	1
19.302349726775958	3088	1
19.331092896174866	5283	1
19.334918032786884	8039	1
19.350983606557378	68	1
19.376502732240436	4208	1
19.402732240437157	2615	1
19.45808743169399	2843	1
19.467868852459013	401	1
19.49344262295082	8842	1
19.503879781420764	4476	1
19.53054644808743	6747	1
19.55743169398907	1528	1
19.565573770491802	3272	1
19.63693989071038	9511	1
19.64863387978142	9171	1
19.650819672131146	8367	1
19.66398907103825	5251	1
19.667322404371586	8521	1
19.710928961748632	4331	1
19.71704918032787	7336	1
19.735737704918034	8457	1
19.82103825136612	4796	1
19.839562841530057	1174	1
19.874699453551912	9202	1
19.896174863387976	9656	1
19.91704918032787	1364	1
19.974699453551914	9514	1
19.97622950819672	1078	1
19.995573770491802	7523	1
20.01404371584699	4086	1
20.02934426229508	4276	1
20.050109289617488	7137	1
20.06639344262295	3527	1
20.070054644808746	1048	1
20.117486338797814	2409	1
20.16841530054645	7891	1
20.191967213114754	4426	1
20.23486338797814	9181	1
20.30311475409836	8065	1
20.310382513661203	8312	1
20.40830601092896	1311	1
20.426338797814207	4655	1
20.438196721311478	7198	1
20.475300546448086	9398	1
20.482021857923495	5011	1
20.48928961748634	4084	1
20.51382513661202	5465	1
20.534153005464482	340	1
20.612185792349724	4198	1
20.637213114754097	9046	1
20.65726775956284	4103	1
20.668743169398905	8741	1
20.669945355191256	8779	1
20.676229508196723	9338	1
20.684535519125685	8645	1
20.704316939890713	5299	1
20.738142076502733	1701	1
20.741857923497268	5443	1
20.74918032786885	2492	1
20.763715846994536	2894	1
20.773060109289617	6907	1
20.79901639344262	1144	1
20.806775956284156	5938	1
20.847814207650273	3396	1
20.85174863387978	3112	1
20.939234972677596	3701	1
21.062131147540985	8564	1
21.0879781420765	5666	1
21.172185792349726	9157	1
21.17983606557377	7862	1
21.218306010928963	587	1
21.27191256830601	4720	1
21.279945355191256	2948	1
21.310928961748633	3663	1
21.319617486338796	2316	1
21.340437158469943	6092	1
21.34431693989071	7935	1
21.402459016393443	721	1
21.403879781420763	4062	1
21.407431693989068	8004	1
21.42404371584699	8607	1
21.473989071038254	7740	1
21.5148087431694	9532	1
21.516010928961748	4482	1
21.548032786885244	9575	1
21.58672131147541	7577	1
21.65879781420765	3710	1
21.660327868852455	9166	1
21.665464480874316	6576	1
21.694918032786884	431	1
21.75327868852459	1059	1
21.75901639344262	4323	1
21.766502732240436	3683	1
21.787814207650275	7385	1
21.829234972677593	3910	1
21.84245901639344	2819	1
21.844918032786886	488	1
21.851857923497267	4115	1
21.911311475409835	3400	1
21.930710382513663	3848	1
21.953606557377046	9621	1
21.971967213114755	6490	1
21.972622950819673	1682	1
21.990928961748633	1089	1
22.03650273224044	1495	1
22.061202185792347	9989	1
22.1979781420765	6187	1
22.20464480874317	936	1
22.21934426229508	7627	1
22.257540983606557	6305	1
22.26213114754098	1479	1
22.282185792349726	8643	1
22.29398907103825	1651	1
22.296120218579237	2619	1
22.317868852459018	953	1
22.361475409836064	2252	1
22.37704918032787	3245	1
22.390601092896173	7655	1
22.398415300546446	6991	1
22.454371584699455	9443	1
22.468524590163934	6501	1
22.476885245901638	9018	1
22.4803825136612	6607	1
22.487923497267758	5543	1
22.527049180327868	4787	1
22.53743169398907	3229	1
22.538688524590164	9759	1
22.5703825136612	8943	1
22.637868852459015	4871	1
22.66327868852459	7805	1
22.694808743169396	6559	1
22.698688524590164	8234	1
22.719945355191257	6671	1
22.745956284153003	7181	1
22.765245901639343	391	1
22.792677595628415	3918	1
22.805300546448088	7197	1
22.807377049180324	6128	1
22.813715846994533	5184	1
22.8475956284153	6774	1
22.857868852459017	9652	1
22.871147540983607	7841	1
22.88043715846994	4202	1
22.963005464480872	4884	1
22.966557377049178	9204	1
22.97983606557377	5434	1
23.041803278688526	5773	1
23.053770491803277	6611	1
23.109234972677594	7407	1
23.187704918032786	2338	1
23.254371584699456	5185	1
23.27846994535519	4966	1
23.294043715846996	3939	1
23.301857923497266	6338	1
23.327377049180328	7670	1
23.425027322404368	7339	1
23.506612021857926	8480	1
23.551857923497266	9042	1
23.575464480874313	8507	1
23.590601092896176	3846	1
23.62087431693989	9824	1
23.634426229508197	2665	1
23.662295081967212	6435	1
23.662459016393445	2759	1
23.689945355191256	3460	1
23.72437158469945	6624	1
23.72437158469945	410	1
23.72994535519126	4612	1
23.74349726775956	4195	1
23.747540983606555	8484	1
23.75841530054645	8701	1
23.767103825136612	6168	1
23.78890710382514	1287	1
23.806010928961747	8848	1
23.820273224043717	690	1
23.821202185792348	9931	1
23.841092896174864	5293	1
23.884371584699455	5849	1
23.88590163934426	9928	1
23.90928961748634	3516	1
23.918907103825138	1314	1
23.939071038251367	5718	1
23.962295081967213	5445	1
23.97967213114754	7238	1
24.061311475409838	3379	1
24.10054644808743	1936	1
24.110273224043716	5112	1
24.114207650273226	7383	1
24.12650273224044	3895	1
24.15808743169399	6398	1
24.158196721311473	6623	1
24.160655737704918	7843	1
24.17808743169399	3929	1
24.190109289617485	2854	1
24.210437158469944	1430	1
24.25469945355191	1966	1
24.272021857923498	6779	1
24.29743169398907	2702	1
24.340765027322405	796	1
24.360163934426232	6614	1
24.36109289617486	1980	1
24.37808743169399	3609	1
24.40087431693989	6848	1
24.4727868852459	8798	1
24.48448087431694	8440	1
24.48639344262295	1544	1
24.521038251366118	9452	1
24.525737704918033	1064	1
24.541639344262293	9546	1
24.550928961748635	3573	1
24.559071038251364	2627	1
24.559289617486336	3759	1
24.58125683060109	3264	1
24.588633879781423	9985	1
24.592677595628412	9646	1
24.621311475409836	8554	1
24.630109289617486	8665	1
24.660819672131147	7827	1
24.66393442622951	7232	1
24.69934426229508	9701	1
24.74573770491803	8215	1
24.766666666666666	4387	1
24.78207650273224	8784	1
24.85174863387978	3537	1
24.87224043715847	2791	1
24.8803825136612	1946	1
24.94606557377049	3946	1
24.957704918032785	4393	1
25.017158469945354	3482	1
25.072349726775954	9606	1
25.08158469945355	5339	1
25.082185792349726	2508	1
25.10103825136612	2750	1
25.13	4231	1
25.139071038251362	6809	1
25.143661202185793	5724	1
25.170437158469948	5696	1
25.214535519125683	9702	1
25.220601092896175	208	1
25.273114754098362	6759	1
25.328524590163934	8924	1
25.378688524590164	8863	1
25.388360655737706	3823	1
25.391530054644807	2121	1
25.428032786885247	1654	1
25.500109289617484	4732	1
25.50863387978142	1210	1
25.511311475409833	3635	1
25.516448087431694	3534	1
25.55704918032787	9576	1
25.646284153005464	4781	1
25.65289617486339	847	1
25.655027322404372	3879	1
25.67404371584699	8240	1
25.683879781420764	2849	1
25.697486338797816	6741	1
25.708961748633882	4882	1
25.72344262295082	5970	1
25.783224043715844	3804	1
25.817540983606555	9979	1
25.841639344262294	8562	1
25.846120218579234	8889	1
25.86486338797814	6580	1
25.900710382513658	3810	1
25.93464480874317	5988	1
25.93590163934426	5561	1
25.954918032786885	3717	1
25.96409836065574	8220	1
26.161475409836065	8993	1
26.165956284153005	5119	1
26.168360655737708	5249	1
26.180655737704917	5949	1
26.2672131147541	3369	1
26.297978142076502	9728	1
26.311803278688526	6584	1
26.361803278688527	8242	1
26.409344262295082	2810	1
26.494316939890712	8400	1
26.49573770491803	598	1
26.544754098360656	7661	1
26.575027322404374	9357	1
26.576065573770492	1956	1
26.589890710382512	9763	1
26.619617486338797	8423	1
26.631092896174863	1379	1
26.656666666666666	669	1
26.716775956284156	8476	1
26.74224043715847	1999	1
26.76306010928962	1067	1
26.779453551912567	590	1
26.803879781420765	9104	1
26.817322404371584	8345	1
26.827158469945353	5664	1
26.84655737704918	1992	1
26.851311475409833	2245	1
26.896448087431693	3831	1
26.90322404371585	8230	1
26.907978142076505	9211	1
26.934098360655735	9343	1
26.986721311475407	1991	1
26.998032786885247	7822	1
27.077322404371582	7634	1
27.10792349726776	9072	1
27.12704918032787	3455	1
27.14185792349727	322	1
27.15688524590164	9955	1
27.17377049180328	9180	1
27.20568306010929	1718	1
27.225519125683057	6653	1
27.247486338797813	2486	1
27.25431693989071	9288	1
27.255464480874316	7176	1
27.267158469945358	2801	1
27.295956284153004	6228	1
27.32409836065574	3097	1
27.328907103825134	3437	1
27.38830601092896	7219	1
27.39311475409836	8245	1
27.39327868852459	6928	1
27.43256830601093	6466	1
27.443989071038253	2325	1
27.4503825136612	7244	1
27.453551912568305	9306	1
27.472896174863386	3314	1
27.501366120218577	4145	1
27.533224043715848	8233	1
27.538196721311476	6296	1
27.55896174863388	7515	1
27.606775956284153	6690	1
27.61229508196721	4477	1
27.663114754098363	5582	1
27.68415300546448	3148	1
27.693879781420762	6539	1
27.735792349726776	7706	1
27.776120218579237	2098	1
27.7927868852459	6336	1
27.80415300546448	3083	1
27.821311475409836	2789	1
27.844207650273223	3578	1
27.847704918032786	4605	1
27.859234972677594	8753	1
27.8948087431694	7545	1
27.908579234972677	6829	1
27.92639344262295	5884	1
27.946830601092895	1058	1
27.956010928961746	4749	1
27.95846994535519	3405	0
28.02300546448087	8130	1
28.041639344262293	2459	1
28.047049180327868	9122	1
28.04743169398907	8840	1
28.061748633879784	7518	1
28.082021857923497	9790	1
28.1224043715847	2630	1
28.18409836065574	3096	1
28.209234972677596	3446	1
28.24912568306011	2818	1
28.251693989071036	3312	1
28.275081967213115	156	1
28.322896174863388	3522	1
28.37142076502732	6786	1
28.387868852459015	5602	1
28.41901639344262	1919	1
28.45950819672131	273	1
28.46726775956284	4016	1
28.48147540983606	3338	1
28.50546448087432	2879	1
28.513551912568303	3894	1
28.566830601092896	8883	1
28.57021857923497	3051	1
28.593060109289617	7922	1
28.609890710382516	5183	1
28.66	2985	1
28.67081967213115	5916	1
28.694754098360654	3138	1
28.734590163934428	767	1
28.742732240437157	9742	1
28.74639344262295	3474	1
28.807377049180328	6056	1
28.819398907103825	9878	1
28.895245901639345	7485	1
28.91224043715847	4475	1
28.929398907103828	4917	1
28.944098360655737	9895	1
28.953169398907104	221	1
28.970382513661203	9927	1
28.982295081967212	4578	1
28.98311475409836	2897	1
28.98349726775956	3873	1
28.985464480874317	9234	1
29.010928961748633	4040	1
29.071311475409836	8361	1
29.107158469945354	1664	1
29.159726775956283	7184	1
29.18502732240437	7450	1
29.189016393442625	1931	1
29.211912568306012	6283	1
29.215409836065575	7307	1
29.2175956284153	6316	1
29.278579234972675	2308	1
29.29295081967213	6324	1
29.379398907103827	1832	1
29.395792349726776	9932	1
29.40169398907104	5221	1
29.403715846994533	7609	1
29.434371584699452	3424	1
29.435792349726775	2351	1
29.487868852459016	5717	1
29.544043715846993	6683	1
29.56415300546448	4643	1
29.567322404371584	1589	1
29.588360655737702	3980	1
29.59530054644809	5057	1
29.59918032786885	9368	1
29.60229508196721	7871	1
29.61382513661202	7572	1
29.63846994535519	4342	1
29.647486338797815	2747	1
29.6648087431694	4878	1
29.70737704918033	8171	1
29.745081967213117	2569	1
29.753442622950818	4656	1
29.774754098360656	830	1
29.78229508196721	5831	1
29.81486338797814	8949	1
29.82191256830601	4647	1
29.857103825136612	7445	1
29.867868852459015	5587	1
29.882568306010928	9419	1
29.933114754098362	2641	1
29.94234972677596	5622	1
29.945136612021855	3833	1
29.95437158469945	9926	1
30.015628415300547	9548	1
30.029562841530055	4424	1
30.06644808743169	7753	1
30.085409836065576	8264	1
30.09808743169399	3479	1
30.099726775956285	567	1
30.112841530054645	9521	1
30.115081967213115	8817	1
30.140109289617488	3654	1
30.155464480874315	862	1
30.240765027322404	747	1
30.266174863387977	1025	1
30.298360655737707	2588	1
30.337158469945354	2712	1
30.34021857923497	224	1
30.428196721311476	5875	1
30.45453551912568	3667	1
30.483442622950818	9714	1
30.49546448087432	5992	1
30.513715846994533	3321	1
30.521584699453552	1555	1
30.5351912568306	9676	1
30.546939890710384	8269	1
30.5672131147541	8034	1
30.57	1511	1
30.58377049180328	6129	1
30.598688524590163	9667	1
30.621256830601094	9269	1
30.68879781420765	8708	1
30.707322404371585	5028	1
30.716393442622948	8352	1
30.813442622950816	9630	1
30.81846994535519	1271	1
30.840601092896172	6532	1
30.8448087431694	7193	1
30.864262295081968	8281	1
30.877868852459017	3657	1
30.922404371584697	4224	1
30.923333333333332	8228	1
30.935846994535517	1385	1
30.987158469945356	7391	1
31.061256830601092	8327	1
31.09983606557377	6553	1
31.168688524590163	248	1
31.198415300546447	6493	1
31.198907103825135	466	1
31.218688524590164	5475	1
31.235956284153005	9383	1
31.24622950819672	9040	1
31.265573770491805	3799	1
31.280928961748632	6695	1
31.2903825136612	2817	1
31.299945355191255	2990	1
31.33404371584699	4965	1
31.354480874316938	8890	1
31.366284153005466	1473	1
31.37934426229508	6214	1
31.382732240437157	3941	1
31.38295081967213	8147	1
31.415081967213116	1729	1
31.42377049180328	8183	1
31.4475956284153	6796	1
31.47398907103825	8315	1
31.512841530054644	3955	1
31.53273224043716	7675	1
31.61453551912568	8953	1
31.618907103825137	9820	1
31.62934426229508	3690	1
31.630437158469945	8536	1
31.708360655737707	7703	1
31.74814207650273	9894	1
31.79841530054645	8257	1
31.807486338797816	2781	1
31.85983606557377	687	1
31.886010928961745	4201	1
31.979125683060108	2696	1
32.03437158469945	4783	1
32.04071038251366	3861	1
32.042459016393444	9451	1
32.04398907103825	2945	1
32.06710382513661	9727	1
32.07666666666667	2498	1
32.079836065573765	6407	1
32.089945355191254	8456	1
32.10781420765027	2108	1
32.12393442622951	5982	1
32.14868852459016	3273	1
32.15644808743169	4541	1
32.1651912568306	3243	1
32.194043715846995	6900	1
32.24896174863388	3640	1
32.25300546448087	7022	1
32.289453551912565	8569	1
32.356502732240436	8011	1
32.3651912568306	510	1
32.36606557377049	2576	1
32.36972677595628	7598	1
32.48540983606557	2075	1
32.487814207650274	1738	1
32.489289617486335	9458	1
32.497267759562845	7616	1
32.53448087431694	7576	1
32.54601092896175	3818	1
32.60775956284153	318	1
32.64098360655738	3726	1
32.65010928961749	6159	1
32.65338797814208	7192	1
32.68229508196721	8436	1
32.703005464480874	1004	1
32.71114754098361	2200	1
32.714262295081966	5830	1
32.76267759562842	9082	1
32.77021857923497	9944	1
32.83841530054645	6496	1
32.88469945355192	7422	1
32.902896174863386	8974	1
32.94661202185792	6433	1
32.96896174863388	6838	1
32.97704918032787	4543	1
32.98125683060109	7361	1
32.996120218579236	9460	1
33.06054644808743	6311	1
33.06863387978142	8819	1
33.07770491803279	6195	1
33.081420765027325	9081	1
33.140109289617484	4225	1
33.17120218579235	7677	1
33.18978142076503	7760	1
33.1907650273224	9388	1
33.2755737704918	4678	1
33.27863387978142	5199	1
33.29153005464481	3947	1
33.31169398907104	3747	1
33.3268306010929	45	1
33.33125683060109	9875	1
33.33431693989071	9770	1
33.374426229508195	8131	1
33.37770491803279	6651	1
33.38169398907104	7296	1
33.38841530054645	8180	1
33.393060109289614	210	1
33.39704918032787	5997	1
33.39786885245902	7317	1
33.40568306010929	2845	1
33.48245901639344	4590	1
33.4948087431694	8968	1
33.49841530054645	505	1
33.5151912568306	6362	1
33.52311475409836	1678	1
33.531256830601095	9811	1
33.53344262295082	2582	1
33.54754098360656	4981	1
33.61857923497268	6862	1
33.629016393442626	9374	1
33.633715846994534	5429	1
33.64590163934426	4443	1
33.647650273224045	8249	1
33.65786885245902	5239	1
33.67120218579235	5517	1
33.67469945355191	9557	1
33.71775956284153	5683	1
33.72191256830601	6583	1
33.73775956284153	8936	1
33.741584699453554	9126	1
33.74508196721312	9380	1
33.78486338797814	6300	1
33.83256830601093	8788	1
33.84841530054645	8277	1
33.859508196721315	8906	1
33.86743169398907	5729	1
33.87683060109289	7215	1
33.980655737704915	6962	1
34.00737704918033	8421	1
34.026448087431696	1671	1
34.04136612021858	8620	1
34.08633879781421	8459	1
34.094207650273226	9154	1
34.13366120218579	309	1
34.18786885245902	7444	1
34.26497267759562	9420	1
34.283934426229514	3006	1
34.28830601092896	6295	1
34.30590163934426	9284	1
34.344918032786886	6368	1
34.364754098360656	1043	1
34.392404371584696	8512	1
34.41950819672131	5712	1
34.42360655737705	9526	1
34.45174863387978	4181	1
34.45617486338797	3409	1
34.49284153005464	4053	1
34.500109289617484	2027	1
34.51830601092896	7804	1
34.53049180327869	4450	1
34.53672131147541	6499	1
34.53704918032787	7075	1
34.54071038251366	9221	1
34.555191256830604	2761	1
34.558907103825135	6825	1
34.569398907103825	6458	1
34.612131147540985	4963	1
34.613278688524595	7575	1
34.62765027322404	399	1
34.64928961748634	5854	1
34.65748633879781	1103	1
34.72819672131148	7653	1
34.78289617486339	5815	1
34.85781420765027	9124	1
34.86781420765028	4433	1
34.86901639344262	2421	1
34.89043715846994	9112	1
34.92890710382514	2327	1
34.95879781420766	9440	1
34.98579234972677	9406	1
34.994480874316935	7592	1
34.997978142076505	6320	1
35.005027322404366	103	1
35.01715846994535	7853	1
35.018852459016394	5653	1
35.023387978142075	7950	1
35.03322404371585	2528	1
35.04153005464481	7045	1
35.075027322404374	5516	1
35.11344262295082	7742	1
35.12163934426229	3246	1
35.12568306010929	2863	1
35.131038251366114	9116	1
35.133825136612025	8063	1
35.15568306010929	1782	1
35.175628415300544	5337	1
35.182950819672136	4657	1
35.20551912568306	4072	1
35.20699453551912	6181	1
35.20808743169399	6847	1
35.234863387978145	1896	1
35.25491803278689	4152	1
35.278251366120216	5265	1
35.27836065573771	2405	1
35.28524590163935	3385	1
35.29950819672131	6055	1
35.39049180327869	5091	1
35.409562841530054	7866	1
35.42016393442623	1347	1
35.47677595628415	4702	1
35.50584699453552	5552	1
35.5575956284153	781	1
35.55874316939891	389	1
35.56147540983606	3282	1
35.59950819672131	5246	1
35.66251366120218	1790	1
35.70448087431694	3629	1
35.722021857923494	27	1
35.735628415300546	3633	1
35.765191256830605	2275	1
35.808961748633884	898	1
35.81142076502732	8201	1
35.81284153005464	4698	1
35.81562841530055	5921	1
35.82071038251366	1561	1
35.856830601092895	4388	1
35.92879781420765	5319	1
35.95502732240437	2957	1
36.00896174863387	1549	1
36.05218579234973	3716	1
36.07978142076503	1322	1
36.11010928961748	2676	1
36.13262295081967	684	1
36.16377049180328	3582	1
36.16469945355191	326	1
36.228524590163936	8805	1
36.23065573770492	8912	1
36.24284153005465	9225	1
36.2488524590164	8684	1
36.25295081967213	3188	1
36.2687431693989	4480	1
36.269617486338795	8001	1
36.29300546448087	4932	1
36.33601092896175	6814	1
36.36180327868853	1024	1
36.36939890710383	8859	1
36.412295081967216	4830	1
36.44267759562842	2697	1
36.455300546448086	1368	1
36.49409836065574	3811	1
36.50715846994535	617	1
36.517759562841526	9512	1
36.57715846994535	1101	1
36.60005464480874	3554	1
36.64617486338798	5803	1
36.64666666666666	9094	1
36.699726775956286	4441	1
36.73213114754098	3531	1
36.735519125683055	682	1
36.748306010928964	4459	1
36.7544262295082	7700	1
36.759562841530055	415	1
36.78912568306011	9732	1
36.79267759562842	2653	1
36.7979781420765	5604	1
36.806338797814206	5081	1
36.80868852459017	6739	1
36.84994535519126	7899	1
36.85398907103825	8556	1
36.86513661202186	8110	1
36.885245901639344	312	1
36.8892349726776	3212	1
36.92819672131148	9448	1
36.92928961748634	4904	1
36.96218579234973	5401	1
36.96519125683061	934	1
36.97934426229508	2230	1
37.04907103825136	6052	1
37.0527868852459	3549	1
37.06426229508197	2334	1
37.073879781420764	8725	1
37.080273224043715	5399	1
37.08945355191256	565	1
37.106448087431694	2228	1
37.110601092896175	6951	1
37.120765027322406	8320	1
37.12573770491803	9385	1
37.154316939890705	3070	1
37.16300546448087	8835	1
37.18092896174863	8334	1
37.18459016393443	9543	1
37.20579234972677	6514	1
37.21666666666667	9951	1
37.240327868852454	4620	1
37.26743169398907	7709	1
37.29792349726776	2912	1
37.33005464480874	8447	1
37.330710382513665	8810	1
37.33601092896174	1522	1
37.34377049180328	8726	1
37.34568306010929	6284	1
37.35677595628415	4991	1
37.35775956284153	5062	1
37.3631693989071	7180	1
37.394644808743166	5493	1
37.39644808743169	1381	1
37.445901639344264	5195	1
37.47431693989071	1249	1
37.47754098360656	9068	1
37.49699453551913	4703	1
37.55502732240437	3986	1
37.58267759562841	4926	1
37.617704918032786	9506	1
37.683169398907104	8833	1
37.68857923497268	8534	1
37.70420765027322	4927	1
37.706393442622954	3388	1
37.71677595628415	5540	1
37.78284153005465	9940	1
37.80540983606558	5885	1
37.82606557377049	1113	1
37.8472131147541	8274	1
37.95464480874317	9286	1
37.980273224043714	2853	1
37.9812568306011	8037	1
38.00945355191257	7762	1
38.02967213114754	9660	1
38.03005464480874	6234	1
38.03103825136612	7147	1
38.05327868852459	8248	1
38.05715846994536	675	1
38.08743169398907	4948	1
38.11120218579235	3917	1
38.13284153005464	2439	1
38.16956284153006	9744	1
38.24480874316939	6954	1
38.27841530054645	1266	1
38.29573770491803	323	1
38.35464480874317	6887	1
38.36076502732241	7912	1
38.3611475409836	545	1
38.37092896174863	4194	1
38.44098360655738	4295	1
38.44355191256831	7902	1
38.46628415300547	6410	1
38.486775956284156	9779	1
38.50775956284153	3415	1
38.53005464480874	7764	1
38.564535519125684	5942	1
38.576174863387976	665	1
38.580655737704916	5812	1
38.59251366120218	3395	1
38.59366120218579	3383	1
38.63737704918033	9957	1
38.68950819672131	6176	1
38.694863387978145	9855	1
38.721748633879784	6673	1
38.75098360655738	9009	1
38.75420765027322	2029	1
38.793934426229505	7810	1
38.81737704918032	9970	1
38.821639344262294	2551	1
38.824371584699456	7720	1
38.8503825136612	4537	1
38.863989071038255	5133	1
38.886830601092896	9304	1
38.919672131147536	3916	1
38.92890710382513	6552	1
38.93284153005464	8488	1
38.94868852459016	7909	1
38.95224043715847	876	1
38.96076502732241	6358	1
38.97825136612022	7362	1
38.999453551912566	282	1
39.1196174863388	1846	1
39.16743169398907	4785	1
39.212076502732245	3907	1
39.22191256830601	692	1
39.23453551912568	5676	1
39.244918032786885	2522	1
39.24956284153005	6920	1
39.25153005464481	6820	1
39.25978142076503	6298	1
39.26021857923497	671	1
39.26650273224043	4451	1
39.26786885245902	7213	1
39.270765027322405	3687	1
39.27699453551912	9174	1
39.35590163934426	7894	1
39.36262295081967	585	1
39.365355191256825	854	1
39.37142076502732	4739	1
39.37715846994536	4611	1
39.48808743169399	5610	1
39.49530054644809	7864	1
39.502349726775954	7851	1
39.610218579234974	6540	1
39.61360655737705	3139	1
39.6316393442623	719	1
39.64027322404372	3768	1
39.648797814207654	4214	1
39.653606557377046	2065	1
39.675300546448085	5948	1
39.74251366120218	2326	1
39.74442622950819	4681	1
39.75557377049181	9831	1
39.830601092896174	4230	1
39.87213114754098	1145	1
39.88054644808743	7286	1
39.89300546448088	4210	1
39.90989071038251	9017	1
39.91464480874317	9904	1
39.918196721311475	2443	1
39.92245901639344	1216	1
39.965737704918034	5421	1
39.97639344262295	3427	1
40.00098360655738	9097	1
40.02245901639344	5370	1
40.044972677595624	4628	1
40.08464480874317	4454	1
40.11644808743169	4113	1
40.12617486338797	1702	1
40.137049180327864	3691	1
40.155901639344265	8186	1
40.23486338797814	2896	1
40.23502732240437	3997	1
40.27775956284153	9379	1
40.281967213114754	4815	1
40.304754098360654	1734	1
40.30901639344262	1275	1
40.332841530054644	552	1
40.33978142076503	9093	1
40.37196721311475	530	1
40.410327868852455	7282	1
40.424480874316934	2688	1
40.430546448087426	6379	1
40.43448087431694	5137	1
40.43830601092896	8467	1
40.446994535519124	7917	1
40.45065573770491	5850	1
40.458688524590166	4852	1
40.53890710382513	6484	1
40.56781420765027	9327	1
40.590054644808745	6467	1
40.64382513661202	7541	1
40.644316939890714	4817	1
40.64743169398907	2556	1
40.680109289617484	9191	1
40.70393442622951	3595	1
40.71409836065573	6872	1
40.71704918032787	5505	1
40.72081967213115	3571	1
40.727322404371584	7112	1
40.77010928961749	195	1
40.83131147540984	3350	1
40.836612021857924	1840	1
40.841147540983606	174	1
40.844426229508194	8537	1
40.854590163934425	6688	1
40.85677595628415	8418	1
40.872185792349725	474	1
40.89950819672131	476	1
40.93852459016393	6093	1
40.97377049180327	220	1
40.9831693989071	2116	1
40.98349726775957	5929	1
41.00469945355191	711	1
41.006830601092894	6550	1
41.00792349726776	3328	1
41.00967213114754	9144	1
41.03289617486338	8757	1
41.03775956284153	8331	1
41.0744262295082	1032	1
41.1375956284153	4378	1
41.184699453551914	7285	1
41.21715846994536	560	1
41.21972677595628	3131	1
41.222841530054644	6658	1
41.249398907103824	5851	1
41.26087431693989	4941	1
41.29551912568306	7013	1
41.300710382513664	8299	1
41.3012568306011	4562	1
41.30306010928962	4165	1
41.31885245901639	2868	1
41.36606557377049	6913	1
41.36699453551912	218	1
41.38224043715847	5794	1
41.391639344262295	9707	1
41.39699453551913	4232	1
41.41142076502732	4636	1
41.47568306010929	2267	1
41.47748633879781	7898	1
41.47945355191257	2796	1
41.479617486338796	8783	1
41.50852459016394	4106	1
41.537213114754095	6783	1
41.55289617486339	8594	1
41.559289617486336	3548	1
41.56497267759563	4539	1
41.57371584699454	9594	1
41.582841530054644	5637	1
41.58934426229508	2785	1
41.5935519125683	7149	1
41.60912568306011	1440	1
41.64098360655738	2659	1
41.6803825136612	3915	1
41.712732240437155	4119	1
41.731748633879775	838	1
41.78781420765027	9023	1
41.819289617486334	1233	1
41.83841530054645	5467	1
41.85912568306011	1715	1
41.87945355191257	7094	1
41.88322404371585	6628	1
41.93174863387978	3145	1
41.943333333333335	7694	1
41.951584699453555	6567	1
41.954098360655735	482	1
41.977267759562835	1035	1
42.06360655737705	1520	1
42.07612021857924	6206	1
42.08677595628415	6667	1
42.099398907103826	5209	1
42.13918032786885	3770	1
42.144590163934424	9261	1
42.158032786885244	9598	1
42.15934426229508	3377	1
42.19939890710383	7371	1
42.22344262295082	3538	1
42.262076502732235	5672	1
42.26622950819672	4645	1
42.27524590163934	5947	1
42.27622950819672	61	1
42.33344262295082	599	1
42.36857923497268	1374	1
42.408032786885244	6007	1
42.468797814207655	6855	1
42.47174863387978	4322	1
42.48169398907104	8463	1
42.48229508196721	169	1
42.507704918032786	3661	1
42.522896174863384	6622	1
42.524098360655735	9581	1
42.531256830601095	3357	1
42.554808743169396	6108	1
42.55540983606557	4019	1
42.560327868852454	5764	1
42.5644262295082	1494	1
42.57366120218579	5095	1
42.59469945355191	7446	1
42.59606557377049	4632	1
42.59693989071039	1451	1
42.60950819672131	237	1
42.628306010928966	9020	1
42.675737704918035	2935	1
42.68289617486339	3714	1
42.687650273224044	2088	1
42.70125683060109	362	1
42.727759562841534	3471	1
42.73273224043716	3456	1
42.75590163934426	522	1
42.804808743169396	5931	1
42.823934426229506	8627	1
42.83579234972677	2280	1
42.85699453551913	894	1
42.87021857923497	6593	1
42.90027322404371	8381	1
42.91049180327869	7263	1
42.98475409836065	9441	1
42.998306010928964	8672	1
43.097377049180324	3859	1
43.106010928961744	1369	1
43.134918032786885	3850	1
43.15775956284153	5227	1
43.18573770491803	7128	1
43.18978142076503	7966	1
43.2155737704918	2700	1
43.23491803278689	9644	1
43.239289617486335	8566	1
43.26087431693989	4056	1
43.26918032786885	6270	1
43.286830601092895	4410	1
43.34169398907104	6594	1
43.354918032786884	2035	1
43.37060109289617	806	1
43.390109289617484	6777	1
43.39502732240437	3077	1
43.39617486338798	1471	1
43.399781420765024	4319	1
43.41273224043716	5302	1
43.48617486338798	6468	1
43.51508196721311	7440	1
43.52060109289617	3570	1
43.53349726775956	6209	1
43.556338797814206	2255	1
43.55956284153005	7140	1
43.56590163934426	1833	1
43.60005464480874	5686	1
43.64005464480874	3342	1
43.6503825136612	6172	1
43.651748633879784	411	1
43.65775956284153	4360	1
43.67021857923497	5632	1
43.70136612021858	726	1
43.707158469945355	3196	1
43.71371584699453	3782	1
43.74999999999999	553	1
43.75382513661202	8117	1
43.76459016393442	4411	1
43.7655737704918	2382	1
43.771092896174856	4834	1
43.785355191256826	612	1
43.796994535519126	8602	1
43.802950819672134	277	1
43.812295081967214	1153	1
43.813387978142075	6079	1
43.826830601092894	2099	1
43.82710382513661	2379	1
43.83338797814208	2902	1
43.85513661202186	4754	1
43.85579234972678	1741	1
43.862568306010935	8945	1
43.87256830601093	1789	1
43.88333333333333	9936	1
43.89218579234972	7767	1
43.90398907103825	9760	1
43.91644808743169	4051	1
43.927650273224046	9950	1
43.945464480874314	272	1
43.951912568306014	9002	1
43.96224043715847	5301	1
43.986775956284156	1761	1
43.98983606557377	8797	1
43.99153005464481	5763	1
44.02699453551912	5776	1
44.03360655737705	4862	1
44.050000000000004	6793	1
44.06185792349727	4538	1
44.07530054644809	6231	1
44.08071038251366	1659	1
44.092568306010925	6901	1
44.109836065573774	6577	1
44.114754098360656	8285	1
44.13699453551912	6320	0
44.13846994535519	9239	1
44.14098360655738	4470	1
44.14475409836066	5012	1
44.1511475409836	832	1
44.158087431693986	4691	1
44.16213114754098	5051	1
44.16311475409836	9655	1
44.184644808743165	7234	1
44.20606557377049	7018	1
44.21032786885246	7348	1
44.24928961748634	4762	1
44.30207650273224	6023	1
44.30508196721312	7547	1
44.324644808743166	9375	1
44.34060109289617	1389	1
44.36879781420765	2021	1
44.412185792349725	7449	1
44.43530054644809	2168	1
44.45218579234973	2310	1
44.45415300546448	4931	1
44.45803278688525	3704	1
44.48262295081967	1359	1
44.52180327868852	1355	1
44.52306010928962	2066	1
44.55765027322404	6443	1
44.58234972677595	1855	1
44.61535519125683	8338	1
44.63737704918033	8894	1
44.65393442622951	7251	1
44.660437158469946	9833	1
44.71748633879781	4571	1
44.73169398907104	4129	1
44.80661202185792	7427	1
44.862513661202186	6972	1
44.86513661202186	4306	1
44.8735519125683	7110	1
44.89382513661202	3352	1
44.92710382513661	2822	1
44.928743169398906	4383	1
44.931639344262294	6058	1
44.97568306010929	5151	1
44.98579234972677	8702	1
45.01092896174863	2904	1
45.029508196721316	8470	1
45.039836065573766	9896	1
45.04710382513661	4203	1
45.0479781420765	9554	1
45.07267759562841	6233	1
45.07928961748634	3705	1
45.11868852459016	3266	1
45.12508196721311	9624	1
45.12546448087432	4908	1
45.132349726775956	7309	1
45.14032786885245	1708	1
45.14513661202186	4660	1
45.16174863387978	7567	1
45.17617486338797	8358	1
45.2196174863388	4840	1
45.261366120218575	6127	1
45.26273224043715	6726	1
45.27469945355191	6389	1
45.28601092896175	1279	1
45.30437158469945	3784	1
45.31360655737704	6709	1
45.34781420765027	5029	1
45.356065573770486	3211	1
45.35819672131147	3597	1
45.38005464480874	2512	1
45.38267759562841	7499	1
45.395737704918034	1119	1
45.4272131147541	8196	1
45.432459016393445	5767	1
45.43715846994535	1116	1
45.461748633879786	2309	1
45.466830601092894	3157	1
45.46994535519126	4285	1
45.52387978142077	8097	1
45.55530054644809	9952	1
45.62158469945356	4101	1
45.6672131147541	2294	1
45.67311475409836	244	1
45.677540983606555	9070	1
45.695956284153006	1252	1
45.69939890710382	6248	1
45.7144262295082	7688	1
45.71672131147541	7467	1
45.74650273224044	8919	1
45.810109289617486	5541	1
45.82295081967213	1623	1
45.84060109289617	4472	1
45.858360655737705	4133	1
45.87060109289617	3887	1
45.87469945355191	5177	1
45.98978142076503	6153	1
45.995683060109286	1273	1
45.9979781420765	2227	1
46.00622950819672	4510	1
46.0464480874317	6264	1
46.04890710382514	7484	1
46.05896174863388	2566	1
46.06032786885246	4493	1
46.06136612021858	8852	1
46.073169398907105	4361	1
46.105628415300544	2298	1
46.11852459016393	3908	1
46.12792349726776	8918	1
46.134918032786885	181	1
46.16792349726776	8430	1
46.21814207650273	3	1
46.21841530054645	9318	1
46.236284153005464	2242	1
46.24530054644809	2572	1
46.256393442622944	8659	1
46.282459016393446	430	1
46.28606557377049	3215	1
46.286721311475404	8223	1
46.30142076502732	9564	1
46.30661202185792	1872	1
46.3079781420765	1699	1
46.31606557377049	2554	1
46.3196174863388	4536	1
46.32584699453552	4178	1
46.35071038251366	2183	1
46.35693989071038	5977	1
46.36185792349727	2337	1
46.367213114754094	1870	1
46.36863387978142	1670	1
46.376666666666665	4950	1
46.379617486338795	5959	1
46.3851912568306	2754	1
46.38743169398907	2936	1
46.39819672131148	6495	1
46.40775956284153	8958	1
46.40868852459016	3110	1
46.41846994535519	288	1
46.46306010928962	3962	1
46.46338797814208	8502	1
46.472459016393444	2208	1
46.48535519125683	6158	1
46.506612021857926	5367	1
46.52846994535519	4095	1
46.53027322404372	640	1
46.54103825136612	2684	1
46.545573770491806	7069	1
46.549234972677596	2851	1
46.559234972677594	4558	1
46.560109289617486	6503	1
46.567158469945355	2831	1
46.57229508196721	1861	1
46.586612021857924	1358	1
46.5996174863388	9918	1
46.60431693989071	4773	1
46.60546448087432	7245	1
46.61967213114754	6439	1
46.6211475409836	33	1
46.64737704918033	6852	1
46.65644808743169	5980	1
46.658032786885244	441	1
46.70775956284153	5338	1
46.712021857923496	4229	1
46.71382513661202	3763	1
46.72131147540984	1668	1
46.73819672131148	5871	1
46.742404371584705	2669	1
46.749508196721315	4686	1
46.75420765027322	7487	1
46.756502732240435	6602	1
46.76136612021858	6805	1
46.775355191256835	4784	1
46.82032786885246	7443	1
46.8379781420765	4609	1
46.83994535519126	9649	1
46.84180327868852	8915	1
46.843387978142076	6391	1
46.87234972677596	9354	1
46.88060109289618	8617	1
46.88967213114754	4807	1
46.893879781420765	7870	1
46.91677595628415	9799	1
46.943934426229504	1873	1
46.99896174863388	5461	1
47.003224043715846	7479	1
47.012513661202185	6182	1
47.02677595628415	6491	1
47.02699453551912	9024	1
47.03229508196721	419	1
47.0355737704918	7096	1
47.03672131147541	9846	1
47.038743169398906	7873	1
47.050273224043714	3774	1
47.06371584699453	4567	1
47.06874316939891	2441	1
47.08639344262295	463	1
47.098688524590166	371	1
47.10218579234972	9886	1
47.10327868852459	8272	1
47.1144262295082	2427	1
47.131147540983605	4710	1
47.131475409836064	5317	1
47.13513661202185	6854	1
47.13584699453552	1011	1
47.137978142076506	5424	1
47.14327868852459	8955	1
47.15535519125683	6612	1
47.15983606557377	4261	1
47.161912568306015	2261	1
47.16420765027322	7557	1
47.18300546448088	524	1
47.184316939890714	6751	1
47.185737704918026	1435	1
47.194153005464486	1166	1
47.19431693989071	7829	1
47.23284153005464	8595	1
47.238579234972676	1723	1
47.239726775956285	2889	1
47.26136612021858	4833	1
47.26710382513661	6587	1
47.27426229508197	2737	1
47.28256830601092	2740	1
47.284316939890715	6728	1
47.32213114754098	479	1
47.350218579234976	3023	1
47.35382513661202	3492	1
47.35819672131148	2496	1
47.37928961748634	8902	1
47.37978142076503	480	1
47.38120218579235	6170	1
47.395683060109285	8531	1
47.40874316939891	5882	1
47.410054644808746	7169	1
47.41060109289617	1277	1
47.4196174863388	6432	1
47.429125683060114	8841	1
47.431748633879785	7276	1
47.435027322404366	1593	1
47.4487431693989	5879	1
47.46349726775956	5435	1
47.484426229508195	6020	1
47.499344262295075	2778	1
47.53896174863388	2305	1
47.598907103825134	7724	1
47.59983606557377	46	1
47.60885245901639	7695	1
47.61737704918033	5109	1
47.6283606557377	4669	1
47.62945355191257	851	1
47.63032786885246	5490	1
47.64748633879782	8298	1
47.65879781420765	4240	1
47.665245901639345	491	1
47.667868852459016	8635	1
47.67169398907104	5726	1
47.69349726775956	19	1
47.69459016393443	5382	1
47.69508196721311	1095	1
47.71098360655738	2729	1
47.711311475409836	2517	1
47.7192349726776	3341	1
47.72224043715847	5709	1
47.725846994535516	7679	1
47.72612021857923	1641	1
47.748360655737706	7124	1
47.75092896174863	3301	1
47.758360655737704	170	1
47.76540983606557	7512	1
47.77229508196721	1010	1
47.78628415300546	6910	1
47.79704918032787	2962	1
47.80114754098361	9455	1
47.81655737704918	2238	1
47.83338797814208	5822	1
47.83497267759563	3632	1
47.8503825136612	2067	1
47.860273224043716	6436	1
47.869180327868854	7685	1
47.878579234972676	6212	1
47.88540983606557	8175	1
47.894644808743166	5571	1
47.89732240437158	5008	1
47.90595628415301	2866	1
47.92437158469946	3545	1
47.934371584699456	2287	1
47.96245901639344	8582	1
47.96672131147541	9582	1
47.997158469945354	16	1
47.99972677595628	2435	1
48.01535519125683	7578	1
48.018142076502734	8709	1
48.03994535519125	4958	1
48.048743169398904	5555	1
48.05065573770492	2821	1
48.0531693989071	3886	1
48.054808743169396	8451	1
48.06617486338798	7175	1
48.07666666666667	943	1
48.08267759562841	1082	1
48.0955737704918	3589	1
48.0979781420765	5999	1
48.10775956284153	3360	1
48.122513661202184	5306	1
48.1324043715847	5448	1
48.155573770491806	4970	1
48.156612021857924	7601	1
48.161038251366115	2150	1
48.1616393442623	884	1
48.162185792349725	2999	1
48.19092896174863	6713	1
48.203114754098365	6115	1
48.222131147540985	2174	1
48.23743169398907	2490	1
48.245355191256834	1721	1
48.252131147540986	1747	1
48.26939890710382	6860	1
48.26939890710382	811	1
48.27459016393443	7715	1
48.28338797814207	9757	1
48.28475409836065	1169	1
48.29010928961749	207	1
48.29469945355191	6075	1
48.308524590163934	8290	1
48.32431693989071	2109	1
48.34398907103825	8921	1
48.39327868852459	1444	1
48.39486338797814	2934	1
48.403224043715845	4013	1
48.40595628415301	3999	1
48.4096174863388	3434	1
48.41010928961749	3252	1
48.41579234972677	6427	1
48.42666666666666	6365	1
48.42819672131147	7504	1
48.437322404371585	5895	1
48.45344262295082	2330	1
48.45393442622951	8796	1
48.46229508196721	7055	1
48.49092896174863	1859	1
48.50267759562841	3412	1
48.50890710382514	8548	1
48.53879781420765	6746	1
48.56180327868853	2293	1
48.5627868852459	5857	1
48.56322404371584	5880	1
48.566775956284154	3906	1
48.58737704918033	921	1
48.612021857923494	3523	1
48.61972677595628	6956	1
48.622896174863385	9360	1
48.62584699453552	1397	1
48.643114754098356	7049	1
48.64732240437158	7635	1
48.65147540983607	7051	1
48.668633879781424	4587	1
48.675737704918035	4901	1
48.678360655737706	4919	1
48.67950819672131	7606	1
48.69120218579235	4844	1
48.69224043715847	998	1
48.70765027322405	1878	1
48.71404371584699	3256	1
48.720874316939884	4819	1
48.72267759562842	7364	1
48.72612021857924	8837	1
48.75262295081967	7380	1
48.780109289617485	8828	1
48.79371584699453	8152	1
48.83371584699454	6045	1
48.85005464480874	5787	1
48.86540983606557	8738	1
48.87469945355191	1466	1
48.880765027322404	1506	1
48.89857923497268	8055	1
48.90043715846995	4719	1
48.905136612021856	1864	1
48.91284153005465	293	1
48.91590163934426	523	1
48.929890710382516	6500	1
48.930218579234975	8062	1
48.943333333333335	1758	1
48.95267759562841	59	1
48.95327868852459	4380	1
48.953989071038244	611	1
48.95650273224044	76	1
48.96224043715847	1709	1
48.96284153005465	571	1
48.97497267759563	5140	1
48.97622950819672	6130	1
48.979562841530054	905	1
48.980765027322406	1068	1
49.02404371584699	4973	1
49.03147540983607	6257	1
49.03147540983607	649	1
49.03442622950819	4267	1
49.03830601092896	3835	1
49.04912568306011	4865	1
49.04978142076502	3010	1
49.05284153005465	6619	1
49.0651912568306	9527	1
49.073060109289614	8489	1
49.07781420765027	4984	1
49.08464480874317	7629	1
49.088142076502734	8328	1
49.09398907103825	4479	1
49.113825136612014	7098	1
49.115792349726775	1874	1
49.11683060109289	7937	1
49.12333333333333	3725	1
49.126393442622955	5172	1
49.12765027322404	3392	1
49.13770491803279	5783	1
49.15672131147541	5078	1
49.15912568306011	4918	1
49.16426229508197	7002	1
49.16502732240437	9610	1
49.17857923497268	5105	1
49.18224043715847	4942	1
49.19060109289617	5371	1
49.19207650273224	8597	1
49.19765027322405	9892	1
49.21060109289617	8366	1
49.21092896174863	1427	1
49.211202185792345	6636	1
49.21606557377049	3244	1
49.22601092896175	4943	1
49.26535519125683	1940	1
49.26863387978142	2460	1
49.304426229508195	9277	1
49.31355191256831	303	1
49.33005464480874	6060	1
49.3472131147541	8211	1
49.35289617486339	5625	1
49.37950819672131	7026	1
49.38174863387977	8116	1
49.40338797814207	7052	1
49.411038251366115	2903	1
49.412240437158474	6229	1
49.43945355191257	9687	1
49.456010928961746	338	1
49.46808743169399	5067	1
49.469453551912565	995	1
49.47010928961748	7977	1
49.50459016393443	5646	1
49.51469945355191	4124	1
49.5375956284153	5090	1
49.54125683060109	9861	1
49.55371584699453	3241	1
49.56327868852459	3048	1
49.567595628415305	8318	1
49.58071038251366	335	1
49.5935519125683	2926	1
49.59677595628415	4774	1
49.60092896174863	9071	1
49.60540983606557	9823	1
49.640928961748635	6325	1
49.685355191256825	1341	1
49.69377049180328	7665	1
49.71628415300546	3815	1
49.72677595628415	3013	1
49.73672131147541	9653	1
49.74874316939891	9064	1
49.749071038251365	9797	1
49.78109289617486	6868	1
49.78109289617486	7004	1
49.79306010928962	634	1
49.802513661202184	6630	1
49.80256830601093	1536	1
49.81431693989071	841	1
49.83655737704918	202	1
49.84398907103825	8145	1
49.871202185792356	2808	1
49.88169398907104	6030	1
49.91568306010929	5005	1
49.91568306010929	8442	1
49.92535519125683	797	1
49.97010928961748	9515	1
49.97409836065573	5389	1
49.97918032786885	3896	1
49.988524590163934	8515	1
49.990765027322404	3402	1
50.01775956284153	2564	1
50.020382513661204	604	1
50.027486338797814	2622	1
50.037923497267755	5241	1
50.039071038251365	8518	1
50.05693989071038	3469	1
50.05868852459017	5093	1
50.07109289617487	603	1
50.08863387978142	5009	1
50.12196721311476	2091	1
50.129016393442626	5145	1
50.13737704918032	3257	1
50.13781420765027	8422	1
50.1411475409836	2475	1
50.14382513661202	7287	1
50.14677595628415	2142	1
50.15295081967213	753	1
50.18934426229508	6544	1
50.19830601092896	5816	1
50.20983606557377	6648	1
50.212349726775955	5810	1
50.2127868852459	2058	1
50.220273224043716	5068	1
50.23415300546448	910	1
50.24469945355191	4689	1
50.282622950819665	1350	1
50.29224043715847	5928	1
50.29923497267759	7546	1
50.30901639344262	7746	1
50.3120218579235	7732	1
50.313442622950824	4764	1
50.319508196721316	124	1
50.32672131147541	1650	1
50.33273224043715	4171	1
50.338524590163935	2	1
50.34120218579235	8849	1
50.34289617486339	7160	1
50.34934426229508	9190	1
50.35584699453552	5412	1
50.358360655737705	3795	1
50.36333333333333	3927	1
50.36371584699454	9484	1
50.371038251366116	6111	1
50.37579234972677	7942	1
50.38065573770492	7563	1
50.3820218579235	7118	1
50.38688524590164	9319	1
50.38868852459016	5522	1
50.38879781420765	595	1
50.39065573770492	6626	1
50.40349726775956	3989	1
50.40606557377049	1743	1
50.42710382513661	8853	1
50.44087431693989	8481	1
50.4435519125683	7659	1
50.44606557377049	7434	1
50.462021857923496	7278	1
50.46284153005465	4437	1
50.47251366120218	7561	1
50.47448087431694	964	1
50.47633879781421	5520	1
50.47939890710382	2677	1
50.48803278688525	5799	1
50.49393442622951	1212	1
50.496830601092896	7403	1
50.5079781420765	7476	1
50.5296174863388	2395	1
50.534480874316934	1829	1
50.546229508196724	9781	1
50.54677595628415	3133	1
50.56136612021858	903	1
50.5644262295082	6112	1
50.57158469945355	2442	1
50.573989071038255	809	1
50.59153005464481	6729	1
50.59655737704918	3840	1
50.61273224043716	4177	1
50.614371584699455	6141	1
50.61530054644809	8769	1
50.616939890710384	1196	1
50.617650273224044	7507	1
50.6407650273224	449	1
50.652404371584694	6266	1
50.665136612021854	2950	1
50.66879781420765	2354	1
50.67535519125683	1222	1
50.68775956284153	9359	1
50.693715846994536	2875	1
50.69601092896175	2840	1
50.70551912568306	1845	1
50.711256830601094	6278	1
50.736229508196715	5635	1
50.74032786885246	9519	1
50.75737704918033	4496	1
50.767704918032784	8106	1
50.7739344262295	1360	1
50.78098360655738	5687	1
50.781256830601095	9060	1
50.78666666666666	5395	1
50.789071038251365	1683	1
50.79655737704918	8284	1
50.796885245901635	6253	1
50.800327868852456	2302	1
50.81841530054645	227	1
50.820874316939886	881	1
50.84207650273224	8642	1
50.84693989071038	3781	1
50.8575956284153	4463	1
50.86229508196721	7819	1
50.87464480874317	5657	1
50.892349726775954	3405	1
50.90606557377049	3843	1
50.9155737704918	4806	1
50.91934426229508	5248	1
50.92349726775956	3924	1
50.92672131147541	2138	1
50.93125683060109	451	1
50.938469945355195	9640	1
50.94562841530054	9481	1
50.94573770491803	5178	1
50.947049180327866	3546	1
50.94956284153006	6706	1
50.950437158469946	4140	1
50.95060109289618	6447	1
50.95644808743169	7678	1
50.95808743169399	4742	1
50.968797814207655	5402	1
50.970983606557375	7964	1
50.98781420765027	3933	1
50.99289617486338	7907	1
50.99628415300546	1634	1
50.99693989071038	1545	1
51.0120218579235	872	1
51.021967213114756	4407	1
51.0272131147541	3041	1
51.03147540983606	8775	1
51.03770491803279	7699	1
51.06256830601093	1461	1
51.06650273224044	9332	1
51.082896174863386	9471	1
51.084426229508196	6190	1
51.08453551912569	4304	1
51.098907103825134	3888	1
51.10469945355191	439	1
51.11136612021858	1231	1
51.111420765027326	4573	1
51.12573770491803	1570	1
51.132622950819666	5320	1
51.136448087431695	147	1
51.1372131147541	8325	1
51.13814207650273	5384	1
51.14748633879781	3156	1
51.15530054644808	7325	1
51.155519125683064	2307	1
51.17087431693989	8406	1
51.17267759562841	9494	1
51.174699453551916	4074	1
51.18081967213115	978	1
51.180983606557376	5033	1
51.19043715846994	7288	1
51.21103825136612	1918	1
51.212459016393446	9022	1
51.222786885245895	4588	1
51.22420765027322	8292	1
51.226502732240434	3374	1
51.22765027322404	424	1
51.227759562841534	6831	1
51.24426229508197	7549	1
51.24513661202186	2520	1
51.2520218579235	3748	1
51.254262295081965	9193	1
51.271475409836064	3636	1
51.28333333333333	5134	1
51.29065573770492	450	1
51.29530054644809	2558	1
51.29819672131148	7493	1
51.30415300546448	8932	1
51.31125683060109	994	1
51.31256830601093	2240	1
51.324972677595625	2610	1
51.335573770491806	4385	1
51.33683060109289	1028	1
51.39295081967213	6745	1
51.39846994535519	461	1
51.41803278688524	5070	1
51.42218579234972	495	1
51.423879781420766	812	1
51.42885245901639	7167	1
51.42983606557377	4699	1
51.44486338797814	2156	1
51.44868852459016	4313	1
51.4491256830601	4374	1
51.45792349726776	9711	1
51.45923497267759	558	1
51.468032786885246	4907	1
51.47054644808743	3698	1
51.47928961748634	5381	1
51.52661202185792	6978	1
51.5336612021858	4851	1
51.539781420765024	2214	1
51.540928961748634	4303	1
51.54857923497268	5099	1
51.554043715846994	8948	1
51.573497267759564	7876	1
51.574644808743166	2389	1
51.57573770491803	1853	1
51.58224043715847	5846	1
51.58562841530055	8265	1
51.587322404371584	3587	1
51.58765027322404	42	1
51.59366120218579	2793	1
51.60300546448087	5459	1
51.605191256830594	2833	1
51.60852459016394	8571	1
51.6148087431694	1751	1
51.61808743169399	2612	1
51.62163934426229	197	1
51.637486338797814	3981	1
51.655519125683064	9569	1
51.66027322404372	477	1
51.66688524590164	7971	1
51.6679781420765	5437	1
51.67284153005465	5811	1
51.68683060109289	8009	1
51.696284153005465	3998	1
51.70765027322404	7908	1
51.71726775956284	2586	1
51.71846994535519	9158	1
51.72879781420765	4012	1
51.737049180327865	1208	1
51.73945355191257	6867	1
51.75251366120219	6600	1
51.75453551912568	2229	1
51.757704918032786	7554	1
51.758743169398905	3173	1
51.779726775956284	2872	1
51.796174863387975	4196	1
51.810546448087436	7402	1
51.82437158469945	2135	1
51.82770491803279	5594	1
51.83513661202186	5406	1
51.85732240437158	1353	1
51.85781420765028	8586	1
51.87524590163934	9743	1
51.87754098360656	9449	1
51.87912568306011	2454	1
51.8820218579235	5827	1
51.8844262295082	6756	1
51.89617486338798	9992	1
51.89737704918033	9205	1
51.911475409836065	2224	1
51.929398907103824	6770	1
51.9303825136612	5725	1
51.935081967213115	4010	1
51.93601092896175	9075	1
51.9427868852459	9960	1
51.943715846994536	1576	1
51.94874316939891	11	1
51.956448087431696	9233	1
51.959726775956284	3299	1
51.99857923497268	1211	1
52.01754098360656	5237	1
52.01945355191257	1569	1
52.04601092896175	7650	1
52.06693989071039	4075	1
52.06972677595628	1243	1
52.070163934426226	1752	1
52.080273224043715	3870	1
52.080601092896174	2436	1
52.09054644808743	6350	1
52.09245901639344	9853	1
52.09710382513661	4158	1
52.12284153005465	2015	1
52.12464480874317	3116	1
52.12754098360656	2352	1
52.15535519125683	3034	1
52.15677595628415	98	1
52.1587431693989	2085	1
52.16316939890711	9426	1
52.17136612021858	8733	1
52.17453551912568	6697	1
52.17508196721312	2207	1
52.176885245901644	1055	1
52.182950819672136	1496	1
52.183934426229506	5695	1
52.1896174863388	3616	1
52.19344262295082	4668	1
52.199344262295085	4663	1
52.21120218579235	3974	1
52.2151912568306	3036	1
52.21967213114754	5211	1
52.22092896174863	2816	1
52.22825136612022	8729	1
52.234098360655736	4057	1
52.23622950819672	1425	1
52.23803278688525	9998	1
52.238306010928966	2139	1
52.26158469945355	5168	1
52.27213114754099	1171	1
52.28732240437159	1422	1
52.30273224043715	5483	1
52.34158469945355	9131	1
52.34311475409836	2971	1
52.373661202185794	2886	1
52.38792349726776	4351	1
52.39360655737705	3898	1
52.40387978142076	3453	1
52.40573770491803	581	1
52.4087431693989	9809	1
52.419617486338794	2502	1
52.42508196721312	7409	1
52.427540983606555	2944	1
52.4527868852459	3394	1
52.457049180327864	3566	1
52.47568306010929	9430	1
52.49704918032787	9402	1
52.50185792349726	6197	1
52.50251366120219	7030	1
52.513989071038246	4420	1
52.537213114754095	8103	1
52.538469945355196	7776	1
52.560437158469945	5139	1
52.570819672131144	4423	1
52.5715300546448	7744	1
52.58562841530055	3713	1
52.585956284153006	2736	1
52.58945355191256	8461	1
52.60431693989071	5486	1
52.612841530054645	3732	1
52.637868852459015	2596	1
52.643060109289614	3335	1
52.64344262295082	1179	1
52.65202185792349	1250	1
52.6624043715847	1974	1
52.66765027322405	4606	1
52.699344262295085	5527	1
52.71617486338798	9088	1
52.72606557377049	698	1
52.73513661202186	4462	1
52.73792349726776	7501	1
52.75573770491803	892	1
52.75699453551913	9059	1
52.783169398907106	6419	1
52.78584699453552	7264	1
52.81060109289618	4936	1
52.83382513661202	4281	1
52.8424043715847	8263	1
52.844535519125685	8985	1
52.84683060109289	1258	1
52.85224043715847	2727	1
52.85360655737705	7269	1
52.87715846994535	9704	1
52.88049180327869	2205	1
52.88349726775956	1749	1
52.88360655737705	4953	1
52.88568306010929	6969	1
52.88846994535519	3302	1
52.92136612021858	6395	1
52.92300546448087	685	1
52.933879781420764	5300	1
52.93530054644809	9750	1
52.937267759562836	8778	1
52.943661202185794	3121	1
52.94377049180328	7143	1
52.94459016393443	883	1
52.94601092896175	1142	1
52.95021857923497	7482	1
52.953715846994534	4727	1
52.975846994535516	6986	1
52.98087431693989	1404	1
52.99781420765027	1642	1
53.02497267759563	1045	1
53.032240437158464	1135	1
53.03601092896175	4320	1
53.04710382513661	549	1
53.06475409836065	3702	1
53.07606557377049	3985	1
53.079945355191256	2369	1
53.08459016393443	3875	1
53.09213114754098	4494	1
53.10393442622951	9972	1
53.1048087431694	56	1
53.10781420765027	1062	1
53.10928961748634	7053	1
53.11562841530054	636	1
53.130437158469945	7801	1
53.132240437158465	7652	1
53.133387978142075	1854	1
53.1344262295082	7729	1
53.14060109289617	4022	1
53.15311475409836	3863	1
53.15371584699454	1465	1
53.15387978142076	6272	1
53.1624043715847	3975	1
53.1675956284153	9665	1
53.16923497267759	1122	1
53.19071038251366	1295	1
53.20234972677596	7802	1
53.21475409836065	3640	0
53.21737704918033	6918	1
53.217978142076504	3019	1
53.247213114754096	2278	1
53.252404371584696	3780	1
53.252786885245904	2394	1
53.258032786885245	2980	1
53.271584699453555	234	1
53.289508196721314	4355	1
53.29103825136612	519	1
53.31426229508197	7711	1
53.330218579234966	5671	1
53.3551912568306	5592	1
53.367704918032786	4063	1
53.37240437158469	9049	1
53.38486338797814	53	1
53.385628415300545	9672	1
53.39	2273	1
53.39562841530054	7171	1
53.397650273224045	7387	1
53.41158469945355	9568	1
53.42256830601092	6448	1
53.43863387978142	5869	1
53.44732240437158	5566	1
53.45393442622951	2186	1
53.460163934426234	7454	1
53.4903825136612	8756	1
53.494590163934426	2674	1
53.503551912568305	2169	1
53.51693989071038	4487	1
53.53715846994535	4637	1
53.53912568306011	1190	1
53.54896174863388	9901	1
53.55071038251366	975	1
53.5551912568306	2025	1
53.56573770491803	7589	1
53.56896174863388	5557	1
53.5715300546448	4827	1
53.571693989071036	7127	1
53.583114754098354	13	1
53.585956284153006	9735	1
53.604480874316934	7262	1
53.606065573770486	8903	1
53.64546448087432	5996	1
53.65125683060109	6302	1
53.6551912568306	8155	1
53.66027322404371	7641	1
53.66497267759563	9874	1
53.667868852459016	6497	1
53.671530054644805	7284	1
53.71617486338798	9585	1
53.7275956284153	60	1
53.73207650273224	7331	1
53.75251366120219	8135	1
53.76967213114754	6071	1
53.77032786885246	3365	1
53.77180327868852	8596	1
53.772185792349724	5188	1
53.77360655737705	1191	1
53.77655737704918	2827	1
53.77983606557377	3198	1
53.78994535519126	7142	1
53.797759562841534	4492	1
53.80125683060109	4209	1
53.803005464480876	9011	1
53.80311475409836	4954	1
53.804535519125686	8016	1
53.82005464480874	3411	1
53.82912568306011	7842	1
53.836557377049175	6132	1
53.84273224043716	4404	1
53.848579234972675	8028	1
53.85819672131147	1333	1
53.86852459016393	5138	1
53.87633879781421	8978	1
53.915355191256836	7782	1
53.918579234972675	3329	1
53.92016393442623	5270	1
53.92617486338798	7277	1
53.93306010928961	7826	1
53.9555737704918	8195	1
53.96136612021858	1265	1
53.97306010928962	7024	1
53.98153005464481	9599	1
53.993825136612024	8829	1
53.998251366120215	4777	1
54.016994535519125	4324	1
54.021475409836064	7587	1
54.02825136612022	6348	1
54.04032786885246	2084	1
54.040601092896175	9395	1
54.05120218579235	9498	1
54.06065573770492	9830	1
54.078743169398905	1614	1
54.082076502732235	7617	1
54.09459016393443	9669	1
54.12612021857923	5979	1
54.140109289617484	8615	1
54.14224043715847	6330	1
54.16142076502732	6815	1
54.17748633879781	3909	1
54.18907103825137	4445	1
54.193224043715844	2220	1
54.19874316939891	3046	1
54.20191256830601	8770	1
54.2144262295082	9810	1
54.21775956284153	2411	1
54.21786885245902	5022	1
54.2320218579235	5156	1
54.23770491803278	2201	1
54.2524043715847	5665	1
54.275300546448086	2552	1
54.27699453551912	3386	1
54.27825136612022	2640	1
54.28344262295082	8685	1
54.286120218579235	8268	1
54.28885245901639	4804	1
54.31295081967213	2913	1
54.33617486338798	141	1
54.34601092896175	3000	1
54.35830601092896	4906	1
54.363169398907104	6171	1
54.36781420765027	6801	1
54.38185792349727	2412	1
54.38262295081967	7809	1
54.38475409836066	4333	1
54.38622950819672	5447	1
54.387923497267764	6131	1
54.42546448087431	6882	1
54.44846994535519	5934	1
54.453770491803276	3174	1
54.46311475409836	1816	1
54.463551912568306	9925	1
54.4720218579235	3834	1
54.47224043715847	9588	1
54.481584699453556	4377	1
54.4827868852459	8973	1
54.49612021857923	755	1
54.50907103825136	7384	1
54.512131147540984	9587	1
54.52770491803279	1319	1
54.53229508196721	5858	1
54.54169398907104	6898	1
54.54939890710382	3899	1
54.57366120218579	5379	1
54.58147540983607	3123	1
54.590765027322405	8024	1
54.591530054644814	557	1
54.60453551912568	382	1
54.60590163934426	2045	1
54.62081967213115	6971	1
54.62737704918033	529	1
54.63213114754099	2477	1
54.63704918032787	7668	1
54.64103825136612	7973	1
54.653551912568304	2995	1
54.65846994535519	701	1
54.661748633879775	8496	1
54.66502732240437	7925	1
54.679781420765025	9195	1
54.6879781420765	2679	1
54.69398907103825	4148	1
54.69836065573771	1828	1
54.707103825136606	1562	1
54.71147540983607	8022	1
54.71967213114754	6773	1
54.7327868852459	4912	1
54.73825136612022	6186	1
54.756830601092894	8385	1
54.75956284153005	4982	1
54.76448087431694	3777	1
54.78524590163934	2511	1
54.78743169398907	3821	1
54.79125683060109	8387	1
54.79453551912568	506	1
54.80546448087431	1187	1
54.80655737704918	5191	1
54.82896174863388	971	1
54.83387978142077	9847	1
54.85136612021858	5165	1
54.85409836065573	308	1
54.867213114754094	1308	1
54.90382513661202	1126	1
54.91092896174864	192	1
54.912568306010925	5631	1
54.92021857923497	6184	1
54.92950819672131	6215	1
54.930601092896175	4310	1
54.931693989071036	6105	1
54.95683060109289	693	1
54.96284153005465	8925	1
54.96284153005465	7672	1
54.96666666666666	9376	1
54.97377049180328	5071	1
54.97923497267759	5378	1
54.985245901639345	503	1
54.99071038251366	4786	1
54.99617486338798	6652	1
55.00327868852459	4464	1
55.01803278688524	2323	1
55.03060109289618	4898	1
55.033879781420765	5360	1
55.03661202185792	7295	1
55.03825136612022	5961	1
55.040983606557376	2023	1
55.042076502732236	8107	1
55.044262295081964	5965	1
55.05191256830601	1405	1
55.05464480874317	5055	1
55.05573770491803	38	1
55.06174863387978	1823	1
55.069398907103825	8382	1
55.07267759562841	9884	1
55.0775956284153	8067	1
55.10163934426229	3366	1
55.10437158469945	4455	1
55.10437158469945	5588	1
55.11147540983607	9429	1
55.12349726775956	66	1
55.128961748633884	1716	1
55.13333333333333	5774	1
55.14590163934427	7708	1
55.14918032786885	1442	1
55.14972677595628	1432	1
55.15573770491803	6123	1
55.15846994535519	230	1
55.17213114754098	4233	1
55.172677595628414	6087	1
55.17923497267759	9654	1
55.18743169398907	390	1
55.1896174863388	2762	1
55.20163934426229	6120	1
55.21311475409836	6068	1
55.21693989071038	8658	1
55.22295081967213	9421	1
55.22459016393442	4778	1
55.23169398907103	8398	1
55.23934426229508	825	1
55.24426229508197	4526	1
55.24535519125683	4251	1
55.24590163934426	7462	1
55.2551912568306	5847	1
55.260655737704916	6276	1
55.26448087431694	9358	1
55.2896174863388	8789	1
55.29125683060109	857	1
55.29781420765027	4685	1
55.33224043715847	4297	1
55.33825136612022	9786	1
55.33934426229508	8047	1
55.34535519125683	3268	1
55.36775956284153	4759	1
55.3775956284153	9877	1
55.392349726775954	605	1
55.395081967213116	132	1
55.40218579234973	4520	1
55.40710382513661	3355	1
55.419672131147536	8692	1
55.419672131147536	1726	1
55.46174863387978	9872	1
55.471038251366124	8577	1
55.47213114754098	5614	1
55.48196721311475	8933	1
55.49071038251366	5205	1
55.49344262295082	7796	1
55.520765027322405	9791	1
55.52131147540984	2513	1
55.551366120218574	1676	1
55.55245901639344	6082	1
55.563387978142075	1739	1
55.569398907103825	7544	1
55.57595628415301	9834	1
55.58032786885246	6406	1
55.6	182	1
55.60163934426229	1225	1
55.612021857923494	548	1
55.61748633879781	1591	1
55.61857923497268	3025	1
55.62349726775957	7783	1
55.62786885245902	2563	1
55.63497267759563	6632	1
55.636065573770495	7154	1
55.636065573770495	2390	1
55.65409836065573	9170	1
55.67595628415301	7684	1
55.67814207650273	8477	1
55.67923497267759	3535	1
55.70273224043716	7007	1
55.70273224043716	4506	1
55.70327868852459	8364	1
55.704918032786885	9129	1
55.70874316939891	3031	1
55.72131147540984	2829	1
55.72349726775956	2651	1
55.72349726775956	8041	1
55.72841530054645	2053	1
55.74262295081967	2708	1
55.76885245901639	8394	1
55.789071038251365	8610	1
55.79453551912568	2192	1
55.808196721311475	1765	1
55.81147540983606	4049	1
55.81475409836065	8869	1
55.826229508196725	8950	1
55.82841530054645	4089	1
55.833333333333336	1590	1
55.84918032786885	915	1
55.85409836065573	7903	1
55.863934426229505	8472	1
55.877049180327866	5222	1
55.880874316939895	8120	1
55.88251366120218	3444	1
55.892349726775954	6303	1
55.912568306010925	1401	1
55.9224043715847	2437	1
55.93333333333334	8934	1
55.93606557377049	5792	1
55.95136612021857	2393	1
55.96448087431694	9285	1
55.96939890710382	1706	1
55.973224043715845	4326	1
55.97595628415301	8588	1
55.99016393442623	2637	1
55.99344262295082	4172	1
56.005464480874316	1173	1
56.01256830601093	403	1
56.01256830601093	5519	1
56.0191256830601	9005	1
56.02295081967213	2600	1
56.02732240437158	1098	1
56.03442622950819	3473	1
56.03661202185792	9462	1
56.04043715846995	5749	1
56.04644808743169	3515	1
56.04754098360656	2519	1
56.05683060109289	2722	1
56.057377049180324	4394	1
56.0655737704918	2976	1
56.071038251366126	6416	1
56.07486338797814	2650	1
56.0879781420765	9016	1
56.095628415300546	6446	1
56.100546448087435	1395	1
56.10928961748633	2407	1
56.125136612021855	6106	1
56.12568306010929	3871	1
56.14972677595628	5789	1
56.15628415300546	8751	1
56.169398907103826	2346	1
56.17704918032787	6646	1
56.183606557377054	801	1
56.186885245901635	670	1
56.186885245901635	3393	1
56.19125683060109	1080	1
56.20437158469945	4813	1
56.21693989071038	5896	1
56.21748633879781	1582	1
56.23879781420764	9566	1
56.245355191256834	5098	1
56.25300546448088	4979	1
56.26065573770492	5845	1
56.269945355191254	6780	1
56.27322404371585	2797	1
56.2775956284153	2691	1
56.279781420765026	9976	1
56.280874316939894	5276	1
56.28251366120219	6400	1
56.29726775956284	1649	1
56.29890710382513	515	1
56.31092896174864	1290	1
56.32950819672131	6638	1
56.33497267759563	4500	1
56.34808743169399	1402	1
56.35464480874317	9428	1
56.35737704918033	2715	1
56.35901639344262	1083	1
56.36448087431694	5225	1
56.36448087431694	3559	1
56.38579234972678	6711	1
56.387978142076506	6875	1
56.390163934426226	6679	1
56.392349726775954	2419	1
56.39289617486339	5907	1
56.39344262295082	1335	1
56.395081967213116	715	1
56.40710382513661	5076	1
56.40710382513661	782	1
56.411475409836065	5217	1
56.43005464480874	1556	1
56.43497267759563	3512	1
56.43661202185792	4357	1
56.43715846994535	6455	1
56.44644808743169	8197	1
56.45628415300546	6188	1
56.46284153005465	537	1
56.47540983606557	2401	1
56.47978142076503	447	1
56.507650273224044	1316	1
56.51420765027322	5352	1
56.51967213114754	3996	1
56.521857923497265	542	1
56.53661202185792	9334	1
56.53770491803279	3658	1
56.54808743169399	749	1
56.56338797814208	5408	1
56.575409836065575	8584	1
56.59180327868852	200	1
56.60546448087432	6118	1
56.60819672131148	9755	1
56.61311475409836	3422	1
56.62568306010929	2113	1
56.62677595628415	9450	1
56.64972677595628	4670	1
56.65191256830601	7875	1
56.664480874316936	7914	1
56.67158469945355	1072	1
56.6863387978142	8491	1
56.70163934426229	1074	1
56.70273224043716	8172	1
56.70983606557377	5231	1
56.71147540983606	2018	1
56.71475409836066	6585	1
56.71584699453552	49	1
56.72622950819672	1312	1
56.72896174863388	2153	1
56.740437158469945	6926	1
56.74098360655737	4157	1
56.74207650273224	7414	1
56.743169398907106	6669	1
56.75027322404372	7205	1
56.76612021857923	2476	1
56.76775956284153	9086	1
56.77923497267759	3606	1
56.790710382513666	5396	1
56.796174863387975	9245	1
56.796174863387975	7178	1
56.79726775956284	1705	1
56.802185792349725	3308	1
56.80710382513661	2062	1
56.80710382513661	7727	1
56.82786885245902	8486	1
56.83497267759563	3014	1
56.835519125683064	4873	1
56.835519125683064	1733	1
56.84316939890711	8600	1
56.8551912568306	6510	1
56.86174863387978	5268	1
56.86612021857923	8812	1
56.87267759562842	3315	1
56.884153005464476	4569	1
56.89071038251366	6344	1
56.89398907103825	8273	1
56.91256830601093	1526	1
56.92404371584699	9579	1
56.933879781420764	5960	1
56.93934426229508	5509	1
56.949726775956286	1698	1
56.95191256830601	7872	1
56.96338797814208	5925	1
56.96830601092896	93	1
56.99016393442623	7226	1
56.99180327868852	621	1
56.99398907103825	8297	1
56.99781420765027	8679	1
57.00491803278688	6133	1
57.00601092896174	4252	1
57.00928961748634	5868	1
57.0224043715847	2938	1
57.03825136612022	1087	1
57.04754098360656	8143	1
57.050273224043714	6012	1
57.06174863387978	4004	1
57.07049180327869	5430	1
57.07377049180327	2446	1
57.07486338797814	1930	1
57.0775956284153	6463	1
57.082513661202185	9299	1
57.08306010928962	5619	1
57.11366120218579	8189	1
57.114754098360656	8357	1
57.122950819672134	6308	1
57.12786885245902	483	1
57.13497267759563	6250	1
57.14098360655737	1406	1
57.14098360655737	5658	1
57.150273224043715	5348	1
57.15628415300546	457	1
57.15901639344262	5214	1
57.16612021857923	4395	1
57.17213114754098	6268	1
57.17431693989071	8005	1
57.17486338797814	5569	1
57.17814207650274	9559	1
57.22076502732241	7059	1
57.23934426229508	8907	1
57.24207650273224	8369	1
57.24808743169399	5813	1
57.24972677595628	1799	1
57.25792349726776	4556	1
57.265573770491805	6062	1
57.269945355191254	5202	1
57.271038251366114	2914	1
57.27158469945355	9504	1
57.27158469945355	7079	1
57.27213114754098	8752	1
57.296174863387975	8251	1
57.30163934426229	1938	1
57.302185792349725	5368	1
57.31256830601093	2104	1
57.318579234972674	2011	1
57.322404371584696	8499	1
57.32513661202186	9309	1
57.3311475409836	2110	1
57.33333333333333	8540	1
57.334426229508196	8157	1
57.33934426229508	5174	1
57.34644808743169	9562	1
57.349726775956285	6341	1
57.35409836065573	8289	1
57.35464480874317	3518	1
57.36174863387978	5324	1
57.362841530054645	1346	1
57.37540983606557	8836	1
57.38142076502732	7475	1
57.387978142076506	744	1
57.39890710382513	9659	1
57.40273224043716	5392	1
57.40546448087432	8570	1
57.40983606557377	535	1
57.424590163934425	2180	1
57.437704918032786	1118	1
57.444808743169396	6939	1
57.489617486338794	8169	1
57.49180327868852	4575	1
57.49890710382513	1818	1
57.500546448087434	5357	1
57.50273224043716	1913	1
57.52349726775956	8589	1
57.52622950819672	3672	1
57.5311475409836	928	1
57.532786885245905	9489	1
57.53934426229508	9531	1
57.553005464480876	8209	1
57.558469945355185	1161	1
57.56666666666666	6000	1
57.5672131147541	4673	1
57.57486338797814	10	1
57.58415300546448	2463	1
57.58633879781421	7520	1
57.58852459016393	8079	1
57.598907103825134	6504	1
57.60109289617486	8388	1
57.60218579234973	4353	1
57.60928961748634	8087	1
57.616939890710384	6429	1
57.619125683060105	9139	1
57.63879781420765	1396	1
57.641530054644804	2268	1
57.65628415300546	4755	1
57.6896174863388	1012	1
57.69289617486339	3283	1
57.69508196721311	3258	1
57.6983606557377	2783	1
57.7	6698	1
57.70273224043716	81	1
57.70273224043716	7481	1
57.704918032786885	678	1
57.70765027322405	9305	1
57.70765027322405	6953	1
57.71530054644809	6142	1
57.71748633879781	9415	1
57.72568306010928	633	1
57.72677595628415	1640	1
57.72896174863388	2545	1
57.73169398907104	1951	1
57.73169398907104	3176	1
57.73551912568306	7166	1
57.73661202185792	9378	1
57.74207650273224	8551	1
57.74426229508197	7828	1
57.745355191256834	5500	1
57.747540983606555	1987	1
57.74808743169399	1508	1
57.759562841530055	3092	1
57.77049180327869	7738	1
57.771038251366114	102	1
57.78032786885246	5153	1
57.78142076502732	198	1
57.79562841530055	1509	1
57.828415300546446	1815	1
57.83005464480875	1339	1
57.83333333333333	8908	1
57.835519125683064	7473	1
57.84808743169399	8956	1
57.84808743169399	9236	1
57.849726775956285	7611	1
57.85573770491803	4030	1
57.86502732240437	1727	1
57.869945355191255	1665	1
57.874863387978145	1053	1
57.886338797814204	6203	1
57.886338797814204	8449	1
57.886338797814204	8101	1
57.89672131147541	5837	1
57.91693989071038	4097	1
57.921857923497264	2731	1
57.92349726775956	4481	1
57.925683060109286	1687	1
57.92841530054645	1619	1
57.93661202185792	855	1
57.940983606557374	4962	1
57.95956284153005	1806	1
57.97158469945355	8371	1
57.97431693989071	6146	1
57.98907103825137	8036	1
57.99289617486339	3371	1
57.99562841530055	8132	1
58.0	3849	1
58.00928961748634	4512	1
58.0120218579235	8563	1
58.01366120218579	3362	1
58.01803278688525	2678	1
58.01912568306011	2755	1
58.021857923497265	1268	1
58.026775956284155	4826	1
58.03333333333333	1257	1
58.0344262295082	4246	1
58.040983606557376	6273	1
58.04207650273224	9215	1
58.044262295081964	9804	1
58.04808743169399	6244	1
58.05901639344262	3185	1
58.06284153005465	3610	1
58.08306010928961	3728	1
58.09125683060109	8375	1
58.098907103825134	1071	1
58.09945355191257	8822	1
58.1	9753	1
58.100546448087435	1742	1
58.11639344262295	6409	1
58.12021857923497	6850	1
58.12021857923497	5710	1
58.1207650273224	8678	1
58.12841530054644	5628	1
58.14644808743169	8355	1
58.15081967213114	9903	1
58.15245901639344	58	1
58.16010928961749	2464	1
58.16174863387978	7130	1
58.17049180327869	880	1
58.1879781420765	9703	1
58.1896174863388	6804	1
58.202185792349724	9516	1
58.20546448087432	8649	1
58.20928961748634	5650	1
58.2224043715847	2867	1
58.2224043715847	2396	1
58.23333333333333	6839	1
58.23770491803279	2954	1
58.24262295081967	4137	1
58.2431693989071	8946	1
58.24426229508197	6843	1
58.246448087431695	7378	1
58.25027322404372	1580	1
58.25027322404372	4428	1
58.252459016393445	6936	1
58.256830601092894	1732	1
58.25737704918033	4250	1
58.25792349726776	9115	1
58.26338797814207	6842	1
58.27322404371584	4440	1
58.279781420765026	5110	1
58.284699453551916	4613	1
58.29071038251366	2057	1
58.29234972677596	8899	1
58.295081967213115	3319	1
58.31092896174863	3194	1
58.3120218579235	2890	1
58.31311475409836	2830	1
58.31748633879781	7281	1
58.321311475409836	6665	1
58.324590163934424	5829	1
58.33333333333333	2699	1
58.33934426229508	1223	1
58.36502732240437	392	1
58.36830601092896	3808	1
58.38142076502732	163	1
58.38142076502732	5313	1
58.384153005464476	9663	1
58.387978142076506	9670	1
58.397267759562844	5659	1
58.40491803278689	5419	1
58.40765027322404	297	1
58.41967213114754	4054	1
58.42021857923498	386	1
58.42896174863388	6873	1
58.4431693989071	8482	1
58.446994535519124	2726	1
58.44754098360656	8373	1
58.44754098360656	6592	1
58.45027322404372	856	1
58.45300546448087	8830	1
58.45956284153006	2380	1
58.47267759562842	2592	1
58.48415300546448	7292	1
58.493442622950816	3671	1
58.499453551912566	7247	1
58.507650273224044	3926	1
58.522950819672126	8493	1
58.53060109289617	2837	1
58.54262295081968	2885	1
58.5568306010929	9717	1
58.55956284153005	9773	1
58.56666666666666	6108	0
58.56994535519126	4542	1
58.57103825136612	9783	1
58.57158469945355	1858	1
58.5775956284153	3977	1
58.58196721311475	177	1
58.59398907103825	1248	1
58.60109289617486	7586	1
58.63497267759563	172	1
58.638251366120215	2225	1
58.649180327868855	8743	1
58.651366120218576	4674	1
58.66010928961749	6635	1
58.66174863387978	3087	1
58.68907103825136	2758	1
58.69125683060109	8710	1
58.69726775956284	7552	1
58.70546448087431	5618	1
58.70546448087431	2184	1
58.72786885245901	1236	1
58.74043715846994	2039	1
58.752459016393445	6472	1
58.774863387978144	313	1
58.78579234972677	4799	1
58.803278688524586	364	1
58.808196721311475	3476	1
58.81748633879781	9845	1
58.82404371584699	2925	1
58.83715846994536	6549	1
58.83934426229508	6639	1
58.84098360655737	7860	1
58.85136612021858	7972	1
58.86120218579235	1438	1
58.86502732240437	5387	1
58.88087431693989	7691	1
58.90983606557377	5128	1
58.91693989071038	2043	1
58.9207650273224	735	1
58.924590163934425	5820	1
58.92732240437159	1578	1
58.92732240437159	8611	1
58.92896174863388	4751	1
58.93333333333333	1703	1
58.936612021857925	6180	1
58.96284153005464	5551	1
58.97377049180328	4869	1
58.97704918032787	6791	1
58.983606557377044	1219	1
58.990163934426235	1848	1
58.990163934426235	7979	1
58.990710382513655	4899	1
58.99180327868852	2573	1
58.99617486338798	3724	1
59.020765027322405	3790	1
59.03879781420765	870	1
59.0448087431694	9499	1
59.05737704918033	5839	1
59.063387978142075	9413	1
59.06666666666666	4436	1
59.07158469945355	3637	1
59.08469945355191	2859	1
59.092896174863384	3224	1
59.10546448087431	2286	1
59.108743169398906	7990	1
59.108743169398906	9508	1
59.11147540983607	508	1
59.11420765027322	9597	1
59.120218579234965	4180	1
59.14808743169399	0	1
