0.2079945355191257	3580	1
0.268148087431694	4763	1
0.48705081967213115	1246	1
0.5566338797814208	1713	1
0.5923934426229508	1809	1
0.6850054644808743	807	1
0.7579781420765027	1504	1
0.8063005464480875	3346	1
0.8142295081967212	3456	1
0.8189398907103825	3449	1
0.9004262295081967	3411	1
0.9692786885245901	1190	1
1.0080601092896175	2605	1
1.061808743169399	7413	1
1.1283497267759561	7737	1
1.1962185792349727	4214	1
1.196448087431694	5796	1
1.2068688524590163	766	1
1.2181639344262294	1589	1
1.2212622950819672	6703	1
1.2351584699453553	9132	1
1.2452240437158468	4413	1
1.2501147540983606	5802	1
1.3344972677595628	3718	1
1.3350382513661203	3189	1
1.482983606557377	7151	1
1.5446065573770493	2322	1
1.5760218579234972	5904	1
1.678896174863388	2512	1
1.7229344262295083	506	1
1.9396830601092896	1170	1
1.974639344262295	2456	1
2.0744754098360656	5326	1
2.0873224043715846	4369	1
2.1204590163934425	7216	1
2.1221857923497267	4859	1
2.1337595628415302	9443	1
2.1380765027322406	4872	1
2.144846994535519	6327	1
2.147349726775956	2963	1
2.175803278688525	2541	1
2.204311475409836	2284	1
2.2197540983606556	2109	1
2.252863387978142	9731	1
2.273207650273224	7128	1
2.282732240437159	5434	1
2.4229180327868853	6154	1
2.4558688524590164	1562	1
2.4591530054644806	3295	1
2.48748087431694	6535	1
2.505825136612022	9841	1
2.545978142076503	7440	1
2.606224043715847	4031	1
2.7889398907103824	3572	1
2.843830601092896	5055	1
2.8454043715846993	2854	1
2.8852513661202184	2618	1
3.016956284153005	3226	1
3.0205081967213117	1671	1
3.079497267759563	279	1
3.099808743169399	6962	1
3.18424043715847	9517	1
3.1946284153005466	9056	1
3.205360655737705	7605	1
3.2428852459016393	8179	1
3.2993224043715843	9116	1
3.3449562841530054	4515	1
3.394912568306011	6456	1
3.4045245901639345	707	1
3.522743169398907	8760	1
3.634256830601093	6123	1
3.6754644808743167	3715	1
3.7725245901639344	2882	1
3.7887322404371586	2736	1
3.8100601092896174	6891	1
3.8204153005464483	4067	1
3.8483387978142076	2881	1
3.9043661202185795	8456	1
3.925136612021858	1309	1
3.962513661202186	6846	1
4.007426229508197	6974	1
4.091049180327869	3100	1
4.101333333333334	6064	1
4.102912568306011	2847	1
4.167338797814208	1910	1
4.1850327868852455	967	1
4.211846994535519	7020	1
4.216978142076503	2950	1
4.218065573770492	5180	1
4.233491803278689	7808	1
4.243169398907104	1559	1
4.3304699453551905	9582	1
4.331502732240438	7119	1
4.369617486338798	188	1
4.371005464480874	6679	1
4.3919726775956285	4124	1
4.429710382513661	122	1
4.464448087431694	5024	1
4.544814207650273	116	1
4.568459016393442	7588	1
4.569601092896175	345	1
4.576448087431694	7300	1
4.609601092896175	4865	1
4.676136612021858	8968	1
4.768918032786885	3770	1
4.949939890710382	2517	1
4.951704918032786	2307	1
4.96875956284153	3734	1
4.976508196721312	8160	1
4.977360655737705	9207	1
5.101174863387978	8735	1
5.218109289617486	2761	1
5.226999999999999	4753	1
5.287704918032786	6002	1
5.311650273224044	9987	1
5.36996174863388	3684	1
5.395688524590164	797	1
5.547486338797814	9754	1
5.55672131147541	8042	1
5.68	3851	1
5.706939890710382	8057	1
5.713387978142076	3190	1
5.780983606557377	3871	1
5.800491803278688	9641	1
5.8696174863387975	4340	1
5.872459016393442	9490	1
5.930437158469945	4869	1
5.950710382513661	9784	1
5.97103825136612	2055	1
5.987868852459016	5092	1
6.020273224043716	5264	1
6.024480874316939	920	1
6.061147540983606	8120	1
6.096612021857923	2286	1
6.1982513661202185	9381	1
6.226393442622951	6190	1
6.256885245901639	126	1
6.322349726775956	977	1
6.364262295081967	660	1
6.3853551912568305	4278	1
6.417704918032787	8878	1
6.530163934426229	5603	1
6.582295081967213	1258	1
6.596393442622951	1692	1
6.60464480874317	4687	1
6.607978142076503	4210	1
6.616612021857923	962	1
6.623387978142076	2782	1
6.626284153005464	9264	1
6.649398907103825	8752	1
6.6999453551912564	4528	1
6.703551912568306	5938	1
6.722295081967213	2302	1
6.783661202185793	8708	1
6.846612021857924	2868	1
6.869781420765027	4506	1
6.922459016393442	654	1
6.924918032786884	5049	1
6.925409836065574	4318	1
6.9695081967213115	6937	1
7.045792349726776	8915	1
7.152513661202185	7069	1
7.201256830601093	4272	1
7.268469945355191	4731	1
7.312622950819671	8225	1
7.357158469945355	5347	1
7.384043715846994	3876	1
7.467923497267759	7708	1
7.534262295081967	7931	1
7.543661202185793	9388	1
7.566229508196721	9881	1
7.5845901639344255	5045	1
7.676502732240436	26	1
7.693661202185792	6470	1
7.704371584699453	5151	1
7.710054644808743	8939	1
7.749781420765027	1023	1
7.7597814207650275	6387	1
7.856775956284153	8050	1
7.9344808743169395	5349	1
7.986939890710382	6390	1
8.096338797814207	8425	1
8.190928961748634	145	1
8.202021857923498	6468	1
8.252295081967212	273	1
8.354098360655737	4323	1
8.37311475409836	6926	1
8.402021857923497	7287	1
8.440983606557378	8435	1
8.587814207650272	1112	1
8.606666666666666	7318	1
8.615245901639344	8927	1
8.642677595628415	9448	1
8.676830601092895	7742	1
8.720218579234972	5915	1
8.73950819672131	8868	1
8.766885245901639	3649	1
8.781967213114752	7707	1
8.823169398907105	5874	1
8.948579234972676	1898	1
8.990819672131147	4980	1
9.012622950819672	8914	1
9.03431693989071	9153	1
9.076502732240437	933	1
9.099726775956285	2351	1
9.152622950819673	6354	1
9.196448087431694	4018	1
9.199016393442623	8699	1
9.240382513661201	6661	1
9.30792349726776	7083	1
9.390109289617484	6010	1
9.391639344262295	9896	1
9.410437158469945	7446	1
9.451092896174861	6166	1
9.491420765027323	4816	1
9.525081967213113	280	1
9.568579234972676	8814	1
9.614535519125683	1036	1
9.617814207650273	4582	1
9.632295081967213	2850	1
9.725573770491803	4553	1
9.79191256830601	6738	1
9.792076502732241	9158	1
9.86584699453552	1929	1
9.885464480874317	7524	1
9.915191256830601	8548	1
9.922568306010929	2824	1
9.980273224043716	5635	1
10.059071038251366	7676	1
10.071256830601092	3120	1
10.098524590163935	3487	1
10.112349726775957	5219	1
10.118524590163934	5069	1
10.136229508196722	2448	1
10.298524590163934	5879	1
10.350491803278688	4695	1
10.360163934426229	1801	1
10.362841530054645	2481	1
10.364535519125683	6239	1
10.380928961748634	4241	1
10.45207650273224	5844	1
10.52967213114754	5854	1
10.533442622950819	3285	1
10.58016393442623	8509	1
10.642513661202186	5901	1
10.733497267759564	3193	1
10.77191256830601	4034	1
10.852185792349726	1707	1
10.917650273224043	7244	1
10.929562841530055	9014	1
10.931530054644808	5449	1
10.98360655737705	4192	1
11.0375956284153	8043	1
11.06792349726776	5817	1
11.097431693989071	5880	1
11.114207650273224	4105	1
11.134426229508195	9477	1
11.136120218579235	6558	1
11.162568306010929	9888	1
11.227103825136613	6471	1
11.267049180327868	278	1
11.337322404371584	5950	1
11.375136612021858	3060	1
11.395846994535518	5244	1
11.402513661202185	3550	1
11.409289617486339	3702	1
11.443005464480875	8018	1
11.44568306010929	1380	1
11.47431693989071	8961	1
11.52415300546448	4834	1
11.558142076502733	5432	1
11.644699453551912	2524	1
11.819945355191257	3220	1
11.863005464480874	614	1
11.863224043715846	8512	1
11.896994535519125	5529	1
11.898579234972678	2275	1
11.923333333333334	3142	1
11.964262295081967	7457	1
11.979726775956284	8428	1
11.995901639344263	2433	1
12.028633879781422	4729	1
12.068415300546448	2656	1
12.193497267759563	1695	1
12.276612021857922	6412	1
12.339125683060109	1547	1
12.365464480874317	7551	1
12.383005464480874	1615	1
12.440601092896175	4430	1
12.461912568306012	2567	1
12.53863387978142	1330	1
12.60535519125683	2952	1
12.612185792349727	7767	1
12.629890710382513	1286	1
12.681092896174862	8635	1
12.68415300546448	5320	1
12.736120218579234	3661	1
12.7775956284153	7567	1
12.822896174863388	8197	1
12.876284153005464	2003	1
12.884043715846994	2208	1
13.032131147540984	6533	1
13.13726775956284	9891	1
13.280655737704919	5506	1
13.317704918032787	1855	1
13.391147540983606	8252	1
13.410382513661203	8007	1
13.448087431693988	4127	1
13.523224043715846	7562	1
13.551803278688524	2038	1
13.553770491803279	3045	1
13.581530054644809	9527	1
13.614863387978142	7396	1
13.670109289617487	6129	1
13.688251366120218	845	1
13.762185792349726	3273	1
13.786120218579235	3277	1
13.886010928961749	9622	1
13.889617486338798	9134	1
13.91262295081967	3917	1
13.94775956284153	2897	1
13.969344262295081	9010	1
13.970163934426228	2107	1
14.004699453551913	7702	1
14.005792349726775	2404	1
14.14983606557377	1563	1
14.160874316939891	4026	1
14.16486338797814	7260	1
14.25568306010929	4839	1
14.26639344262295	8976	1
14.331584699453552	753	1
14.36535519125683	516	1
14.390054644808744	8962	1
14.395409836065573	6035	1
14.412841530054644	7091	1
14.440819672131148	1710	1
14.446666666666665	7135	1
14.468360655737705	3738	1
14.558743169398907	93	1
14.619617486338798	8249	1
14.628142076502733	3339	1
14.662513661202185	3462	1
14.685027322404371	5617	1
14.808852459016395	5280	1
14.850163934426229	7744	1
14.913551912568307	509	1
14.91830601092896	5398	1
15.003387978142076	620	1
15.011366120218579	6830	1
15.056557377049181	2372	1
15.21502732240437	8581	1
15.229453551912568	5058	1
15.348251366120218	3466	1
15.3527868852459	3112	1
15.442732240437158	5070	1
15.44551912568306	5392	1
15.457978142076502	8860	1
15.482349726775956	5108	1
15.483715846994537	5057	1
15.497978142076501	4656	1
15.506120218579236	2686	1
15.597540983606557	9370	1
15.705136612021857	1976	1
15.710928961748634	7250	1
15.79688524590164	9911	1
15.880874316939892	131	1
15.886557377049181	9917	1
15.932622950819672	527	1
15.973060109289616	1488	1
16.049508196721312	5574	1
16.13344262295082	305	1
16.165136612021858	4855	1
16.205300546448086	6689	1
16.229562841530054	939	1
16.275136612021857	1689	1
16.292786885245903	8263	1
16.301639344262295	896	1
16.36016393442623	7414	1
16.37551912568306	818	1
16.41535519125683	1992	1
16.463606557377048	3621	1
16.471092896174863	7339	1
16.491311475409837	5385	1
16.53311475409836	688	1
16.544863387978143	3031	1
16.569617486338796	4557	1
16.57169398907104	1611	1
16.59704918032787	3266	1
16.64857923497268	6749	1
16.676338797814207	493	1
16.68071038251366	6400	1
16.730437158469947	6492	1
16.74775956284153	3705	1
16.84830601092896	2090	1
16.85912568306011	7595	1
16.8624043715847	8186	1
16.88775956284153	2427	1
16.92136612021858	6694	1
17.007322404371585	3461	1
17.028360655737703	6182	1
17.054098360655736	6308	1
17.05896174863388	4524	1
17.063224043715845	2265	1
17.067540983606555	6867	1
17.14087431693989	6341	1
17.18748633879781	179	1
17.247486338797813	7201	1
17.26967213114754	787	1
17.317486338797814	1298	1
17.326830601092897	5086	1
17.336666666666666	706	1
17.345792349726775	9960	1
17.359398907103827	4276	1
17.409672131147538	7189	1
17.47153005464481	8174	1
17.48726775956284	4873	1
17.498633879781423	9969	1
17.512896174863386	1147	1
17.549617486338796	3378	1
17.5531693989071	3577	1
17.560546448087432	4474	1
17.615409836065574	3145	1
17.64693989071038	8617	1
17.71109289617486	363	1
17.729726775956284	1011	1
17.742732240437157	1759	1
17.748743169398907	2149	1
17.755355191256832	6625	1
17.77131147540984	5237	1
17.8003825136612	3039	1
17.822349726775958	6793	1
17.851311475409837	1688	1
17.862459016393444	9573	1
17.891366120218578	7426	1
17.946939890710382	9088	1
17.95382513661202	1226	1
17.97469945355191	8002	1
17.982732240437155	7750	1
17.995901639344265	6984	1
18.09688524590164	3741	1
18.09830601092896	9409	1
18.18945355191257	165	1
18.28054644808743	8603	1
18.32863387978142	9310	1
18.3379781420765	3782	1
18.341803278688523	2026	1
18.399071038251368	8852	1
18.401147540983605	8898	1
18.433224043715846	7129	1
18.50398907103825	7224	1
18.52229508196721	3833	1
18.56136612021858	2240	1
18.57371584699454	1793	1
18.623224043715847	4025	1
18.649289617486335	3526	1
18.685081967213115	4843	1
18.72606557377049	4115	1
18.827486338797815	74	1
18.83568306010929	9980	1
18.84688524590164	1459	1
18.865683060109287	6030	1
18.876338797814206	9701	1
18.8896174863388	5217	1
18.892677595628417	6655	1
18.904972677595627	1596	1
18.905628415300544	2299	1
18.976830601092896	3313	1
18.98049180327869	1212	1
19.029398907103825	9059	1
19.05032786885246	3056	1
19.051147540983607	1460	1
19.080273224043715	890	1
19.102404371584697	7343	1
19.10907103825137	2378	1
19.112513661202183	2231	1
19.159453551912566	8839	1
19.229508196721312	2801	1
19.239945355191256	6488	1
19.31677595628415	6153	1
19.31978142076503	9649	1
19.329672131147543	1420	1
19.333169398907103	5489	1
19.33327868852459	2077	1
19.35256830601093	2262	1
19.38639344262295	6751	1
19.42448087431694	8935	1
19.468579234972676	3146	1
19.538032786885243	3910	1
19.540655737704917	5720	1
19.54415300546448	2438	1
19.560928961748633	8270	1
19.598142076502732	3332	1
19.7024043715847	9506	1
19.748306010928964	4882	1
19.760054644808744	4110	1
19.775573770491803	4990	1
19.83398907103825	5382	1
19.855464480874318	2247	1
19.860491803278688	4135	1
19.865300546448086	8123	1
19.87775956284153	2634	1
19.892076502732237	2092	1
19.935901639344262	7160	1
19.95846994535519	1827	1
19.987322404371586	2264	1
19.987868852459016	171	1
20.08846994535519	5011	1
20.11901639344262	8514	1
20.163278688524592	1345	1
20.17049180327869	9405	1
20.20934426229508	1945	1
20.216120218579235	5533	1
20.220928961748633	5884	1
20.245409836065573	5379	1
20.25469945355191	6621	1
20.28256830601093	3511	1
20.312295081967214	3418	1
20.379016393442626	7814	1
20.396939890710385	5587	1
20.475628415300548	1509	1
20.514699453551913	5727	1
20.528688524590162	7378	1
20.536994535519124	9060	1
20.55535519125683	8737	1
20.633497267759562	8847	1
20.640218579234972	3920	1
20.656448087431695	1974	1
20.6820218579235	2835	1
20.6996174863388	6579	1
20.73846994535519	4260	1
20.77327868852459	4952	1
20.905628415300548	6396	1
20.912021857923495	1133	1
20.931038251366118	8266	1
20.95497267759563	2516	1
20.963005464480876	9713	1
20.964043715846994	4296	1
20.982677595628417	5936	1
21.007540983606557	4464	1
21.066666666666666	8993	1
21.097158469945352	6977	1
21.12153005464481	2062	1
21.13535519125683	5470	1
21.16409836065574	7987	1
21.21857923497268	3664	1
21.22366120218579	4321	1
21.241967213114755	9592	1
21.29415300546448	46	1
21.34464480874317	2507	1
21.35453551912568	4335	1
21.35726775956284	3255	1
21.373715846994536	3287	1
21.38841530054645	9459	1
21.390218579234972	1197	1
21.419781420765027	6567	1
21.464644808743166	7690	1
21.479344262295083	2314	1
21.50928961748634	7817	1
21.52295081967213	2379	1
21.53863387978142	4431	1
21.54814207650273	6520	1
21.54978142076503	2165	1
21.583005464480873	4477	1
21.5892349726776	9293	1
21.59032786885246	7631	1
21.600765027322403	8356	1
21.634098360655734	8670	1
21.67180327868852	1885	1
21.692295081967213	2878	1
21.707049180327868	4691	1
21.763387978142077	2246	1
21.7672131147541	2131	1
21.808032786885246	6769	1
21.818415300546448	3314	1
21.87540983606557	5836	1
21.92120218579235	7855	1
21.922295081967214	7508	1
21.922513661202185	7008	1
21.97808743169399	6896	1
21.9803825136612	9792	1
21.981967213114753	9435	1
21.984098360655736	3272	1
21.994316939890712	8499	1
22.025901639344262	5735	1
22.03808743169399	5265	1
22.082732240437156	9979	1
22.09021857923497	3184	1
22.11633879781421	7485	1
22.13901639344262	6969	1
22.205464480874316	518	1
22.212459016393442	52	1
22.222786885245903	5225	1
22.223114754098358	6548	1
22.224972677595627	3353	1
22.2468306010929	8460	1
22.28568306010929	4555	1
22.286612021857923	9058	1
22.297540983606556	3792	1
22.310054644808744	5404	1
22.31153005464481	1230	1
22.380437158469945	9182	1
22.40377049180328	2187	1
22.406284153005462	1848	1
22.426284153005465	6433	1
22.542677595628415	1042	1
22.58224043715847	7036	1
22.589672131147537	8715	1
22.59125683060109	8481	1
22.592568306010932	4461	1
22.59672131147541	3681	1
22.597431693989073	4265	1
22.6103825136612	4469	1
22.619890710382514	1515	1
22.624043715846994	8662	1
22.665409836065574	1070	1
22.690054644808743	5628	1
22.722131147540985	3181	1
22.73207650273224	8777	1
22.761857923497267	4579	1
22.781639344262295	5748	1
22.79185792349727	7236	1
22.815737704918032	0	1
22.830109289617486	2008	1
22.854699453551913	9308	1
22.8624043715847	3484	1
22.865956284153004	7428	1
22.880273224043716	2097	1
22.889234972677595	9540	1
22.889234972677595	7601	1
22.891639344262295	4610	1
22.8979781420765	374	1
22.91639344262295	4917	1
22.926338797814207	7699	1
22.928852459016394	8409	1
22.93092896174863	7133	1
22.94896174863388	1926	1
22.96814207650273	2892	1
22.970109289617486	3769	1
22.972732240437157	1334	1
22.97655737704918	5741	1
22.994043715846995	59	1
23.00677595628415	2510	1
23.010491803278686	3788	1
23.023333333333333	6455	1
23.02688524590164	1243	1
23.047431693989072	6768	1
23.052404371584696	4204	1
23.05639344262295	8628	1
23.09398907103825	6335	1
23.106284153005465	9785	1
23.109234972677594	7906	1
23.12431693989071	4559	1
23.129071038251368	9214	1
23.13715846994535	4792	1
23.146229508196722	243	1
23.172786885245902	8567	1
23.207486338797814	9758	1
23.207704918032785	4723	1
23.209726775956284	4161	1
23.230874316939893	1703	1
23.2344262295082	7097	1
23.236830601092898	1171	1
23.24174863387978	1739	1
23.246939890710383	5487	1
23.24737704918033	8850	1
23.26054644808743	3908	1
23.272021857923498	8137	1
23.2748087431694	3037	1
23.28071038251366	4543	1
23.2824043715847	673	1
23.285464480874317	7633	1
23.289726775956282	9320	1
23.295683060109287	193	1
23.306120218579235	1908	1
23.310218579234974	1157	1
23.328688524590163	1869	1
23.33366120218579	7082	1
23.335573770491806	3192	1
23.33584699453552	7337	1
23.33628415300546	8149	1
23.345519125683058	8630	1
23.3568306010929	2559	1
23.37	7811	1
23.394098360655736	6026	1
23.41398907103825	7904	1
23.43327868852459	1582	1
23.441639344262292	9895	1
23.450491803278688	943	1
23.467377049180328	9982	1
23.478142076502735	7158	1
23.479508196721312	8014	1
23.482295081967212	4554	1
23.52535519125683	4626	1
23.52846994535519	3997	1
23.538852459016393	4531	1
23.550437158469943	3103	1
23.550601092896173	4076	1
23.563387978142075	9484	1
23.586612021857924	7018	1
23.59622950819672	2045	1
23.601803278688525	8586	1
23.6048087431694	8434	1
23.620273224043718	3251	1
23.626284153005464	1857	1
23.630983606557376	9491	1
23.640054644808743	9171	1
23.645683060109288	3372	1
23.653005464480874	6791	1
23.667759562841532	4885	1
23.690601092896173	7188	1
23.691366120218582	8071	1
23.69426229508197	3082	1
23.71934426229508	6526	1
23.739945355191256	2259	1
23.76502732240437	3575	1
23.768251366120218	9833	1
23.769945355191258	9169	1
23.770601092896175	1486	1
23.77622950819672	121	1
23.777377049180327	1544	1
23.78792349726776	1014	1
23.807923497267762	158	1
23.815245901639344	5993	1
23.817704918032785	7927	1
23.819562841530054	2470	1
23.821803278688524	708	1
23.827158469945356	8143	1
23.82770491803279	4799	1
23.855300546448085	1291	1
23.873934426229507	3766	1
23.886284153005462	4201	1
23.887158469945355	1318	1
23.903333333333332	85	1
23.91032786885246	2001	1
23.913278688524592	5641	1
23.932131147540986	2430	1
23.941092896174865	4823	1
23.943989071038253	8212	1
23.954590163934427	2593	1
23.988469945355188	2213	1
23.998907103825136	5694	1
24.043715846994534	5306	1
24.047978142076502	4036	1
24.09092896174863	6261	1
24.09863387978142	8608	1
24.100437158469944	1119	1
24.103715846994533	6398	1
24.115081967213115	3336	1
24.119344262295083	7528	1
24.127650273224045	6718	1
24.150655737704916	4954	1
24.15420765027322	8279	1
24.15606557377049	107	1
24.15983606557377	905	1
24.1924043715847	8665	1
24.20464480874317	8753	1
24.22393442622951	6475	1
24.238469945355188	1537	1
24.24344262295082	7053	1
24.26158469945355	3959	1
24.264262295081966	2158	1
24.280601092896173	687	1
24.294590163934426	9	1
24.29825136612022	2188	1
24.299125683060108	316	1
24.306229508196722	778	1
24.3072131147541	5560	1
24.309890710382515	1666	1
24.315245901639344	6742	1
24.33377049180328	3650	1
24.338360655737706	3846	1
24.359016393442623	371	1
24.36535519125683	3447	1
24.366010928961746	2064	1
24.374699453551912	7900	1
24.376994535519128	2818	1
24.380874316939888	6924	1
24.384043715846992	8549	1
24.38568306010929	2152	1
24.387322404371584	6338	1
24.390218579234975	5172	1
24.40103825136612	5450	1
24.430601092896172	8900	1
24.43448087431694	6085	1
24.43573770491803	5299	1
24.44311475409836	8687	1
24.449453551912566	1368	1
24.480437158469943	9913	1
24.483169398907105	9199	1
24.48469945355191	7489	1
24.5148087431694	1488	0
24.527049180327868	9147	1
24.534043715846995	4693	1
24.54120218579235	2989	1
24.547049180327868	3757	1
24.55049180327869	8201	1
24.563169398907103	3640	1
24.570437158469947	2727	1
24.575683060109288	5518	1
24.586393442622953	3011	1
24.587704918032788	2869	1
24.593497267759563	6710	1
24.599398907103826	9776	1
24.60896174863388	7422	1
24.61	8215	1
24.625628415300547	9387	1
24.62726775956284	2032	1
24.63224043715847	6263	1
24.635628415300545	5872	1
24.642295081967212	7965	1
24.69377049180328	2493	1
24.70464480874317	4242	1
24.707650273224044	3642	1
24.716010928961747	8504	1
24.722568306010928	1491	1
24.725683060109287	6450	1
24.74825136612022	6403	1
24.75928961748634	9872	1
24.762021857923497	1914	1
24.77169398907104	5652	1
24.779344262295083	9367	1
24.80650273224044	5245	1
24.8148087431694	7356	1
24.817814207650272	7848	1
24.82071038251366	3328	1
24.83295081967213	7860	1
24.833333333333332	3458	1
24.842021857923495	1264	1
24.85573770491803	8726	1
24.881420765027322	2413	1
24.88535519125683	3407	1
24.9096174863388	1371	1
24.925191256830598	3893	1
24.930273224043717	3659	1
24.93606557377049	2825	1
24.93639344262295	7516	1
24.939508196721313	3019	1
24.94792349726776	4994	1
24.948415300546447	7325	1
24.948579234972676	7741	1
24.95174863387978	8115	1
24.96540983606557	6290	1
24.968852459016393	469	1
24.969726775956286	9373	1
24.97295081967213	2196	1
24.98486338797814	3349	1
25.002295081967215	351	1
25.008852459016392	9034	1
25.016502732240436	9560	1
25.02191256830601	2976	1
25.05792349726776	8890	1
25.090928961748634	7877	1
25.096065573770492	6803	1
25.10191256830601	213	1
25.104098360655737	955	1
25.118852459016395	4109	1
25.12	6960	1
25.144262295081965	9282	1
25.149945355191257	2050	1
25.155300546448085	9221	1
25.165300546448087	8696	1
25.165464480874316	5341	1
25.193551912568303	9693	1
25.214590163934428	7172	1
25.22153005464481	2513	1
25.226721311475412	9364	1
25.234918032786886	1732	1
25.243934426229508	4315	1
25.266010928961748	268	1
25.271366120218577	7345	1
25.278196721311474	8897	1
25.27885245901639	5110	1
25.279398907103825	6540	1
25.287486338797812	5121	1
25.292404371584702	9740	1
25.31136612021858	6528	1
25.312021857923497	9250	1
25.321748633879782	3865	1
25.3227868852459	337	1
25.327814207650274	8418	1
25.32934426229508	1517	1
25.339508196721308	9342	1
25.349726775956285	1729	1
25.37486338797814	4459	1
25.386994535519126	2459	1
25.403715846994533	7802	1
25.440655737704915	6611	1
25.469890710382515	149	1
25.474754098360656	4905	1
25.48912568306011	5760	1
25.494153005464483	8144	1
25.514262295081966	255	1
25.522622950819674	4870	1
25.551092896174865	3625	1
25.553551912568306	9673	1
25.578907103825138	839	1
25.582076502732242	3783	1
25.590546448087434	5951	1
25.602459016393443	8053	1
25.604371584699454	9721	1
25.606065573770493	8770	1
25.63584699453552	8338	1
25.63808743169399	1498	1
25.658196721311477	7692	1
25.66327868852459	8233	1
25.671475409836066	4987	1
25.679562841530057	3967	1
25.692021857923496	5966	1
25.694426229508196	6307	1
25.705737704918032	6719	1
25.70983606557377	8417	1
25.721748633879784	9191	1
25.722021857923497	4479	1
25.72639344262295	9959	1
25.730710382513664	8795	1
25.735683060109288	927	1
25.739945355191256	5438	1
25.744098360655737	4284	1
25.746174863387978	3089	1
25.768743169398906	8705	1
25.79508196721311	8657	1
25.813551912568304	6664	1
25.824918032786883	9175	1
25.856338797814207	2800	1
25.884808743169398	669	1
25.8927868852459	8667	1
25.904043715846992	1550	1
25.91448087431694	1911	1
25.92136612021858	9212	1
25.935573770491803	9522	1
25.945245901639346	5228	1
25.952185792349727	7797	1
25.991256830601095	1462	1
25.9948087431694	2696	1
26.009726775956285	6711	1
26.00989071038251	6055	1
26.024918032786882	9467	1
26.033333333333335	8305	1
26.044371584699455	8432	1
26.05912568306011	5383	1
26.061311475409834	168	1
26.072131147540983	3652	1
26.07967213114754	4655	1
26.104098360655737	4900	1
26.155081967213114	7123	1
26.182349726775954	8813	1
26.198032786885246	4509	1
26.201147540983605	5061	1
26.215683060109292	9142	1
26.222568306010928	2537	1
26.23153005464481	2484	1
26.245409836065573	8746	1
26.253333333333334	5508	1
26.27032786885246	7183	1
26.275901639344262	4561	1
26.281803278688525	5072	1
26.323497267759564	1542	1
26.32398907103825	9507	1
26.32928961748634	8711	1
26.33311475409836	9236	1
26.33590163934426	3730	1
26.354754098360655	3861	1
26.358743169398906	1249	1
26.361803278688527	7438	1
26.36524590163934	2721	1
26.376393442622952	8122	1
26.37879781420765	5665	1
26.389289617486337	3615	1
26.40672131147541	7150	1
26.42081967213115	1161	1
26.435792349726775	8392	1
26.436284153005467	4258	1
26.446775956284153	2665	1
26.45005464480874	4713	1
26.4627868852459	3413	1
26.4703825136612	9414	1
26.474153005464483	1890	1
26.47704918032787	2580	1
26.49846994535519	3468	1
26.506284153005463	587	1
26.506448087431696	8310	1
26.50743169398907	1680	1
26.51502732240437	9897	1
26.52655737704918	8875	1
26.563551912568308	2759	1
26.575300546448084	9129	1
26.58327868852459	8997	1
26.607978142076504	1701	1
26.610109289617483	3638	1
26.623497267759564	8809	1
26.639071038251366	7444	1
26.652841530054644	6623	1
26.66360655737705	4757	1
26.670928961748633	5733	1
26.683715846994534	3501	1
26.696994535519128	5721	1
26.731693989071037	2555	1
26.736994535519123	8557	1
26.739781420765027	100	1
26.749234972677595	7714	1
26.753224043715846	390	1
26.771475409836068	2826	1
26.780601092896177	1788	1
26.791639344262297	1663	1
26.79213114754098	3397	1
26.82071038251366	4358	1
26.8420218579235	8485	1
26.842950819672133	2148	1
26.846284153005463	6792	1
26.849617486338797	2628	1
26.85398907103825	743	1
26.860983606557376	6778	1
26.87169398907104	6599	1
26.878852459016393	7984	1
26.886284153005462	4167	1
26.887267759562842	3440	1
26.88901639344262	424	1
26.908415300546448	1847	1
26.909016393442624	8765	1
26.928196721311473	9645	1
26.948142076502734	5744	1
26.950273224043716	97	1
26.963060109289618	6097	1
26.981475409836065	4820	1
26.982841530054646	7798	1
26.98327868852459	3886	1
27.001475409836065	1939	1
27.003825136612022	3093	1
27.014754098360655	4725	1
27.02185792349727	8413	1
27.023278688524588	6329	1
27.031967213114754	499	1
27.033934426229507	844	1
27.037704918032787	5453	1
27.045081967213115	5001	1
27.048196721311474	2239	1
27.104699453551913	9824	1
27.11688524590164	2679	1
27.120218579234972	5416	1
27.14535519125683	4592	1
27.16846994535519	5483	1
27.20245901639344	7238	1
27.208524590163933	4985	1
27.213879781420765	8511	1
27.21874316939891	7615	1
27.227650273224043	5313	1
27.23950819672131	8455	1
27.256010928961746	8786	1
27.25896174863388	5223	1
27.263551912568307	5408	1
27.264972677595626	3129	1
27.279726775956284	2345	1
27.27994535519126	1012	1
27.29174863387978	8242	1
27.371584699453553	9670	1
27.38103825136612	7264	1
27.38814207650273	7490	1
27.402131147540985	6821	1
27.411366120218577	5156	1
27.429180327868853	5010	1
27.446557377049178	5945	1
27.456010928961746	6781	1
27.473060109289616	8791	1
27.478907103825136	9809	1
27.48639344262295	6693	1
27.49136612021858	1931	1
27.495464480874315	9262	1
27.502732240437158	6091	1
27.50311475409836	8395	1
27.50710382513661	8629	1
27.52928961748634	7634	1
27.539562841530056	5261	1
27.542459016393444	4663	1
27.543442622950817	6267	1
27.54431693989071	9938	1
27.571530054644807	4246	1
27.57497267759563	4048	1
27.584153005464483	7921	1
27.59710382513661	2685	1
27.599398907103826	313	1
27.599617486338797	5015	1
27.609180327868852	9316	1
27.61071038251366	1313	1
27.633770491803276	4251	1
27.64814207650273	3725	1
27.67885245901639	7622	1
27.69453551912568	8661	1
27.718469945355192	7933	1
27.739562841530056	7460	1
27.75349726775956	9830	1
27.75431693989071	7543	1
27.781639344262295	7373	1
27.78950819672131	6701	1
27.79584699453552	9529	1
27.79590163934426	7598	1
27.815409836065573	8433	1
27.832513661202185	7411	1
27.846939890710384	2749	1
27.87551912568306	7966	1
27.881311475409834	2557	1
27.88568306010929	4916	1
27.911639344262294	8712	1
27.917868852459016	5064	1
27.951693989071035	6964	1
27.955737704918032	7840	1
27.96502732240437	5185	1
27.9651912568306	9958	1
27.973715846994534	5068	1
27.98431693989071	7731	1
27.98431693989071	1765	1
28.008415300546446	6900	1
28.034262295081966	5911	1
28.050218579234972	6748	1
28.076775956284155	4862	1
28.089016393442623	7610	1
28.101639344262296	4817	1
28.126174863387977	3834	1
28.126775956284153	2096	1
28.127486338797812	8575	1
28.145792349726776	492	1
28.145956284153005	5782	1
28.16355191256831	2450	1
28.196010928961748	4647	1
28.201038251366118	3628	1
28.2272131147541	1044	1
28.230054644808742	7246	1
28.237759562841532	9229	1
28.241748633879784	8538	1
28.25994535519126	4059	1
28.262677595628414	6040	1
28.263114754098357	7661	1
28.26688524590164	2851	1
28.304808743169396	5159	1
28.310109289617486	2232	1
28.325737704918033	1940	1
28.3372131147541	4113	1
28.34726775956284	6380	1
28.350983606557378	3033	1
28.355628415300547	4000	1
28.3579781420765	6958	1
28.364754098360656	9628	1
28.364808743169398	264	1
28.373770491803278	6467	1
28.376775956284156	5442	1
28.381311475409834	1295	1
28.389726775956284	5249	1
28.39218579234973	6826	1
28.39765027322404	8636	1
28.401803278688526	261	1
28.40551912568306	7710	1
28.40770491803279	3492	1
28.41049180327869	8883	1
28.41448087431694	6168	1
28.42863387978142	8208	1
28.430601092896172	6692	1
28.458415300546445	6865	1
28.46333333333333	2308	1
28.465956284153005	4679	1
28.46989071038251	9715	1
28.47207650273224	6224	1
28.49382513661202	6702	1
28.497158469945358	6207	1
28.506448087431693	8957	1
28.52262295081967	8516	1
28.523060109289617	1476	1
28.530218579234973	2257	1
28.53125683060109	4202	1
28.545956284153004	2016	1
28.554918032786887	4685	1
28.57672131147541	4759	1
28.602786885245898	6564	1
28.60448087431694	7858	1
28.619125683060112	6251	1
28.636174863387975	6691	1
28.637814207650273	4090	1
28.638633879781423	9337	1
28.69180327868852	4851	1
28.696448087431694	1316	1
28.712021857923496	3217	1
28.71617486338798	1267	1
28.750983606557377	2648	1
28.754426229508194	5763	1
28.756666666666668	8602	1
28.756830601092894	8925	1
28.762240437158468	9144	1
28.764644808743167	1718	1
28.773224043715846	4986	1
28.783060109289615	6759	1
28.783169398907106	5439	1
28.784644808743167	5983	1
28.79983606557377	4738	1
28.82054644808743	7412	1
28.824535519125682	2114	1
28.860273224043716	2626	1
28.881147540983605	1426	1
28.886994535519126	7269	1
28.916994535519127	8444	1
28.919781420765027	5221	1
28.92792349726776	7487	1
28.94054644808743	5342	1
28.990437158469945	1633	1
29.017704918032788	6992	1
29.019890710382512	8021	1
29.02	1830	1
29.02743169398907	1554	1
29.037540983606554	7705	1
29.058032786885246	3786	1
29.08967213114754	7092	1
29.124098360655736	3406	1
29.126775956284153	1534	1
29.176994535519125	4933	1
29.18174863387978	3091	1
29.206284153005466	1082	1
29.20841530054645	5469	1
29.23748633879781	8926	1
29.238251366120217	9178	1
29.25377049180328	2485	1
29.263661202185794	265	1
29.273497267759563	388	1
29.304918032786887	364	1
29.345136612021857	4475	1
29.368907103825133	1254	1
29.37590163934426	8918	1
29.394918032786883	5120	1
29.396994535519124	6651	1
29.399726775956285	3486	1
29.406666666666666	2203	1
29.411366120218577	4831	1
29.41185792349727	5599	1
29.439289617486338	3540	1
29.439617486338797	1722	1
29.439672131147542	982	1
29.440601092896177	5755	1
29.44295081967213	8337	1
29.449781420765028	8727	1
29.455573770491803	7616	1
29.46409836065574	4649	1
29.466994535519127	2790	1
29.479672131147538	3086	1
29.48273224043716	6419	1
29.516612021857924	4325	1
29.545191256830602	8454	1
29.549836065573768	269	1
29.574207650273223	2713	1
29.574262295081965	3641	1
29.583333333333332	6989	1
29.593770491803276	2970	1
29.598743169398904	2138	1
29.60792349726776	1684	1
29.61311475409836	7056	1
29.623879781420765	9967	1
29.631092896174863	8227	1
29.63114754098361	9164	1
29.6575956284153	4302	1
29.6620218579235	6437	1
29.674098360655737	6849	1
29.686284153005467	486	1
29.703661202185792	6417	1
29.7172131147541	7678	1
29.74322404371585	5070	0
29.774262295081964	6720	1
29.7755737704918	1090	1
29.78912568306011	9647	1
29.790109289617487	1632	1
29.7924043715847	8589	1
29.79775956284153	6219	1
29.826775956284152	6241	1
29.832021857923497	238	1
29.83327868852459	5391	1
29.83846994535519	974	1
29.85120218579235	6817	1
29.85295081967213	5240	1
29.914207650273223	1631	1
29.927322404371587	7553	1
29.931857923497265	6763	1
29.950382513661204	3688	1
29.956448087431696	4711	1
30.000765027322405	2861	1
30.0048087431694	9444	1
30.007322404371585	6841	1
30.02672131147541	6405	1
30.028196721311478	3430	1
30.030327868852456	8247	1
30.043278688524587	1013	1
30.051311475409836	8304	1
30.05912568306011	3232	1
30.077158469945353	1121	1
30.08366120218579	9869	1
30.10743169398907	3057	1
30.111202185792347	7531	1
30.123934426229507	4293	1
30.129726775956286	3234	1
30.131202185792347	5521	1
30.158360655737702	6043	1
30.162950819672133	4673	1
30.177158469945354	3665	1
30.186448087431692	6975	1
30.199125683060107	8614	1
30.20393442622951	6480	1
30.209890710382513	5266	1
30.210273224043718	1966	1
30.223387978142075	934	1
30.253005464480875	6411	1
30.261092896174862	3878	1
30.265409836065576	2990	1
30.274644808743172	9163	1
30.27830601092896	219	1
30.326666666666664	7268	1
30.341311475409835	1288	1
30.364535519125685	8177	1
30.369945355191255	8700	1
30.374043715846994	457	1
30.380601092896175	704	1
30.420928961748633	7117	1
30.44032786885246	3160	1
30.4468306010929	9750	1
30.457322404371585	3570	1
30.469945355191253	2807	1
30.47994535519126	2811	1
30.48710382513661	8420	1
30.496939890710383	2723	1
30.503715846994535	5797	1
30.51174863387978	4664	1
30.527978142076503	7649	1
30.54655737704918	4400	1
30.55551912568306	2099	1
30.562513661202185	2461	1
30.565792349726777	155	1
30.57568306010929	4458	1
30.57743169398907	651	1
30.577540983606553	4758	1
30.577759562841532	9653	1
30.613661202185792	2457	1
30.617978142076502	764	1
30.622295081967213	4874	1
30.623169398907102	7569	1
30.62535519125683	9905	1
30.633715846994534	4354	1
30.650382513661203	368	1
30.651748633879784	5321	1
30.666666666666668	5488	1
30.670546448087432	9779	1
30.68825136612022	9644	1
30.69633879781421	2533	1
30.704262295081964	7627	1
30.73814207650273	5516	1
30.7403825136612	6566	1
30.746885245901638	3107	1
30.751584699453552	5766	1
30.758688524590166	8483	1
30.772131147540986	9407	1
30.787978142076504	3979	1
30.788579234972676	3726	1
30.79087431693989	830	1
30.807868852459016	8168	1
30.812568306010927	4065	1
30.82262295081967	3623	1
30.830382513661203	6704	1
30.861038251366118	8651	1
30.86158469945355	6936	1
30.89688524590164	871	1
30.897868852459016	6668	1
30.922076502732242	3816	1
30.963387978142077	5381	1
30.96912568306011	1696	1
30.993879781420766	7879	1
31.00617486338798	5403	1
31.011639344262292	6582	1
31.025300546448086	700	1
31.02792349726776	2328	1
31.047049180327868	1437	1
31.06879781420765	9549	1
31.071311475409836	8910	1
31.09464480874317	9040	1
31.101693989071038	5443	1
31.122677595628414	1778	1
31.13737704918033	3069	1
31.140819672131148	7086	1
31.146010928961747	8500	1
31.15360655737705	4497	1
31.15655737704918	8254	1
31.16601092896175	8437	1
31.17704918032787	5491	1
31.19366120218579	9576	1
31.200273224043716	1584	1
31.212076502732238	3999	1
31.236666666666668	9051	1
31.236775956284152	8888	1
31.248797814207652	1279	1
31.2551912568306	5723	1
31.26191256830601	9415	1
31.269234972677594	9532	1
31.276666666666664	6685	1
31.31289617486339	2000	1
31.325245901639345	7202	1
31.3420218579235	4692	1
31.343825136612022	7431	1
31.35655737704918	487	1
31.374426229508195	545	1
31.378415300546447	9932	1
31.396448087431693	6449	1
31.415300546448087	4455	1
31.42808743169399	8414	1
31.46426229508197	8203	1
31.4648087431694	650	1
31.47448087431694	8776	1
31.489726775956285	9996	1
31.48989071038251	7167	1
31.500273224043717	4224	1
31.50207650273224	5764	1
31.518852459016394	5311	1
31.52054644808743	5210	1
31.52622950819672	7252	1
31.52830601092896	4960	1
31.5327868852459	6831	1
31.53464480874317	4119	1
31.541857923497265	3068	1
31.542513661202182	5564	1
31.568743169398903	1363	1
31.586721311475408	7218	1
31.592732240437154	7765	1
31.59366120218579	7450	1
31.6255737704918	3168	1
31.636666666666667	8287	1
31.639071038251366	9475	1
31.645737704918034	7859	1
31.6631693989071	2606	1
31.670218579234973	5289	1
31.678196721311473	5643	1
31.67846994535519	7379	1
31.680928961748634	2280	1
31.687868852459015	2563	1
31.699398907103827	7901	1
31.709890710382513	5113	1
31.71590163934426	1379	1
31.75016393442623	2785	1
31.75956284153005	7810	1
31.76016393442623	8664	1
31.784371584699453	2954	1
31.790983606557376	232	1
31.801803278688524	2677	1
31.80819672131147	6059	1
31.812185792349727	5104	1
31.854918032786884	2542	1
31.861475409836064	8580	1
31.862021857923494	5124	1
31.887978142076502	2983	1
31.89071038251366	8623	1
31.909016393442624	5458	1
31.912295081967212	4256	1
31.917978142076503	1859	1
31.931256830601093	5697	1
31.958360655737707	4808	1
31.975191256830602	5144	1
31.98273224043716	6298	1
31.983879781420764	9006	1
31.998087431693985	5330	1
32.000491803278685	3278	1
32.00251366120219	8262	1
32.00382513661202	7168	1
32.0120218579235	680	1
32.027103825136614	2256	1
32.03027322404371	9336	1
32.03213114754098	9580	1
32.0324043715847	3930	1
32.04377049180328	869	1
32.04737704918033	6175	1
32.055956284153005	8124	1
32.07912568306011	7925	1
32.08398907103825	6707	1
32.09027322404371	752	1
32.09349726775956	9729	1
32.11683060109289	3027	1
32.118142076502735	2113	1
32.16612021857924	697	1
32.16743169398907	82	1
32.19579234972677	3895	1
32.21491803278688	4520	1
32.219125683060106	9138	1
32.225901639344265	3860	1
32.23765027322405	7689	1
32.25142076502732	4950	1
32.282677595628414	2042	1
32.29530054644808	5967	1
32.30366120218579	2406	1
32.31131147540984	5779	1
32.31950819672131	281	1
32.321311475409836	6431	1
32.32174863387978	9866	1
32.34322404371585	5656	1
32.34650273224044	2692	1
32.349726775956285	8125	1
32.35153005464481	6099	1
32.35693989071038	3194	1
32.37284153005464	5155	1
32.375956284153006	3222	1
32.384918032786885	3326	1
32.39601092896175	3358	1
32.39710382513661	1654	1
32.420928961748636	1983	1
32.43568306010929	3784	1
32.43644808743169	4364	1
32.43781420765028	7319	1
32.45109289617486	7195	1
32.45131147540984	4179	1
32.451912568306014	9098	1
32.45295081967213	2574	1
32.46475409836066	5323	1
32.465956284153	1986	1
32.468743169398905	6378	1
32.48393442622951	6516	1
32.48699453551912	6561	1
32.49469945355191	7684	1
32.5096174863388	7395	1
32.51054644808743	387	1
32.52311475409836	5829	1
32.52693989071038	8633	1
32.53508196721312	9266	1
32.5427868852459	3138	1
32.543551912568304	6464	1
32.617704918032786	181	1
32.621420765027324	1771	1
32.63284153005465	9907	1
32.66967213114754	5663	1
32.682131147540986	5899	1
32.68688524590164	8781	1
32.69245901639344	4466	1
32.69650273224044	7566	1
32.716830601092894	3666	1
32.72748633879782	8218	1
32.74360655737705	3114	1
32.78819672131147	1099	1
32.79672131147541	674	1
32.798852459016395	2506	1
32.80502732240437	9177	1
32.83562841530055	6665	1
32.84295081967213	5460	1
32.862732240437154	986	1
32.875191256830604	1362	1
32.88945355191257	2684	1
32.89781420765027	8300	1
32.92448087431694	1253	1
32.94207650273224	9751	1
32.9472131147541	7361	1
32.965956284153	5399	1
33.00071038251366	2615	1
33.00267759562841	9965	1
33.00398907103825	5039	1
33.014043715846995	9916	1
33.05415300546448	4366	1
33.11267759562842	83	1
33.1303825136612	9256	1
33.15371584699454	3425	1
33.16693989071038	9028	1
33.17628415300546	9854	1
33.18557377049181	2301	1
33.188415300546446	2671	1
33.18901639344262	6439	1
33.18967213114754	3973	1
33.19486338797814	4189	1
33.200054644808745	3977	1
33.205956284153004	5970	1
33.21781420765027	9557	1
33.243770491803275	9722	1
33.27546448087432	6489	1
33.276010928961746	8224	1
33.294754098360656	7147	1
33.30114754098361	1261	1
33.319836065573774	4646	1
33.32032786885246	5285	1
33.34573770491803	9091	1
33.35415300546448	4281	1
33.41355191256831	294	1
33.41885245901639	4169	1
33.42508196721311	2052	1
33.42524590163934	47	1
33.43748633879781	4981	1
33.45054644808743	3182	1
33.46601092896175	286	1
33.46628415300547	1575	1
33.47666666666667	7196	1
33.50295081967213	6920	1
33.524863387978144	3218	1
33.54049180327869	2708	1
33.54387978142076	7500	1
33.58382513661202	6076	1
33.586994535519125	3781	1
33.590382513661204	4441	1
33.604972677595626	2796	1
33.60573770491803	7131	1
33.61857923497268	5454	1
33.61934426229508	4295	1
33.62185792349727	9417	1
33.63289617486338	2635	1
33.63874316939891	4701	1
33.64677595628415	448	1
33.65185792349727	4529	1
33.65672131147541	4004	1
33.67322404371585	5626	1
33.675409836065576	2103	1
33.678743169398906	2397	1
33.690765027322406	7868	1
33.693224043715844	4602	1
33.69562841530055	6500	1
33.70803278688525	8107	1
33.708633879781424	109	1
33.71065573770492	4291	1
33.717650273224045	991	1
33.74109289617486	4516	1
33.748688524590165	568	1
33.75852459016394	8559	1
33.75890710382514	4024	1
33.77224043715847	6199	1
33.78109289617486	2527	1
33.78699453551913	218	1
33.79229508196721	1233	1
33.819398907103825	3410	1
33.82852459016394	4414	1
33.84174863387978	3512	1
33.85568306010929	638	1
33.85819672131147	7344	1
33.89262295081967	6038	1
33.901311475409834	7795	1
33.95060109289617	4377	1
33.95666666666666	9083	1
33.97710382513661	9616	1
33.9875956284153	4249	1
33.98775956284153	613	1
33.99333333333333	2688	1
33.99885245901639	7153	1
34.05153005464481	8280	1
34.05262295081967	1585	1
34.0539344262295	1993	1
34.07983606557377	4832	1
34.10918032786885	6715	1
34.11180327868852	8740	1
34.12049180327869	5362	1
34.12644808743169	5208	1
34.12792349726776	4243	1
34.198142076502734	3690	1
34.199289617486336	1524	1
34.20836065573771	2726	1
34.21081967213115	8339	1
34.21109289617486	2859	1
34.21628415300546	6291	1
34.2172131147541	9372	1
34.221420765027325	9746	1
34.25180327868852	3246	1
34.25601092896174	3558	1
34.27989071038252	9133	1
34.30535519125683	2511	1
34.305628415300546	9306	1
34.32027322404372	3669	1
34.35967213114754	9172	1
34.370382513661205	6683	1
34.37448087431694	1301	1
34.382349726775956	2350	1
34.38360655737705	1836	1
34.38770491803279	6956	1
34.45103825136612	3359	1
34.47153005464481	8905	1
34.47765027322404	8328	1
34.478469945355194	1131	1
34.49229508196721	2151	1
34.505901639344266	3383	1
34.51049180327868	7839	1
34.59956284153006	6773	1
34.609836065573774	9631	1
34.62683060109289	6462	1
34.637103825136606	3374	1
34.671967213114755	7806	1
34.67934426229508	1218	1
34.723989071038254	4211	1
34.74174863387979	2750	1
34.748633879781416	9032	1
34.77453551912568	1353	1
34.77655737704918	2821	1
34.77710382513661	4651	1
34.784590163934425	7239	1
34.78967213114754	7235	1
34.806775956284156	1250	1
34.83896174863388	6435	1
34.85453551912568	7993	1
34.86868852459016	8404	1
34.892841530054646	3396	1
34.904371584699454	4957	1
34.9079781420765	4203	1
34.90819672131147	6237	1
34.94535519125684	5752	1
34.95289617486339	1388	1
34.963825136612016	4216	1
35.016284153005465	1674	1
35.02693989071038	6418	1
35.02934426229508	67	1
35.03781420765027	812	1
35.06415300546448	803	1
35.093005464480875	5389	1
35.09994535519125	7973	1
35.11306010928962	6477	1
35.11672131147541	2848	1
35.13344262295082	9362	1
35.133715846994534	3960	1
35.13415300546448	3675	1
35.139071038251366	3038	1
35.153224043715845	5831	1
35.154371584699454	9590	1
35.165956284153005	2281	1
35.17437158469945	9074	1
35.177650273224046	3815	1
35.194371584699454	9146	1
35.20032786885246	6232	1
35.23207650273224	2036	1
35.26617486338798	9360	1
35.27896174863388	5274	1
35.27994535519126	2931	1
35.31475409836066	7042	1
35.321256830601094	2117	1
35.32415300546448	8099	1
35.34158469945355	3290	1
35.36748633879782	7677	1
35.39267759562841	4063	1
35.39409836065574	9463	1
35.43218579234973	1502	1
35.432841530054645	8398	1
35.44043715846994	756	1
35.46273224043716	8554	1
35.47120218579235	9452	1
35.48311475409836	6381	1
35.498251366120215	3739	1
35.51508196721311	8010	1
35.5251912568306	7353	1
35.548032786885244	8669	1
35.55994535519125	8360	1
35.564098360655734	3309	1
35.57027322404372	6457	1
35.58901639344263	7897	1
35.61672131147541	2735	1
35.625519125683056	7292	1
35.65256830601093	3242	1
35.656994535519125	5920	1
35.66360655737705	1615	0
35.66420765027323	2793	1
35.66530054644809	3814	1
35.685846994535524	7064	1
35.689562841530055	8291	1
35.69792349726776	677	1
35.71830601092896	3906	1
35.7455737704918	9598	1
35.753879781420764	9574	1
35.76655737704918	7818	1
35.77284153005465	8886	1
35.80535519125683	554	1
35.85333333333334	4605	1
35.853606557377056	1484	1
35.862459016393444	9001	1
35.86535519125683	7416	1
35.88464480874317	1155	1
35.88546448087432	9762	1
35.90573770491803	4517	1
35.91010928961748	8192	1
35.934043715847	5869	1
35.94568306010929	2613	1
35.97005464480874	2792	1
35.97338797814207	318	1
35.97606557377049	9048	1
35.98546448087432	5604	1
35.987158469945356	9821	1
35.99103825136611	7331	1
36.01978142076502	3556	1
36.040983606557376	5620	1
36.04710382513661	3122	1
36.073551912568306	3905	1
36.076939890710385	885	1
36.0772131147541	4433	1
36.130327868852454	5116	1
36.13551912568306	8923	1
36.15715846994535	9513	1
36.18251366120218	1483	1
36.20956284153006	569	1
36.21306010928962	8856	1
36.23005464480874	483	1
36.24349726775956	2441	1
36.262185792349726	1107	1
36.268907103825136	8349	1
36.273005464480875	6271	1
36.29224043715847	2921	1
36.30672131147541	163	1
36.31207650273224	7555	1
36.32043715846994	6893	1
36.33355191256831	7012	1
36.333934426229504	5344	1
36.353879781420765	8261	1
36.369180327868854	7322	1
36.380327868852454	5805	1
36.3992349726776	4594	1
36.40043715846994	2959	1
36.410655737704914	4311	1
36.43366120218579	1751	1
36.44792349726776	6874	1
36.48054644808743	2560	1
36.51508196721311	4473	1
36.53972677595628	2867	1
36.567158469945355	6760	1
36.59803278688525	4460	1
36.60021857923497	689	1
36.60087431693989	3534	1
36.60535519125683	4205	1
36.63273224043716	3891	1
36.638579234972674	1083	1
36.65404371584699	5467	1
36.658797814207645	5173	1
36.68666666666667	4968	1
36.70606557377049	9219	1
36.71890710382513	7717	1
36.71950819672131	8996	1
36.73196721311476	570	1
36.74699453551913	3929	1
36.759562841530055	2593	0
36.78639344262295	3532	1
36.78710382513661	3186	1
36.79737704918033	383	1
36.807049180327866	7087	1
36.825409836065575	9957	1
36.83196721311476	4778	1
36.875956284153006	4238	1
36.89338797814208	2367	1
36.89939890710382	4227	1
36.9016393442623	7617	1
36.911092896174864	947	1
36.914426229508194	8771	1
36.93366120218579	870	1
36.966010928961744	1306	1
36.966010928961744	9681	1
36.99781420765027	9047	1
37.008852459016396	2593	1
37.03508196721312	6979	1
37.042021857923494	4166	1
37.05830601092896	8048	1
37.07715846994535	9667	1
37.09437158469945	589	1
37.1144262295082	8778	1
37.11448087431694	8605	1
37.13327868852459	625	1
37.14043715846994	4269	1
37.15349726775957	2927	1
37.16737704918033	1127	1
37.181202185792344	9426	1
37.18606557377049	2608	1
37.2031693989071	474	1
37.21431693989071	7976	1
37.28404371584699	4027	1
37.291420765027326	7978	1
37.30267759562842	3148	1
37.33016393442623	1617	1
37.33775956284153	9302	1
37.35595628415301	3836	1
37.356120218579235	9562	1
37.36398907103825	497	1
37.3683606557377	6353	1
37.37622950819672	5548	1
37.37693989071038	5006	1
37.41295081967213	4239	1
37.44021857923497	2539	1
37.45595628415301	7316	1
37.45879781420765	1888	1
37.462786885245905	2741	1
37.46950819672131	3768	1
37.47147540983607	1467	1
37.48715846994535	3662	1
37.50267759562841	3331	1
37.51142076502732	6857	1
37.544043715846996	5131	1
37.54677595628415	4948	1
37.56841530054645	8251	1
37.57568306010929	208	1
37.57994535519125	1137	1
37.60524590163935	3627	1
37.61049180327869	9064	1
37.621803278688525	7857	1
37.6427868852459	3155	1
37.651092896174866	7574	1
37.6724043715847	2568	1
37.69699453551913	7952	1
37.74885245901639	8929	1
37.75005464480874	4279	1
37.754699453551915	605	1
37.79786885245902	3799	1
37.80267759562842	4893	1
37.80431693989071	7120	1
37.80650273224043	4426	1
37.81169398907104	4921	1
37.82628415300546	4247	1
37.83043715846995	3896	1
37.84699453551912	783	1
37.853442622950816	3888	1
37.87502732240437	8750	1
37.889016393442624	3113	1
37.89213114754099	1820	1
37.914426229508194	3156	1
37.92213114754098	3632	1
37.928797814207655	2205	1
37.937759562841535	3474	1
37.943333333333335	6098	1
37.94814207650273	3729	1
37.95180327868852	5397	1
37.97453551912568	4619	1
37.9827868852459	5545	1
37.99016393442623	9695	1
37.99786885245902	91	1
37.9996174863388	8106	1
38.01907103825136	9652	1
38.01967213114754	9839	1
38.03251366120218	9290	1
38.042021857923494	2124	1
38.05010928961749	2670	1
38.081366120218576	1868	1
38.08502732240437	9930	1
38.0927868852459	6305	1
38.114371584699455	2425	1
38.17114754098361	3428	1
38.21448087431693	3859	1
38.21770491803279	2553	1
38.2627868852459	7540	1
38.264316939890705	4896	1
38.26672131147541	3562	1
38.28803278688524	7747	1
38.29169398907104	8686	1
38.295081967213115	2687	1
38.299562841530054	9476	1
38.305519125683055	1068	1
38.31573770491803	9272	1
38.31672131147541	7745	1
38.317978142076505	444	1
38.322786885245904	6604	1
38.32382513661202	9843	1
38.34459016393443	2057	1
38.34868852459016	3132	1
38.35087431693989	7772	1
38.3611475409836	8288	1
38.38311475409836	9334	1
38.384207650273225	3247	1
38.39311475409836	565	1
38.396939890710385	2780	1
38.414480874316936	8645	1
38.426010928961745	4384	1
38.4283606557377	6678	1
38.449289617486336	7564	1
38.45579234972677	8335	1
38.46076502732241	6552	1
38.49524590163934	3835	1
38.50153005464481	6011	1
38.50371584699454	9031	1
38.541366120218576	9037	1
38.5564480874317	4867	1
38.56251366120219	7200	1
38.58366120218579	5021	1
38.5924043715847	640	1
38.59814207650273	4111	1
38.61393442622951	9437	1
38.623278688524586	6309	1
38.62387978142076	5954	1
38.62715846994536	4840	1
38.63617486338797	1829	1
38.65273224043716	2846	1
38.664098360655736	5914	1
38.66945355191257	1032	1
38.67	7667	1
38.671639344262296	4788	1
38.68109289617486	8320	1
38.6879781420765	9230	1
38.697814207650275	8331	1
38.70142076502732	4254	1
38.7031693989071	7986	1
38.706448087431696	8055	1
38.71398907103825	875	1
38.73437158469945	5615	1
38.74218579234972	9423	1
38.761092896174866	9984	1
38.77131147540984	2206	1
38.78016393442623	5166	1
38.797704918032785	2218	1
38.82601092896175	6807	1
38.847431693989066	876	1
38.86185792349727	579	1
38.88442622950819	3325	1
38.90650273224043	5526	1
38.93224043715847	8945	1
38.93748633879782	7532	1
38.94628415300546	1248	1
38.95065573770492	670	1
38.971366120218576	4597	1
38.978797814207645	8064	1
39.03710382513661	7212	1
39.07185792349726	8647	1
39.10327868852459	923	1
39.10530054644809	4744	1
39.117213114754094	3736	1
39.11857923497268	2435	1
39.14983606557377	1794	1
39.22568306010929	1030	1
39.225846994535516	2536	1
39.240327868852454	6476	1
39.246120218579236	8754	1
39.249071038251365	2879	1
39.25535519125683	714	1
39.26644808743169	6027	1
39.27327868852459	6013	1
39.2796174863388	3005	1
39.28710382513661	2941	1
39.32945355191257	3368	1
39.335519125683064	6034	1
39.340437158469946	8033	1
39.37158469945355	8376	1
39.372513661202184	5724	1
39.39377049180328	6323	1
39.41021857923497	8471	1
39.45153005464481	55	1
39.455628415300545	446	1
39.4748087431694	5366	1
39.48420765027323	7673	1
39.496120218579236	5601	1
39.497978142076505	8639	1
39.520054644808745	9741	1
39.532459016393446	41	1
39.53371584699453	1168	1
39.54639344262295	7377	1
39.551092896174865	9404	1
39.56054644808743	2907	1
39.56874316939891	6498	1
39.57464480874317	9228	1
39.59098360655738	2707	1
39.60349726775956	3075	1
39.6168306010929	7580	1
39.619125683060105	6589	1
39.623606557377045	6195	1
39.62573770491803	4735	1
39.627377049180325	3435	1
39.65453551912568	1552	1
39.699999999999996	4207	1
39.72267759562841	9743	1
39.742240437158465	4934	1
39.75491803278688	6888	1
39.7672131147541	3595	1
39.769726775956286	9260	1
39.78251366120219	415	1
39.82371584699453	4836	1
39.83109289617486	6576	1
39.836174863387974	2933	1
39.86819672131148	7746	1
39.86819672131148	9815	1
39.87081967213115	6613	1
39.89934426229508	9002	1
39.92098360655738	4866	1
39.939945355191256	9371	1
39.95021857923498	4973	1
39.95120218579235	4150	1
39.972021857923494	1136	1
39.98967213114754	6247	1
39.99661202185793	5976	1
40.02743169398907	7159	1
40.03103825136612	6915	1
40.04300546448088	1787	1
40.06153005464481	8751	1
40.06284153005465	585	1
40.08475409836066	7001	1
40.08486338797814	1280	1
40.094426229508194	8536	1
40.09803278688524	6248	1
40.09907103825137	1407	1
40.10655737704918	9123	1
40.107213114754096	6112	1
40.11950819672131	120	1
40.13213114754098	5502	1
40.14021857923497	3480	1
40.14327868852459	5231	1
40.162677595628416	5809	1
40.172622950819665	1085	1
40.179453551912566	7336	1
40.19295081967213	3560	1
40.237759562841525	6584	1
40.29338797814207	7028	1
40.30327868852459	9309	1
40.328032786885245	6916	1
40.330000000000005	6809	1
40.33568306010929	7671	1
40.34415300546448	686	1
40.35284153005465	9733	1
40.35928961748634	6053	1
40.452295081967215	9904	1
40.45316939890711	7837	1
40.52027322404371	4176	1
40.58737704918033	5334	1
40.62879781420765	4347	1
40.63513661202186	199	1
40.637868852459015	2080	1
40.64229508196721	4051	1
40.657595628415294	4680	1
40.65803278688525	4422	1
40.70836065573771	3954	1
40.72978142076503	6643	1
40.782786885245905	2440	1
40.789781420765024	4750	1
40.81109289617486	5673	1
40.82398907103825	8075	1
40.84967213114754	1959	1
40.87846994535519	8950	1
40.88606557377049	9546	1
40.893497267759564	2519	1
40.899071038251364	6334	1
40.93191256830601	6328	1
40.93704918032787	9961	1
40.939945355191256	2598	1
40.94027322404372	1786	1
40.96655737704918	2703	1
40.977431693989075	2912	1
40.98426229508197	1844	1
40.993169398907106	9619	1
41.01453551912568	8313	1
41.01491803278688	6603	1
41.01704918032787	7957	1
41.04218579234973	9246	1
41.04595628415301	6272	1
41.05579234972677	111	1
41.07781420765027	3646	1
41.09	3943	1
41.090437158469946	7104	1
41.09622950819672	4601	1
41.11306010928961	9251	1
41.12415300546448	7915	1
41.13355191256831	666	1
41.14338797814207	1858	1
41.14912568306011	3432	1
41.15644808743169	948	1
41.15868852459016	6933	1
41.15868852459016	1948	1
41.16622950819672	5791	1
41.16710382513661	2601	1
41.176448087431694	1971	1
41.1779781420765	194	1
41.179890710382516	3245	1
41.196284153005465	8065	1
41.22437158469945	1478	1
41.23393442622951	4285	1
41.23606557377049	3829	1
41.26021857923497	8473	1
41.26715846994536	5164	1
41.27540983606558	1336	1
41.27540983606558	6927	1
41.30267759562841	5537	1
41.35005464480874	1239	1
41.35743169398907	1687	1
41.362076502732236	432	1
41.36950819672131	2339	1
41.37251366120219	4580	1
41.376338797814206	4149	1
41.407704918032785	8248	1
41.43076502732241	5215	1
41.44786885245902	8237	1
41.44841530054645	296	1
41.45885245901639	3493	1
41.4607650273224	4848	1
41.46360655737705	5743	1
41.46606557377049	8017	1
41.50398907103825	3996	1
41.55573770491804	9344	1
41.558633879781425	7783	1
41.57513661202186	9457	1
41.583661202185795	7247	1
41.59153005464481	4881	1
41.59245901639345	7847	1
41.593387978142076	4633	1
41.59551912568306	7773	1
41.60393442622951	36	1
41.6224043715847	8736	1
41.646830601092894	2838	1
41.65486338797814	9195	1
41.66174863387978	4765	1
41.6727868852459	3681	0
41.68945355191257	1523	1
41.70956284153005	1399	1
41.714699453551916	1925	1
41.72	8640	1
41.730273224043714	343	1
41.75338797814207	1711	1
41.76092896174863	2777	1
41.762841530054644	3858	1
41.79016393442623	4724	1
41.79398907103825	2153	1
41.81218579234972	6088	1
41.84284153005464	6886	1
41.843278688524585	2371	1
41.85448087431694	6999	1
41.85857923497267	7724	1
41.86382513661202	9104	1
41.86819672131148	6324	1
41.89087431693989	2173	1
41.91469945355192	904	1
41.923825136612024	7031	1
41.93136612021858	7738	1
41.93677595628415	6081	1
41.93819672131148	6925	1
41.94284153005464	7483	1
41.946666666666665	3125	1
41.95120218579235	3223	1
41.977322404371584	9946	1
41.98196721311476	7277	1
41.99524590163934	3826	1
42.00595628415301	3228	1
42.01163934426229	413	1
42.01672131147541	9860	1
42.02497267759563	5394	1
42.02508196721311	8572	1
42.02661202185792	1843	1
42.07934426229508	6292	1
42.10071038251366	9488	1
42.104043715847	9269	1
42.129999999999995	6191	1
42.146885245901636	9314	1
42.147978142076504	8744	1
42.151748633879784	270	1
42.18841530054645	1217	1
42.18857923497268	7099	1
42.21786885245901	2769	1
42.22426229508197	6372	1
42.229945355191255	404	1
42.23021857923497	7274	1
42.26185792349727	4541	1
42.28027322404371	8079	1
42.30573770491803	765	1
42.33650273224043	9914	1
42.352459016393446	7070	1
42.358688524590164	3452	1
42.3648087431694	5683	1
42.3724043715847	6686	1
42.37622950819672	5556	1
42.3896174863388	4183	1
42.392459016393445	7769	1
42.39535519125683	9205	1
42.3963387978142	8253	1
42.40153005464481	9436	1
42.409672131147545	5157	1
42.41655737704918	8643	1
42.41737704918033	7752	1
42.437650273224044	5775	1
42.446284153005465	4083	1
42.45803278688524	5435	1
42.46535519125683	6797	1
42.4731693989071	4492	1
42.484535519125686	1618	1
42.49049180327869	747	1
42.50420765027322	5800	1
42.51306010928962	6286	1
42.528579234972675	8861	1
42.540218579234974	5613	1
42.54256830601093	6943	1
42.55950819672131	8142	1
42.571202185792345	6015	1
42.58524590163935	2163	1
42.585573770491806	2292	1
42.59289617486339	6404	1
42.59366120218579	8362	1
42.596338797814205	9000	1
42.60032786885246	3423	1
42.61502732240437	7648	1
42.62169398907104	5288	1
42.627704918032784	3877	1
42.6396174863388	9569	1
42.65601092896175	6904	1
42.65879781420765	1913	1
42.68420765027322	3685	1
42.69207650273224	7626	1
42.70245901639345	944	1
42.70967213114754	6985	1
42.7224043715847	6374	1
42.737377049180324	6892	1
42.75229508196722	8959	1
42.766557377049175	7138	1
42.7811475409836	2357	1
42.78180327868853	5568	1
42.81431693989071	9288	1
42.83469945355191	5227	1
42.848579234972675	4071	1
42.854262295081966	9499	1
42.86016393442623	2360	1
42.860491803278684	5409	1
42.86562841530055	4703	1
42.87868852459016	4629	1
42.88174863387978	9725	1
42.89322404371585	488	1
42.927431693989064	4583	1
42.92967213114754	9234	1
42.93043715846994	7757	1
42.93431693989071	856	1
42.93950819672131	4123	1
42.94207650273224	5425	1
42.955300546448086	6138	1
42.96016393442623	7421	1
42.97185792349727	7186	1
42.981092896174864	7003	1
42.9888524590164	427	1
42.995409836065576	2180	1
42.99841530054645	8991	1
43.013224043715844	595	1
43.019617486338795	9718	1
43.021967213114756	3624	1
43.03415300546448	4883	1
43.04530054644809	2916	1
43.046994535519126	1274	1
43.0479781420765	1191	1
43.06049180327869	879	1
43.08125683060109	9564	1
43.094426229508194	685	1
43.11081967213114	9394	1
43.113934426229505	1815	1
43.14901639344262	4552	1
43.15693989071038	3408	1
43.165846994535514	8573	1
43.1727868852459	2528	1
43.18754098360655	2051	1
43.20459016393443	4669	1
43.213825136612016	7420	1
43.2279781420765	6901	1
43.26005464480874	1957	1
43.265191256830605	6383	1
43.28475409836066	9294	1
43.304426229508195	3144	1
43.30486338797814	9732	1
43.342568306010925	9474	1
43.34863387978142	9922	1
43.362404371584695	6101	1
43.36612021857923	9786	1
43.37	7144	1
43.37983606557377	1081	1
43.39229508196721	8804	1
43.39475409836065	3379	1
43.42016393442623	2999	1
43.42890710382514	4926	1
43.430109289617484	7217	1
43.43027322404372	980	1
43.43311475409836	2728	1
43.44726775956284	1480	1
43.472021857923494	6726	1
43.48169398907104	3760	1
43.4831693989071	3391	1
43.49409836065574	1587	1
43.509562841530055	3505	1
43.524918032786886	3817	1
43.528579234972675	4351	1
43.53016393442623	6135	1
43.544699453551914	7203	1
43.56289617486339	1997	1
43.56590163934426	2549	1
43.58459016393443	1386	1
43.597158469945356	5547	1
43.60956284153006	1918	1
43.62098360655738	1060	1
43.6212568306011	5598	1
43.62191256830601	7948	1
43.64448087431693	6231	1
43.65464480874317	5459	1
43.66081967213115	2017	1
43.665245901639345	2143	1
43.67710382513661	9934	1
43.67961748633879	1610	1
43.68234972677595	90	1
43.69579234972677	6285	1
43.702568306010924	9366	1
43.711311475409836	399	1
43.71928961748634	1548	1
43.721311475409834	8981	1
43.72983606557377	1942	1
43.770382513661204	7211	1
43.77306010928962	7409	1
43.777486338797814	3854	1
43.78819672131148	5309	1
43.808907103825135	4470	1
43.81185792349727	9087	1
43.82890710382514	3250	1
43.83693989071038	7828	1
43.83989071038252	748	1
43.84131147540983	2590	1
43.84628415300546	7381	1
43.84983606557377	2241	1
43.86081967213114	6976	1
43.86431693989071	6058	1
43.88245901639344	8821	1
43.90420765027323	9487	1
43.91699453551912	738	1
43.939562841530055	950	1
43.94311475409836	7932	1
43.948087431693985	5495	1
43.949726775956286	4549	1
43.970491803278684	6990	1
43.977814207650276	3387	1
44.01016393442623	4850	1
44.024098360655735	1516	1
44.07989071038251	8100	1
44.095519125683055	6173	1
44.11863387978142	7461	1
44.17469945355191	1352	1
44.196229508196716	9500	1
44.21475409836066	1179	1
44.2331693989071	2349	1
44.23448087431694	1634	1
44.236721311475414	9626	1
44.27437158469945	8543	1
44.27650273224044	5893	1
44.280546448087435	401	1
44.29338797814208	1008	1
44.31781420765027	9254	1
44.31874316939891	3323	1
44.320601092896176	2274	1
44.333224043715845	3619	1
44.35251366120219	6714	1
44.37830601092896	5955	1
44.39994535519126	5551	1
44.40726775956284	9332	1
44.42579234972678	8256	1
44.42655737704918	8958	1
44.46475409836066	2251	1
44.48923497267759	7372	1
44.49131147540983	4598	1
44.49327868852459	2795	1
44.49480874316939	1568	1
44.49874316939891	2880	1
44.5220218579235	8553	1
44.52404371584699	5804	1
44.527431693989065	3185	1
44.5307650273224	3945	1
44.55945355191257	4420	1
44.57732240437158	9795	1
44.5848087431694	7447	1
44.59874316939891	6799	1
44.60568306010929	6293	1
44.6148087431694	5738	1
44.61814207650273	2068	1
44.628469945355185	9584	1
44.650273224043715	7592	1
44.661475409836065	4761	1
44.69732240437158	7736	1
44.72109289617486	3594	1
44.72808743169399	5614	1
44.74213114754098	9202	1
44.761038251366124	5523	1
44.77098360655738	6907	1
44.7907650273224	7077	1
44.79967213114754	6216	1
44.81098360655737	6049	1
44.82628415300546	9296	1
44.83054644808743	1693	1
44.84912568306011	1894	1
44.857978142076504	9393	1
44.86136612021858	4429	1
44.87459016393443	9089	1
44.884590163934426	3098	1
44.89562841530054	4722	1
44.9083606557377	5123	1
44.929508196721315	2603	1
44.94448087431694	3483	1
44.94655737704918	7329	1
44.94715846994536	8093	1
44.96857923497268	9883	1
44.970273224043716	2967	1
44.97710382513661	4219	1
44.97743169398907	6245	1
44.984043715846994	2215	1
44.99923497267759	436	1
45.00398907103825	7878	1
45.00491803278688	3804	1
45.012404371584694	4206	1
45.02704918032787	584	1
45.02781420765027	6423	1
45.03808743169399	5891	1
45.064098360655734	3500	1
45.08267759562841	7621	1
45.11808743169399	4502	1
45.14349726775956	6557	1
45.149125683060106	104	1
45.15174863387978	412	1
45.15415300546448	4892	1
45.172677595628414	9461	1
45.17322404371585	4567	1
45.17377049180328	5284	1
45.19158469945355	8330	1
45.19426229508197	1690	1
45.207486338797814	5396	1
45.20775956284153	931	1
45.211530054644804	6164	1
45.240765027322404	8384	1
45.25049180327869	8587	1
45.27568306010929	8032	1
45.3031693989071	2883	1
45.306284153005464	7497	1
45.32273224043716	5504	1
45.33371584699454	675	1
45.35180327868853	4403	1
45.35464480874317	1109	1
45.368032786885244	3064	1
45.39071038251366	8701	1
45.39262295081967	3058	1
45.408907103825136	817	1
45.41568306010929	1613	1
45.42300546448088	5623	1
45.42704918032786	2630	1
45.43584699453552	9054	1
45.4407650273224	3918	1
45.44355191256831	4740	1
45.45770491803279	6934	1
45.46415300546448	8066	1
45.470546448087426	7478	1
45.47273224043716	5205	1
45.485846994535514	8963	1
45.488469945355185	7893	1
45.518196721311476	1033	1
45.54251366120218	5150	1
45.547431693989076	7248	1
45.548087431693986	7763	1
45.55	7221	1
45.552568306010926	2078	1
45.560874316939895	8104	1
45.56437158469946	5427	1
45.57464480874317	534	1
45.57677595628415	5633	1
45.61043715846995	5517	1
45.61393442622951	9906	1
45.62836065573771	5273	1
45.67191256830601	6447	1
45.69497267759562	6847	1
45.741256830601095	248	1
45.77956284153006	3947	1
45.7835519125683	4593	1
45.79251366120218	4616	1
45.80513661202186	9623	1
45.81021857923497	5995	1
45.81136612021858	7658	1
45.819781420765025	5821	1
45.85213114754098	1245	1
45.872185792349725	4667	1
45.87765027322405	9521	1
45.87825136612022	73	1
45.898360655737704	1928	1
45.89994535519126	8772	1
45.90333333333333	5897	1
45.91661202185792	8433	0
45.91814207650273	9742	1
45.92251366120218	7934	1
45.925300546448085	290	1
45.926120218579236	3015	1
45.98109289617486	6482	1
46.002021857923495	2101	1
46.007704918032786	6577	1
46.009125683060105	4635	1
46.020437158469946	2291	1
46.03814207650273	903	1
46.04005464480874	1214	1
46.04038251366121	9197	1
46.04065573770492	963	1
46.064590163934426	9868	1
46.06710382513661	7693	1
46.072349726775954	6147	1
46.08382513661202	6160	1
46.0879781420765	2899	1
46.1203825136612	6066	1
46.12114754098361	7630	1
46.132677595628415	5243	1
46.13426229508197	3002	1
46.141967213114754	3613	1
46.17377049180328	2179	1
46.18491803278688	1043	1
46.18939890710382	1052	1
46.210109289617485	8933	1
46.217322404371586	1172	1
46.22043715846995	5609	1
46.2272131147541	6674	1
46.229672131147545	2083	1
46.234043715846994	8101	1
46.246775956284154	7887	1
46.28989071038251	9995	1
46.29338797814207	7491	1
46.293934426229505	7323	1
46.306666666666665	4997	1
46.30693989071038	3001	1
46.31617486338798	789	1
46.31672131147541	9692	1
46.318306010928964	6880	1
46.33622950819672	6687	1
46.350218579234976	9026	1
46.35846994535519	271	1
46.386393442622946	9020	1
46.39513661202186	6897	1
46.414863387978144	8047	1
46.43065573770492	1709	1
46.43284153005464	3651	1
46.45590163934426	8994	1
46.45704918032787	8302	1
46.45983606557377	7125	1
46.47666666666667	6895	1
46.48387978142077	1817	1
46.48540983606557	9654	1
46.50852459016393	4785	1
46.51092896174863	1662	1
46.51486338797814	1962	1
46.521584699453555	4514	1
46.53786885245901	1054	1
46.55743169398907	5818	1
46.58819672131147	7779	1
46.60584699453552	9097	1
46.63928961748634	334	1
46.64431693989071	5328	1
46.64622950819672	3622	1
46.65306010928961	1720	1
46.665956284153005	7909	1
46.670819672131145	791	1
46.67191256830601	8223	1
46.714644808743174	7307	1
46.71661202185792	2496	1
46.71857923497268	8250	1
46.72863387978142	3762	1
46.74524590163934	4089	1
46.747868852459014	4547	1
46.761912568306016	9481	1
46.76650273224043	7024	1
46.78437158469945	3002	0
46.787540983606554	9179	1
46.78896174863388	4793	1
46.83377049180328	9079	1
46.83868852459016	2086	1
46.8487431693989	4802	1
46.85666666666666	5771	1
46.85781420765027	1753	1
46.87338797814208	4958	1
46.89087431693989	504	1
46.89961748633879	4096	1
46.9024043715847	8834	1
46.91415300546448	3821	1
46.91617486338798	2803	1
46.92366120218579	2319	1
46.927267759562845	7027	1
46.93524590163934	2722	1
46.94420765027322	6618	1
46.962786885245905	9862	1
46.96715846994535	5451	1
46.98486338797814	1891	1
47.004590163934424	8397	1
47.011803278688525	8187	1
47.022568306010925	710	1
47.032459016393446	3673	1
47.04622950819672	4017	1
47.053715846994535	140	1
47.103879781420765	178	1
47.104699453551916	9707	1
47.10699453551913	2166	1
47.10786885245902	4270	1
47.12579234972678	4676	1
47.1283606557377	2668	1
47.13513661202185	7471	1
47.136775956284154	7913	1
47.137868852459015	7074	1
47.138688524590165	7670	1
47.1448087431694	772	1
47.15043715846994	8012	1
47.15136612021858	608	1
47.164480874316936	4103	1
47.1724043715847	9950	1
47.17251366120219	7804	1
47.189890710382514	3454	1
47.1955737704918	558	1
47.20169398907104	5979	1
47.21174863387978	2874	1
47.21289617486338	2836	1
47.22404371584699	5377	1
47.25863387978142	8568	1
47.30131147540983	4838	1
47.30546448087431	7488	1
47.320928961748635	6539	1
47.32601092896175	2698	1
47.34240437158469	7672	1
47.345245901639345	1463	1
47.34633879781421	5496	1
47.35480874316939	6575	1
47.35737704918033	4943	1
47.36081967213115	8194	1
47.373661202185794	9810	1
47.39142076502733	3514	1
47.39896174863388	8340	1
47.43901639344262	5696	1
47.4396174863388	6559	1
47.44650273224044	2317	1
47.45672131147541	6421	1
47.471693989071035	2348	1
47.476502732240434	9611	1
47.49415300546448	3699	1
47.49704918032787	3845	1
47.50672131147541	3536	1
47.52464480874317	1882	1
47.53617486338798	9291	1
47.53666666666667	6515	1
47.54502732240437	1953	1
47.547759562841534	6149	1
47.56404371584699	9497	1
47.569890710382516	7941	1
47.57245901639344	7174	1
47.57573770491803	2219	1
47.582841530054644	9341	1
47.58420765027323	3519	1
47.60229508196721	5390	1
47.61486338797814	9683	1
47.6183606557377	7367	1
47.63393442622951	3913	1
47.66366120218579	8920	1
47.67551912568306	6110	1
47.683442622950814	8660	1
47.68846994535519	4131	1
47.69885245901639	410	1
47.70010928961749	915	1
47.70174863387978	683	1
47.70666666666666	8671	1
47.72573770491803	6869	1
47.74781420765027	9933	1
47.754644808743166	3269	1
47.764043715846995	6252	1
47.77027322404371	5200	1
47.78890710382513	7938	1
47.790601092896175	3966	1
47.791420765027326	6322	1
47.79180327868852	7313	1
47.833333333333336	5527	1
47.848633879781424	3857	1
47.85065573770492	929	1
47.882240437158465	9068	1
47.88989071038251	6712	1
47.90606557377049	7722	1
47.971092896174866	4338	1
47.981147540983606	4006	1
48.00311475409836	4544	1
48.003934426229506	5168	1
48.01234972677595	5255	1
48.013715846994536	5505	1
48.023497267759566	1837	1
48.02475409836065	4286	1
48.03284153005464	9606	1
48.06213114754098	8213	1
48.06371584699453	2581	1
48.06546448087432	6814	1
48.06551912568305	4263	1
48.11185792349727	7005	1
48.123606557377045	7961	1
48.12393442622951	859	1
48.13650273224044	3376	1
48.15448087431694	9510	1
48.15907103825137	2414	1
48.16131147540983	7430	1
48.18983606557377	2828	1
48.21251366120219	7856	1
48.21344262295082	7124	1
48.22830601092896	9267	1
48.242240437158465	6856	1
48.260983606557375	7058	1
48.27273224043716	5864	1
48.2955737704918	6065	1
48.33672131147541	8084	1
48.35251366120218	3310	1
48.393879781420765	7929	1
48.3948087431694	4061	1
48.403278688524594	1471	1
48.44633879781421	4114	1
48.46857923497267	9027	1
48.47207650273224	4879	1
48.51054644808743	2049	1
48.518196721311476	4797	1
48.52846994535519	1879	1
48.55568306010929	1435	1
48.57327868852459	2774	1
48.57704918032787	2127	1
48.58928961748634	4624	1
48.612459016393444	5077	1
48.63016393442623	2209	1
48.63174863387978	4661	1
48.635355191256835	7579	1
48.63934426229508	9736	1
48.6587431693989	3305	1
48.66710382513661	4361	1
48.67622950819672	2810	1
48.67950819672131	2095	1
48.690546448087424	4375	1
48.70005464480874	1561	1
48.711912568306005	7726	1
48.72622950819672	8729	1
48.729289617486344	3026	1
48.76229508196721	1276	1
48.79311475409836	153	1
48.7955737704918	8899	1
48.828360655737704	8531	1
48.83142076502732	8445	1
48.84081967213115	8129	1
48.858360655737705	7232	1
48.86180327868853	8363	1
48.86371584699454	2416	1
48.8648087431694	5549	1
48.876666666666665	260	1
48.880054644808745	8766	1
48.88409836065574	5446	1
48.8903825136612	9464	1
48.89748633879782	2125	1
48.89754098360656	6229	1
48.95251366120218	5187	1
48.95841530054645	9904	0
48.964972677595625	6426	1
48.97010928961748	7762	1
48.971693989071035	9818	1
48.97633879781421	3942	1
48.984043715846994	3421	1
48.992568306010924	1182	1
48.99846994535519	6107	1
49.01874316939891	8720	1
49.02398907103825	7959	1
49.032677595628414	6997	1
49.0455737704918	5702	1
49.054863387978145	3936	1
49.062677595628415	1429	1
49.06628415300547	7867	1
49.067158469945355	9867	1
49.07147540983606	4666	1
49.077650273224044	6788	1
49.104207650273224	2766	1
49.10622950819672	9826	1
49.116284153005466	2332	1
49.15054644808743	7604	1
49.156994535519125	5711	1
49.16262295081967	6836	1
49.17229508196721	3974	1
49.20978142076503	7570	1
49.21153005464481	4668	1
49.213551912568306	8713	1
49.2196174863388	9030	1
49.23415300546448	7220	1
49.23497267759563	8311	1
49.238251366120224	9122	1
49.240765027322404	6086	1
49.257650273224044	8517	1
49.27737704918032	2354	1
49.28027322404371	6087	1
49.281530054644804	1597	1
49.28398907103825	1871	1
49.2948087431694	5847	1
49.308469945355185	8289	1
49.33590163934426	2137	1
49.33939890710382	6330	1
49.34666666666667	7963	1
49.34830601092896	5119	1
49.3551912568306	6370	1
49.3796174863388	6361	1
49.38469945355191	886	1
49.394043715847	7403	1
49.41628415300547	3990	1
49.422076502732246	1211	1
49.42420765027322	4806	1
49.484426229508195	6021	1
49.501639344262294	6647	1
49.5048087431694	9024	1
49.515519125683056	3402	1
49.51633879781421	9539	1
49.52295081967213	5557	1
49.53710382513661	7423	1
49.54726775956284	2285	1
49.550655737704915	5544	1
49.576174863387976	2310	1
49.579836065573765	1278	1
49.59808743169399	5709	1
49.60180327868852	7498	1
49.62185792349727	4465	1
49.62939890710382	2710	1
49.658415300546444	2186	1
49.67333333333333	317	1
49.68	2518	1
49.71191256830601	9526	1
49.7127868852459	7237	1
49.72486338797814	3932	1
49.73677595628415	4282	1
49.76087431693989	4023	1
49.7687431693989	9918	1
49.782622950819665	230	1
49.78453551912568	2177	1
49.79	5843	1
49.79349726775956	4622	1
49.79491803278689	4919	1
49.80497267759563	6203	1
49.80726775956284	5658	1
49.83666666666666	190	1
49.84628415300546	1902	1
49.84770491803279	9886	1
49.889781420765026	4448	1
49.89650273224044	2358	1
49.90327868852459	1201	1
49.90377049180328	6275	1
49.904754098360655	9925	1
49.92672131147541	8837	1
49.93786885245902	5088	1
49.96245901639344	8231	1
49.98092896174863	6883	1
49.98661202185792	437	1
49.99262295081967	6928	1
49.99956284153006	7974	1
50.02857923497268	1683	1
50.03180327868853	319	1
50.032622950819665	6709	1
50.04142076502732	6165	1
50.04475409836065	3267	1
50.0587431693989	6443	1
50.063442622950824	4907	1
50.076502732240435	2167	1
50.08322404371585	6255	1
50.117704918032786	2720	1
50.11792349726776	9608	1
50.12535519125683	8369	1
50.13125683060109	1642	1
50.15601092896175	4390	1
50.19125683060109	561	1
50.23	5290	1
50.23267759562842	598	1
50.23366120218579	6782	1
50.256120218579234	1277	1
50.264699453551906	3009	1
50.28901639344262	6440	1
50.30535519125683	6813	1
50.3055737704918	5953	1
50.30601092896175	7073	1
50.31398907103826	4278	0
50.335519125683064	1872	1
50.377431693989074	4144	1
50.37989071038252	2209	0
50.38579234972677	2195	1
50.39950819672131	8599	1
50.41950819672131	4988	1
50.421912568306006	4902	1
50.425628415300544	3712	1
50.426830601092895	4726	1
50.437322404371585	7830	1
50.46863387978142	8095	1
50.480382513661205	6573	1
50.495628415300544	1434	1
50.49825136612022	2190	1
50.50191256830601	6508	1
50.51956284153005	5616	1
50.52546448087432	4578	1
50.527158469945356	4382	1
50.53256830601093	7198	1
50.53371584699453	6521	1
50.540983606557376	1717	1
50.54131147540984	8378	1
50.55459016393442	3765	1
50.563879781420766	9523	1
50.573934426229506	3363	1
50.57475409836066	347	1
50.58524590163935	6653	1
50.58612021857924	6725	1
50.63010928961749	5746	1
50.63693989071038	9446	1
50.6455737704918	5669	1
50.68890710382514	6072	1
50.73928961748634	5573	1
50.747213114754096	8540	1
50.74874316939891	8677	1
50.76710382513661	9377	1
50.77814207650273	6784	1
50.787923497267755	3885	1
50.81644808743169	4252	1
50.82743169398907	3648	1
50.8551912568306	4480	1
50.85770491803279	3801	1
50.8648087431694	5713	1
50.86901639344262	9330	1
50.89590163934426	5927	1
50.90491803278689	4702	1
50.915245901639345	6384	1
50.937213114754094	7100	1
50.94153005464481	2394	1
50.97087431693989	5935	1
50.98398907103825	3414	1
50.98693989071038	1961	1
50.98770491803279	7940	1
50.993497267759565	1091	1
50.99606557377049	4434	1
51.00284153005464	5071	1
51.03601092896175	6681	1
51.039781420765024	6218	1
51.08103825136612	801	1
51.096393442622954	7619	1
51.10207650273224	7213	1
51.112076502732236	7556	1
51.118852459016395	1188	1
51.12180327868852	7154	1
51.131967213114756	2744	1
51.141748633879786	3141	1
51.15622950819672	9226	1
51.163333333333334	7111	1
51.182950819672136	5612	1
51.20010928961748	3311	1
51.207868852459015	1126	1
51.22382513661202	5134	1
51.22601092896175	711	1
51.23131147540983	1351	1
51.2507650273224	5742	1
51.25262295081967	463	1
51.278196721311474	814	1
51.27830601092896	2263	1
51.30546448087431	578	1
51.31103825136612	615	1
51.332786885245895	7645	1
51.352786885245905	6466	1
51.37896174863388	5851	1
51.44185792349727	1003	1
51.46535519125683	1937	1
51.475792349726774	2333	1
51.482568306010926	9902	1
51.490765027322404	7591	1
51.49475409836065	7573	1
51.49475409836065	8052	1
51.49879781420765	898	1
51.512404371584694	892	1
51.516994535519125	4496	1
51.51907103825137	9211	1
51.52366120218579	2755	1
51.54786885245902	3852	1
51.55491803278689	6444	1
51.58688524590164	5781	1
51.600109289617485	1310	1
51.60928961748634	1852	1
51.6096174863388	5161	1
51.61409836065574	3733	1
51.62759562841531	1841	1
51.63327868852459	3360	1
51.64491803278688	9276	1
51.66633879781421	1367	1
51.68710382513661	106	1
51.6896174863388	4307	1
51.69256830601093	1086	1
51.701530054644806	5584	1
51.70650273224044	7054	1
51.714207650273224	9880	1
51.731147540983606	4833	1
51.75027322404371	2388	1
51.759890710382514	57	1
51.79491803278688	370	1
51.804098360655736	7698	1
51.804426229508195	3258	1
51.86420765027322	176	1
51.940273224043715	7982	1
51.971366120218576	2110	1
51.990437158469945	6371	1
51.991639344262296	8054	1
51.99666666666666	9141	1
52.00967213114754	5132	1
52.0212568306011	5073	1
52.02546448087432	1021	1
52.04060109289617	6514	1
52.045355191256824	7981	1
52.0648087431694	4743	1
52.10098360655737	1577	1
52.12163934426229	6998	1
52.13841530054645	9698	1
52.140163934426226	310	1
52.1496174863388	4108	1
52.15218579234973	4923	1
52.15420765027323	262	1
52.15655737704918	9882	1
52.182021857923495	6363	1
52.19661202185792	7419	1
52.20459016393443	8293	1
52.242622950819666	631	1
52.24284153005465	1630	1
52.259508196721306	9769	1
52.266994535519125	8402	1
52.2675956284153	459	1
52.26989071038251	1167	1
52.273387978142075	4120	1
52.308087431693984	2973	1
52.30885245901639	2505	1
52.31010928961748	2069	1
52.31060109289618	9329	1
52.32486338797815	3597	1
52.33612021857923	7063	1
52.33781420765027	6522	1
52.35371584699453	5004	1
52.36836065573771	751	1
52.3720218579235	7204	1
52.387595628415305	5047	1
52.39715846994535	7853	1
52.420546448087435	6766	1
52.429398907103824	1333	1
52.43857923497267	9245	1
52.45054644808743	7636	1
52.463551912568306	3121	1
52.484043715846994	1000	1
52.49956284153005	8552	1
52.50098360655738	1783	1
52.507322404371585	2431	1
52.51306010928962	3166	1
52.52551912568306	8176	1
52.551803278688524	5703	1
52.58169398907104	7254	1
52.61027322404371	7103	1
52.615081967213115	2250	1
52.62459016393443	8870	1
52.62562841530055	3617	1
52.6275956284153	5353	1
52.63344262295082	6397	1
52.64622950819672	910	1
52.6479781420765	9953	1
52.649125683060106	7041	1
52.65185792349727	1493	1
52.66306010928962	7146	1
52.66535519125683	5248	1
52.66644808743169	240	1
52.67065573770491	7038	1
52.67136612021858	6317	1
52.69087431693989	5102	1
52.699344262295085	6151	1
52.70502732240437	216	1
52.7627868852459	3677	1
52.76639344262295	2949	1
52.768142076502734	453	1
52.87338797814208	6754	1
52.87792349726776	8911	1
52.89431693989071	1366	1
52.92748633879781	4495	1
52.96087431693989	4348	1
52.963442622950815	4681	1
52.99360655737705	2571	1
53.0011475409836	2194	1
53.00147540983607	5675	1
53.010273224043715	6537	1
53.02513661202185	7475	1
53.04371584699454	816	1
53.047431693989076	8135	1
53.0524043715847	4925	1
53.08	1725	1
53.08535519125683	3253	1
53.092896174863384	2266	1
53.11349726775956	2198	1
53.115464480874316	6356	1
53.121803278688525	3944	1
53.15234972677596	6627	1
53.15415300546448	6427	1
53.15972677595629	7388	1
53.175300546448085	1748	1
53.18251366120218	4195	1
53.20469945355191	5091	1
53.265464480874314	8937	1
53.26863387978142	4845	1
53.27469945355191	6736	1
53.28540983606557	7401	1
53.28786885245901	7768	1
53.302568306010926	5485	1
53.31879781420765	5695	1
53.32065573770492	5514	1
53.32737704918033	8880	1
53.335081967213114	1880	1
53.34098360655738	6082	1
53.344535519125685	8118	1
53.359890710382516	9343	1
53.363442622950814	4914	1
53.374098360655736	4786	1
53.41584699453552	1996	1
53.42295081967213	5419	1
53.44092896174864	1813	1
53.48382513661202	2209	1
53.48765027322404	1464	1
53.487868852459016	8196	1
53.48956284153005	3621	0
53.49612021857923	8324	1
53.509945355191256	8930	1
53.51092896174863	4776	1
53.52431693989071	2283	1
53.54043715846994	2554	1
53.55131147540983	1132	1
53.56311475409836	6032	1
53.566830601092896	2529	1
53.567868852459014	380	1
53.579071038251364	5784	1
53.60371584699453	4662	1
53.6044262295082	8184	1
53.60956284153005	7096	1
53.61775956284153	6344	1
53.625956284153006	173	1
53.632240437158465	3180	1
53.644699453551915	3074	1
53.64557377049181	3813	1
53.64743169398908	881	1
53.656174863387974	9989	1
53.659836065573764	4462	1
53.66737704918033	2772	1
53.66934426229508	7324	1
53.67475409836066	1089	1
53.685956284153	1745	1
53.70672131147541	1571	1
53.70989071038252	1536	1
53.71180327868852	9735	1
53.714590163934425	6039	1
53.7196174863388	3351	1
53.73431693989071	4540	1
53.74814207650273	9820	1
53.772185792349724	7566	0
53.775628415300545	3832	1
53.80087431693989	659	1
53.82103825136612	1262	1
53.83431693989071	3071	1
53.84256830601093	4068	1
53.849398907103826	7522	1
53.84994535519126	6612	1
53.85355191256831	9368	1
53.8548087431694	8422	1
53.87939890710383	3847	1
53.890163934426226	7472	1
53.90950819672131	6054	1
53.912622950819674	1129	1
53.91797814207651	6204	1
53.91907103825137	823	1
53.9203825136612	3963	1
53.924972677595626	8112	1
53.93885245901639	3205	1
53.95333333333333	1376	1
53.980327868852456	4225	1
54.0243169398907	4734	1
54.049562841530054	6004	1
54.05169398907104	9739	1
54.07065573770492	1883	1
54.07967213114755	4040	1
54.08245901639344	1283	1
54.10087431693989	2645	1
54.10890710382514	1811	1
54.11786885245902	9675	1
54.12005464480874	9297	1
54.12792349726776	5892	1
54.13781420765027	8140	1
54.14475409836066	1391	1
54.184262295081965	5499	1
54.19726775956284	563	1
54.19978142076503	9974	1
54.22027322404371	3344	1
54.22672131147541	8034	1
54.22912568306011	154	1
54.24448087431694	9928	1
54.259234972677596	6136	1
54.27726775956284	381	1
54.28459016393443	9847	1
54.29814207650273	9819	1
54.299180327868854	4257	1
54.304535519125686	8659	1
54.32972677595628	9790	1
54.33295081967213	5722	1
54.347486338797815	776	1
54.34868852459016	1354	1
54.34907103825137	6205	1
54.3563387978142	5661	1
54.360983606557376	7263	1
54.36415300546448	3869	1
54.36737704918033	5570	1
54.37573770491803	7043	1
54.37939890710383	6496	1
54.38874316939891	6222	1
54.40147540983606	2146	1
54.41464480874317	5944	1
54.419726775956285	2716	1
54.42021857923497	4223	1
54.44879781420765	1358	1
54.45142076502732	647	1
54.50125683060109	7009	1
54.51	9674	1
54.51491803278688	1285	1
54.54256830601093	592	1
54.557868852459016	6505	1
54.57109289617486	1963	1
54.57939890710383	5980	1
54.58469945355191	7059	1
54.60409836065574	9470	1
54.61196721311475	3958	1
54.616502732240434	5511	1
54.62377049180328	1532	1
54.64590163934426	4650	1
54.65245901639344	9462	1
54.66120218579235	1616	1
54.66885245901639	3307	1
54.68633879781421	4959	1
54.70655737704918	8725	1
54.710928961748635	4775	1
54.718032786885246	2994	1
54.72677595628415	3510	1
54.73060109289617	5550	1
54.75792349726776	2864	1
54.761748633879776	914	1
54.76721311475409	1408	1
54.856830601092895	6541	1
54.857923497267755	9473	1
54.86120218579235	128	1
54.88688524590164	256	1
54.91530054644809	485	1
54.9224043715847	209	1
54.9224043715847	1122	1
54.92513661202186	7594	1
54.93005464480874	284	1
54.93442622950819	7459	1
54.95792349726776	978	1
54.98415300546448	1194	1
54.98469945355191	2620	1
54.985245901639345	2798	1
55.00601092896175	9174	1
55.01256830601093	6425	1
55.05573770491803	1763	1
55.06174863387978	1020	1
55.09071038251366	3312	1
55.09234972677596	922	1
55.09617486338798	6812	1
55.1	7603	1
55.10054644808743	1275	1
55.12404371584699	7298	1
55.13497267759563	408	1
55.165573770491804	3366	1
55.175409836065576	6108	1
55.190710382513664	8999	1
55.20327868852459	7231	1
55.208196721311474	3236	1
55.21748633879781	184	1
55.220218579234974	8710	1
55.23224043715847	5148	1
55.247540983606555	2515	1
55.26338797814208	8372	1
55.28032786885246	5184	1
55.28852459016394	5346	1
55.2896174863388	3969	1
55.33606557377049	2074	1
55.33825136612022	8842	1
55.34644808743169	7999	1
55.36612021857923	1737	1
55.37978142076503	369	1
55.38633879781421	1581	1
55.387978142076506	4825	1
55.39344262295082	9633	1
55.40163934426229	1026	1
55.41202185792349	8943	1
55.416393442622955	865	1
55.42295081967213	785	1
55.43606557377049	2849	1
55.46284153005465	2303	1
55.47158469945355	6730	1
55.4775956284153	2060	1
55.48306010928962	6240	1
55.499453551912566	5224	1
55.5224043715847	2594	1
55.52677595628415	2311	1
55.545901639344265	1446	1
55.54972677595628	8082	1
55.55191256830601	7706	1
55.553005464480876	2591	1
55.555191256830604	4047	1
55.5655737704918	4300	1
55.57595628415301	6494	1
55.59344262295082	6114	1
55.61857923497268	6853	1
55.62131147540984	4572	1
55.630054644808745	806	1
55.64262295081967	8222	1
55.64590163934427	5361	1
55.66939890710382	8931	1
55.686885245901635	9661	1
55.69016393442623	4248	1
55.693989071038246	2419	1
55.70054644808743	8490	1
55.702185792349724	8524	1
55.709289617486334	5610	1
55.710928961748635	7161	1
55.710928961748635	8539	1
55.720218579234974	2508	1
55.733333333333334	770	1
55.74371584699454	3143	1
55.74371584699454	2930	1
55.76120218579235	3164	1
55.7672131147541	1481	1
55.778688524590166	65	1
55.79398907103825	3063	1
55.81803278688525	8584	1
55.830601092896174	2346	1
55.83934426229508	8824	1
55.88032786885246	7583	1
55.887978142076506	5324	1
55.901092896174866	7713	1
55.924590163934425	1128	1
55.974316939890706	6295	1
55.98907103825136	8815	1
56.00928961748634	233	1
56.01092896174863	9829	1
56.01967213114754	360	1
56.02131147540983	8019	1
56.02568306010929	1255	1
56.026229508196714	1067	1
56.039890710382515	1934	1
56.046994535519126	7186	0
56.06502732240437	9775	1
56.07213114754098	7233	1
56.08743169398907	1272	1
56.09453551912568	3504	1
56.110928961748634	9530	1
56.112021857923494	9152	1
56.11530054644809	50	1
56.11693989071038	7241	1
56.12459016393442	1821	1
56.12896174863388	5492	1
56.13060109289618	9658	1
56.13169398907104	5287	1
56.1327868852459	2617	1
56.13442622950819	9117	1
56.137158469945355	7525	1
56.1863387978142	1210	1
56.22568306010929	1263	1
56.24207650273224	8468	1
56.24699453551912	9043	1
56.258469945355195	4130	1
56.26010928961749	9220	1
56.2863387978142	2497	1
56.30437158469945	9021	1
56.30765027322404	1533	1
56.32295081967213	9749	1
56.34699453551912	1609	1
56.34808743169399	8689	1
56.35136612021858	4334	1
56.35464480874317	684	1
56.36338797814208	7654	1
56.3775956284153	4672	1
56.38360655737704	5239	1
56.39289617486339	575	1
56.40382513661202	342	1
56.405464480874315	7495	1
56.40928961748634	2815	1
56.41311475409836	9800	1
56.430601092896175	6921	1
56.44153005464481	1508	1
56.446994535519124	8030	1
56.454098360655735	6858	1
56.461202185792345	2663	1
56.46448087431694	4829	1
56.48579234972678	8854	1
56.507650273224044	4741	1
56.51147540983606	3229	1
56.51202185792349	3207	1
56.5191256830601	4748	1
56.52131147540983	8127	1
56.53442622950819	8520	1
56.54043715846995	9803	1
56.54972677595628	9093	1
56.596721311475406	1875	1
56.598907103825134	1124	1
56.600546448087435	1200	1
56.603825136612016	7294	1
56.60601092896175	1303	1
56.618032786885244	4399	1
56.648633879781414	8276	1
56.650273224043715	3203	1
56.6639344262295	835	1
56.668306010928966	3498	1
56.67431693989071	2031	1
56.684699453551914	4327	1
56.719125683060106	5090	1
56.71967213114754	6938	1
56.7311475409836	5973	1
56.74371584699453	1410	1
56.76775956284153	9516	1
56.78469945355191	4827	1
56.78524590163934	7998	1
56.796174863387975	7437	1
56.80163934426229	8982	1
56.80273224043716	9349	1
56.81366120218579	1455	1
56.814207650273225	9947	1
56.816393442622946	1503	1
56.81693989071038	4037	1
56.82841530054645	4612	1
56.836612021857924	6871	1
56.83825136612022	5413	1
56.86065573770492	3070	1
56.86229508196721	2642	1
56.86666666666667	3763	1
56.90819672131148	8497	1
56.91475409836065	8983	1
56.92568306010929	8441	1
56.93224043715847	7585	1
56.95464480874317	5553	1
56.978142076502735	8255	1
56.98415300546448	3822	1
56.98579234972678	8806	1
56.986338797814206	3802	1
56.994535519125684	7101	1
57.01803278688525	1656	1
57.021857923497265	733	1
57.02295081967213	924	1
57.02459016393443	204	1
57.04644808743169	3238	1
57.06284153005465	1892	1
57.06885245901639	6162	1
57.08415300546448	1639	1
57.09836065573771	5417	1
57.100546448087435	5681	1
57.11092896174863	1810	1
57.11256830601093	1863	1
57.124043715846994	6359	1
57.15245901639344	2409	1
57.17213114754098	5305	1
57.18360655737705	5122	1
57.20710382513661	7832	1
57.22185792349727	5988	1
57.23879781420765	3588	1
57.24699453551912	8653	1
57.27650273224044	1324	1
57.287978142076504	9508	1
57.30655737704918	3042	1
57.337704918032784	7279	1
57.35081967213115	2503	1
57.35792349726776	813	1
57.36338797814207	2939	1
57.37540983606557	2714	1
57.41803278688525	1665	1
57.460109289617485	4396	1
57.47486338797814	9317	1
57.48579234972677	3950	1
57.50437158469945	7283	1
57.5207650273224	3006	1
57.5448087431694	3455	1
57.54535519125683	1024	1
57.54972677595629	8431	1
57.583606557377045	4938	1
57.60109289617486	5281	1
57.619125683060105	1051	1
57.62185792349727	5138	1
57.626229508196715	5359	1
57.62841530054644	359	1
57.633333333333326	6870	1
57.6448087431694	9991	1
57.70054644808744	3014	1
57.71530054644809	3354	1
57.722950819672135	5216	1
57.72786885245902	1946	1
57.74699453551912	3230	1
57.74972677595628	420	1
57.752459016393445	5608	1
57.778142076502725	8734	1
57.779781420765026	5192	1
57.796174863387975	2978	1
57.807103825136615	3172	1
57.80983606557377	7016	1
57.814207650273225	1492	1
57.8207650273224	2039	1
57.82896174863388	7683	1
57.83333333333333	118	1
57.835519125683064	4457	1
57.84863387978142	5801	1
57.85737704918033	2935	1
57.86448087431694	3431	1
57.86939890710382	2653	1
57.87213114754098	8083	1
57.90382513661202	1282	1
57.9327868852459	1117	1
57.960109289617485	9871	1
57.982513661202184	6242	1
57.98306010928961	6079	1
57.98415300546448	7048	1
58.001639344262294	8867	1
58.00218579234973	8401	1
58.01857923497268	6764	1
58.038251366120214	2172	1
58.04153005464481	9774	1
58.04754098360656	8228	1
58.049180327868854	901	1
58.04972677595629	3004	1
58.05081967213114	4812	1
58.05464480874317	4717	1
58.06775956284153	8278	1
58.07158469945355	3476	1
58.072131147540986	1123	1
58.09508196721312	3380	1
58.100546448087435	6562	1
58.10928961748634	3774	1
58.114754098360656	5816	1
58.11639344262295	4050	1
58.119125683060105	6522	0
58.1448087431694	3994	1
58.15901639344262	9406	1
58.177595628415304	8798	1
58.221311475409834	6258	1
58.255737704918026	4522	1
58.255737704918026	2894	1
58.2672131147541	1781	1
58.274863387978144	2174	1
58.27704918032787	4630	1
58.27868852459016	9771	1
58.3224043715847	2009	1
58.342622950819674	377	1
58.373224043715844	2624	1
58.3896174863388	479	1
58.40765027322404	6119	1
58.44207650273224	6428	1
58.44535519125683	2834	1
58.476502732240434	9865	1
58.497267759562845	3559	1
58.52349726775956	5271	1
58.53169398907104	1893	1
58.55737704918033	4485	1
58.56174863387978	6724	1
58.56448087431694	9672	1
58.61967213114754	834	1
58.62021857923497	7303	1
58.63224043715847	2324	1
58.63333333333333	9942	1
58.63387978142077	7844	1
58.635519125683054	8180	1
58.63879781420765	3658	1
58.644262295081965	6131	1
58.65573770491803	5275	1
58.680874316939885	8611	1
58.687978142076496	3497	1
58.7	4471	1
58.72677595628415	6217	1
58.7448087431694	6641	1
58.745355191256834	5360	1
58.746448087431695	7935	1
58.76775956284153	6157	1
58.77322404371584	8072	1
58.810382513661196	2636	1
58.81092896174863	8569	1
58.824590163934424	9599	1
58.85355191256831	8759	1
58.880327868852454	20	1
58.8879781420765	8235	1
58.893442622950815	8238	1
58.90327868852459	7635	1
58.92021857923498	2373	1
58.9327868852459	6986	1
58.93551912568306	5687	1
58.94754098360656	3050	1
58.96393442622951	5943	1
58.9655737704918	6591	1
58.98196721311476	7561	1
59.00273224043716	5701	1
59.01420765027322	6862	1
59.019672131147544	2525	1
59.043169398907104	5958	1
59.0448087431694	2986	1
59.06885245901639	4086	1
59.07431693989071	2	1
