0.01197295081967213	7229	1
0.056295628415300544	6268	1
0.061374316939890705	1280	1
0.07209617486338799	8055	1
0.2227469945355191	2275	1
0.2766672131147541	5166	1
0.3892639344262295	4034	1
0.4223715846994535	9172	1
0.4496781420765027	2680	1
0.5283371584699453	6294	1
0.6159617486338798	8574	1
0.6435956284153005	1493	1
0.6549508196721311	1662	1
0.667792349726776	9876	1
0.6750491803278688	9910	1
0.6853934426229509	9790	1
0.6913224043715847	8897	1
0.7059125683060109	2881	1
0.7525573770491804	3125	1
0.768792349726776	5380	1
0.8281256830601094	5111	1
0.8363060109289618	2802	1
0.9625136612021857	393	1
1.005551912568306	5587	1
1.1757486338797813	522	1
1.1763661202185793	6128	1
1.238863387978142	8309	1
1.31272131147541	1520	1
1.3692240437158472	8261	1
1.3916065573770493	1564	1
1.4149836065573769	6322	1
1.4510054644808743	1164	1
1.473688524590164	1582	1
1.5685300546448087	8522	1
1.5855901639344263	1954	1
1.633	1108	1
1.7062349726775956	6170	1
1.7215792349726777	810	1
1.729087431693989	7519	1
1.7381639344262294	55	1
1.794120218579235	9401	1
1.8259398907103825	2192	1
1.828622950819672	51	1
1.833726775956284	1203	1
1.8761256830601094	5254	1
1.9034699453551913	425	1
1.9833114754098362	9465	1
2.0469890710382512	5671	1
2.0655901639344263	2638	1
2.1162459016393442	4527	1
2.132743169398907	1414	1
2.2375901639344264	7642	1
2.2459180327868853	240	1
2.252398907103825	75	1
2.3397704918032787	1897	1
2.3625081967213113	1315	1
2.3785136612021858	5695	1
2.4048032786885245	8370	1
2.505672131147541	2329	1
2.5439234972677593	3118	1
2.6705956284153003	1081	1
2.7291530054644806	9978	1
2.730349726775956	3086	1
2.7741475409836065	8249	1
2.80551912568306	2877	1
2.914775956284153	6633	1
3.021601092896175	4627	1
3.05251912568306	5974	1
3.1858688524590164	1371	1
3.200590163934426	2481	1
3.3170273224043716	2590	1
3.4341202185792348	2811	1
3.450737704918033	9531	1
3.504136612021858	6700	1
3.5906666666666665	8110	1
3.6152021857923495	5679	1
3.6180928961748635	8172	1
3.626081967213115	2636	1
3.6849453551912568	2893	1
3.7440437158469946	1006	1
3.849087431693989	5771	1
3.8816229508196725	6328	1
3.9073169398907104	3058	1
3.9190819672131147	4630	1
3.9500765027322404	38	1
3.9616502732240435	3493	1
4.043606557377049	8144	1
4.121327868852459	7209	1
4.144661202185792	2011	1
4.334371584699453	8030	1
4.3500437158469945	3491	1
4.385114754098361	1113	1
4.392759562841531	6455	1
4.427497267759563	7763	1
4.441071038251366	8678	1
4.442983606557377	5348	1
4.465803278688524	4685	1
4.469169398907104	8848	1
4.486284153005464	5778	1
4.605579234972677	7228	1
4.608885245901639	7994	1
4.617191256830601	7330	1
4.619661202185792	5094	1
4.646464480874317	5538	1
4.681273224043716	8990	1
4.718218579234973	9420	1
4.733989071038251	7385	1
4.754398907103825	8121	1
4.770497267759563	2112	1
4.862612021857923	8422	1
4.883229508196721	5336	1
4.974852459016393	8313	1
4.9929562841530055	3188	1
4.998546448087432	6339	1
5.0454098360655735	8089	1
5.046573770491803	2632	1
5.050590163934427	5889	1
5.089950819672131	1875	1
5.101207650273224	5515	1
5.116770491803278	4330	1
5.12344262295082	179	1
5.238437158469946	2403	1
5.242617486338798	7340	1
5.305841530054645	3858	1
5.317617486338798	2262	1
5.336770491803279	6337	1
5.397896174863388	8470	1
5.406289617486339	9821	1
5.406327868852459	9638	1
5.458814207650272	6042	1
5.466120218579235	3508	1
5.494535519125683	5234	1
5.5224043715847	3401	1
5.5475956284153005	3351	1
5.618743169398907	3386	1
5.622131147540984	7275	1
5.6424043715847	2984	1
5.720546448087432	846	1
5.823606557377049	1235	1
5.9350273224043715	6722	1
5.937103825136612	9232	1
6.002295081967213	7496	1
6.051092896174863	8410	1
6.0528415300546445	6494	1
6.062950819672131	4754	1
6.098688524590163	856	1
6.118469945355191	4924	1
6.14568306010929	9042	1
6.153005464480874	1530	1
6.156830601092896	6749	1
6.205027322404371	5796	1
6.219180327868853	7539	1
6.228524590163935	2102	1
6.281748633879781	7377	1
6.303333333333333	9506	1
6.321420765027323	8645	1
6.326830601092896	6520	1
6.420655737704918	4419	1
6.443606557377049	1316	1
6.465355191256831	2335	1
6.487049180327869	4674	1
6.518415300546448	3918	1
6.531748633879781	9378	1
6.571530054644809	6641	1
6.580109289617486	3543	1
6.601857923497268	5307	1
6.621748633879781	3260	1
6.6424043715847	1347	1
6.661693989071038	1496	1
6.663715846994536	6791	1
6.683005464480874	954	1
6.715300546448087	6344	1
6.767540983606557	8952	1
6.820054644808743	7501	1
6.868142076502732	3366	1
6.8790163934426225	3707	1
6.884043715846994	5217	1
6.893224043715847	9217	1
6.935737704918032	8460	1
7.023715846994535	7153	1
7.029180327868852	3571	1
7.0456830601092895	9158	1
7.072404371584699	6080	1
7.097322404371585	5994	1
7.129453551912568	5524	1
7.130273224043716	8280	1
7.13912568306011	1554	1
7.1414207650273225	7914	1
7.167978142076502	9603	1
7.170819672131147	4453	1
7.175573770491804	4468	1
7.188524590163935	836	1
7.234316939890711	6292	1
7.238306010928961	2584	1
7.241639344262295	8757	1
7.267814207650273	9787	1
7.292677595628415	4366	1
7.362677595628415	3867	1
7.384590163934425	4836	1
7.396885245901639	1994	1
7.426393442622951	8004	1
7.469726775956285	4594	1
7.4960109289617485	7185	1
7.5158469945355195	8704	1
7.525792349726776	8445	1
7.5536612021857925	8823	1
7.570437158469946	6976	1
7.651584699453552	5962	1
7.696830601092897	584	1
7.697431693989071	2433	1
7.728415300546447	8082	1
7.777814207650273	1218	1
7.782076502732241	6881	1
7.838469945355191	9980	1
7.928251366120218	8076	1
7.946284153005464	4331	1
7.974043715846994	2140	1
8.025628415300545	852	1
8.049890710382513	7184	1
8.08327868852459	7535	1
8.090928961748634	2940	1
8.109344262295082	4702	1
8.119344262295082	331	1
8.167704918032786	2864	1
8.170983606557376	3256	1
8.173989071038251	5242	1
8.232349726775956	6549	1
8.313005464480874	8164	1
8.321857923497268	792	1
8.336994535519125	9229	1
8.343989071038251	751	1
8.344098360655737	516	1
8.34672131147541	4247	1
8.408087431693989	377	1
8.418688524590165	2954	1
8.429453551912568	4626	1
8.441584699453552	2598	1
8.470491803278687	463	1
8.510273224043717	3518	1
8.532841530054645	6120	1
8.566338797814208	9547	1
8.607923497267759	8153	1
8.64448087431694	7772	1
8.650491803278689	1371	0
8.784590163934427	7595	1
8.824863387978143	7891	1
8.890819672131146	7900	1
8.898251366120219	7324	1
8.917103825136612	8791	1
8.955409836065574	8127	1
8.98672131147541	2089	1
8.990928961748633	3871	1
9.016338797814209	8475	1
9.08344262295082	8197	1
9.141256830601092	8221	1
9.14672131147541	7969	1
9.155464480874317	3653	1
9.23136612021858	8011	1
9.27584699453552	727	1
9.326284153005465	8731	1
9.354590163934425	6285	1
9.364262295081966	6514	1
9.402295081967214	9474	1
9.406994535519125	8416	1
9.40863387978142	3733	1
9.418032786885245	2363	1
9.42120218579235	4812	1
9.509890710382514	13	1
9.509890710382514	9191	1
9.51967213114754	3324	1
9.654699453551912	4481	1
9.682185792349726	7257	1
9.718032786885246	4432	1
9.755846994535519	2690	1
9.757540983606557	7226	1
9.803715846994535	9055	1
9.826284153005465	2446	1
9.843934426229508	5416	1
9.885136612021858	3656	1
9.898852459016393	5679	0
9.900655737704918	1985	1
9.924426229508196	9332	1
9.957431693989072	976	1
9.980601092896174	2734	1
10.058907103825135	8384	1
10.072677595628416	9735	1
10.097814207650272	8630	1
10.098579234972679	7706	1
10.105683060109289	2370	1
10.136994535519126	8377	1
10.193497267759563	4968	1
10.220819672131148	8885	1
10.233770491803279	2235	1
10.239289617486337	9074	1
10.245628415300546	3820	1
10.292568306010928	9428	1
10.328032786885245	1226	1
10.342950819672131	6973	1
10.384754098360656	8615	1
10.388469945355192	4902	1
10.429071038251365	708	1
10.443879781420764	1334	1
10.457704918032787	336	1
10.488032786885247	6904	1
10.507267759562842	5732	1
10.538524590163934	2941	1
10.545737704918032	5067	1
10.561693989071037	1716	1
10.629071038251364	8114	1
10.631584699453551	6057	1
10.664098360655737	5864	1
10.727978142076502	1992	1
10.773387978142077	9440	1
10.777868852459017	3109	1
10.830601092896176	9720	1
10.891967213114754	3249	1
10.950491803278688	7375	1
10.95775956284153	8322	1
10.958907103825137	6894	1
10.969508196721312	8296	1
11.02327868852459	2243	1
11.035245901639344	5635	1
11.04879781420765	7422	1
11.0548087431694	164	1
11.079890710382514	5442	1
11.079945355191256	3380	1
11.093661202185793	5456	1
11.100054644808743	6862	1
11.10551912568306	7742	1
11.22087431693989	9710	1
11.260109289617485	992	1
11.274535519125681	7399	1
11.287158469945355	1519	1
11.292131147540985	5235	1
11.331475409836067	1229	1
11.389344262295081	7201	1
11.40344262295082	4682	1
11.431420765027323	4204	1
11.435081967213113	1427	1
11.50639344262295	817	1
11.52535519125683	7313	1
11.545792349726776	7952	1
11.642185792349727	8851	1
11.661530054644809	5042	1
11.666502732240437	2293	1
11.672732240437158	2959	1
11.707814207650273	2372	1
11.709180327868852	9509	1
11.725956284153005	6273	1
11.752622950819672	4868	1
11.78846994535519	6868	1
11.805081967213114	320	1
11.839453551912568	5904	1
11.858360655737703	1300	1
11.865737704918033	7131	1
11.87950819672131	2029	1
11.89120218579235	940	1
11.900382513661203	8359	1
11.92672131147541	9539	1
11.938087431693988	1509	1
11.94191256830601	2760	1
11.947868852459017	9963	1
11.953497267759563	3367	1
11.987158469945356	9991	1
11.989398907103826	3212	1
12.000437158469945	1002	1
12.037103825136612	8982	1
12.037814207650273	3912	1
12.042732240437159	3373	1
12.052021857923497	9090	1
12.063551912568306	2111	1
12.119508196721311	3255	1
12.169398907103826	3055	1
12.16967213114754	8355	1
12.176448087431694	3917	1
12.191693989071037	8692	1
12.21502732240437	5582	1
12.259508196721312	4360	1
12.266775956284153	2260	1
12.27967213114754	4625	1
12.28535519125683	9430	1
12.30672131147541	9147	1
12.314699453551913	6606	1
12.337704918032788	1775	1
12.381475409836066	2841	1
12.383442622950819	8322	0
12.384316939890711	1717	1
12.38464480874317	7990	1
12.389071038251366	6659	1
12.39672131147541	1244	1
12.399781420765027	3710	1
12.40584699453552	4332	1
12.43191256830601	6381	1
12.439398907103824	6399	1
12.52377049180328	4664	1
12.600327868852458	944	1
12.604863387978142	841	1
12.605300546448087	370	1
12.669125683060109	9903	1
12.672131147540982	453	1
12.675846994535519	1124	1
12.737213114754098	433	1
12.796994535519124	4727	1
13.012131147540982	960	1
13.029617486338797	1208	1
13.06464480874317	7980	1
13.068251366120219	4603	1
13.07032786885246	8899	1
13.09672131147541	351	1
13.097322404371583	1975	1
13.099945355191256	5005	1
13.104972677595628	4940	1
13.108961748633881	9448	1
13.112568306010928	5479	1
13.142404371584698	8550	1
13.151530054644809	338	1
13.164043715846994	7392	1
13.181147540983607	7631	1
13.193770491803278	1303	1
13.203333333333333	5864	0
13.237868852459018	9102	1
13.283661202185792	6153	1
13.305792349726776	9399	1
13.333879781420764	4233	1
13.336448087431693	7483	1
13.428142076502732	9627	1
13.430601092896174	8906	1
13.444371584699452	2911	1
13.445573770491803	5109	1
13.465901639344262	5934	1
13.476010928961747	5344	1
13.537213114754097	5933	1
13.542240437158469	7238	1
13.559453551912569	8003	1
13.565956284153005	125	1
13.569945355191257	5496	1
13.617158469945355	602	1
13.626393442622952	5431	1
13.633333333333333	2656	1
13.640273224043716	4629	1
13.644480874316939	2070	1
13.74830601092896	2147	1
13.816885245901638	194	1
13.819562841530056	1436	1
13.828196721311476	2321	1
13.83103825136612	289	1
13.875901639344262	2444	1
13.895792349726776	6766	1
13.973114754098361	1601	1
13.978032786885246	2779	1
13.987049180327867	3729	1
13.988688524590163	7120	1
13.996010928961748	7435	1
14.000710382513661	3120	1
14.020163934426229	4938	1
14.053551912568306	3574	1
14.115081967213113	3210	1
14.118524590163934	2561	1
14.175901639344263	6035	1
14.193715846994536	7461	1
14.272349726775955	9648	1
14.277213114754097	4993	1
14.302295081967213	9089	1
14.306666666666667	2559	1
14.320437158469947	1245	1
14.390437158469945	7801	1
14.405628415300548	4157	1
14.41120218579235	1661	1
14.431693989071038	2853	1
14.447704918032786	109	1
14.448196721311476	9046	1
14.465136612021858	6315	1
14.46967213114754	5996	1
14.483169398907103	5128	1
14.616994535519126	5999	1
14.622622950819672	2540	1
14.625737704918032	3540	1
14.63639344262295	4446	1
14.701857923497267	5424	1
14.765409836065574	9681	1
14.76775956284153	1216	1
14.780218579234973	308	1
14.783825136612021	1516	1
14.835573770491802	7812	1
14.869836065573772	1367	1
14.87016393442623	8933	1
14.891038251366119	5501	1
14.901311475409836	2929	1
14.923934426229508	7991	1
14.927377049180327	2724	1
14.96502732240437	5748	1
14.983661202185791	5669	1
14.985792349726776	1512	1
15.016775956284153	9671	1
15.018360655737705	6538	1
15.102677595628416	8819	1
15.110437158469944	460	1
15.11087431693989	5680	1
15.12808743169399	7298	1
15.148306010928962	2741	1
15.177486338797813	1322	1
15.222622950819673	2621	1
15.255846994535519	4952	1
15.270437158469946	8691	1
15.34792349726776	8443	1
15.35224043715847	9599	1
15.358196721311474	7079	1
15.377431693989072	427	1
15.416939890710381	824	1
15.418743169398907	3475	1
15.424535519125682	8103	1
15.486338797814208	8794	1
15.521256830601093	5470	1
15.553879781420765	9927	1
15.572076502732239	4787	1
15.598743169398906	9480	1
15.644535519125682	2178	1
15.64743169398907	5062	1
15.686939890710383	7895	1
15.695573770491803	2620	1
15.710819672131148	7412	1
15.733333333333334	9207	1
15.739180327868853	5226	1
15.750109289617486	9319	1
15.775027322404371	5152	1
15.784262295081966	7312	1
15.790819672131148	663	1
15.80535519125683	195	1
15.815300546448087	5543	1
15.854590163934425	3803	1
15.871639344262295	7230	1
15.879617486338798	4904	1
15.891311475409836	3657	1
15.904699453551912	9804	1
15.944098360655738	8856	1
15.969945355191257	8092	1
15.976174863387978	741	1
15.987267759562842	5158	1
16.016174863387977	8581	1
16.018415300546447	4433	1
16.038032786885246	3162	1
16.0727868852459	1869	1
16.13306010928962	9824	1
16.14606557377049	88	1
16.188032786885245	9534	1
16.190109289617485	4109	1
16.199398907103824	2462	1
16.242677595628415	3371	1
16.254043715846993	9918	1
16.25825136612022	1405	1
16.26830601092896	6143	1
16.333005464480873	9323	1
16.346120218579234	1345	1
16.36879781420765	3884	1
16.40377049180328	182	1
16.45601092896175	5267	1
16.463169398907105	4516	1
16.486229508196722	5954	1
16.522185792349728	315	1
16.544972677595627	608	1
16.54568306010929	9745	1
16.569562841530054	8918	1
16.623989071038253	3753	1
16.642021857923496	5464	1
16.694699453551912	2265	1
16.706338797814208	1118	1
16.707103825136613	1043	1
16.723060109289616	2475	1
16.727650273224043	8563	1
16.74360655737705	4520	1
16.75639344262295	548	1
16.784699453551912	5216	1
16.809071038251364	5936	1
16.8779781420765	2056	1
16.88584699453552	5339	1
16.920928961748633	4017	1
16.92743169398907	7549	1
16.945901639344264	8229	1
16.992131147540984	5404	1
16.998142076502734	7232	1
17.014262295081966	6638	1
17.063224043715845	3379	1
17.111530054644806	7554	1
17.134098360655738	9000	1
17.140437158469943	829	1
17.14879781420765	3781	1
17.17688524590164	5117	1
17.189617486338797	771	1
17.199234972677594	9852	1
17.244918032786885	5435	1
17.255081967213115	7241	1
17.262841530054644	1361	1
17.286830601092895	8588	1
17.292349726775956	6591	1
17.356284153005465	4400	1
17.373606557377048	6349	1
17.37737704918033	4459	1
17.39415300546448	1862	1
17.39666666666667	5950	1
17.430655737704917	7909	1
17.466830601092898	2350	1
17.47655737704918	719	1
17.495136612021856	3117	1
17.585300546448085	7096	1
17.591967213114753	9456	1
17.59792349726776	4338	1
17.629398907103823	1030	1
17.639890710382513	3271	1
17.654699453551913	1085	1
17.654808743169397	7954	1
17.682841530054645	7193	1
17.709344262295083	7432	1
17.711584699453553	9451	1
17.75601092896175	1632	1
17.784043715846995	8081	1
17.796448087431692	9605	1
17.852349726775955	8671	1
17.907213114754096	5511	1
17.924754098360655	1586	1
17.935300546448087	8938	1
17.956666666666667	3490	1
17.966393442622948	6472	1
17.980819672131148	2195	1
17.986284153005464	4620	1
17.995300546448085	5388	1
18.024262295081964	2164	1
18.027267759562843	9459	1
18.041256830601096	5215	1
18.043060109289616	9616	1
18.06393442622951	4375	1
18.12136612021858	5990	1
18.142131147540987	7103	1
18.149125683060106	9542	1
18.16775956284153	8169	1
18.225355191256828	6563	1
18.277158469945356	4310	1
18.319125683060108	7352	1
18.34956284153005	1937	1
18.36409836065574	9129	1
18.371475409836066	1376	1
18.41590163934426	206	1
18.432349726775957	4005	1
18.448415300546447	6387	1
18.459562841530055	7815	1
18.47978142076503	1154	1
18.518251366120218	77	1
18.52918032786885	7458	1
18.597486338797815	542	1
18.620765027322406	1477	1
18.629726775956286	3798	1
18.641639344262295	8179	1
18.648688524590163	7548	1
18.69191256830601	4529	1
18.702896174863387	9199	1
18.81737704918033	2180	1
18.838579234972677	5833	1
18.955409836065574	1688	1
18.9972131147541	7828	1
19.001147540983606	9528	1
19.01655737704918	5903	1
19.039016393442623	9553	1
19.04639344262295	6799	1
19.05174863387978	9084	1
19.06601092896175	4862	1
19.122404371584697	106	1
19.136120218579233	668	1
19.143224043715843	2768	1
19.166120218579234	2324	1
19.192021857923496	1708	1
19.227540983606556	6217	1
19.24896174863388	6148	1
19.303497267759564	4146	1
19.345300546448087	7402	1
19.473169398907103	7867	1
19.481256830601094	6288	1
19.492568306010927	2594	1
19.51792349726776	7837	1
19.528360655737707	9131	1
19.540218579234974	7300	1
19.57497267759563	6480	1
19.601311475409833	7580	1
19.66601092896175	5276	1
19.677158469945354	9053	1
19.688524590163933	3046	1
19.689453551912568	3593	1
19.7127868852459	2048	1
19.73398907103825	3415	1
19.813497267759562	7844	1
19.82650273224044	2467	1
19.851475409836063	4896	1
19.887267759562842	4583	1
19.908196721311473	3542	1
19.914207650273227	9902	1
19.924207650273225	7718	1
19.980054644808742	2540	0
20.048961748633882	4082	1
20.060874316939888	4294	1
20.088907103825136	6572	1
20.101092896174862	414	1
20.12934426229508	5621	1
20.13770491803279	5805	1
20.145081967213116	8719	1
20.202349726775953	6590	1
20.255792349726775	1743	1
20.26344262295082	8601	1
20.28169398907104	1856	1
20.28256830601093	2843	1
20.28830601092896	6320	1
20.321639344262294	3800	1
20.32469945355191	2718	1
20.35945355191257	4491	1
20.36005464480874	724	1
20.39710382513661	8779	1
20.39945355191257	3360	1
20.4075956284153	7674	1
20.483551912568306	7214	1
20.485901639344263	575	1
20.500437158469946	2828	1
20.501803278688524	5821	1
20.51622950819672	6248	1
20.521803278688527	1418	1
20.554371584699453	5777	1
20.588196721311473	4016	1
20.596065573770492	5773	1
20.66032786885246	2025	1
20.68912568306011	5214	1
20.701803278688526	2001	1
20.707650273224044	1952	1
20.708743169398907	2653	1
20.718524590163934	597	1
20.72453551912568	6783	1
20.73857923497268	9475	1
20.764480874316938	9579	1
20.774972677595628	7249	1
20.777540983606556	1014	1
20.786885245901637	8612	1
20.801092896174865	3527	1
20.81551912568306	5657	1
20.88360655737705	9492	1
20.886120218579237	2474	1
20.902622950819673	4163	1
20.906502732240437	6162	1
20.91486338797814	4369	1
20.929562841530053	1264	1
20.934426229508194	4278	1
20.937759562841528	2901	1
20.97601092896175	5535	1
20.98103825136612	4153	1
21.044371584699455	5513	1
21.050054644808746	903	1
21.063060109289616	2102	0
21.100437158469944	1031	1
21.15639344262295	9893	1
21.168032786885245	2087	1
21.188415300546446	8663	1
21.18994535519126	1437	1
21.21071038251366	6917	1
21.217322404371583	97	1
21.217322404371583	1129	1
21.266775956284153	8717	1
21.27841530054645	3284	1
21.300928961748635	2826	1
21.311912568306013	7504	1
21.32071038251366	1151	1
21.33136612021858	1156	1
21.340273224043717	5488	1
21.3527868852459	4406	1
21.448142076502734	6950	1
21.51213114754098	5690	1
21.53289617486339	1804	1
21.536065573770493	7427	1
21.541803278688523	9815	1
21.543224043715846	5475	1
21.546994535519126	6513	1
21.59978142076503	5168	1
21.60191256830601	9161	1
21.62049180327869	1851	1
21.63191256830601	8124	1
21.64393442622951	4994	1
21.694262295081966	5275	1
21.696010928961748	8993	1
21.73650273224044	6576	1
21.765901639344264	9309	1
21.792295081967215	7869	1
21.810437158469945	3217	1
21.839344262295082	7459	1
21.858415300546447	8088	1
21.891147540983606	8263	1
21.89174863387978	3881	1
21.89256830601093	3926	1
21.928360655737706	6463	1
21.970437158469945	1973	1
21.985792349726776	6117	1
21.996174863387978	7968	1
21.998415300546448	5089	1
22.044535519125684	1634	1
22.053989071038252	1508	1
22.074918032786883	5176	1
22.089125683060107	5356	1
22.10180327868852	4925	1
22.106393442622952	9623	1
22.13295081967213	4450	1
22.16863387978142	731	1
22.176502732240436	3460	1
22.188032786885245	9331	1
22.212841530054643	4960	1
22.248142076502734	8120	1
22.312513661202185	2672	1
22.314808743169397	8536	1
22.349453551912568	3126	1
22.37136612021858	5729	1
22.387486338797814	7568	1
22.452021857923494	4301	1
22.4827868852459	3544	1
22.51857923497268	8232	1
22.525409836065574	4818	1
22.528743169398908	631	1
22.535245901639342	8069	1
22.61830601092896	1209	1
22.621967213114754	7347	1
22.64065573770492	6621	1
22.645628415300546	1580	1
22.676885245901637	633	1
22.699125683060107	6931	1
22.720601092896175	9173	1
22.739071038251364	4361	1
22.740819672131146	4472	1
22.743005464480877	8284	1
22.751256830601093	1633	1
22.751967213114757	6562	1
22.784754098360654	1333	1
22.81153005464481	3583	1
22.816284153005466	7578	1
22.81945355191257	5125	1
22.827158469945353	5871	1
22.838196721311476	8235	1
22.850382513661202	2578	1
22.855136612021855	1706	1
22.855245901639343	2791	1
22.90792349726776	9665	1
22.91846994535519	8747	1
22.92234972677596	5743	1
22.965245901639342	9140	1
22.98502732240437	5448	1
23.045519125683057	3033	1
23.04672131147541	5811	1
23.059562841530056	3429	1
23.068579234972677	3621	1
23.108633879781422	3405	1
23.16896174863388	634	1
23.18901639344262	973	1
23.208032786885244	6587	1
23.256830601092897	4266	1
23.321748633879782	9390	1
23.324754098360657	3861	1
23.344426229508198	1109	1
23.347650273224044	9044	1
23.35420765027322	6916	1
23.395573770491804	1918	1
23.47311475409836	2256	1
23.49622950819672	3266	1
23.500601092896172	3679	1
23.50333333333333	8270	1
23.59273224043716	3420	1
23.60535519125683	6628	1
23.659617486338796	7563	1
23.662841530054646	5034	1
23.664918032786886	7262	1
23.671584699453554	3981	1
23.674316939890712	9507	1
23.691147540983607	6965	1
23.69568306010929	3702	1
23.718415300546447	5817	1
23.756120218579234	5786	1
23.78934426229508	5633	1
23.794043715846996	7474	1
23.808852459016396	7845	1
23.827213114754098	6944	1
23.837377049180326	4846	1
23.846666666666668	3045	1
23.900655737704916	4474	1
24.001803278688524	8244	1
24.03497267759563	6303	1
24.0375956284153	2120	1
24.04377049180328	9206	1
24.07415300546448	1873	1
24.07584699453552	410	1
24.079071038251364	7819	1
24.091092896174864	5715	1
24.108360655737705	7411	1
24.115737704918033	3439	1
24.13245901639344	6420	1
24.180983606557376	8949	1
24.20120218579235	9143	1
24.20437158469945	3833	1
24.225300546448086	1916	1
24.226502732240437	4765	1
24.291147540983605	4547	1
24.30103825136612	8057	1
24.3072131147541	1609	1
24.334098360655737	3400	1
24.387540983606556	7179	1
24.432513661202186	3966	1
24.44016393442623	1136	1
24.445956284153006	5274	1
24.47338797814208	6939	1
24.501693989071036	5795	1
24.51950819672131	1854	1
24.62912568306011	8880	1
24.633879781420767	8858	1
24.700928961748634	7777	1
24.71950819672131	8156	1
24.74431693989071	4183	1
24.75688524590164	1492	1
24.77054644808743	7180	1
24.77825136612022	9946	1
24.795464480874315	2491	1
24.808633879781418	5118	1
24.81918032786885	3503	1
24.85311475409836	3391	1
24.86808743169399	7987	1
24.880218579234974	6314	1
24.920546448087432	3655	1
24.923005464480873	9683	1
24.94295081967213	4113	1
25.007158469945356	4358	1
25.036010928961748	1658	1
25.056393442622948	2	1
25.059016393442626	2551	1
25.098524590163933	335	1
25.09928961748634	9151	1
25.110928961748634	3209	1
25.113169398907104	6184	1
25.11693989071038	1179	1
25.119453551912567	3688	1
25.13174863387978	5944	1
25.139016393442624	5907	1
25.13983606557377	1781	1
25.1475956284153	3034	1
25.15622950819672	2149	1
25.189890710382514	4256	1
25.237049180327865	2995	1
25.240491803278687	6995	1
25.24546448087432	6961	1
25.257322404371585	6278	1
25.259672131147543	4362	1
25.277704918032786	7409	1
25.28360655737705	1432	1
25.299562841530054	8493	1
25.317978142076505	4395	1
25.329453551912568	2976	1
25.336338797814207	7034	1
25.34	7997	1
25.347650273224044	8106	1
25.347868852459015	3455	1
25.348087431693987	4778	1
25.364371584699455	651	1
25.372677595628417	8382	1
25.372841530054647	2357	1
25.379234972677594	3601	1
25.406065573770494	9278	1
25.414207650273223	4716	1
25.419234972677597	3231	1
25.427650273224042	8682	1
25.477868852459014	4537	1
25.480054644808746	5708	1
25.496775956284154	9441	1
25.503879781420764	5579	1
25.505683060109288	1035	1
25.51049180327869	8862	1
25.51087431693989	1624	1
25.51136612021858	8016	1
25.520273224043716	691	1
25.538306010928963	5079	1
25.543551912568304	7444	1
25.566557377049183	3921	1
25.588251366120218	2214	1
25.604043715846995	9561	1
25.629836065573773	832	1
25.639234972677595	5223	1
25.663333333333334	3175	1
25.664426229508194	9998	1
25.66551912568306	2763	1
25.668306010928962	9716	1
25.676448087431694	2155	1
25.687923497267757	2074	1
25.693169398907102	8185	1
25.7175956284153	9095	1
25.738415300546446	1576	1
25.77229508196721	225	1
25.805956284153005	4385	1
25.81	1997	1
25.830218579234973	56	1
25.83142076502732	7123	1
25.847486338797815	630	1
25.84792349726776	8971	1
25.861420765027322	4452	1
25.8751912568306	100	1
25.882021857923498	5868	1
25.882622950819673	1257	1
25.900765027322404	5165	1
25.910710382513663	3355	1
25.913169398907105	3751	1
25.91918032786885	5799	1
25.92136612021858	1972	1
25.927978142076505	9250	1
25.964918032786883	9653	1
25.970491803278687	5287	1
25.982131147540983	544	1
25.98934426229508	230	1
25.993497267759565	312	1
26.00617486338798	6392	1
26.00830601092896	2950	1
26.01327868852459	9102	0
26.028196721311478	2910	1
26.040765027322404	3021	1
26.045300546448086	3630	1
26.06136612021858	7345	1
26.087322404371584	9358	1
26.09453551912568	3539	1
26.098196721311478	6837	1
26.098907103825134	662	1
26.106448087431694	7854	1
26.12071038251366	1835	1
26.163060109289617	7054	1
26.16464480874317	5174	1
26.167213114754098	9984	1
26.179234972677595	9041	1
26.180655737704917	8977	1
26.2179781420765	7030	1
26.228907103825133	6769	1
26.256338797814205	503	1
26.258852459016392	7173	1
26.262786885245898	6334	1
26.281092896174865	4014	1
26.293715846994534	3083	1
26.33224043715847	3761	1
26.335191256830598	7846	1
26.354480874316938	6972	1
26.366502732240438	9296	1
26.36934426229508	4673	1
26.385683060109287	1497	1
26.394043715846994	9359	1
26.399234972677597	6083	1
26.416010928961747	3982	1
26.41775956284153	5324	1
26.424098360655737	9122	1
26.428524590163935	9416	1
26.455409836065574	6193	1
26.474590163934426	1461	1
26.50431693989071	6262	1
26.52956284153005	6032	1
26.537650273224042	3148	1
26.54136612021858	4074	1
26.543497267759562	2313	1
26.54415300546448	9470	1
26.56377049180328	9925	1
26.574590163934428	2572	1
26.575027322404374	6834	1
26.594043715846993	8551	1
26.606775956284153	8748	1
26.637158469945355	5300	1
26.64934426229508	7934	1
26.649562841530052	7042	1
26.670655737704916	6219	1
26.67311475409836	9732	1
26.703770491803276	6041	1
26.708469945355194	8061	1
26.72486338797814	6085	1
26.72655737704918	5821	0
26.74049180327869	6204	1
26.747814207650272	6393	1
26.766666666666666	7271	1
26.784918032786887	5229	1
26.79262295081967	6971	1
26.80218579234973	8866	1
26.808360655737705	6111	1
26.80967213114754	3863	1
26.809945355191257	515	1
26.83551912568306	3342	1
26.838852459016394	8492	1
26.847759562841528	6753	1
26.85743169398907	599	1
26.86016393442623	8651	1
26.865573770491803	5995	1
26.86950819672131	2415	1
26.886994535519126	4556	1
26.891092896174865	5378	1
26.89273224043716	8131	1
26.90295081967213	7996	1
26.910273224043713	4499	1
26.912295081967212	4333	1
26.938142076502732	5963	1
26.962349726775955	3874	1
26.96262295081967	2987	1
26.970109289617486	3713	1
26.981693989071037	5363	1
26.98775956284153	4793	1
26.988743169398905	4532	1
26.999180327868853	6926	1
27.017213114754096	2476	1
27.025409836065574	9117	1
27.02710382513661	415	1
27.050218579234972	465	1
27.05497267759563	5752	1
27.08530054644809	8512	1
27.156174863387978	2282	1
27.180601092896175	6554	1
27.203169398907104	5603	1
27.211693989071037	8276	1
27.214918032786887	6686	1
27.21765027322404	261	1
27.21775956284153	6446	1
27.219016393442622	1919	1
27.235792349726776	5230	1
27.26754098360656	7727	1
27.31601092896175	935	1
27.360382513661204	6839	1
27.38005464480874	2648	1
27.39049180327869	3886	1
27.396666666666665	2859	1
27.428142076502734	6169	1
27.493387978142078	4961	1
27.49655737704918	1439	1
27.5048087431694	4916	1
27.532076502732238	5312	1
27.537650273224042	3843	1
27.55486338797814	3189	1
27.57524590163934	9523	1
27.581967213114755	7973	1
27.60360655737705	1925	1
27.61601092896175	5292	1
27.648196721311475	5097	1
27.706830601092896	8078	1
27.739398907103823	2518	1
27.82524590163934	2411	1
27.83918032786885	6605	1
27.850928961748632	5947	1
27.8551912568306	3823	1
27.860765027322405	2607	1
27.90398907103825	3273	1
27.925245901639343	9977	1
27.926010928961748	8674	1
27.938852459016395	4327	1
27.94464480874317	615	1
27.949726775956282	5003	1
27.952349726775957	3044	1
27.960819672131148	2894	1
27.970601092896175	7913	1
28.010601092896174	5327	1
28.025519125683058	6519	1
28.04415300546448	7802	1
28.074426229508195	759	1
28.07972677595628	7353	1
28.08808743169399	1102	1
28.093442622950818	5875	1
28.10655737704918	297	1
28.112732240437158	9486	1
28.125464480874314	2244	1
28.12633879781421	7143	1
28.12857923497268	9003	1
28.14295081967213	3052	1
28.147814207650274	4013	1
28.148415300546446	5278	1
28.209234972677596	715	1
28.21765027322404	5617	1
28.217704918032787	6133	1
28.220765027322404	5552	1
28.22360655737705	471	1
28.22945355191257	9048	1
28.233497267759564	2762	1
28.23431693989071	1549	1
28.243551912568307	9640	1
28.249890710382513	7270	1
28.257377049180327	9805	1
28.318743169398907	2253	1
28.34896174863388	17	1
28.37103825136612	63	1
28.37497267759563	5373	1
28.382349726775956	5959	1
28.387759562841527	9313	1
28.40486338797814	4018	1
28.4124043715847	4285	1
28.421857923497267	2946	1
28.434207650273223	6386	1
28.437158469945356	6891	1
28.450437158469946	1725	1
28.461147540983607	7166	1
28.465792349726772	5189	1
28.48245901639344	4577	1
28.51366120218579	4956	1
28.513879781420766	3268	1
28.5624043715847	2006	1
28.570054644808742	5747	1
28.579398907103826	9847	1
28.582021857923497	5835	1
28.588251366120218	1295	1
28.590491803278688	4606	1
28.59601092896175	7331	1
28.597540983606557	2179	1
28.60535519125683	27	1
28.613387978142075	2298	1
28.615136612021857	2379	1
28.61743169398907	9622	1
28.618688524590162	8506	1
28.624918032786887	6698	1
28.63098360655738	7841	1
28.636448087431692	4525	1
28.64415300546448	5545	1
28.652841530054644	4675	1
28.653497267759562	4495	1
28.657486338797813	4250	1
28.663278688524592	6136	1
28.664863387978144	8113	1
28.67808743169399	3392	1
28.681475409836064	9575	1
28.687377049180327	4884	1
28.70158469945355	9655	1
28.70524590163934	7426	1
28.706120218579237	1448	1
28.742786885245902	5860	1
28.754371584699452	6924	1
28.76420765027322	4463	1
28.77606557377049	5948	1
28.796120218579233	8849	1
28.799453551912567	7288	1
28.810928961748633	4573	1
28.815136612021856	7321	1
28.820054644808742	1227	1
28.83868852459016	5754	1
28.84448087431694	8167	1
28.87967213114754	5612	1
28.89158469945355	5449	1
28.901256830601092	4880	1
28.92426229508197	1529	1
28.931584699453552	9478	1
28.936502732240438	5270	1
28.95382513661202	6449	1
28.960928961748632	4641	1
28.99693989071038	304	1
28.99918032786885	7379	1
29.007158469945356	8812	1
29.01360655737705	7308	1
29.01781420765027	1833	1
29.038415300546447	4245	1
29.045355191256828	2264	1
29.04863387978142	6360	1
29.062786885245902	2546	1
29.06710382513661	6190	1
29.069508196721312	3565	1
29.079453551912568	4196	1
29.09726775956284	7354	1
29.144098360655736	8978	1
29.148743169398905	5439	1
29.15087431693989	5783	1
29.158524590163935	2833	1
29.16710382513661	6000	1
29.176120218579232	8040	1
29.211912568306012	9328	1
29.21710382513661	6186	1
29.22158469945355	2704	1
29.26967213114754	2616	1
29.281639344262295	3652	1
29.293879781420763	5426	1
29.294863387978143	9100	1
29.295573770491803	5070	1
29.30486338797814	7729	1
29.335300546448085	8890	1
29.363879781420767	2055	1
29.38	8687	1
29.384590163934423	2269	1
29.41409836065574	9725	1
29.424207650273225	4666	1
29.45639344262295	4106	1
29.474371584699455	9931	1
29.47863387978142	7441	1
29.494918032786885	7269	1
29.520601092896175	3123	1
29.52918032786885	898	1
29.536010928961748	4297	1
29.537704918032784	7469	1
29.543224043715846	1949	1
29.559617486338798	9335	1
29.56934426229508	4439	1
29.573224043715847	3394	1
29.579836065573772	6043	1
29.609781420765028	2220	1
29.61322404371585	8846	1
29.618142076502732	1866	1
29.62071038251366	1545	1
29.6244262295082	6256	1
29.63054644808743	4350	1
29.64333333333333	8334	1
29.672841530054644	6574	1
29.679617486338795	1082	1
29.68912568306011	4240	1
29.71819672131147	7739	1
29.718907103825135	7767	1
29.73136612021858	3596	1
29.733005464480872	8710	1
29.74311475409836	5444	1
29.752349726775954	4945	1
29.76502732240437	5037	1
29.784043715846995	1938	1
29.80032786885246	3684	1
29.837267759562838	6568	1
29.859726775956283	6366	1
29.89256830601093	3321	1
29.90573770491803	2706	1
29.935792349726775	565	1
29.95229508196721	4208	1
29.955683060109287	5987	1
29.962349726775955	4212	1
29.976502732240437	2436	1
29.983060109289617	6958	1
29.985792349726776	8541	1
29.993387978142078	4066	1
30.00639344262295	7616	1
30.008579234972675	9992	1
30.0196174863388	3240	1
30.020655737704917	793	1
30.023770491803276	3489	1
30.038688524590164	3229	1
30.080327868852457	1642	1
30.103770491803278	7993	1
30.110273224043716	4324	1
30.110983606557376	3793	1
30.132459016393444	132	1
30.13437158469945	6673	1
30.14125683060109	5145	1
30.14185792349727	5500	1
30.143442622950822	8304	1
30.1624043715847	6809	1
30.16273224043716	6846	1
30.168251366120217	9783	1
30.18092896174863	1649	1
30.186994535519123	6135	1
30.210983606557374	8713	1
30.259726775956285	8579	1
30.266666666666666	6600	1
30.2824043715847	9256	1
30.28896174863388	6847	1
30.300983606557377	3870	1
30.31327868852459	8592	1
30.315956284153003	1698	1
30.328032786885245	1558	1
30.334207650273225	7571	1
30.341475409836065	4540	1
30.34311475409836	7668	1
30.381803278688526	7398	1
30.386065573770495	2001	0
30.395956284153005	8729	1
30.396393442622948	7442	1
30.422240437158468	11	1
30.455245901639344	1855	1
30.461311475409836	7897	1
30.46262295081967	6949	1
30.46409836065574	9994	1
30.467814207650274	7192	1
30.472786885245903	7536	1
30.48808743169399	1911	1
30.509453551912568	9026	1
30.536010928961748	671	1
30.556174863387977	4108	1
30.566174863387978	8271	1
30.586120218579232	680	1
30.61464480874317	1845	1
30.617431693989072	4536	1
30.636994535519126	750	1
30.661967213114753	5536	1
30.67644808743169	1850	1
30.690928961748636	2962	1
30.6975956284153	7215	1
30.71650273224044	9322	1
30.730054644808742	9088	1
30.756666666666668	6073	1
30.757868852459016	2206	1
30.80273224043716	7482	1
30.80273224043716	1555	1
30.825136612021858	4488	1
30.84928961748634	7349	1
30.85983606557377	4394	1
30.87655737704918	9983	1
30.892841530054643	517	1
30.894153005464478	7654	1
30.896284153005464	5241	1
30.8972131147541	6672	1
30.897322404371582	5883	1
30.91874316939891	532	1
30.925081967213114	9408	1
30.94295081967213	3668	1
30.9551912568306	3954	1
30.962295081967213	8716	1
30.98928961748634	4056	1
31.01464480874317	8966	1
31.016448087431694	7717	1
31.023661202185792	251	1
31.029890710382514	6093	1
31.04136612021858	632	1
31.082185792349726	8353	1
31.083934426229508	1139	1
31.09245901639344	7178	1
31.09622950819672	2420	1
31.104754098360655	7251	1
31.1375956284153	8628	1
31.146174863387976	7676	1
31.147486338797812	8188	1
31.161693989071036	9822	1
31.186830601092897	3924	1
31.209562841530055	4611	1
31.22655737704918	8412	1
31.232841530054646	7808	1
31.244754098360655	1623	1
31.250273224043717	5549	1
31.26311475409836	1263	1
31.301475409836065	9462	1
31.327267759562844	6112	1
31.358524590163935	7428	1
31.372677595628414	3927	1
31.37448087431694	3239	1
31.46606557377049	4197	1
31.467540983606558	2631	1
31.47174863387978	5248	1
31.48967213114754	1926	1
31.491584699453554	4265	1
31.496666666666666	4776	1
31.508032786885245	8923	1
31.509617486338797	8924	1
31.51054644808743	7816	1
31.51852459016393	9253	1
31.52185792349727	2560	1
31.52688524590164	4220	1
31.536775956284153	1228	1
31.570819672131147	8985	1
31.57311475409836	5905	1
31.577486338797815	3721	1
31.61901639344262	421	1
31.625956284153006	2923	1
31.640928961748635	2377	1
31.647486338797812	4421	1
31.673333333333332	6060	1
31.689071038251367	1173	1
31.695191256830597	7338	1
31.706775956284154	7420	1
31.711748633879782	4329	1
31.722950819672132	2421	1
31.740491803278687	9859	1
31.75693989071038	1511	1
31.76191256830601	2469	1
31.765573770491805	6158	1
31.76852459016393	2435	1
31.79213114754098	6214	1
31.813497267759562	2273	1
31.816174863387978	9213	1
31.835027322404372	6781	1
31.839945355191258	5251	1
31.851912568306012	8683	1
31.884972677595627	8632	1
31.88606557377049	1699	1
31.886612021857925	8685	1
31.88868852459016	9850	1
31.889890710382513	6813	1
31.91256830601093	2739	1
31.98092896174863	4191	1
31.981420765027323	4623	1
31.987704918032787	6253	1
32.01912568306011	1308	1
32.044371584699455	223	1
32.049945355191255	1152	1
32.08005464480874	5637	1
32.08857923497268	2251	1
32.09765027322404	5340	1
32.105628415300544	8944	1
32.17437158469945	7586	1
32.19054644808743	2994	1
32.20934426229508	4306	1
32.212349726775955	8204	1
32.22967213114754	286	1
32.22978142076503	535	1
32.235628415300546	5297	1
32.274480874316936	5739	1
32.28688524590164	1460	1
32.30437158469945	8039	1
32.31666666666666	3182	1
32.32289617486339	8773	1
32.32573770491803	3855	1
32.3348087431694	7437	1
32.35207650273224	6530	1
32.36535519125683	5149	1
32.373661202185794	9643	1
32.38393442622951	1130	1
32.38967213114754	7786	1
32.39065573770492	1616	1
32.423497267759565	873	1
32.428360655737706	2813	1
32.44349726775956	6951	1
32.44644808743169	2327	1
32.44896174863388	5767	1
32.45846994535519	8813	1
32.48284153005464	6713	1
32.490546448087436	8419	1
32.53770491803279	6410	1
32.55366120218579	6677	1
32.56486338797814	8838	1
32.57398907103825	3974	1
32.60956284153006	5211	1
32.61229508196721	7803	1
32.61349726775956	8793	1
32.63743169398907	3356	1
32.653224043715845	1522	1
32.65704918032787	483	1
32.670928961748636	4997	1
32.685792349726775	8865	1
32.6935519125683	9307	1
32.7044262295082	8641	1
32.70704918032787	5614	1
32.73142076502732	2821	1
32.76016393442623	2322	1
32.78606557377049	3510	1
32.7896174863388	4103	1
32.80551912568306	5547	1
32.81765027322405	2746	1
32.82027322404372	981	1
32.825300546448084	5971	1
32.830601092896174	8853	1
32.858688524590164	7572	1
32.8596174863388	3362	1
32.87377049180328	3085	1
32.87393442622951	4268	1
32.88775956284153	4010	1
32.906994535519125	4773	1
32.9303825136612	7118	1
32.94857923497268	5259	1
32.951147540983605	6745	1
32.96393442622951	2325	1
32.97459016393443	3220	1
32.97524590163935	7119	1
32.99956284153005	2331	1
33.028633879781424	7974	1
33.056666666666665	6088	1
33.06912568306011	894	1
33.08617486338798	8199	1
33.116174863387975	848	1
33.13863387978142	7110	1
33.149562841530056	4496	1
33.160710382513656	8472	1
33.16573770491803	725	1
33.16693989071038	9518	1
33.167103825136614	6017	1
33.186612021857925	9366	1
33.18775956284153	246	1
33.23229508196721	6743	1
33.2368306010929	1120	1
33.24360655737705	4185	1
33.25180327868852	212	1
33.26	9237	1
33.26344262295082	4445	1
33.29	2500	1
33.30174863387978	2819	1
33.32142076502733	147	1
33.34415300546448	7530	1
33.34693989071038	9679	1
33.359890710382516	9730	1
33.36754098360656	4224	1
33.36901639344262	6048	1
33.380819672131146	8879	1
33.3992349726776	7762	1
33.39994535519126	1517	1
33.405792349726774	170	1
33.4083606557377	9374	1
33.41885245901639	7187	1
33.45912568306011	3877	1
33.459398907103825	8948	1
33.4624043715847	6066	1
33.46901639344262	8459	1
33.47453551912568	7371	1
33.47568306010929	5243	1
33.475901639344265	7723	1
33.48087431693989	6103	1
33.48650273224044	5641	1
33.50491803278688	4050	1
33.52437158469945	4246	1
33.54387978142076	9385	1
33.55	7183	1
33.55114754098361	175	1
33.55398907103825	6657	1
33.56054644808743	7523	1
33.56748633879781	1259	1
33.56852459016394	2217	1
33.57114754098361	1466	1
33.57743169398907	8035	1
33.59573770491803	1606	1
33.61103825136612	978	1
33.61338797814207	2840	1
33.61612021857923	5329	1
33.635956284153	4449	1
33.63655737704918	488	1
33.657704918032785	9120	1
33.675956284153	4851	1
33.69245901639344	9145	1
33.693333333333335	5447	1
33.69786885245902	6969	1
33.69846994535519	1494	1
33.70612021857924	9076	1
33.70890710382513	6835	1
33.71448087431694	703	1
33.746775956284154	4745	1
33.76016393442623	2464	1
33.76300546448088	6367	1
33.76956284153005	3197	1
33.80366120218579	8743	1
33.855956284153	4947	1
33.857650273224046	9170	1
33.896885245901636	3453	1
33.89934426229508	1674	1
33.90202185792349	9014	1
33.96327868852459	3238	1
33.96672131147541	7293	1
33.96748633879781	1718	1
33.972841530054644	1900	1
33.99213114754098	9154	1
33.9931693989071	7075	1
34.016612021857924	7383	1
34.07672131147541	2428	1
34.08163934426229	9019	1
34.09120218579235	2306	1
34.097103825136614	6627	1
34.10382513661202	8241	1
34.10524590163934	3523	1
34.12846994535519	4551	1
34.13136612021858	8500	1
34.148415300546446	7855	1
34.14939890710382	5249	1
34.16191256830601	5451	1
34.17803278688525	6978	1
34.180218579234975	876	1
34.184262295081965	4645	1
34.198196721311476	9827	1
34.2144262295082	2394	1
34.21715846994535	2050	1
34.224644808743165	8314	1
34.22551912568306	8442	1
34.24398907103825	2541	1
34.31021857923497	9482	1
34.317540983606555	7008	1
34.3435519125683	5099	1
34.36114754098361	5468	1
34.362076502732236	9204	1
34.37775956284153	5821	1
34.383825136612025	3872	1
34.38868852459016	9923	1
34.39377049180328	1822	1
34.40087431693989	9775	1
34.40338797814208	9316	1
34.41071038251366	2922	1
34.41688524590164	6100	1
34.44289617486339	7770	1
34.45748633879781	3261	1
34.458579234972674	7393	1
34.46994535519126	5813	1
34.46994535519126	5279	1
34.48142076502732	818	1
34.49404371584699	5541	1
34.49846994535519	8954	1
34.504972677595624	4170	1
34.53174863387978	2227	1
34.538415300546454	3824	1
34.538688524590164	8015	1
34.556994535519124	2226	1
34.56021857923497	2212	1
34.58530054644809	9558	1
34.604590163934425	3645	1
34.60590163934427	8234	1
34.61863387978142	2097	1
34.62568306010929	2490	1
34.62639344262295	7141	1
34.661366120218574	7920	1
34.68142076502732	701	1
34.708579234972674	1840	1
34.72803278688525	130	1
34.75016393442623	1842	1
34.76546448087432	6350	1
34.769672131147544	6436	1
34.79125683060109	440	1
34.80234972677596	243	1
34.80672131147541	8544	1
34.81109289617486	3133	1
34.82754098360655	5114	1
34.83262295081967	5219	1
34.83273224043716	3805	1
34.84180327868852	1158	1
34.85956284153006	1535	1
34.860491803278684	5519	1
34.91502732240438	7071	1
34.93792349726776	4073	1
34.94333333333333	7443	1
34.96633879781421	4998	1
34.972131147540985	3767	1
34.97387978142076	6149	1
34.980273224043714	4213	1
34.98349726775956	8572	1
34.99497267759563	566	1
35.05994535519125	5406	1
35.06109289617486	2486	1
35.07601092896175	2955	1
35.07775956284153	3968	1
35.078469945355195	4326	1
35.090765027322405	4232	1
35.09508196721312	3079	1
35.09928961748634	9784	1
35.11830601092896	8453	1
35.128142076502726	3207	1
35.16234972677596	8570	1
35.22502732240437	9013	1
35.23016393442623	6362	1
35.26120218579235	7064	1
35.27546448087432	1176	1
35.27852459016393	8145	1
35.28338797814208	8808	1
35.28480874316939	6157	1
35.28994535519126	2906	1
35.29710382513662	9563	1
35.31327868852458	2390	1
35.319398907103825	1471	1
35.32535519125683	5847	1
35.35918032786885	1380	1
35.43344262295082	864	1
35.472131147540985	5580	1
35.50327868852459	6814	1
35.516174863387974	8394	1
35.5531693989071	4122	1
35.56169398907103	7756	1
35.56808743169399	4690	1
35.568633879781416	6533	1
35.59431693989071	4003	1
35.60562841530055	4021	1
35.611256830601086	5951	1
35.6172131147541	8431	1
35.61907103825137	6216	1
35.62327868852459	4137	1
35.63688524590164	7413	1
35.63934426229508	6795	1
35.66382513661202	8149	1
35.69459016393443	5602	1
35.700054644808745	6666	1
35.704535519125685	8491	1
35.72901639344262	7381	1
35.73989071038252	8468	1
35.741256830601095	8047	1
35.753606557377054	7971	1
35.81448087431694	6033	1
35.836557377049175	4672	1
35.8416393442623	9752	1
35.84765027322404	5040	1
35.85448087431694	7503	1
35.86229508196722	8224	1
35.88349726775956	6729	1
35.88546448087432	5381	1
35.90289617486339	8900	1
35.9575956284153	345	1
35.97005464480874	7999	1
35.97092896174863	7956	1
35.98021857923497	8658	1
35.98874316939891	353	1
36.01415300546448	6765	1
36.01748633879781	9336	1
36.01912568306011	5007	1
36.024863387978144	8243	1
36.04120218579235	364	1
36.05382513661202	4274	1
36.05530054644809	7904	1
36.05584699453552	8473	1
36.08874316939891	7977	1
36.101639344262296	6405	1
36.10284153005464	8599	1
36.11409836065574	9141	1
36.1264480874317	8152	1
36.13704918032787	2835	1
36.14065573770492	9840	1
36.14103825136612	9698	1
36.146885245901636	8943	1
36.15743169398907	7605	1
36.17344262295082	8364	1
36.18710382513661	6786	1
36.211967213114754	4821	1
36.222513661202186	1464	1
36.240437158469945	6082	1
36.24213114754098	5983	1
36.24786885245902	9038	1
36.24786885245902	827	1
36.253442622950814	7149	1
36.275628415300545	7820	1
36.27661202185793	8519	1
36.29775956284153	9411	1
36.32229508196721	5408	1
36.35513661202186	7959	1
36.365191256830606	5148	1
36.37098360655738	2687	1
36.39180327868853	3894	1
36.39737704918033	1163	1
36.403224043715845	1343	1
36.411420765027316	9092	1
36.42	40	1
36.43890710382514	3896	1
36.445956284153	8136	1
36.455956284153004	4028	1
36.46469945355191	1051	1
36.4692349726776	5250	1
36.491256830601095	401	1
36.496557377049186	4364	1
36.49808743169399	9269	1
36.5051912568306	3314	1
36.51901639344262	7467	1
36.557486338797816	9658	1
36.561857923497264	1745	1
36.565355191256835	8655	1
36.58415300546448	5203	1
36.587322404371584	5357	1
36.59863387978142	1054	1
36.61382513661202	1755	1
36.619180327868854	5935	1
36.62644808743169	5153	1
36.63010928961749	4386	1
36.64431693989071	9811	1
36.65972677595629	7240	1
36.66382513661202	537	1
36.665901639344256	9418	1
36.68633879781421	6914	1
36.687704918032786	5592	1
36.68781420765027	254	1
36.68967213114754	9576	1
36.70437158469946	2408	1
36.70983606557377	2041	1
36.72120218579235	7074	1
36.72262295081967	3038	1
36.73693989071038	4357	1
36.737158469945356	7745	1
36.75825136612021	8275	1
36.7603825136612	4873	1
36.76349726775956	6074	1
36.813387978142075	1338	1
36.81994535519125	6790	1
36.82360655737705	4141	1
36.83180327868852	6092	1
36.834699453551906	8186	1
36.844426229508194	3947	1
36.851147540983604	6642	1
36.86081967213114	7809	1
36.87169398907104	2098	1
36.874098360655736	6512	1
36.8903825136612	3570	1
36.8951912568306	2119	1
36.91224043715847	9289	1
36.9143169398907	7205	1
36.92289617486339	95	1
36.94502732240437	9861	1
36.96857923497268	8486	1
37.000601092896176	5820	1
37.02256830601093	2936	1
37.02273224043716	8059	1
37.05377049180328	2034	1
37.06103825136612	8800	1
37.06147540983606	7733	1
37.0779781420765	5699	1
37.08464480874317	3296	1
37.103879781420765	7737	1
37.13469945355191	766	1
37.15562841530054	3449	1
37.15650273224043	5733	1
37.17185792349727	1415	1
37.20092896174864	8857	1
37.22409836065574	4642	1
37.22524590163934	2207	1
37.23016393442623	7142	1
37.27885245901639	2871	1
37.29262295081967	1531	1
37.31934426229508	4970	1
37.348251366120216	3675	1
37.35617486338798	6761	1
37.36464480874317	9434	1
37.365081967213115	7575	1
37.36590163934426	3062	1
37.381092896174856	4954	1
37.3875956284153	5721	1
37.39344262295082	8861	1
37.39349726775956	5318	1
37.40704918032787	4129	1
37.409289617486344	376	1
37.41229508196721	2086	1
37.4175956284153	9298	1
37.44327868852459	6872	1
37.47120218579235	5237	1
37.474371584699455	6922	1
37.48661202185792	8034	1
37.49092896174864	8084	1
37.502404371584696	4751	1
37.56508196721312	3930	1
37.58491803278689	2323	1
37.60852459016393	4229	1
37.61311475409836	1831	1
37.621366120218575	4515	1
37.64994535519126	7637	1
37.663333333333334	9425	1
37.66382513661202	378	1
37.66978142076503	2651	1
37.67136612021858	7044	1
37.692131147540984	7590	1
37.70994535519126	6503	1
37.72010928961748	235	1
37.75409836065574	2334	1
37.7611475409836	6457	1
37.789508196721314	1068	1
37.80420765027322	4548	1
37.808907103825135	9030	1
37.822459016393445	8727	1
37.8312568306011	8053	1
37.832404371584694	9424	1
37.84120218579235	6130	1
37.8444262295082	8967	1
37.86606557377049	8620	1
37.8668306010929	4971	1
37.872622950819675	3838	1
37.88366120218579	1876	1
37.93459016393443	5113	1
37.93639344262295	4236	1
37.95131147540983	9704	1
37.981366120218574	3322	1
38.00524590163935	1232	1
38.008415300546446	5567	1
38.02459016393442	7545	1
38.04224043715847	3590	1
38.0548087431694	4312	1
38.0807650273224	4407	1
38.08530054644808	2130	1
38.09387978142077	3547	1
38.10349726775956	432	1
38.12295081967213	8818	1
38.125573770491805	8733	1
38.130437158469945	7942	1
38.135737704918036	5681	1
38.13699453551912	2571	1
38.139508196721316	3506	1
38.142021857923496	8154	1
38.15349726775956	7581	1
38.156994535519125	8399	1
38.1783606557377	9607	1
38.18267759562841	8646	1
38.18306010928962	5506	1
38.21256830601093	1324	1
38.23639344262295	8834	1
38.23868852459017	2880	1
38.24098360655738	9882	1
38.243169398907106	1589	1
38.25251366120219	4784	1
38.290163934426225	4653	1
38.29978142076503	1062	1
38.301857923497266	4102	1
38.31398907103825	486	1
38.31426229508197	8831	1
38.32158469945355	2548	1
38.32819672131147	5654	1
38.33234972677595	8180	1
38.33245901639344	4609	1
38.33928961748634	3007	1
38.34060109289617	2868	1
38.35393442622951	717	1
38.35409836065574	2694	1
38.35950819672131	124	1
38.361693989071036	8596	1
38.36639344262295	6913	1
38.36830601092896	6556	1
38.37540983606557	687	1
38.395737704918034	4392	1
38.40032786885246	2109	1
38.405464480874315	7171	1
38.49508196721311	7888	1
38.53513661202185	4615	1
38.55245901639344	9529	1
38.56109289617486	3154	1
38.572349726775954	7389	1
38.57513661202186	8619	1
38.57743169398907	3112	1
38.58579234972677	4193	1
38.61125683060109	9031	1
38.6151912568306	8577	1
38.615792349726775	1165	1
38.6224043715847	7476	1
38.630054644808745	7445	1
38.65693989071038	3910	1
38.65950819672131	3624	1
38.68251366120219	2603	1
38.68469945355191	362	1
38.6972131147541	997	1
38.69989071038251	2043	1
38.712076502732245	9734	1
38.73956284153005	2700	1
38.745737704918035	9481	1
38.74792349726776	4841	1
38.809672131147536	6188	1
38.81344262295082	5364	1
38.81437158469946	9186	1
38.83579234972677	2876	1
38.84803278688525	9353	1
38.85622950819672	6364	1
38.86289617486339	6887	1
38.87060109289617	1148	1
38.879016393442626	9025	1
38.87928961748634	2371	1
38.88770491803279	5998	1
38.90338797814208	8792	1
38.92650273224043	7908	1
38.94060109289617	6283	1
38.963879781420765	344	1
38.967213114754095	7292	1
38.967978142076504	8205	1
38.97109289617486	462	1
38.989726775956285	807	1
38.99256830601093	3081	1
39.01573770491803	6279	1
39.0448087431694	4715	1
39.04551912568306	8402	1
39.04612021857923	1570	1
39.047322404371585	1612	1
39.04967213114754	6681	1
39.05606557377049	3292	1
39.06546448087432	7407	1
39.07065573770492	4605	1
39.07639344262295	1486	1
39.093387978142076	2570	1
39.093387978142076	2692	1
39.12300546448087	2182	1
39.130765027322404	3616	1
39.14513661202185	6523	1
39.14633879781421	3005	1
39.153278688524594	450	1
39.1848087431694	5577	1
39.201038251366114	8087	1
39.22142076502732	6534	1
39.250218579234975	1273	1
39.27437158469945	1294	1
39.27628415300546	4513	1
39.304754098360654	383	1
39.31945355191257	2299	1
39.32491803278689	274	1
39.326885245901636	171	1
39.33420765027323	6464	1
39.338907103825136	8709	1
39.342295081967215	7579	1
39.34306010928962	9693	1
39.34885245901639	595	1
39.352677595628414	5564	1
39.36568306010929	1701	1
39.371803278688525	6548	1
39.3851912568306	6566	1
39.43639344262295	4482	1
39.44459016393443	3683	1
39.45174863387978	598	1
39.460109289617485	8662	1
39.47338797814208	2349	1
39.484480874316944	9819	1
39.48693989071038	2026	1
39.494098360655734	3010	1
39.49704918032787	7792	1
39.53322404371585	6129	1
39.55568306010929	6208	1
39.56398907103825	1237	1
39.60027322404372	9632	1
39.608688524590164	8680	1
39.6227868852459	1657	1
39.6320218579235	1212	1
39.638579234972674	6683	1
39.646939890710385	2855	1
39.66131147540983	7928	1
39.70016393442623	667	1
39.70027322404371	5188	1
39.73601092896175	5399	1
39.75273224043716	8736	1
39.768196721311476	7970	1
39.777486338797814	4701	1
39.777978142076506	6788	1
39.78366120218579	5981	1
39.796939890710384	2733	1
39.80349726775956	6882	1
39.81601092896175	7480	1
39.81950819672131	8914	1
39.85622950819672	928	1
39.86737704918033	635	1
39.87016393442623	1737	1
39.87896174863388	8372	1
39.90754098360656	8064	1
39.92765027322404	3942	1
39.956338797814205	1680	1
39.970983606557375	8027	1
39.97928961748634	4692	1
39.98650273224044	7646	1
40.01781420765027	4296	1
40.02125683060109	3746	1
40.02808743169398	9315	1
40.036830601092895	2033	1
40.05065573770492	189	1
40.05639344262295	3961	1
40.06289617486338	9069	1
40.072404371584696	9398	1
40.07846994535519	3955	1
40.08234972677596	6945	1
40.109180327868856	1769	1
40.1531693989071	3035	1
40.15355191256831	1204	1
40.16868852459016	8020	1
40.16923497267759	2430	1
40.17901639344262	5272	1
40.199234972677594	3319	1
40.200382513661204	6893	1
40.206830601092896	8463	1
40.2196174863388	2649	1
40.22590163934426	7851	1
40.237158469945356	6585	1
40.24710382513661	476	1
40.25027322404372	168	1
40.25256830601093	5480	1
40.25256830601093	5309	1
40.25360655737705	9016	1
40.26415300546448	6649	1
40.29710382513661	2431	1
40.332185792349726	5096	1
40.3387431693989	6460	1
40.35475409836066	3634	1
40.35584699453552	4321	1
40.379016393442626	3958	1
40.38060109289618	6718	1
40.38808743169398	8555	1
40.40295081967213	8701	1
40.408087431693986	7561	1
40.4164480874317	3454	1
40.422786885245905	6353	1
40.46879781420765	5766	1
40.47857923497268	8141	1
40.48918032786885	1305	1
40.51683060109289	3019	1
40.52584699453552	4223	1
40.532786885245905	4125	1
40.53732240437158	3748	1
40.53896174863388	2930	1
40.540710382513666	6854	1
40.541693989071035	8617	1
40.554098360655736	1604	1
40.556994535519124	3677	1
40.584371584699454	2145	1
40.59814207650273	92	1
40.60601092896175	172	1
40.64628415300546	9383	1
40.68311475409836	6406	1
40.68939890710383	5599	1
40.697759562841526	6016	1
40.71360655737705	5522	1
40.72256830601093	6826	1
40.72273224043715	444	1
40.72486338797814	5887	1
40.764371584699454	2296	1
40.795792349726774	2510	1
40.813825136612024	5566	1
40.84377049180328	9863	1
40.851147540983604	2300	1
40.85819672131148	5822	1
40.86857923497267	3329	1
40.87114754098361	5852	1
40.88229508196721	4132	1
40.89442622950819	6692	1
40.89562841530055	9664	1
40.90295081967213	3534	1
40.91907103825137	3027	1
40.91950819672131	2623	1
40.92016393442623	1506	1
40.94295081967213	9082	1
40.95989071038251	5445	1
40.97825136612022	5865	1
40.98306010928962	259	1
40.99103825136612	9429	1
41.031748633879786	4336	1
41.0531693989071	1431	1
41.07819672131148	5486	1
41.08404371584699	2432	1
41.08726775956284	1837	1
41.104043715847	2152	1
41.111366120218584	5806	1
41.11606557377049	7127	1
41.1183606557377	5550	1
41.12879781420765	7507	1
41.13103825136612	7137	1
41.14382513661202	3703	1
41.152131147540985	6368	1
41.16065573770492	8418	1
41.16426229508197	4084	1
41.193333333333335	5623	1
41.22185792349727	4978	1
41.222841530054644	4275	1
41.25513661202186	6379	1
41.265901639344264	2993	1
41.26704918032787	8675	1
41.2675956284153	2429	1
41.29049180327869	1015	1
41.29650273224044	5565	1
41.29863387978142	3636	1
41.30617486338798	4883	1
41.30622950819672	380	1
41.30885245901639	9695	1
41.31540983606557	8869	1
41.32300546448087	6773	1
41.3292349726776	8859	1
41.32967213114754	1913	1
41.33333333333333	5433	1
41.34508196721312	3741	1
41.35863387978142	2573	1
41.37967213114754	9780	1
41.38606557377049	5901	1
41.38852459016393	7617	1
41.39469945355191	709	1
41.40295081967213	4991	1
41.4351912568306	7475	1
41.46360655737705	560	1
41.46693989071038	2918	1
41.48775956284153	4853	1
41.499453551912566	3880	1
41.50185792349727	6252	1
41.505409836065574	7162	1
41.51688524590164	9644	1
41.549672131147545	4782	1
41.55726775956284	785	1
41.57546448087432	1375	1
41.580983606557375	8432	1
41.61535519125683	5489	1
41.61699453551912	2340	1
41.633497267759566	4804	1
41.64939890710383	5665	1
41.655081967213114	760	1
41.655901639344265	4323	1
41.668961748633876	8547	1
41.68486338797814	4721	1
41.70054644808744	2816	1
41.71267759562842	4647	1
41.73071038251366	309	1
41.735191256830596	3066	1
41.74016393442623	7562	1
41.77174863387978	7087	1
41.77459016393443	8610	1
41.77857923497268	6370	1
41.79398907103825	669	1
41.804808743169396	8437	1
41.830874316939884	319	1
41.831693989071034	2348	1
41.83327868852459	2362	1
41.8443169398907	7221	1
41.86109289617487	962	1
41.87437158469945	2374	1
41.91825136612022	2627	1
41.92513661202186	3237	1
41.928360655737706	5140	1
41.932841530054645	4243	1
41.940000000000005	2083	1
41.95136612021858	2778	1
41.973989071038254	3000	1
41.99	774	1
42.019672131147544	1348	1
42.029289617486334	2308	1
42.03180327868853	5553	1
42.048797814207646	5044	1
42.056284153005464	2537	1
42.07819672131148	6138	1
42.07978142076503	6264	1
42.09792349726776	6968	1
42.122076502732234	2402	1
42.12349726775956	3784	1
42.14267759562841	4912	1
42.15683060109289	3626	1
42.17262295081967	7104	1
42.194316939890705	6259	1
42.20846994535519	3550	1
42.21087431693989	8290	1
42.219071038251364	8602	1
42.227267759562835	4114	1
42.237486338797815	4404	1
42.280109289617485	1569	1
42.292404371584695	6066	0
42.302568306010926	1704	1
42.31879781420765	8540	1
42.329508196721314	9351	1
42.33868852459016	3928	1
42.36256830601093	4342	1
42.38071038251366	8426	1
42.387267759562846	3199	1
42.40836065573771	4708	1
42.41360655737705	3458	1
42.451912568306014	7453	1
42.47857923497267	53	1
42.48655737704918	6289	1
42.512568306010934	8503	1
42.516557377049175	2671	1
42.523715846994534	5769	1
42.52579234972677	2789	1
42.54076502732241	6885	1
42.550710382513664	1635	1
42.55939890710383	2944	1
42.57103825136612	6801	1
42.571256830601094	6966	1
42.575081967213116	2091	1
42.582513661202185	2124	1
42.59961748633879	6905	1
42.631967213114756	121	1
42.641584699453546	6235	1
42.643497267759564	4298	1
42.64655737704918	9785	1
42.64967213114754	5298	1
42.65530054644808	1360	1
42.65934426229508	7522	1
42.69322404371585	5591	1
42.70333333333333	5304	1
42.70814207650273	4231	1
42.737486338797815	4980	1
42.765956284153006	9865	1
42.76868852459016	4869	1
42.77284153005465	915	1
42.79387978142076	3774	1
42.81426229508197	4900	1
42.86300546448088	8147	1
42.864371584699455	6908	1
42.87311475409836	1077	1
42.87683060109289	3722	1
42.88136612021858	4786	1
42.89153005464481	5072	1
42.8975956284153	4687	1
42.90939890710383	7689	1
42.929180327868856	9966	1
42.9483606557377	534	1
42.978087431693986	965	1
43.00890710382514	5841	1
43.02699453551912	5091	1
43.03939890710382	3269	1
43.07890710382514	5520	1
43.089945355191254	6616	1
43.09765027322404	5169	1
43.103169398907106	9955	1
43.12010928961749	9738	1
43.15715846994535	1542	1
43.176065573770494	7174	1
43.18666666666666	8882	1
43.19158469945355	6831	1
43.19530054644809	2388	1
43.19950819672131	1655	1
43.201857923497265	5334	1
43.20393442622951	6416	1
43.218797814207655	3552	1
43.234808743169395	6693	1
43.241530054644805	7912	1
43.24983606557377	2148	1
43.28967213114754	2077	1
43.29229508196721	7875	1
43.31655737704918	3717	1
43.323497267759564	9702	1
43.32530054644809	3315	1
43.33765027322404	8373	1
43.3572131147541	6099	1
43.36377049180328	4825	1
43.376775956284156	3836	1
43.40928961748634	8214	1
43.41010928961749	3312	1
43.41311475409836	568	1
43.413442622950825	4095	1
43.42207650273224	5843	1
43.439836065573765	6462	1
43.453715846994534	5140	0
43.46251366120218	5397	1
43.47262295081967	8306	1
43.47349726775956	8202	1
43.521147540983605	1379	1
43.53431693989071	902	1
43.534590163934425	3998	1
43.55907103825136	3648	1
43.59846994535519	9214	1
43.610928961748634	283	1
43.61535519125683	4227	1
43.63508196721311	6592	1
43.655846994535516	280	1
43.663442622950825	9781	1
43.672404371584705	1630	1
43.67879781420765	9551	1
43.68672131147541	7335	1
43.736338797814206	6307	1
43.747103825136605	5596	1
43.75672131147541	7940	1
43.76387978142077	6784	1
43.78158469945355	8151	1
43.78726775956284	7332	1
43.79726775956284	5658	1
43.813060109289616	2937	1
43.84251366120219	4539	1
43.88453551912568	7219	1
43.888961748633875	1663	1
43.90639344262295	887	1
43.94420765027322	2326	1
43.964153005464475	4249	1
43.98699453551913	7678	1
43.99551912568305	6962	1
44.03628415300547	5446	1
44.05322404371585	9195	1
44.058579234972676	8753	1
44.07633879781421	9598	1
44.096010928961746	5000	1
44.104262295081966	3411	1
44.11754098360656	2406	1
44.12431693989071	285	1
44.13923497267759	5082	1
44.17469945355191	6699	1
44.180109289617484	9869	1
44.19284153005464	9294	1
44.214043715847	7958	1
44.2403825136612	9301	1
44.26387978142077	979	1
44.274098360655735	6194	1
44.301475409836065	9421	1
44.31344262295082	9674	1
44.33382513661203	6865	1
44.399508196721314	8816	1
44.410437158469946	1459	1
44.41502732240437	9894	1
44.43573770491803	3157	1
44.458306010928965	4470	1
44.461639344262295	3136	1
44.4672131147541	7329	1
44.47743169398907	9709	1
44.4812568306011	6802	1
44.51677595628416	7303	1
44.540218579234974	1094	1
44.58043715846994	4378	1
44.59142076502732	9778	1
44.647322404371586	307	1
44.69584699453552	6545	1
44.72857923497268	7760	1
44.73005464480874	6224	1
44.73054644808743	7783	1
44.737486338797815	6830	1
44.74180327868853	7603	1
44.74999999999999	6685	1
44.77967213114754	5261	1
44.78967213114754	2213	1
44.798087431693986	6369	1
44.8251912568306	3080	1
44.83535519125683	1272	1
44.86158469945355	9128	1
44.8772131147541	7691	1
44.88316939890711	4581	1
44.88704918032787	5540	1
44.928688524590164	3812	1
44.933934426229506	7294	1
44.93792349726776	5989	1
44.94655737704918	4554	1
44.9516393442623	8852	1
44.95540983606558	3028	1
44.96934426229508	4401	1
45.00300546448087	3323	1
45.018469945355186	2528	1
45.021147540983605	1814	1
45.02180327868852	9148	1
45.03060109289617	7560	1
45.03360655737705	8325	1
45.064098360655734	3522	1
45.066065573770494	961	1
45.066338797814204	8526	1
45.0696174863388	3763	1
45.10879781420765	4514	1
45.10950819672131	5136	1
45.128469945355185	4126	1
45.13901639344262	2688	1
45.141311475409836	1836	1
45.15267759562842	8686	1
45.17775956284152	1544	1
45.183879781420764	3398	1
45.22218579234973	849	1
45.23901639344262	7521	1
45.25054644808743	3681	1
45.26868852459017	7216	1
45.32633879781421	9986	1
45.330710382513665	6293	1
45.3387431693989	9954	1
45.360928961748634	184	1
45.39262295081967	9400	1
45.393879781420765	3190	1
45.39508196721311	5967	1
45.40387978142076	8660	1
45.42918032786885	8478	1
45.44355191256831	6527	1
45.45579234972677	3369	1
45.46021857923497	3623	1
45.46371584699453	1196	1
45.46584699453552	6448	1
45.50338797814208	4699	1
45.511693989071034	4964	1
45.52098360655738	1652	1
45.52431693989071	1445	1
45.541311475409834	8969	1
45.5479781420765	3913	1
45.61475409836065	3553	1
45.616994535519126	7487	1
45.62469945355191	9277	1
45.659289617486344	2524	1
45.69508196721311	588	1
45.6996174863388	9419	1
45.73081967213115	5186	1
45.74732240437159	385	1
45.753169398907104	7765	1
45.78185792349727	7546	1
45.80229508196721	2564	1
45.8024043715847	8624	1
45.80579234972677	6775	1
45.81355191256831	2581	1
45.834863387978146	4041	1
45.83491803278689	4543	1
45.84224043715847	6181	1
45.84579234972677	7753	1
45.85409836065574	2294	1
45.85879781420765	9872	1
45.86857923497268	5899	1
45.8907650273224	1346	1
45.90092896174863	2702	1
45.90786885245902	9284	1
45.913333333333334	9508	1
45.917158469945356	7740	1
45.91797814207651	7939	1
45.9255737704918	7807	1
45.92928961748634	3418	1
45.936885245901635	7140	1
45.93928961748634	4988	1
45.94202185792349	7051	1
45.96765027322404	8510	1
45.98060109289617	5858	1
45.99153005464481	4523	1
46.02404371584699	5610	1
46.060710382513655	9940	1
46.088852459016394	6902	1
46.11743169398907	1942	1
46.12540983606557	9164	1
46.136010928961745	8242	1
46.13879781420765	8640	1
46.145792349726776	4022	1
46.173169398907106	5225	1
46.196666666666665	6027	1
46.208633879781424	8348	1
46.2188524590164	4060	1
46.220983606557375	9656	1
46.24174863387978	9884	1
46.24366120218579	7566	1
46.2503825136612	198	1
46.25491803278688	3248	1
46.2743169398907	6615	1
46.277158469945356	3883	1
46.28273224043716	5415	1
46.29251366120218	6529	1
46.29453551912568	4036	1
46.301202185792356	2588	1
46.302568306010926	5759	1
46.3472131147541	2586	1
46.383387978142075	4669	1
46.42426229508197	1525	1
46.44010928961749	9548	1
46.49584699453551	3247	1
46.546994535519126	847	1
46.56054644808743	6690	1
46.56983606557377	4535	1
46.57322404371585	2473	1
46.57661202185792	4216	1
46.57710382513661	490	1
46.58	5856	1
46.597431693989066	9989	1
46.60371584699453	5283	1
46.61743169398907	35	1
46.64737704918033	6836	1
46.65573770491803	4697	1
46.67442622950819	6451	1
46.68830601092896	3116	1
46.73289617486339	8023	1
46.733005464480875	7857	1
46.74180327868852	1687	1
46.75737704918033	6211	1
46.77765027322404	1828	1
46.82224043715847	2305	1
46.83491803278689	5502	1
46.83972677595629	2347	1
46.84808743169399	165	1
46.86601092896175	6751	1
46.869180327868854	1236	1
46.916338797814205	1210	1
46.92590163934426	1408	1
46.93120218579235	3965	1
46.95765027322404	3799	1
46.960218579234976	5664	1
46.96049180327869	5491	1
46.98087431693989	2102	1
46.98273224043716	6662	1
47.00382513661202	6661	1
47.00967213114754	9543	1
47.02327868852459	5157	1
47.03743169398907	485	1
47.06054644808743	4893	1
47.06169398907104	1243	1
47.07180327868853	831	1
47.08049180327869	9853	1
47.0875956284153	8157	1
47.09502732240437	2017	1
47.0955737704918	3557	1
47.11382513661202	6329	1
47.126994535519124	9588	1
47.134918032786885	7822	1
47.16213114754098	403	1
47.17502732240437	8778	1
47.18218579234973	1268	1
47.189453551912564	8741	1
47.20234972677595	6178	1
47.2027868852459	6651	1
47.20628415300547	3796	1
47.20781420765027	9391	1
47.24469945355191	58	1
47.26049180327869	7290	1
47.26344262295082	177	1
47.284972677595626	8038	1
47.286830601092895	2508	1
47.29196721311476	8192	1
47.314535519125684	7006	1
47.31622950819672	7902	1
47.32934426229508	7879	1
47.33497267759563	8301	1
47.35360655737705	2381	1
47.36693989071038	5964	1
47.38213114754098	3994	1
47.38513661202185	5036	1
47.41377049180328	5667	1
47.41535519125683	284	1
47.41808743169398	4448	1
47.4196174863388	9572	1
47.436939890710384	1359	1
47.441366120218575	6238	1
47.44409836065574	2793	1
47.453770491803276	9809	1
47.465409836065575	8917	1
47.47267759562841	3235	1
47.476612021857925	5853	1
47.48956284153005	3243	1
47.49792349726776	8174	1
47.53633879781421	1790	1
47.59530054644808	3328	1
47.60672131147541	187	1
47.61677595628415	1205	1
47.6455737704918	1791	1
47.65786885245901	3773	1
47.65792349726776	7596	1
47.66027322404371	8809	1
47.66469945355191	3204	1
47.664863387978144	1843	1
47.67377049180328	4037	1
47.680928961748634	763	1
47.6820218579235	4681	1
47.68584699453552	925	1
47.714699453551916	8062	1
47.720218579234974	3272	1
47.72644808743169	4100	1
47.734098360655736	54	1
47.764426229508196	5162	1
47.79103825136612	7199	1
47.80693989071038	7984	1
47.82098360655738	6091	1
47.824371584699456	9288	1
47.86770491803279	6772	1
47.880819672131146	5427	1
47.883715846994534	7235	1
47.88437158469945	7759	1
47.895683060109285	868	1
47.8992349726776	8608	1
47.9024043715847	8732	1
47.91469945355191	514	1
47.916338797814205	8817	1
47.92551912568306	8751	1
47.93939890710383	6053	1
47.97120218579235	6897	1
47.99180327868852	7097	1
47.99218579234973	9842	1
48.00540983606557	8181	1
48.008797814207654	762	1
48.012185792349726	3090	1
48.020765027322405	6404	1
48.03021857923497	3075	1
48.05327868852459	5207	1
48.05967213114754	1426	1
48.06251366120219	8077	1
48.0672131147541	7827	1
48.06770491803278	840	1
48.08650273224044	3088	1
48.08983606557377	8568	1
48.12420765027323	2958	1
48.139016393442624	1621	1
48.14928961748634	7711	1
48.15693989071038	481	1
48.16530054644809	3181	1
48.16584699453552	4356	1
48.18464480874317	6942	1
48.18666666666667	2511	1
48.20956284153005	690	1
48.240874316939895	6611	1
48.245027322404376	6760	1
48.247213114754096	9283	1
48.26153005464481	3047	1
48.27366120218579	6484	1
48.27989071038252	4746	1
48.28852459016394	1066	1
48.29262295081967	3559	1
48.31273224043716	8876	1
48.32475409836065	7699	1
48.34174863387978	2973	1
48.35142076502732	9659	1
48.368087431693986	2242	1
48.37907103825137	1541	1
48.38655737704918	4891	1
48.39792349726776	7878	1
48.40606557377049	9386	1
48.420109289617486	8505	1
48.431748633879785	6727	1
48.43306010928962	9010	1
48.45010928961749	138	1
48.46841530054645	3795	1
48.47054644808743	4948	1
48.479125683060104	5688	1
48.48601092896175	1423	1
48.50038251366121	9365	1
48.50989071038251	2361	1
48.5255737704918	6710	1
48.52950819672131	3479	1
48.53688524590164	9065	1
48.53994535519125	2276	1
48.56502732240437	8000	1
48.60245901639344	8887	1
48.61437158469945	541	1
48.621475409836066	5450	1
48.621803278688525	4555	1
48.6248087431694	7070	1
48.63054644808743	4528	1
48.632568306010924	32	1
48.63693989071039	585	1
48.640491803278685	7446	1
48.661147540983606	8083	1
48.66196721311476	3006	1
48.67103825136611	1988	1
48.68431693989071	4131	1
48.70486338797814	108	1
48.71267759562842	8802	1
48.740382513661196	8344	1
48.74371584699453	6963	1
48.753989071038255	8283	1
48.76010928961749	2577	1
48.76726775956284	4762	1
48.775191256830595	8109	1
48.81967213114754	8629	1
48.824699453551915	1940	1
48.82475409836066	5892	1
48.828142076502736	957	1
48.831693989071034	6595	1
48.85092896174863	322	1
48.86338797814208	6006	1
48.87125683060109	5285	1
48.900655737704916	8446	1
48.937704918032786	4550	1
48.96480874316939	3194	1
48.96672131147541	451	1
49.00606557377049	801	1
49.021202185792355	5601	1
49.02147540983607	1921	1
49.031639344262295	5220	1
49.042076502732236	9050	1
49.043169398907104	8379	1
49.04595628415301	6553	1
49.090655737704914	8877	1
49.09448087431694	8324	1
49.123005464480876	1355	1
49.164918032786886	9589	1
49.16568306010929	4477	1
49.175300546448085	5019	1
49.180546448087426	7351	1
49.20699453551912	7341	1
49.23284153005464	2246	1
49.23491803278688	8111	1
49.23672131147541	2319	1
49.25196721311475	1042	1
49.25754098360655	7062	1
49.259562841530055	4160	1
49.267377049180325	874	1
49.27617486338798	5049	1
49.2788524590164	9554	1
49.278961748633876	9136	1
49.281584699453546	6126	1
49.282021857923496	4799	1
49.302513661202184	9236	1
49.30393442622951	5370	1
49.311256830601096	3834	1
49.3192349726776	6376	1
49.34874316939891	9343	1
49.364754098360656	3646	1
49.36907103825137	5235	0
49.38693989071038	867	1
49.38989071038252	7101	1
49.39300546448087	6822	1
49.401311475409834	3137	1
49.406885245901634	2255	1
49.409180327868846	1119	1
49.418306010928966	883	1
49.42885245901639	851	1
49.43377049180327	4878	1
49.45071038251366	1901	1
49.45169398907104	404	1
49.464699453551916	5355	1
49.46972677595628	2827	1
49.49825136612022	394	1
49.50065573770492	1695	1
49.51502732240437	3599	1
49.51765027322404	8257	1
49.5231693989071	6580	1
49.52387978142077	6270	1
49.52672131147541	1821	1
49.53672131147541	686	1
49.538251366120214	9796	1
49.549508196721305	354	1
49.554426229508195	2205	1
49.597103825136614	8201	1
49.60191256830601	8796	1
49.63502732240437	9469	1
49.65715846994535	2722	1
49.66524590163934	3959	1
49.669344262295084	9177	1
49.67398907103825	4763	1
49.67486338797814	1805	1
49.6855737704918	3609	1
49.70103825136612	4706	1
49.7020218579235	5139	1
49.70989071038251	3149	1
49.71863387978142	3426	1
49.73	2634	1
49.73907103825137	5542	1
49.739617486338794	3456	1
49.74513661202186	3902	1
49.74857923497268	5529	1
49.75224043715847	1178	1
49.80256830601093	2037	1
49.80836065573771	7673	1
49.813060109289616	5326	1
49.81398907103825	959	1
49.84530054644809	6109	1
49.86754098360655	3280	1
49.87726775956284	1271	1
49.913715846994535	4578	1
49.917595628415306	1561	1
49.94792349726776	8139	1
49.95398907103825	7355	1
49.96366120218579	6927	1
49.97311475409836	6579	1
50.01043715846995	3951	1
50.01732240437158	3997	1
50.02606557377049	7661	1
50.05098360655738	628	1
50.071912568306004	6198	1
50.11333333333333	2410	1
50.1183606557377	4928	1
50.14830601092896	6391	1
50.15551912568306	3809	1
50.15683060109289	8163	1
50.158469945355186	8349	1
50.183224043715846	2445	1
50.2192349726776	6072	1
50.23398907103825	1314	1
50.25710382513661	8828	1
50.26994535519126	9761	1
50.27601092896175	3048	1
50.280109289617485	7648	1
50.285409836065575	6626	1
50.288032786885246	5007	0
50.28945355191257	1302	1
50.28950819672131	1115	1
50.29535519125683	530	1
50.30939890710383	1126	1
50.34027322404371	5330	1
50.34803278688524	371	1
50.34907103825137	3978	1
50.36448087431694	6266	1
50.366994535519126	9045	1
50.36803278688525	5017	1
50.37071038251366	1690	1
50.37994535519125	6424	1
50.38054644808743	6129	0
50.38912568306011	6500	1
50.39087431693989	1550	1
50.391639344262295	5403	1
50.39169398907104	6850	1
50.41120218579235	7972	1
50.42475409836066	6608	1
50.45469945355191	7376	1
50.457049180327864	1138	1
50.45836065573771	8675	0
50.46289617486339	352	1
50.46590163934427	3286	1
50.47890710382514	7716	1
50.48863387978142	1258	1
50.49781420765027	7052	1
50.502459016393445	9714	1
50.515901639344264	5002	1
50.52071038251366	9196	1
50.52683060109289	1421	1
50.53338797814208	7150	1
50.5368306010929	518	1
50.53852459016393	6372	1
50.54453551912568	9394	1
50.5527868852459	3925	1
50.558579234972676	9461	1
50.56196721311475	8881	1
50.568251366120215	4764	1
50.57404371584699	3437	1
50.594207650273226	2766	1
50.60688524590164	1318	1
50.61103825136612	3060	1
50.65191256830601	6577	1
50.661857923497266	555	1
50.66540983606557	2795	1
50.70196721311475	3427	1
50.703278688524584	6679	1
50.70808743169399	1374	1
50.72918032786885	6452	1
50.73153005464481	9349	1
50.748306010928964	9049	1
50.79032786885246	1240	1
50.804043715846994	2674	1
50.83120218579235	6842	1
50.84016393442623	8041	1
50.847049180327865	6378	1
50.890109289617484	8514	1
50.906994535519125	5122	1
50.920437158469944	1599	1
50.92437158469945	7196	1
50.92819672131148	9675	1
50.9431693989071	3516	1
50.94322404371585	5606	1
50.950819672131146	804	1
50.9516393442623	2424	1
50.965683060109285	2174	1
50.970491803278684	5666	1
50.97087431693989	9402	1
50.9879781420765	6195	1
51.008797814207654	8746	1
51.02704918032787	922	1
51.03076502732241	8065	1
51.05393442622951	6036	1
51.05420765027323	4695	1
51.06251366120218	6543	1
51.06912568306011	2156	1
51.086994535519125	1282	1
51.09273224043716	9979	1
51.1448087431694	8293	1
51.14562841530054	9249	1
51.15590163934426	7794	1
51.16174863387978	7455	1
51.16273224043716	4683	1
51.18229508196721	3406	1
51.19142076502732	2637	1
51.197049180327866	6899	1
51.1975956284153	4351	1
51.22765027322404	7058	1
51.2287431693989	8810	1
51.233825136612026	1917	1
51.23601092896175	9274	1
51.24666666666667	4811	1
51.26054644808743	1146	1
51.27284153005465	9346	1
51.27475409836065	2884	1
51.29234972677596	3114	1
51.33010928961749	4894	1
51.331803278688525	7434	1
51.363169398907104	5181	1
51.38803278688525	9339	1
51.39032786885246	2144	1
51.39737704918032	4416	1
51.40704918032787	3960	1
51.409562841530054	9248	1
51.4192349726776	1032	1
51.42437158469945	4656	1
51.46633879781421	8356	1
51.485573770491804	8760	1
51.508360655737704	8010	1
51.50896174863388	670	1
51.50901639344262	1653	1
51.52841530054645	1739	1
51.5311475409836	3291	1
51.53153005464481	4781	1
51.54109289617487	1694	1
51.549180327868854	8805	1
51.560546448087436	2794	1
51.58601092896175	9629	1
51.59879781420765	7690	1
51.63207650273225	9157	1
51.64404371584699	6453	1
51.64715846994535	5730	1
51.67486338797814	30	1
51.682841530054645	1928	1
51.70584699453552	1950	1
51.718633879781414	4111	1
51.721420765027325	6567	1
51.738142076502726	3907	1
51.75846994535519	2470	1
51.759508196721306	6937	1
51.80584699453552	2019	1
51.81562841530055	8542	1
51.816775956284154	3984	1
51.8251912568306	2505	1
51.839125683060104	2750	1
51.83983606557377	3752	1
51.84617486338798	6151	1
51.84754098360655	1600	1
51.847868852459015	390	1
51.861693989071036	2073	1
51.86524590163934	5053	1
51.876010928961755	2229	1
51.90464480874317	6915	1
51.9483606557377	527	1
51.95174863387978	4469	1
51.95945355191257	7708	1
51.98377049180328	621	1
51.98448087431694	5119	1
52.02551912568306	1150	1
52.03437158469945	4177	1
52.03956284153005	3170	1
52.05377049180328	4303	1
52.06513661202185	5384	1
52.15163934426229	7800	1
52.152513661202185	2755	1
52.15338797814208	6977	1
52.16622950819672	2142	1
52.17879781420765	5407	1
52.183224043715846	5343	1
52.18601092896175	5418	1
52.186120218579234	8983	1
52.19781420765027	4693	1
52.20284153005464	4872	1
52.20781420765027	6990	1
52.220601092896175	3575	1
52.23043715846995	239	1
52.24327868852459	2646	1
52.2603825136612	3139	1
52.27234972677596	5946	1
52.27404371584699	5972	1
52.2744262295082	707	1
52.287213114754095	1174	1
52.29185792349727	9485	1
52.29311475409836	1083	1
52.30912568306011	3097	1
52.3327868852459	5678	1
52.34092896174864	5751	1
52.3439344262295	6321	1
52.35360655737705	9007	1
52.38010928961749	8072	1
52.39	9807	1
52.39562841530054	9583	1
52.39601092896175	9427	1
52.408142076502735	6736	1
52.41989071038251	3127	1
52.42437158469945	6414	1
52.46306010928962	4030	1
52.490054644808744	6720	1
52.49622950819672	9476	1
52.51349726775956	3318	1
52.52240437158469	3061	1
52.52546448087432	6096	1
52.54333333333333	677	1
52.55131147540984	1626	1
52.55426229508197	9723	1
52.557103825136615	7400	1
52.564098360655734	7609	1
52.5651912568306	7018	1
52.57262295081967	9754	1
52.57284153005464	2186	1
52.59726775956285	706	1
52.598961748633876	6989	1
52.62562841530055	265	1
52.634918032786885	9190	1
52.64513661202186	7766	1
52.670109289617486	6956	1
52.684754098360656	966	1
52.69841530054644	7529	1
52.709071038251366	4511	1
52.7107650273224	3915	1
52.745409836065576	6473	1
52.74743169398907	73	1
52.761803278688525	7440	1
52.77513661202185	2845	1
52.786120218579235	1201	1
52.79573770491803	1811	1
52.79688524590164	1072	1
52.80486338797814	1691	1
52.815191256830595	3671	1
52.81546448087431	2407	1
52.841475409836065	6878	1
52.844480874316936	272	1
52.84863387978142	5437	1
52.84978142076503	2896	1
52.870655737704915	5864	1
52.87349726775956	2808	1
52.87896174863388	4218	1
52.88355191256831	4943	1
52.88502732240437	5197	1
52.89808743169399	4870	1
52.90142076502732	4174	1
52.90234972677596	1785	1
52.937322404371585	7524	1
52.94153005464481	5110	1
52.95863387978142	5716	1
52.97666666666667	9380	1
52.97792349726776	6997	1
52.98387978142077	4269	1
52.986557377049174	1286	1
52.99371584699453	3849	1
52.99967213114754	9810	1
53.01338797814208	8698	1
53.027103825136614	8556	1
53.03890710382514	510	1
53.03890710382514	1793	1
53.053606557377044	5396	1
53.06617486338798	7799	1
53.0831693989071	499	1
53.084371584699454	821	1
53.08945355191256	8824	1
53.098961748633876	6617	1
53.10950819672131	4280	1
53.17010928961748	1779	1
53.17994535519126	2990	1
53.19169398907104	9964	1
53.195573770491805	9083	1
53.20868852459016	3223	1
53.21087431693989	5498	1
53.21109289617486	7721	1
53.229180327868846	9488	1
53.24551912568306	4402	1
53.24606557377049	5463	1
53.26530054644809	3754	1
53.29234972677595	7814	1
53.30333333333333	4962	1
53.30989071038251	6171	1
53.320491803278685	5481	1
53.332513661202185	6776	1
53.33338797814207	3988	1
53.361639344262294	2754	1
53.36306010928962	4679	1
53.36989071038251	9193	1
53.37420765027323	3941	1
53.395683060109285	1355	0
53.40196721311475	3307	1
53.413333333333334	7667	1
53.41475409836065	2245	1
53.415191256830596	9318	1
53.421584699453554	2978	1
53.422349726775956	1731	1
53.44573770491803	7577	1
53.481366120218574	1222	1
53.49366120218579	5413	1
53.50415300546448	2187	1
53.54377049180328	732	1
53.54907103825137	8511	1
53.556994535519124	5898	1
53.562349726775956	4315	1
53.59213114754098	6755	1
53.5931693989071	9070	1
53.59459016393443	2162	1
53.606502732240436	9661	1
53.62612021857923	6106	1
53.64213114754099	2602	1
53.65142076502732	1007	1
53.65224043715847	2004	1
53.654371584699454	3585	1
53.656994535519125	5107	1
53.682021857923495	5369	1
53.68754098360655	3889	1
53.6927868852459	3631	1
53.69366120218579	8974	1
53.725081967213114	5142	1
53.76573770491803	423	1
53.76874316939891	311	1
53.77945355191257	5088	1
53.78437158469945	9468	1
53.797759562841534	3964	1
53.80584699453552	6119	1
53.80918032786885	82	1
53.84404371584699	4241	1
53.86710382513662	9225	1
53.91092896174863	8752	1
53.92360655737705	6667	1
53.92584699453552	2495	1
53.927650273224046	2686	1
53.93972677595628	6767	1
53.94775956284153	2072	1
53.94912568306011	4584	1
53.96863387978142	6779	1
53.97792349726775	1982	1
53.9855737704918	8288	1
53.99661202185792	3885	1
54.00633879781421	2605	1
54.007650273224044	7380	1
54.044043715846996	3385	1
54.10437158469945	8830	1
54.105737704918035	1406	1
54.1179781420765	4410	1
54.142021857923496	3744	1
54.14289617486339	3811	1
54.16202185792349	7132	1
54.163606557377044	3397	1
54.17027322404372	4785	1
54.178633879781415	1802	1
54.17994535519125	9483	1
54.20426229508197	7975	1
54.22377049180328	6750	1
54.241147540983604	5854	1
54.28814207650273	7607	1
54.29234972677595	3576	1
54.295409836065566	3647	1
54.3	3227	1
54.3327868852459	9257	1
54.337704918032784	6711	1
54.337704918032784	6644	1
54.348579234972675	9275	1
54.354918032786884	7788	1
54.35699453551913	9435	1
54.36338797814208	7007	1
54.36371584699453	5124	1
54.36852459016393	8934	1
54.37497267759563	5046	1
54.37912568306011	2618	1
54.39863387978142	7547	1
54.4048087431694	799	1
54.40879781420765	7203	1
54.41754098360656	8734	1
54.431311475409835	7495	1
54.43420765027322	4080	1
54.45289617486338	5756	1
54.458251366120216	6055	1
54.46213114754098	7117	1
54.46912568306011	7889	1
54.48612021857923	8002	1
54.49087431693989	2318	1
54.538797814207655	8690	1
54.55333333333333	3835	1
54.554426229508195	6984	1
54.572459016393445	9634	1
54.57371584699453	8044	1
54.58021857923497	5720	1
54.59081967213115	7701	1
54.60103825136612	405	1
54.60622950819672	2782	1
54.61360655737705	987	1
54.6144262295082	1883	1
54.62010928961748	5412	1
54.62469945355191	6793	1
54.65683060109289	4259	1
54.65683060109289	4920	1
54.67377049180328	713	1
54.70655737704918	8212	1
54.72677595628415	4325	1
54.73224043715847	4840	1
54.75245901639344	4636	1
54.753551912568305	4734	1
54.76721311475409	1957	1
54.768852459016394	3600	1
54.78469945355191	7850	1
54.8120218579235	6648	1
54.82295081967213	2529	1
54.82786885245901	7981	1
54.833333333333336	7594	1
54.83387978142077	702	1
54.84426229508196	2439	1
54.86612021857923	1498	1
54.86612021857923	7933	1
54.88196721311475	1903	1
54.88579234972678	9871	1
54.9	4426	1
54.912568306010925	7415	1
54.93442622950819	7470	1
54.93879781420765	9985	1
54.94808743169399	7387	1
54.980327868852456	5187	1
54.98087431693989	1857	1
55.00437158469945	2567	1
55.02841530054645	4613	1
55.03114754098361	5213	1
55.043169398907104	482	1
55.046994535519126	167	1
55.05081967213115	9812	1
55.07704918032787	5872	1
55.0775956284153	3512	1
55.089617486338796	2882	1
55.10327868852459	1293	1
55.110928961748634	4134	1
55.11311475409836	3787	1
55.13060109289618	4906	1
55.15355191256831	5057	1
55.16229508196721	6330	1
55.16229508196721	4002	1
55.178688524590164	391	1
55.19726775956284	7593	1
55.19836065573771	9059	1
55.220218579234974	7886	1
55.25409836065573	797	1
55.25901639344263	5779	1
55.27540983606557	3303	1
55.28688524590164	9686	1
55.28852459016394	9176	1
55.320218579234975	5945	1
55.3207650273224	5291	1
55.32677595628415	5532	1
55.356830601092895	4118	1
55.35792349726776	5331	1
55.379234972677594	9306	1
55.380874316939895	3841	1
55.39071038251366	210	1
55.39890710382513	6203	1
55.401092896174866	5949	1
55.40491803278688	6104	1
55.410382513661204	7227	1
55.41584699453552	8904	1
55.423497267759565	8398	1
55.45846994535519	9670	1
55.47486338797814	6332	1
55.479234972677595	4254	1
55.52131147540984	8709	0
55.53825136612022	4576	1
55.554098360655736	7589	1
55.56174863387978	5177	1
55.58032786885246	7832	1
55.607650273224046	4441	1
55.630054644808745	6069	1
55.65846994535519	8912	1
55.66612021857924	5423	1
55.67704918032786	1199	1
55.68196721311475	343	1
55.683606557377054	5321	1
55.70655737704918	6377	1
55.70655737704918	5626	1
55.70874316939891	4678	1
55.71147540983606	8005	1
55.72076502732241	9852	0
55.73060109289617	5345	1
55.73879781420764	2662	1
55.75136612021858	9840	0
55.754644808743166	953	1
55.772677595628416	2850	1
55.780874316939894	7265	1
55.784153005464475	3389	1
55.80273224043716	8841	1
55.82513661202186	4299	1
55.82513661202186	3276	1
55.83224043715847	7700	1
55.84371584699453	7023	1
55.869945355191255	5454	1
55.87158469945355	5714	1
55.88688524590164	7584	1
55.889071038251366	2100	1
55.906557377049175	5047	1
55.91420765027322	23	1
55.93934426229508	6856	1
55.948633879781426	5358	1
55.95136612021857	1979	1
55.954098360655735	4099	1
55.98469945355191	7860	1
55.99508196721312	1382	1
55.99617486338797	5360	1
56.00491803278688	8763	1
56.013661202185794	6004	1
56.013661202185794	1166	1
56.02459016393443	3734	1
56.0448087431694	9972	1
56.04863387978142	2027	1
56.050273224043714	2991	1
56.05355191256831	3013	1
56.057377049180324	3666	1
56.06065573770492	6680	1
56.06338797814208	6613	1
56.08306010928962	1930	1
56.09016393442623	4181	1
56.104918032786884	7436	1
56.12131147540983	3487	1
56.1863387978142	2460	1
56.190710382513664	2714	1
56.19234972677596	3949	1
56.20109289617486	8644	1
56.2103825136612	5409	1
56.252459016393445	2909	1
56.254644808743166	1864	1
56.259562841530055	3509	1
56.27868852459016	3715	1
56.279781420765026	4029	1
56.28251366120219	5548	1
56.291256830601085	7151	1
56.31475409836065	5255	1
56.32677595628415	9242	1
56.334426229508196	2675	1
56.38743169398907	1444	1
56.38852459016394	3089	1
56.41639344262295	4065	1
56.44754098360656	9303	1
56.4551912568306	5731	1
56.456830601092896	964	1
56.45846994535519	317	1
56.46229508196721	6666	0
56.47704918032787	5781	1
56.4775956284153	699	1
56.48415300546448	3267	1
56.50109289617487	8289	1
56.51311475409836	9325	1
56.520765027322405	5928	1
56.55081967213115	9936	1
56.55956284153005	654	1
56.56065573770492	6065	1
56.56612021857923	4318	1
56.57158469945355	6907	1
56.59398907103825	2964	1
56.59945355191257	5173	1
56.60928961748634	7267	1
56.61748633879781	9896	1
56.63934426229508	6102	1
56.66120218579235	8196	1
56.67431693989071	8875	1
56.68360655737705	2189	1
56.68360655737705	559	1
56.684699453551914	2736	1
56.70983606557377	1536	1
56.71693989071038	8482	1
56.748633879781416	6701	1
56.7551912568306	726	1
56.76775956284153	332	1
56.76885245901639	9839	1
56.77322404371585	2725	1
56.781967213114754	2873	1
56.80546448087432	7834	1
56.824590163934424	238	1
56.855737704918035	3667	1
56.881967213114756	1041	1
56.89781420765027	5672	1
56.930601092896175	8425	1
56.940983606557374	4226	1
56.974316939890706	7892	1
56.98579234972678	9608	1
56.98688524590164	2861	1
56.99016393442623	1194	1
57.00218579234973	3435	1
57.00491803278688	5080	1
57.01803278688525	5700	1
57.0448087431694	1723	1
57.0535519125683	8902	1
57.06448087431694	607	1
57.06775956284153	3514	1
57.069398907103825	4545	1
57.07377049180327	8230	1
57.075409836065575	7328	1
57.096721311475406	6953	1
57.102732240437156	3498	1
57.11420765027322	282	1
57.137158469945355	1801	1
57.16284153005465	5819	1
57.17486338797814	678	1
57.17868852459016	9494	1
57.17923497267759	4534	1
57.186885245901635	7804	1
57.19508196721311	6671	1
57.19726775956284	6632	1
57.22349726775956	764	1
57.22622950819672	9356	1
57.2327868852459	8239	1
57.23333333333333	8346	1
57.23387978142076	8227	1
57.24699453551912	4591	1
57.25300546448088	1489	1
57.265573770491805	4464	1
57.27814207650273	87	1
57.291803278688526	2169	1
57.334426229508196	2619	1
57.349726775956285	418	1
57.368306010928954	2241	1
57.41530054644809	8894	1
57.47267759562842	8960	1
57.486338797814206	988	1
57.49071038251366	5268	1
57.521857923497265	4923	1
57.53661202185792	1200	1
57.54535519125683	3111	1
57.56885245901639	6691	1
57.58032786885246	1202	1
57.61584699453552	6726	1
57.63606557377049	6994	1
57.65409836065574	4027	1
57.662295081967216	1036	1
57.663387978142076	9808	1
57.67158469945355	4051	1
57.68142076502732	4497	1
57.697814207650275	496	1
57.7	7220	1
57.71256830601093	880	1
57.714207650273224	6675	1
57.719125683060106	9107	1
57.7207650273224	2012	1
57.7207650273224	9526	1
57.721311475409834	5818	1
57.7224043715847	4705	1
57.72786885245902	1483	1
57.75846994535519	1291	1
57.76830601092896	3470	1
57.7775956284153	2492	1
57.779781420765026	1825	1
57.79289617486339	4772	1
57.80655737704918	8699	1
57.8103825136612	9238	1
57.83333333333333	6269	1
57.85191256830601	1356	1
57.85956284153006	6764	1
57.86010928961749	8170	1
57.86229508196721	2333	1
57.88032786885246	7824	1
57.893442622950815	5471	1
57.92732240437159	3	1
57.92786885245902	2971	1
57.93224043715847	6075	1
57.9344262295082	9753	1
57.9344262295082	2307	1
57.93606557377049	9585	1
57.94754098360656	3987	1
57.95191256830601	3151	1
57.957923497267764	9017	1
57.96229508196721	1959	1
57.96229508196721	5171	1
57.96393442622951	1080	1
57.96448087431694	1732	1
57.96885245901639	7259	1
57.97814207650273	181	1
57.98196721311476	6724	1
57.986338797814206	4856	1
57.986338797814206	6054	1
57.99289617486339	5239	1
58.001639344262294	676	1
58.00273224043716	6552	1
58.01803278688525	3308	1
58.01857923497268	8635	1
58.02295081967213	9266	1
58.02622950819672	4601	1
58.03497267759563	4396	1
58.03715846994535	6257	1
58.05081967213114	4397	1
58.05573770491803	3791	1
58.062295081967214	7481	1
58.06666666666666	2860	1
58.07049180327869	7775	1
58.076502732240435	5387	1
58.08142076502732	6432	1
58.08306010928961	180	1
58.08524590163935	5205	1
58.087431693989075	8320	1
58.089617486338796	4176	1
58.09180327868852	2831	1
58.09781420765027	7544	1
58.106010928961744	4833	1
58.122950819672134	5675	1
58.124043715846994	7926	1
58.13387978142076	7712	1
58.13497267759563	4592	1
58.13606557377049	83	1
58.14371584699453	7859	1
58.144262295081965	8345	1
58.15792349726776	5791	1
58.1672131147541	943	1
58.16885245901639	3704	1
58.18032786885246	293	1
58.18306010928961	1183	1
58.18524590163935	869	1
58.185792349726775	9272	1
58.19125683060109	8494	1
58.19289617486339	3257	1
58.19453551912568	4562	1
58.19726775956284	6780	1
58.19726775956284	2010	1
58.19945355191257	7693	1
58.20054644808744	2566	1
58.202185792349724	4999	1
58.206010928961746	1670	1
58.21530054644809	9043	1
58.222950819672135	7165	1
58.22568306010928	6419	1
58.230054644808746	5828	1
58.234426229508195	826	1
58.23497267759563	5240	1
58.23497267759563	1100	1
58.23825136612022	7778	1
58.23989071038251	8654	1
58.24207650273224	8801	1
58.25191256830601	6832	1
58.253551912568305	9988	1
58.25737704918033	6883	1
58.26502732240437	7979	1
58.26775956284153	975	1
58.27540983606558	9971	1
58.29071038251366	7069	1
58.291803278688526	6150	1
58.295081967213115	6105	1
58.295081967213115	2957	1
58.300000000000004	5273	1
58.30382513661202	5105	1
58.329508196721314	8548	1
58.345355191256836	3888	1
58.345355191256836	8901	1
58.35136612021858	4152	1
58.35300546448088	8684	1
58.35355191256831	4750	1
58.37650273224043	8571	1
58.37650273224043	4561	1
58.381967213114756	2387	1
58.385245901639344	1839	1
58.39071038251366	9471	1
58.39617486338798	1872	1
58.404371584699454	4600	1
58.40601092896175	3592	1
58.435519125683065	3920	1
58.43606557377049	5719	1
58.4431693989071	4004	1
58.457923497267764	3962	1
58.45846994535519	7715	1
58.45956284153006	3352	1
58.465027322404374	1188	1
58.466120218579235	3840	1
58.49125683060109	3569	1
58.50218579234973	5559	1
58.508743169398905	7364	1
58.508743169398905	8728	1
58.50928961748634	8107	1
58.50928961748634	5627	1
58.52131147540983	4501	1
58.52732240437159	5897	1
58.53333333333333	7795	1
58.53551912568307	693	1
58.54262295081968	6245	1
58.56448087431694	7408	1
58.58142076502732	3674	1
58.606010928961744	9245	1
58.61530054644809	1507	1
58.61639344262295	8564	1
58.63333333333333	7134	1
58.63387978142077	7898	1
58.63770491803279	8395	1
58.687978142076496	2913	1
58.68907103825136	6209	1
58.69398907103825	6639	1
58.69945355191257	7687	1
58.70273224043716	820	1
58.70655737704918	2084	1
58.713114754098356	9540	1
58.74590163934426	7168	1
58.75901639344262	7384	1
58.76120218579235	6655	1
58.78524590163935	9717	1
58.79453551912568	4089	1
58.795081967213115	6228	1
58.79562841530054	1877	1
58.79562841530054	1145	1
58.80109289617486	6858	1
58.807103825136615	7314	1
58.81092896174863	492	1
58.81092896174863	4090	1
58.81256830601093	7652	1
58.81912568306011	9367	1
58.8224043715847	1817	1
58.82295081967213	1809	1
58.823497267759564	2737	1
58.82622950819672	3950	1
58.82677595628415	1679	1
58.830601092896174	7688	1
58.84207650273224	779	1
58.843715846994535	1260	1
58.84644808743169	1636	1
58.84754098360656	373	1
58.85464480874317	2247	1
58.857923497267755	9713	1
58.85901639344262	4267	1
58.86010928961749	6447	1
58.86229508196721	5939	1
58.86830601092896	8421	1
58.88087431693989	4587	1
58.89781420765028	2123	1
58.89890710382514	736	1
58.90382513661202	7741	1
58.91256830601093	3036	1
58.918579234972675	2254	1
58.92185792349727	8936	1
58.92841530054645	8837	1
58.9311475409836	7606	1
58.93606557377049	850	1
58.93606557377049	1396	1
58.94644808743169	4756	1
58.946994535519124	2799	1
58.95956284153006	989	1
58.95956284153006	1326	1
58.96010928961749	2915	1
58.96284153005464	4913	1
58.9655737704918	5185	1
58.96666666666667	6541	1
58.97704918032787	7732	1
58.97978142076503	6025	1
58.98579234972677	190	1
58.988524590163934	233	1
58.99180327868852	8508	1
59.00218579234973	8738	1
59.0120218579235	5869	1
59.020765027322405	7438	1
59.021857923497265	900	1
59.0224043715847	1277	1
59.043169398907104	8366	1
59.046994535519126	2925	1
59.0568306010929	8328	1
59.0672131147541	4826	1
59.08032786885246	3265	1
59.095628415300546	2974	1
59.10273224043716	4334	1
59.10655737704918	2721	1
59.11967213114754	4774	1
59.13169398907104	5419	1
59.138251366120215	3244	1
59.14098360655738	8485	1
59.14699453551913	6981	1
59.14972677595629	8860	1
59.1568306010929	7533	1
59.162295081967216	6176	1
59.17322404371584	7840	1
59.17704918032787	7749	1
59.18251366120219	6582	1
59.2016393442623	2540	1
59.228415300546445	7627	1
59.239344262295084	2796	1
59.240437158469945	1140	1
59.24918032786885	4164	1
59.24972677595628	9520	1
59.25027322404371	8770	1
59.25081967213114	7084	1
59.257923497267754	3338	1
59.266666666666666	7244	1
59.273770491803276	6573	1
59.28087431693989	3387	1
59.281967213114754	7694	1
59.29125683060109	8067	1
59.29398907103825	9744	1
59.310382513661196	8892	1
59.315300546448086	1368	1
59.315300546448086	3939	1
59.32677595628415	7494	1
59.327322404371586	7556	1
59.34098360655737	4178	1
59.346448087431696	8369	1
59.34699453551912	1899	1
59.34918032786885	5078	1
59.35409836065574	7010	1
59.35901639344262	1135	1
59.36502732240437	3865	1
59.378142076502726	1095	1
59.391256830601094	8299	1
59.39672131147541	9512	1
59.400546448087425	2777	1
59.427868852459014	2437	1
59.429508196721315	3215	1
59.43060109289617	4033	1
59.4344262295082	6647	1
59.4448087431694	2392	1
59.46939890710382	4749	1
59.47158469945355	447	1
59.47431693989071	3852	1
59.48688524590164	908	1
59.50109289617486	5352	1
59.51912568306011	6254	1
59.52513661202185	577	1
59.556284153005464	866	1
59.56393442622951	2579	1
59.56393442622951	4359	1
59.572131147540986	7805	1
59.59398907103825	6871	1
59.608743169398906	3096	1
59.613114754098355	3388	1
59.62185792349727	508	1
59.62568306010929	2897	1
59.62732240437159	4279	1
59.63606557377049	8968	1
59.63989071038252	6669	1
59.64371584699453	340	1
59.66284153005464	9651	1
59.666666666666664	4676	1
59.66885245901639	7429	1
59.68524590163934	341	1
59.687431693989076	2562	1
59.69071038251366	6365	1
59.69344262295082	2854	1
59.69726775956284	777	1
59.740437158469945	9935	1
59.75081967213114	9001	1
59.76393442622951	9221	1
59.765027322404364	2483	1
59.76612021857923	8672	1
59.77158469945355	294	1
59.77431693989071	2592	1
59.79726775956284	5476	1
59.83005464480875	495	1
59.843715846994535	8689	1
59.854644808743174	5687	1
59.85573770491803	6986	1
59.891256830601094	2844	1
59.900546448087425	219	1
59.90928961748634	9347	1
59.937704918032786	2899	1
59.939890710382514	5337	1
59.9431693989071	2250	1
59.950819672131146	4663	1
59.95628415300546	5970	1
59.9672131147541	2980	1
59.97267759562841	9538	1
59.97486338797815	1482	1
59.98579234972677	1660	1
59.98688524590164	8423	1
60.00710382513661	8714	1
60.01748633879781	7115	1
60.02459016393443	3613	1
60.026775956284155	5915	1
60.03060109289617	6183	1
60.0327868852459	5061	1
60.03661202185793	1759	1
60.04371584699454	4526	1
60.046994535519126	1562	1
60.04754098360655	1028	1
60.054098360655736	7382	1
60.0551912568306	1778	1
60.056284153005464	8821	1
60.08633879781421	2599	1
60.08633879781421	2338	1
60.090710382513656	2506	1
60.10327868852459	4061	1
60.10765027322404	6265	1
60.13169398907104	4072	1
60.15300546448087	0	1
