0.025848961748633877	4562	1
0.04559939890710382	285	1
0.14051857923497266	4406	1
0.23907158469945355	9332	1
0.29500983606557374	6602	1
0.29614098360655733	1050	1
0.3643300546448088	79	1
0.39100765027322404	842	1
0.46396448087431696	9245	1
0.4943846994535519	3679	1
0.4960092896174863	3825	1
0.513444262295082	9484	1
0.5350978142076503	2037	1
0.5548251366120219	7065	1
0.60824043715847	4123	1
0.6365573770491803	8478	1
0.6923551912568306	9726	1
0.8386229508196722	1461	1
0.8699071038251367	7092	1
0.8835628415300546	1789	1
0.9144535519125683	3363	1
0.9192677595628416	1811	1
0.9949398907103825	3794	1
1.097912568306011	9596	1
1.3222131147540985	3582	1
1.3714918032786885	4049	1
1.391224043715847	4553	1
1.3934043715846995	7173	1
1.499431693989071	3585	1
1.5289071038251365	7186	1
1.5741912568306011	5010	1
1.5933715846994536	4139	1
1.644950819672131	3083	1
1.665327868852459	6780	1
1.6691967213114753	4326	1
1.7850273224043716	692	1
1.8498196721311475	6491	1
1.905743169398907	8359	1
1.9459945355191255	8150	1
1.978207650273224	6227	1
2.0074207650273226	3410	1
2.0532349726775956	2313	1
2.2411475409836066	5245	1
2.2946338797814207	8941	1
2.3350054644808744	9344	1
2.3440819672131146	6799	1
2.432262295081967	6255	1
2.4482240437158467	6461	1
2.5350437158469945	1150	1
2.6032021857923495	4217	1
2.699191256830601	2235	1
2.7312021857923496	4765	1
2.7634098360655734	6951	1
2.775136612021858	1886	1
2.788950819672131	3433	1
2.8254918032786884	4437	1
2.844207650273224	8367	1
2.9205300546448085	6120	1
2.9878524590163935	3864	1
2.9892950819672133	5278	1
3.0382513661202184	4977	1
3.119672131147541	5631	1
3.18396174863388	442	1
3.2836666666666665	7705	1
3.291092896174863	781	1
3.3078032786885245	2237	1
3.4006010928961747	2465	1
3.4069781420765026	5071	1
3.4673661202185793	9439	1
3.5072021857923494	9339	1
3.7028360655737704	8257	1
3.70351912568306	298	1
3.757174863387978	9917	1
3.8193715846994536	7324	1
3.858229508196721	1338	1
3.891819672131147	2203	1
4.096349726775956	1139	1
4.104513661202185	9018	1
4.221934426229509	4380	1
4.251814207650273	6342	1
4.277786885245901	6475	1
4.540360655737705	9322	1
4.557677595628415	9937	1
4.573224043715847	4928	1
4.595349726775956	135	1
4.6110710382513656	3186	1
4.662065573770492	6558	1
4.666448087431694	952	1
4.6918961748633885	7433	1
4.785267759562842	5983	1
4.8364972677595635	7434	1
4.9167923497267765	7823	1
4.986535519125684	2427	1
5.086765027322404	3321	1
5.096584699453552	3401	1
5.096934426229508	1394	1
5.22492349726776	1818	1
5.265562841530055	3305	1
5.268726775956283	9991	1
5.271054644808743	1821	1
5.340803278688525	8202	1
5.4055081967213106	4225	1
5.421387978142077	6621	1
5.423196721311475	5922	1
5.439076502732241	7738	1
5.4584535519125685	5403	1
5.598633879781421	1042	1
5.609836065573771	4458	1
5.736448087431694	9869	1
5.776994535519126	1108	1
5.779453551912568	2951	1
6.003770491803279	4261	1
6.039180327868852	875	1
6.088142076502732	4094	1
6.102896174863388	5983	0
6.211311475409836	5098	1
6.249726775956284	1132	1
6.279890710382513	9346	1
6.314699453551912	8488	1
6.4460655737704915	5646	1
6.498688524590164	8403	1
6.569289617486338	2483	1
6.622786885245902	8515	1
6.722349726775956	5653	1
6.770546448087432	8919	1
6.776284153005464	1118	1
6.976721311475409	4008	1
6.978032786885246	4054	1
7.045901639344262	4314	1
7.25224043715847	8984	1
7.254754098360656	4315	1
7.402295081967213	2627	1
7.412185792349726	7612	1
7.4493989071038245	8597	1
7.457486338797814	1214	1
7.53655737704918	9360	1
7.578196721311475	9315	1
7.605956284153005	7304	1
7.617540983606557	3232	1
7.627431693989071	3809	1
7.709945355191257	9945	1
7.776229508196721	4422	1
7.824480874316939	7895	1
7.827868852459016	7101	1
7.832404371584699	4919	1
7.859125683060109	2634	1
7.859234972677595	7408	1
7.873606557377049	8815	1
7.91344262295082	9915	1
7.957868852459017	9639	1
8.063497267759564	1998	1
8.065081967213114	4782	1
8.083224043715846	612	1
8.094043715846995	6414	1
8.098415300546447	9843	1
8.104808743169398	4647	1
8.204699453551912	3530	1
8.214098360655738	472	1
8.229289617486339	7451	1
8.24655737704918	8237	1
8.25655737704918	2926	1
8.302841530054645	5667	1
8.363825136612022	9134	1
8.520109289617485	2125	1
8.536338797814208	3959	1
8.573770491803279	5936	1
8.607267759562841	8857	1
8.613606557377048	3904	1
8.619453551912567	8745	1
8.646994535519127	2385	1
8.657650273224043	9388	1
8.691639344262294	6502	1
8.697650273224044	8328	1
8.806338797814208	5090	1
8.816612021857923	7817	1
8.856666666666666	9428	1
8.866120218579235	944	1
8.872677595628415	3689	1
8.907486338797815	5110	1
8.909071038251367	9515	1
8.961803278688524	5341	1
8.962240437158469	6766	1
8.967868852459016	3134	1
8.997158469945356	2358	1
9.00513661202186	8728	1
9.013661202185792	4916	1
9.048251366120219	9151	1
9.080491803278688	9687	1
9.130928961748635	8174	1
9.211857923497268	6991	1
9.26415300546448	5864	1
9.305300546448088	3173	1
9.345191256830601	3162	1
9.367923497267759	5042	1
9.395081967213114	3735	1
9.400819672131147	2960	1
9.414699453551911	3428	1
9.458360655737705	1712	1
9.484207650273223	7584	1
9.516284153005465	8517	1
9.5824043715847	5072	1
9.5948087431694	9908	1
9.608579234972678	6606	1
9.64912568306011	5593	1
9.75896174863388	5863	1
9.844699453551911	6661	1
9.896448087431695	5505	1
9.918907103825136	5142	1
9.932677595628416	8205	1
9.962185792349725	7772	1
9.963934426229509	7883	1
9.983114754098361	6634	1
10.022404371584699	2913	1
10.02256830601093	1637	1
10.03846994535519	8848	1
10.090765027322403	989	1
10.115737704918033	2654	1
10.156775956284152	9110	1
10.21431693989071	1129	1
10.304972677595627	8871	1
10.314043715846996	7300	1
10.322459016393442	3753	1
10.517923497267759	9283	1
10.538907103825137	9946	1
10.552349726775956	3664	1
10.58814207650273	7681	1
10.598360655737704	5921	1
10.609125683060109	2039	1
10.629781420765028	7933	1
10.656502732240437	5945	1
10.669890710382512	7964	1
10.709016393442623	6568	1
10.737322404371586	5055	1
10.812021857923497	3988	1
10.822459016393442	1220	1
10.879945355191255	5421	1
10.896666666666667	6702	1
10.901092896174864	2124	1
10.910983606557378	1151	1
10.913333333333334	6348	1
10.947158469945355	7558	1
10.965628415300547	2630	1
10.972295081967214	5875	1
10.981967213114753	8377	1
11.03846994535519	9095	1
11.09158469945355	9504	1
11.127158469945355	1299	1
11.177049180327868	4905	1
11.191803278688523	8182	1
11.196229508196721	1395	1
11.209781420765028	8050	1
11.221147540983607	7525	1
11.258469945355191	812	1
11.467814207650273	7875	1
11.532349726775957	3264	1
11.558743169398907	2294	1
11.56912568306011	9437	1
11.5803825136612	6785	1
11.60551912568306	4314	0
11.636010928961749	7808	1
11.71087431693989	8655	1
11.757650273224044	6613	1
11.796229508196722	304	1
11.862295081967213	9728	1
11.86431693989071	9094	1
11.901311475409836	5006	1
11.908196721311475	7282	1
11.931693989071038	4328	1
11.964207650273224	2808	1
11.984098360655738	5496	1
12.028961748633881	2994	1
12.031420765027322	5877	1
12.064918032786885	7141	1
12.070601092896174	5049	1
12.086229508196721	2331	1
12.121803278688523	5507	1
12.203825136612021	2408	1
12.267704918032786	9203	1
12.46071038251366	8908	1
12.501147540983608	1097	1
12.50295081967213	6625	1
12.59	567	1
12.644863387978141	1995	1
12.656338797814207	7882	1
12.691475409836066	7471	1
12.696120218579233	7148	1
12.720710382513662	3665	1
12.846010928961748	4795	1
12.85704918032787	9491	1
12.90191256830601	2603	1
12.902513661202185	4302	1
13.019453551912568	1425	1
13.116065573770491	6591	1
13.17896174863388	9630	1
13.18486338797814	8858	1
13.20377049180328	3356	1
13.290163934426229	1587	1
13.304699453551912	3910	1
13.441256830601093	3079	1
13.443442622950819	931	1
13.502459016393441	8183	1
13.54912568306011	4142	1
13.642568306010928	1205	1
13.649398907103826	6828	1
13.670218579234973	228	1
13.696775956284153	2593	1
13.71928961748634	7507	1
13.732021857923495	3631	1
13.754262295081967	4342	1
13.771967213114754	8702	1
13.787978142076502	7765	1
13.794590163934425	8242	1
13.869016393442623	6644	1
13.887377049180328	415	1
13.954863387978142	5086	1
13.981748633879782	8027	1
13.999562841530055	2923	1
14.056994535519125	9623	1
14.083989071038252	1822	1
14.088142076502733	9629	1
14.122677595628415	1351	1
14.129562841530054	7013	1
14.135737704918032	8793	1
14.170109289617487	8658	1
14.269289617486338	9885	1
14.337978142076503	3711	1
14.360000000000001	5676	1
14.368087431693988	9594	1
14.393551912568306	7589	1
14.417650273224043	9665	1
14.437868852459017	3107	1
14.446994535519126	2764	1
14.456775956284153	4629	1
14.507540983606557	4497	1
14.564863387978141	7495	1
14.648415300546448	9563	1
14.690437158469946	7368	1
14.717103825136611	6023	1
14.729180327868852	1860	1
14.845901639344262	2886	1
14.865464480874317	9952	1
14.95153005464481	6726	1
14.96464480874317	8997	1
14.983551912568306	2471	1
15.144863387978141	3195	1
15.15606557377049	2734	1
15.160491803278688	1377	1
15.181748633879781	922	1
15.277486338797814	7891	1
15.35224043715847	8886	1
15.413497267759563	4378	1
15.424098360655737	7790	1
15.454808743169398	7469	1
15.503770491803278	9299	1
15.572622950819671	7008	1
15.607868852459017	1111	1
15.634207650273224	8949	1
15.644754098360655	4815	1
15.68327868852459	5172	1
15.702896174863387	9232	1
15.99360655737705	3324	1
16.000273224043717	2186	1
16.045081967213115	2398	1
16.062513661202185	9131	1
16.065737704918032	4124	1
16.104918032786887	6323	1
16.13896174863388	4846	1
16.14415300546448	1181	1
16.196939890710382	7056	1
16.227377049180326	9616	1
16.258142076502732	4841	1
16.30983606557377	1146	1
16.325792349726775	6797	1
16.341311475409835	5075	1
16.3424043715847	862	1
16.36846994535519	491	1
16.449726775956286	8523	1
16.459016393442624	193	1
16.466010928961747	7306	1
16.519398907103824	88	1
16.536120218579235	6584	1
16.536338797814206	9574	1
16.542295081967215	3881	1
16.543169398907104	7312	1
16.558852459016393	2797	1
16.573278688524592	6929	1
16.575628415300546	5088	1
16.60983606557377	6880	1
16.613442622950817	3975	1
16.622349726775955	7607	1
16.6275956284153	9667	1
16.634808743169398	6617	1
16.717540983606558	4934	1
16.771475409836068	7549	1
16.86863387978142	4711	1
16.883169398907103	6685	1
16.88770491803279	4606	1
16.914043715846994	1463	1
16.928360655737706	7040	1
16.957103825136613	3597	1
16.99103825136612	3926	1
16.99103825136612	1750	1
17.0024043715847	3240	1
17.00655737704918	4651	1
17.098196721311474	256	1
17.106338797814207	6835	1
17.109781420765028	7030	1
17.117978142076502	2952	1
17.16207650273224	5318	1
17.19327868852459	1357	1
17.209672131147542	3047	1
17.238360655737708	4198	1
17.245355191256827	4698	1
17.264535519125683	7443	1
17.306830601092894	9858	1
17.321803278688524	3449	1
17.343715846994538	9759	1
17.495737704918035	257	1
17.522622950819674	1963	1
17.55415300546448	9593	1
17.61672131147541	2583	1
17.6427868852459	2742	1
17.68912568306011	1078	1
17.784371584699453	2342	1
17.80295081967213	2967	1
17.891420765027323	4206	1
17.91486338797814	4294	1
17.921311475409833	6254	1
17.998579234972677	6251	1
18.010218579234973	3416	1
18.054590163934424	8902	1
18.09830601092896	564	1
18.15289617486339	3950	1
18.168688524590163	6173	1
18.210327868852456	838	1
18.229508196721312	1798	1
18.23092896174863	9684	1
18.2320218579235	2223	1
18.251803278688524	1815	1
18.26775956284153	9514	1
18.279234972677596	6642	1
18.288907103825135	3421	1
18.310928961748633	8656	1
18.363060109289616	3855	1
18.373005464480876	4501	1
18.405628415300544	8570	1
18.43398907103825	3168	1
18.44655737704918	3860	1
18.46584699453552	8816	1
18.51726775956284	6354	1
18.542021857923498	1290	1
18.557158469945353	2567	1
18.558579234972676	6594	1
18.595409836065574	6349	1
18.62765027322404	7767	1
18.62781420765027	7015	1
18.65573770491803	7701	1
18.68153005464481	9982	1
18.704590163934427	2877	1
18.721639344262297	4297	1
18.727322404371584	8780	1
18.74098360655738	7867	1
18.799999999999997	6825	1
18.880491803278687	3346	1
18.89693989071038	303	1
18.898032786885246	5438	1
18.898142076502733	6904	1
18.947049180327866	5288	1
19.00049180327869	4827	1
19.029398907103825	1109	1
19.03016393442623	8761	1
19.080491803278687	389	1
19.28890710382514	8601	1
19.301366120218578	3954	1
19.310491803278687	4966	1
19.329234972677597	6542	1
19.367213114754097	5611	1
19.37622950819672	806	1
19.378142076502733	9930	1
19.389945355191255	2197	1
19.403879781420766	8914	1
19.408961748633878	279	1
19.41896174863388	4247	1
19.43863387978142	8416	1
19.44005464480874	801	1
19.64551912568306	6140	1
19.67289617486339	5214	1
19.68830601092896	5156	1
19.731256830601094	262	1
19.76775956284153	3464	1
19.804535519125682	9394	1
19.809071038251368	6234	1
19.809890710382515	2934	1
19.906994535519125	2755	1
19.909125683060108	5855	1
19.940109289617485	9362	1
19.946557377049178	3181	1
20.02748633879781	1948	1
20.030983606557378	5062	1
20.079890710382514	2496	1
20.097103825136614	1726	1
20.098579234972675	7217	1
20.1096174863388	9988	1
20.12103825136612	3250	1
20.18071038251366	6870	1
20.194972677595626	3211	1
20.199726775956282	8771	1
20.23207650273224	9664	1
20.268196721311476	1470	1
20.316666666666666	3273	1
20.318469945355194	1834	1
20.365081967213115	9062	1
20.370928961748636	8144	1
20.39191256830601	9791	1
20.398907103825138	3743	1
20.405956284153003	3156	1
20.41469945355191	6207	1
20.44568306010929	7460	1
20.458196721311474	7299	1
20.676174863387978	1790	1
20.67901639344262	5664	1
20.755136612021857	7664	1
20.762404371584697	5476	1
20.79617486338798	7602	1
20.811475409836067	1690	1
20.838524590163935	3357	1
20.8603825136612	288	1
20.896120218579235	4693	1
20.9103825136612	3908	1
20.91087431693989	2974	1
20.924426229508196	6611	1
20.924918032786888	6133	1
20.939016393442625	8630	1
20.959890710382513	6170	1
20.961475409836066	8352	1
20.974590163934426	9592	1
20.981639344262295	9591	1
21.00360655737705	2168	1
21.026502732240438	1178	1
21.045355191256828	2944	1
21.09295081967213	9773	1
21.094043715846993	5105	1
21.116284153005463	8576	1
21.123387978142073	7085	1
21.123497267759564	9924	1
21.16120218579235	1927	1
21.17639344262295	5908	1
21.18398907103825	2778	1
21.20005464480874	7269	1
21.250874316939893	6251	0
21.29693989071038	9068	1
21.309672131147543	9652	1
21.34928961748634	6081	1
21.35672131147541	3857	1
21.358251366120218	4096	1
21.373879781420765	4719	1
21.421748633879783	4245	1
21.452677595628415	1321	1
21.46327868852459	6660	1
21.46841530054645	9194	1
21.49360655737705	5630	1
21.498633879781423	9620	1
21.519945355191258	2405	1
21.525355191256832	6217	1
21.552131147540983	7931	1
21.568524590163936	7139	1
21.58360655737705	3785	1
21.596666666666664	3396	1
21.659890710382513	1804	1
21.666448087431693	3972	1
21.687431693989073	0	1
21.69071038251366	1660	1
21.69158469945355	7237	1
21.69256830601093	4583	1
21.69486338797814	7630	1
21.696775956284153	1023	1
21.708961748633882	9202	1
21.712185792349725	3140	1
21.727814207650276	2188	1
21.749234972677595	6821	1
21.753060109289617	9443	1
21.75879781420765	293	1
21.764644808743167	4246	1
21.766284153005465	6913	1
21.7755737704918	7900	1
21.778360655737703	4578	1
21.79530054644809	6882	1
21.797650273224043	5273	1
21.810437158469945	1541	1
21.821803278688524	2774	1
21.835409836065576	2707	1
21.84639344262295	5146	1
21.86885245901639	8623	1
21.886502732240437	6846	1
21.92879781420765	3701	1
21.937431693989073	2045	1
21.938360655737704	9129	1
21.944699453551912	3376	1
21.966994535519127	7578	1
21.983770491803277	6773	1
21.986229508196722	8769	1
22.000109289617487	9446	1
22.001857923497266	177	1
22.021803278688523	4561	1
22.02245901639344	2136	1
22.03513661202186	3147	1
22.035628415300547	673	1
22.05065573770492	1720	1
22.053060109289618	3512	1
22.056830601092894	5399	1
22.05710382513661	8437	1
22.065136612021856	4279	1
22.074098360655736	3340	1
22.078907103825138	8776	1
22.10360655737705	8122	1
22.12765027322404	6368	1
22.140765027322406	4848	1
22.15120218579235	3632	1
22.15158469945355	4559	1
22.17120218579235	5964	1
22.171256830601095	7717	1
22.19841530054645	3820	1
22.200874316939892	3125	1
22.21262295081967	6034	1
22.225628415300545	4950	1
22.23054644808743	6979	1
22.24136612021858	6892	1
22.24344262295082	6477	1
22.275792349726775	4855	1
22.28349726775956	7072	1
22.298743169398907	6261	1
22.312896174863386	1649	1
22.318579234972677	4917	1
22.326775956284152	688	1
22.350273224043715	7714	1
22.362349726775953	2847	1
22.38415300546448	595	1
22.38775956284153	1585	1
22.398524590163934	4461	1
22.406448087431695	7431	1
22.41426229508197	6900	1
22.423497267759565	3121	1
22.434043715846997	8048	1
22.437978142076503	123	1
22.46191256830601	775	1
22.46983606557377	7678	1
22.491147540983608	9101	1
22.50054644808743	5191	1
22.509562841530055	3966	1
22.524426229508194	3501	1
22.5275956284153	2151	1
22.533169398907102	4077	1
22.55393442622951	7810	1
22.557540983606557	4736	1
22.56142076502732	9349	1
22.56398907103825	6677	1
22.5679781420765	9715	1
22.592677595628416	2031	1
22.60431693989071	1797	1
22.605956284153006	2450	1
22.6103825136612	5802	1
22.613442622950817	4160	1
22.61945355191257	3271	1
22.63158469945355	6888	1
22.63551912568306	947	1
22.65825136612022	9251	1
22.658415300546448	2459	1
22.667923497267758	7828	1
22.669781420765027	1489	1
22.676939890710383	5430	1
22.681475409836064	1732	1
22.686448087431696	2909	1
22.686939890710384	5498	1
22.70229508196721	545	1
22.724043715846992	6640	1
22.731475409836065	3251	1
22.73158469945355	4622	1
22.732295081967212	7956	1
22.732841530054646	1768	1
22.755245901639345	4431	1
22.756448087431696	1195	1
22.794043715846996	7337	1
22.805245901639346	1381	1
22.836939890710383	9435	1
22.84409836065574	290	1
22.854480874316938	1054	1
22.864918032786886	527	1
22.87655737704918	4881	1
22.977814207650272	2848	1
22.981311475409836	4161	1
22.989071038251367	9144	1
22.993169398907103	6444	1
22.995683060109286	5456	1
23.004863387978144	6361	1
23.016229508196723	879	1
23.016502732240436	6019	1
23.017704918032784	3554	1
23.030382513661202	8507	1
23.039071038251365	7131	1
23.127650273224045	4921	1
23.14366120218579	317	1
23.14688524590164	4597	1
23.185464480874316	7984	1
23.214316939890708	6356	1
23.21989071038251	5970	1
23.236502732240435	5901	1
23.25901639344262	2615	1
23.288469945355192	274	1
23.293169398907104	6247	1
23.3075956284153	9064	1
23.30781420765027	4885	1
23.320546448087434	8657	1
23.341693989071036	4649	1
23.342131147540982	7941	1
23.34415300546448	3486	1
23.358961748633877	3784	1
23.388469945355194	6933	1
23.39120218579235	9549	1
23.415683060109288	6086	1
23.426775956284153	9017	1
23.435136612021857	9824	1
23.4375956284153	5556	1
23.45956284153005	8445	1
23.46153005464481	8218	1
23.472021857923497	7519	1
23.499781420765025	8642	1
23.50245901639344	5907	1
23.533879781420765	5231	1
23.53486338797814	3278	1
23.539726775956282	4438	1
23.54338797814208	1221	1
23.55879781420765	9074	1
23.58879781420765	8023	1
23.59464480874317	5983	1
23.59825136612022	8483	1
23.598579234972675	8454	1
23.606885245901637	9176	1
23.610874316939892	8162	1
23.612568306010928	7621	1
23.655245901639343	2042	1
23.65601092896175	9087	1
23.69311475409836	1491	1
23.706120218579237	3762	1
23.720928961748633	1216	1
23.750546448087434	4204	1
23.751530054644807	9729	1
23.755792349726775	9543	1
23.792841530054645	2780	1
23.79327868852459	3628	1
23.79879781420765	4660	1
23.817213114754097	3625	1
23.83	2213	1
23.830491803278687	5764	1
23.83775956284153	4172	1
23.845245901639345	4373	1
23.846666666666668	9580	1
23.8572131147541	4869	1
23.8572131147541	2796	1
23.888360655737706	7428	1
23.911038251366122	6220	1
23.91726775956284	468	1
23.94289617486339	7913	1
23.97114754098361	1600	1
23.974207650273225	6450	1
24.050109289617488	5808	1
24.056612021857926	9625	1
24.072950819672133	7736	1
24.085792349726773	6423	1
24.086174863387978	5397	1
24.091202185792348	5775	1
24.146612021857923	3968	1
24.170765027322403	5966	1
24.203060109289616	6195	1
24.208743169398907	6920	1
24.21655737704918	230	1
24.24103825136612	9211	1
24.272950819672133	5155	1
24.297814207650273	9373	1
24.32584699453552	5207	1
24.33071038251366	1666	1
24.345081967213115	5871	1
24.360765027322405	7741	1
24.380546448087433	7838	1
24.38448087431694	2507	1
24.392459016393445	3813	1
24.392896174863388	6680	1
24.393551912568306	8143	1
24.395628415300546	4686	1
24.402295081967214	8480	1
24.409289617486337	3583	1
24.417978142076503	2628	1
24.418142076502733	8726	1
24.448196721311476	5711	1
24.456284153005466	1196	1
24.461366120218578	2737	1
24.47863387978142	9707	1
24.48595628415301	8317	1
24.492732240437157	8310	1
24.543879781420763	211	1
24.546120218579233	6079	1
24.558524590163934	9818	1
24.560546448087432	3977	1
24.58262295081967	9633	1
24.586994535519125	5179	1
24.60327868852459	8288	1
24.61754098360656	5799	1
24.63087431693989	9802	1
24.64032786885246	8021	1
24.655245901639343	1678	1
24.660382513661204	7771	1
24.670601092896174	3217	1
24.68398907103825	4427	1
24.68508196721311	2846	1
24.738306010928962	9569	1
24.771311475409835	3670	1
24.795136612021857	2653	1
24.796885245901642	5560	1
24.815737704918035	2685	1
24.81704918032787	4084	1
24.833551912568304	7661	1
24.834644808743167	967	1
24.845245901639345	9369	1
24.87032786885246	1015	1
24.89092896174863	9138	1
24.904863387978143	1671	1
24.923387978142074	3407	1
24.937267759562843	8256	1
24.950874316939892	3640	1
24.951420765027322	2999	1
24.96087431693989	3082	1
24.99021857923497	5258	1
25.001256830601093	6436	1
25.004098360655735	9214	1
25.004699453551915	8670	1
25.02672131147541	9529	1
25.039562841530053	8516	1
25.086448087431695	3192	1
25.092732240437158	2573	1
25.13120218579235	3769	1
25.131475409836064	9091	1
25.139999999999997	7457	1
25.175464480874314	5445	1
25.192240437158468	5164	1
25.239016393442625	3033	1
25.239781420765027	6678	1
25.24808743169399	9270	1
25.259071038251363	1554	1
25.260218579234973	8978	1
25.268360655737705	6271	1
25.277704918032786	2807	1
25.30349726775956	3222	1
25.306010928961747	7091	1
25.364153005464477	5416	1
25.36830601092896	8186	1
25.37054644808743	2209	1
25.37912568306011	6082	1
25.396775956284152	6258	1
25.403715846994533	5206	1
25.407704918032785	6589	1
25.408360655737702	736	1
25.409125683060108	3940	1
25.456120218579233	6902	1
25.473606557377046	4370	1
25.47453551912568	2919	1
25.51273224043716	519	1
25.515956284153003	2395	1
25.54207650273224	1021	1
25.547431693989072	1765	1
25.547704918032785	6419	1
25.55092896174863	4024	1
25.56098360655738	1794	1
25.58475409836066	5040	1
25.599508196721313	3607	1
25.67021857923497	9996	1
25.681857923497265	6577	1
25.687923497267757	6411	1
25.703442622950817	9308	1
25.711311475409836	2937	1
25.712841530054643	5342	1
25.750273224043713	3218	1
25.762677595628414	5545	1
25.81420765027322	3804	1
25.842732240437158	7228	1
25.845409836065574	7760	1
25.883333333333333	4347	1
25.887049180327868	3783	1
25.888196721311473	4027	1
25.911912568306008	9792	1
25.91846994535519	8741	1
25.935683060109287	9208	1
25.93710382513661	6366	1
25.941912568306012	7331	1
25.945081967213113	8460	1
25.97344262295082	2035	1
25.982349726775954	7928	1
26.000655737704918	9720	1
26.021584699453552	8418	1
26.10142076502732	7715	1
26.102677595628418	9028	1
26.105737704918035	8962	1
26.116174863387975	4758	1
26.1331693989071	6166	1
26.165409836065574	9130	1
26.169999999999998	1371	1
26.201092896174863	8592	1
26.205300546448086	5039	1
26.217486338797812	4019	1
26.221857923497268	7802	1
26.22584699453552	1729	1
26.23327868852459	8810	1
26.23896174863388	6999	1
26.253387978142076	2196	1
26.280382513661202	1264	1
26.316502732240437	5313	1
26.331584699453554	3068	1
26.337103825136612	871	1
26.361311475409835	1643	1
26.37497267759563	3822	1
26.375245901639346	4738	1
26.37606557377049	9120	1
26.377377049180325	5744	1
26.405245901639343	4867	1
26.4120218579235	4524	1
26.444426229508196	8247	1
26.454590163934427	9199	1
26.45912568306011	5480	1
26.466448087431694	6469	1
26.47672131147541	2527	1
26.480491803278685	3439	1
26.481256830601094	8937	1
26.513333333333332	2336	1
26.55016393442623	8836	1
26.58344262295082	2506	1
26.658579234972677	9279	1
26.671147540983608	4850	1
26.69896174863388	5323	1
26.719234972677597	3469	1
26.735628415300546	9846	1
26.746885245901638	250	1
26.75109289617486	9628	1
26.75207650273224	9970	1
26.756010928961746	4541	1
26.76775956284153	3275	1
26.77344262295082	5260	1
26.77584699453552	1910	1
26.77956284153005	7571	1
26.79311475409836	844	1
26.799289617486338	1996	1
26.821803278688524	6232	1
26.83229508196721	7877	1
26.83775956284153	5297	1
26.85535519125683	8368	1
26.861639344262294	752	1
26.879726775956286	9681	1
26.924371584699454	1350	1
26.92792349726776	4366	1
26.92868852459016	6498	1
26.936502732240434	445	1
26.957158469945355	7388	1
26.96360655737705	6335	1
27.00087431693989	7866	1
27.003169398907104	6514	1
27.00896174863388	2580	1
27.04639344262295	8360	1
27.04896174863388	4912	1
27.070437158469943	3049	1
27.079234972677597	1935	1
27.080546448087432	8100	1
27.080765027322403	7948	1
27.09639344262295	1032	1
27.12431693989071	9698	1
27.154098360655738	6371	1
27.196448087431694	3921	1
27.214043715846994	6432	1
27.26573770491803	8500	1
27.266666666666666	4831	1
27.297704918032785	5567	1
27.29786885245902	1431	1
27.30398907103825	8171	1
27.32568306010929	3592	1
27.34448087431694	7898	1
27.356775956284153	6116	1
27.358196721311476	7419	1
27.404262295081967	316	1
27.405409836065573	8921	1
27.452896174863387	9895	1
27.52174863387978	2759	1
27.52245901639344	7238	1
27.53551912568306	1697	1
27.538360655737705	4580	1
27.557868852459016	255	1
27.56622950819672	3482	1
27.567267759562842	9862	1
27.588688524590165	1746	1
27.606666666666666	3818	1
27.611256830601093	8261	1
27.620273224043718	4723	1
27.64808743169399	9	1
27.656502732240437	9196	1
27.694426229508196	7973	1
27.70032786885246	2513	1
27.702349726775957	4792	1
27.71502732240437	8434	1
27.720601092896175	7570	1
27.753060109289617	572	1
27.757868852459016	7315	1
27.78950819672131	3685	1
27.79114754098361	9776	1
27.793060109289616	7818	1
27.79311475409836	886	1
27.79983606557377	2064	1
27.80032786885246	1542	1
27.80327868852459	3854	1
27.814863387978143	6719	1
27.826174863387976	54	1
27.82622950819672	7444	1
27.831912568306013	4655	1
27.84136612021858	371	1
27.85327868852459	214	1
27.860273224043716	7742	1
27.86398907103825	2744	1
27.864918032786882	6857	1
27.865081967213115	8687	1
27.87857923497268	1128	1
27.881311475409834	2790	1
27.883169398907103	9999	1
27.889836065573768	5429	1
27.89967213114754	2736	1
27.913224043715847	8504	1
27.91688524590164	5743	1
27.92054644808743	7697	1
27.93978142076503	3781	1
27.94950819672131	424	1
27.953278688524588	6290	1
27.97114754098361	8194	1
27.97743169398907	3349	1
27.978797814207653	2154	1
27.979726775956284	9035	1
27.98693989071038	9260	1
27.990983606557375	6910	1
27.991147540983604	2600	1
27.995846994535516	8511	1
28.028360655737707	363	1
28.036885245901637	5801	1
28.037377049180325	2793	1
28.0555737704918	7796	1
28.056284153005464	8538	1
28.068196721311477	2182	1
28.10032786885246	5192	1
28.104699453551913	6989	1
28.105300546448085	3360	1
28.109016393442623	9507	1
28.110437158469942	9844	1
28.12229508196721	9641	1
28.12273224043716	7734	1
28.133333333333333	4070	1
28.133715846994537	5483	1
28.13918032786885	9025	1
28.144535519125682	4879	1
28.1451912568306	991	1
28.15606557377049	2811	1
28.161038251366122	3729	1
28.176448087431694	7857	1
28.185136612021857	4109	1
28.196448087431694	4069	1
28.212459016393442	8603	1
28.21568306010929	4395	1
28.226284153005466	6464	1
28.232513661202187	4794	1
28.25174863387978	1127	1
28.257049180327865	6159	1
28.26606557377049	9986	1
28.2727868852459	9522	1
28.286010928961748	5344	1
28.305956284153005	6018	1
28.307158469945353	4227	1
28.310874316939888	3336	1
28.31693989071038	5145	1
28.33590163934426	4288	1
28.365628415300545	1640	1
28.403551912568304	2792	1
28.405901639344265	945	1
28.407049180327867	2832	1
28.41087431693989	9462	1
28.41726775956284	5159	1
28.43584699453552	9907	1
28.451475409836064	30	1
28.463551912568303	5426	1
28.47497267759563	1312	1
28.486666666666665	2404	1
28.490546448087432	7909	1
28.49655737704918	9290	1
28.501803278688524	5647	1
28.529672131147542	1692	1
28.529781420765026	5774	1
28.53125683060109	9965	1
28.53781420765027	4314	1
28.539125683060107	5858	1
28.54071038251366	7294	1
28.54174863387978	2251	1
28.574590163934424	4375	1
28.57808743169399	2208	1
28.58382513661202	638	1
28.588797814207652	2555	1
28.58950819672131	268	1
28.599453551912568	8923	1
28.602021857923496	355	1
28.635245901639344	3484	1
28.63792349726776	1746	0
28.638743169398907	1418	1
28.648852459016393	587	1
28.667650273224044	3570	1
28.67792349726776	3650	1
28.681420765027323	8974	1
28.689398907103826	3932	1
28.72590163934426	5735	1
28.729726775956284	9809	1
28.745792349726777	9051	1
28.746229508196723	3261	1
28.78486338797814	3996	1
28.795846994535516	3832	1
28.819726775956283	6576	1
28.819836065573767	6379	1
28.827704918032786	42	1
28.859125683060107	9031	1
28.864754098360656	2311	1
28.88	2662	1
28.886448087431692	7329	1
28.89382513661202	5065	1
28.897377049180324	2497	1
28.93098360655738	284	1
28.95360655737705	7158	1
28.955519125683058	2457	1
28.96655737704918	9285	1
28.982677595628413	3366	1
28.986448087431693	6146	1
28.99830601092896	5817	1
29.00704918032787	8250	1
29.02256830601093	6443	1
29.02765027322404	8518	1
29.032677595628414	6437	1
29.05224043715847	5184	1
29.060655737704916	1368	1
29.08551912568306	3094	1
29.108415300546447	9045	1
29.11016393442623	1253	1
29.110983606557376	8628	1
29.11464480874317	9155	1
29.12289617486339	4249	1
29.12890710382514	6472	1
29.13972677595628	412	1
29.15191256830601	3971	1
29.20617486338798	721	1
29.21065573770492	805	1
29.210819672131144	1590	1
29.212131147540983	980	1
29.239781420765027	5920	1
29.259453551912564	5285	1
29.279398907103825	6911	1
29.304535519125682	3495	1
29.319453551912567	6276	1
29.325464480874317	6993	1
29.33448087431694	2350	1
29.34169398907104	4111	1
29.37327868852459	9341	1
29.381202185792347	3114	1
29.38486338797814	7172	1
29.38885245901639	4192	1
29.395683060109288	3011	1
29.425792349726777	2857	1
29.427704918032788	7387	1
29.43191256830601	5993	1
29.435081967213115	176	1
29.437650273224044	5579	1
29.45655737704918	5106	1
29.46311475409836	1389	1
29.472349726775956	5064	1
29.477486338797814	6690	1
29.4872131147541	5518	1
29.49551912568306	2533	1
29.500109289617484	7855	1
29.506994535519123	2528	1
29.520109289617487	2440	1
29.548579234972678	474	1
29.5531693989071	1959	1
29.5548087431694	9463	1
29.558797814207647	8900	1
29.564699453551913	5598	1
29.569562841530054	7274	1
29.600928961748632	7839	1
29.601639344262292	6263	1
29.605245901639343	6538	1
29.605628415300544	6505	1
29.606229508196723	4041	1
29.611256830601093	2169	1
29.612732240437158	3563	1
29.621092896174865	5521	1
29.63601092896175	4610	1
29.636994535519126	3802	1
29.658743169398907	1718	1
29.69207650273224	6704	1
29.695464480874318	2713	1
29.70005464480874	5537	1
29.703825136612018	3846	1
29.70453551912568	1939	1
29.715464480874317	3160	1
29.729726775956284	5526	1
29.742841530054648	1327	1
29.754918032786886	9302	1
29.758579234972675	7709	1
29.764043715846995	3417	1
29.764754098360655	3519	1
29.802513661202184	8380	1
29.804918032786887	2060	1
29.81153005464481	7626	1
29.849726775956285	2421	1
29.852459016393443	7150	1
29.85775956284153	9367	1
29.865737704918033	7095	1
29.86879781420765	2819	1
29.86896174863388	3866	1
29.87071038251366	8135	1
29.87366120218579	4635	1
29.879781420765028	4875	1
29.891366120218578	7992	1
29.89726775956284	3503	1
29.90327868852459	6022	1
29.916994535519127	5778	1
29.923989071038253	5723	1
29.96	2613	1
29.977267759562842	8557	1
29.996721311475408	5595	1
30.00158469945355	149	1
30.001639344262294	4616	1
30.00540983606557	3880	1
30.016010928961748	5001	1
30.029836065573768	8700	1
30.04224043715847	5502	1
30.04431693989071	5632	1
30.047650273224043	2044	1
30.052732240437155	2431	1
30.06213114754098	2142	1
30.069125683060108	4673	1
30.089125683060107	6405	1
30.121311475409833	5381	1
30.12218579234973	3951	1
30.129562841530056	8168	1
30.13207650273224	689	1
30.14032786885246	3260	1
30.140601092896173	1077	1
30.145628415300546	7816	1
30.166448087431693	4898	1
30.17398907103825	5037	1
30.174754098360655	4179	1
30.179617486338795	7783	1
30.188688524590162	8790	1
30.200491803278688	7698	1
30.204808743169398	7325	1
30.20622950819672	5757	1
30.223497267759562	7246	1
30.248961748633878	9740	1
30.24945355191257	4710	1
30.286065573770493	3761	1
30.292131147540985	2498	1
30.3151912568306	7690	1
30.315683060109286	7858	1
30.321530054644807	4280	1
30.398306010928962	4851	1
30.39945355191257	5360	1
30.428196721311476	8740	1
30.436338797814205	3572	1
30.438688524590162	9034	1
30.446939890710382	7224	1
30.453387978142075	2532	1
30.46349726775956	4022	1
30.493661202185795	3280	1
30.50841530054645	9146	1
30.509234972677593	4527	1
30.52071038251366	5447	1
30.53639344262295	3057	1
30.563333333333333	8791	1
30.569234972677595	5809	1
30.570928961748635	1124	1
30.575300546448084	8413	1
30.582131147540984	2881	1
30.585409836065573	2703	1
30.614098360655735	2082	1
30.656448087431695	1180	1
30.659071038251366	9212	1
30.659617486338796	1362	1
30.67142076502732	3493	1
30.671857923497267	1876	1
30.677322404371584	872	1
30.682185792349728	2308	1
30.701366120218577	7379	1
30.73191256830601	7063	1
30.733715846994535	6299	1
30.745628415300548	579	1
30.748032786885243	774	1
30.758360655737704	2766	1
30.763715846994536	3865	1
30.76950819672131	9178	1
30.786557377049178	8696	1
30.79153005464481	2372	1
30.793278688524587	3309	1
30.798415300546445	4238	1
30.798907103825137	9043	1
30.811256830601092	7564	1
30.81699453551912	9246	1
30.8175956284153	6322	1
30.823606557377047	9892	1
30.82792349726776	1820	1
30.83863387978142	2328	1
30.858743169398906	1297	1
30.867814207650273	1715	1
30.87311475409836	3228	1
30.893224043715843	9560	1
30.894371584699453	260	1
30.91224043715847	5114	1
30.91601092896175	4158	1
30.929398907103824	4707	1
30.930765027322405	1121	1
30.95775956284153	960	1
30.983387978142076	9866	1
31.0124043715847	7420	1
31.016065573770494	7216	1
31.022513661202186	374	1
31.024153005464477	9794	1
31.03120218579235	8965	1
31.03158469945355	3577	1
31.038469945355192	9342	1
31.050218579234972	6608	1
31.055519125683062	59	1
31.06366120218579	1509	1
31.109234972677594	8661	1
31.115792349726775	7083	1
31.12	3155	1
31.14464480874317	2149	1
31.152677595628415	9864	1
31.168907103825138	9718	1
31.171803278688525	4479	1
31.174480874316938	2749	1
31.185300546448087	8337	1
31.19071038251366	7351	1
31.1983606557377	924	1
31.208196721311477	7348	1
31.2151912568306	5383	1
31.22174863387978	9442	1
31.237814207650274	2800	1
31.24743169398907	6186	1
31.2475956284153	5872	1
31.249016393442623	4489	1
31.271803278688523	1826	1
31.275191256830603	4053	1
31.291693989071035	9201	1
31.29213114754098	6932	1
31.301038251366123	1696	1
31.303497267759564	3266	1
31.32049180327869	6688	1
31.33	8897	1
31.340983606557376	8066	1
31.354153005464482	5210	1
31.367978142076502	9049	1
31.369945355191255	5649	1
31.370327868852456	4726	1
31.373060109289614	2716	1
31.38469945355191	5823	1
31.407486338797813	3786	1
31.431366120218577	498	1
31.448306010928963	4619	1
31.453551912568305	5772	1
31.456120218579237	6014	1
31.485464480874317	5795	1
31.49142076502732	1352	1
31.492349726775956	7886	1
31.51344262295082	76	1
31.521803278688523	7114	1
31.529836065573768	9175	1
31.54983606557377	4284	1
31.55393442622951	9021	1
31.569289617486337	5197	1
31.597377049180327	9460	1
31.603661202185794	2306	1
31.607704918032788	3659	1
31.608524590163935	5703	1
31.612622950819674	5797	1
31.61289617486339	9670	1
31.628032786885246	4002	1
31.638907103825137	5491	1
31.642295081967212	3092	1
31.662021857923495	1838	1
31.668524590163933	5144	1
31.67513661202186	8926	1
31.6875956284153	704	1
31.688524590163933	2359	1
31.708360655737707	4101	1
31.715956284153005	7684	1
31.75568306010929	6781	1
31.756994535519127	4365	1
31.76180327868852	9415	1
31.79590163934426	3097	1
31.834863387978142	2899	1
31.83950819672131	5208	1
31.868524590163933	4519	1
31.873387978142077	3560	1
31.893825136612023	3176	1
31.90983606557377	4957	1
31.911147540983606	2704	1
31.92743169398907	5924	1
31.941967213114754	6759	1
31.958251366120216	9967	1
31.96142076502732	4460	1
31.97016393442623	1114	1
31.986666666666665	5387	1
31.99120218579235	7743	1
31.99896174863388	8190	1
32.00879781420765	3891	1
32.021857923497265	8777	1
32.02765027322404	962	1
32.02846994535519	810	1
32.05590163934426	2089	1
32.07409836065574	2123	1
32.076502732240435	8339	1
32.0803825136612	9938	1
32.084371584699454	3861	1
32.089234972677595	6811	1
32.09322404371585	7997	1
32.10655737704918	3170	1
32.10661202185792	661	1
32.14409836065574	4149	1
32.16054644808743	3730	1
32.16071038251366	6636	1
32.164863387978144	9931	1
32.22606557377049	5591	1
32.22639344262295	905	1
32.231475409836065	1459	1
32.23327868852459	8890	1
32.23426229508197	427	1
32.23846994535519	2520	1
32.24032786885246	8195	1
32.244535519125684	6209	1
32.2755737704918	1269	1
32.28180327868853	1288	1
32.301092896174865	9467	1
32.30355191256831	4874	1
32.32322404371585	9171	1
32.32901639344262	4717	1
32.32972677595628	8944	1
32.329890710382514	4399	1
32.33043715846995	1476	1
32.3548087431694	1044	1
32.36748633879781	4289	1
32.3992349726776	8927	1
32.3996174863388	8276	1
32.40120218579235	2598	1
32.40573770491803	9780	1
32.412185792349725	2115	1
32.4175956284153	7529	1
32.41874316939891	1034	1
32.458196721311474	7456	1
32.46464480874317	8157	1
32.465683060109285	963	1
32.486065573770496	2842	1
32.5003825136612	982	1
32.50557377049181	5687	1
32.5248087431694	4195	1
32.55497267759563	8285	1
32.55775956284153	5009	1
32.57983606557377	6331	1
32.596666666666664	2975	1
32.61049180327869	8566	1
32.61420765027322	383	1
32.61464480874317	8054	1
32.61557377049181	7373	1
32.64584699453552	4725	1
32.66136612021858	6922	1
32.661803278688524	6200	1
32.66475409836066	1964	1
32.70983606557377	7411	1
32.723661202185795	3308	1
32.79081967213114	3975	0
32.80639344262295	2684	1
32.829453551912565	8809	1
32.889781420765026	6068	1
32.90092896174863	2534	1
32.9027868852459	6457	1
32.914426229508194	4507	1
32.92224043715847	2065	1
32.93420765027322	5596	1
32.97207650273224	7633	1
32.97633879781421	7638	1
32.99448087431694	2441	1
33.03327868852459	372	1
33.0392349726776	5704	1
33.05120218579235	9540	1
33.055628415300546	3059	1
33.05983606557377	68	1
33.06983606557377	4986	1
33.074590163934424	6725	1
33.11573770491803	5825	1
33.123661202185794	4981	1
33.128196721311475	9785	1
33.12989071038251	7130	1
33.14032786885246	8192	1
33.16213114754098	4118	1
33.16918032786885	4872	1
33.18071038251366	8553	1
33.18666666666667	821	1
33.19448087431694	9468	1
33.232513661202184	223	1
33.237486338797815	5015	1
33.27234972677596	8888	1
33.27497267759563	7019	1
33.29989071038251	6992	1
33.299945355191255	5803	1
33.301803278688524	7195	1
33.314590163934426	1155	1
33.34005464480874	7211	1
33.37032786885246	6272	1
33.37344262295082	107	1
33.379672131147544	1325	1
33.395081967213116	4941	1
33.40218579234973	590	1
33.40497267759563	8279	1
33.40502732240437	4779	1
33.40950819672131	5695	1
33.41213114754098	9100	1
33.41311475409836	1158	1
33.41622950819672	7123	1
33.42169398907104	3550	1
33.422349726775956	1000	1
33.425956284153	3562	1
33.438360655737704	3378	1
33.47377049180328	4960	1
33.47415300546448	7393	1
33.478087431693986	6398	1
33.49169398907104	8330	1
33.49327868852459	3737	1
33.50273224043716	8340	1
33.509890710382514	7430	1
33.530928961748636	8679	1
33.54633879781421	6667	1
33.55672131147541	9677	1
33.55912568306011	4476	1
33.58087431693989	3776	1
33.583278688524594	6665	1
33.59349726775956	7943	1
33.599398907103826	8580	1
33.61180327868852	7036	1
33.6227868852459	9950	1
33.65	4031	1
33.66885245901639	9674	1
33.669726775956285	9337	1
33.671912568306006	6869	1
33.68792349726776	1888	1
33.69306010928962	4797	1
33.699617486338795	6407	1
33.70770491803279	2406	1
33.72710382513661	9590	1
33.72918032786885	271	1
33.74366120218579	8627	1
33.75409836065574	3995	1
33.75601092896175	8426	1
33.777868852459015	3149	1
33.79327868852459	9186	1
33.83945355191257	1168	1
33.83983606557377	5831	1
33.848196721311474	851	1
33.879016393442626	9951	1
33.881912568306014	528	1
33.88426229508197	6964	1
33.88961748633879	1517	1
33.89360655737705	7345	1
33.90076502732241	3009	1
33.921147540983604	3690	1
33.9275956284153	8604	1
33.95087431693989	3315	1
33.98021857923497	6410	1
33.98245901639344	8899	1
33.98256830601093	8736	1
34.021475409836064	6493	1
34.02284153005464	9847	1
34.0451912568306	8305	1
34.070163934426226	3745	1
34.07382513661202	6713	1
34.0796174863388	9379	1
34.082404371584694	8959	1
34.1203825136612	6796	1
34.145956284153	4295	1
34.154754098360655	1374	1
34.17967213114754	570	1
34.18147540983607	566	1
34.18377049180327	6353	1
34.204863387978136	180	1
34.23060109289617	4543	1
34.262513661202185	4110	1
34.26825136612022	2344	1
34.27163934426229	1028	1
34.2851912568306	3358	1
34.2888524590164	3038	1
34.32377049180327	2671	1
34.32404371584699	7214	1
34.345628415300546	5100	1
34.345956284153004	6483	1
34.3592349726776	5294	1
34.35972677595628	6692	1
34.36273224043716	1745	1
34.36896174863388	8532	1
34.37715846994536	9801	1
34.37879781420765	6387	1
34.38349726775956	2463	1
34.39765027322404	5781	1
34.433224043715846	6849	1
34.434699453551914	9331	1
34.48092896174864	8610	1
34.486284153005464	8117	1
34.49486338797814	3765	1
34.5020218579235	2652	1
34.50218579234973	5336	1
34.504590163934424	8917	1
34.51081967213115	839	1
34.51743169398907	9156	1
34.528633879781424	7242	1
34.531967213114754	438	1
34.555846994535514	8455	1
34.58846994535519	470	1
34.58945355191257	172	1
34.613278688524595	7798	1
34.63765027322404	3420	1
34.64814207650274	1130	1
34.65005464480874	8678	1
34.651803278688526	7671	1
34.685464480874316	351	1
34.710546448087435	5120	1
34.71661202185793	388	1
34.76491803278689	8993	1
34.76688524590163	9584	1
34.7712568306011	6175	1
34.77814207650273	261	1
34.78404371584699	2317	1
34.78502732240437	5948	1
34.78622950819672	9041	1
34.78622950819672	5533	1
34.80584699453552	713	1
34.80732240437158	1133	1
34.82065573770492	7978	1
34.82153005464481	1898	1
34.83147540983606	7478	1
34.83344262295082	9364	1
34.88693989071038	9752	1
34.91377049180328	3733	1
34.921147540983604	4086	1
34.93437158469945	2316	1
34.945573770491805	8957	1
34.98021857923497	1493	1
35.01169398907104	3234	1
35.02191256830601	3344	1
35.04382513661202	7366	1
35.046502732240434	8184	1
35.05174863387978	1354	1
35.05846994535519	9107	1
35.07628415300546	1421	1
35.082950819672135	7153	1
35.10114754098361	9065	1
35.10213114754098	6059	1
35.10890710382513	3154	1
35.11224043715847	6632	1
35.11387978142076	9197	1
35.11879781420765	1921	1
35.12158469945355	8540	1
35.167431693989066	8115	1
35.231803278688524	8404	1
35.23387978142076	2462	1
35.25224043715847	2539	1
35.25754098360656	8043	1
35.29896174863388	8970	1
35.308961748633884	4309	1
35.323497267759564	3485	1
35.32781420765027	2518	1
35.35147540983607	5329	1
35.35704918032786	5508	1
35.39109289617486	5240	1
35.40081967213114	4744	1
35.40245901639344	8308	1
35.438032786885245	2154	0
35.469562841530056	6011	1
35.48355191256831	5584	1
35.48590163934426	4653	1
35.490819672131146	1263	1
35.50311475409836	2869	1
35.51191256830601	1548	1
35.52781420765027	7568	1
35.56573770491803	8753	1
35.5879781420765	8918	1
35.6520218579235	5492	1
35.65371584699453	3148	1
35.6720218579235	4554	1
35.678743169398906	6236	1
35.69431693989071	2040	1
35.69601092896175	310	1
35.703715846994534	8963	1
35.70770491803279	3648	1
35.710819672131144	685	1
35.73945355191257	5819	1
35.744480874316935	189	1
35.77284153005465	5153	1
35.780437158469944	1974	1
35.78262295081967	3314	1
35.78562841530054	3326	1
35.790983606557376	4120	1
35.7951912568306	4009	1
35.84278688524591	3803	1
35.851639344262296	4465	1
35.85655737704918	7283	1
35.86010928961748	3642	1
35.878142076502726	5654	1
35.87896174863388	6004	1
35.899180327868855	1827	1
35.91415300546448	6965	1
35.92989071038251	5960	1
35.931693989071036	5487	1
35.93453551912569	4780	1
35.938360655737704	8778	1
35.94120218579235	2096	1
35.94224043715847	733	1
35.973224043715845	663	1
35.99245901639344	8444	1
36.009890710382514	5107	1
36.01120218579235	3763	1
36.035355191256826	1131	1
36.035737704918034	843	1
36.045464480874315	6417	1
36.05846994535519	2916	1
36.06377049180328	4061	1
36.06393442622951	8784	1
36.0655737704918	2760	1
36.10065573770492	265	1
36.11546448087432	2601	1
36.119453551912564	8529	1
36.126010928961755	6302	1
36.1603825136612	1659	1
36.17896174863388	8785	1
36.201912568306014	9445	1
36.21841530054645	8947	1
36.23131147540983	2563	1
36.23579234972677	5976	1
36.23786885245901	7811	1
36.24355191256831	8106	1
36.25726775956284	2976	1
36.25775956284153	6445	1
36.29010928961748	3409	1
36.29153005464481	870	1
36.29349726775956	1534	1
36.311584699453554	7764	1
36.31852459016394	5077	1
36.32830601092896	9497	1
36.360491803278684	6905	1
36.366994535519126	8770	1
36.37185792349727	7247	1
36.41841530054645	2371	1
36.439125683060105	7902	1
36.451912568306014	4989	1
36.470273224043716	7386	1
36.47377049180328	3372	1
36.48956284153005	5615	1
36.49087431693989	6488	1
36.49770491803279	3413	1
36.51109289617486	245	1
36.518469945355186	8125	1
36.5224043715847	1348	1
36.5403825136612	8213	1
36.55486338797814	6264	1
36.5572131147541	8862	1
36.55945355191257	1651	1
36.56027322404372	2205	1
36.564207650273225	3067	1
36.565956284153	6936	1
36.56693989071039	6221	1
36.567213114754104	1956	1
36.57983606557377	6267	1
36.59180327868852	8839	1
36.59404371584699	1388	1
36.604590163934425	6734	1
36.610983606557376	435	1
36.62393442622951	8336	1
36.6403825136612	2888	1
36.6455737704918	299	1
36.6475956284153	4026	1
36.64901639344262	816	1
36.649180327868855	9552	1
36.65863387978142	3929	1
36.67366120218579	4358	1
36.69387978142076	4793	1
36.70131147540983	5532	1
36.70540983606558	9330	1
36.71021857923497	2016	1
36.73546448087432	1572	1
36.75098360655738	3297	1
36.75409836065574	3652	1
36.77590163934426	9198	1
36.7772131147541	4473	1
36.80049180327869	9282	1
36.82639344262295	9040	1
36.862513661202186	7475	1
36.899508196721314	5944	1
36.907103825136616	2639	1
36.92699453551912	8727	1
36.939945355191256	6768	1
36.94868852459016	8654	1
36.95054644808743	8804	1
36.95284153005464	3834	1
36.953005464480874	4994	1
36.97978142076502	5442	1
36.993442622950816	6778	1
36.996448087431695	964	1
37.03404371584699	7146	1
37.04234972677595	4545	1
37.062677595628415	3499	1
37.070491803278685	5205	1
37.07775956284153	6426	1
37.07978142076502	2364	1
37.08180327868852	9451	1
37.08453551912568	3178	1
37.085081967213114	5133	1
37.09945355191257	2935	1
37.10207650273224	5170	1
37.1148087431694	455	1
37.13065573770491	4566	1
37.17322404371585	7574	1
37.1748087431694	627	1
37.17633879781421	2097	1
37.19989071038252	1284	1
37.199999999999996	4963	1
37.20486338797814	6026	1
37.206338797814205	7043	1
37.21300546448087	7062	1
37.25327868852459	1616	1
37.25530054644808	2904	1
37.26420765027323	4520	1
37.269726775956286	2831	1
37.27010928961748	8331	1
37.2775956284153	6297	1
37.280437158469944	8571	1
37.297267759562835	1622	1
37.308196721311475	6401	1
37.31994535519125	9368	1
37.321748633879785	143	1
37.354918032786884	4078	1
37.382950819672125	7452	1
37.38535519125683	3480	1
37.39622950819672	7556	1
37.40497267759563	4258	1
37.41398907103825	4132	1
37.41934426229508	6117	1
37.43786885245901	2477	1
37.44387978142076	9747	1
37.45857923497268	486	1
37.46546448087432	6359	1
37.46868852459016	6817	1
37.48191256830601	4059	1
37.49092896174864	4121	1
37.52060109289617	3183	1
37.523442622950824	6684	1
37.55513661202186	1051	1
37.59377049180328	7675	1
37.71715846994535	6758	1
37.719562841530056	9093	1
37.72382513661202	9721	1
37.745628415300544	282	1
37.764754098360655	1119	1
37.77912568306011	7191	1
37.81377049180328	3455	1
37.820819672131144	5820	1
37.849398907103826	6476	1
37.85382513661202	4405	1
37.86612021857923	7090	1
37.90322404371585	5794	1
37.91497267759563	2879	1
37.96191256830601	4669	1
37.97530054644808	569	1
38.006393442622944	4746	1
38.01382513661202	1562	1
38.01989071038251	8704	1
38.02300546448087	9059	1
38.02622950819672	6229	1
38.03213114754099	6325	1
38.03229508196721	5266	1
38.04103825136612	8132	1
38.057486338797816	5725	1
38.075081967213116	3878	1
38.08049180327868	9749	1
38.09071038251366	1247	1
38.100437158469944	5534	1
38.10180327868853	5113	1
38.10699453551913	2946	1
38.10890710382514	2682	1
38.13109289617486	890	1
38.13180327868852	5899	1
38.13262295081967	2425	1
38.15978142076503	8708	1
38.16010928961749	2332	1
38.16431693989071	26	1
38.18967213114754	1302	1
38.211748633879786	2221	1
38.21180327868853	7677	1
38.22568306010929	4038	1
38.23153005464481	6990	1
38.255956284153	1721	1
38.27169398907103	2977	1
38.28846994535519	8651	1
38.29573770491803	4662	1
38.312677595628415	6624	1
38.312677595628415	9916	1
38.31693989071038	2050	1
38.32191256830601	3026	1
38.335901639344264	5902	1
38.34579234972677	8758	1
38.34846994535519	309	1
38.36633879781421	1519	1
38.36857923497268	1830	1
38.370655737704915	4348	1
38.37213114754098	622	1
38.381475409836064	2933	1
38.40967213114754	4414	1
38.41202185792349	946	1
38.42311475409836	4408	1
38.44174863387978	955	1
38.44639344262295	2485	1
38.45180327868852	7952	1
38.45431693989071	6500	1
38.46218579234973	3385	1
38.489726775956285	38	1
38.511038251366124	4604	1
38.512459016393436	5950	1
38.53710382513661	1508	1
38.540928961748634	3249	1
38.54382513661202	3430	1
38.54683060109289	6129	1
38.548743169398904	7863	1
38.555628415300546	1618	1
38.59065573770492	1839	1
38.634098360655734	5674	1
38.637978142076506	8089	1
38.648469945355195	8609	1
38.65562841530055	2013	1
38.66202185792349	8007	1
38.67393442622951	8037	1
38.680928961748634	3089	1
38.695519125683056	8224	1
38.70661202185792	8995	1
38.708142076502725	8011	1
38.714644808743174	3532	1
38.71896174863387	1859	1
38.73366120218579	3175	1
38.73693989071038	4011	1
38.752349726775954	9871	1
38.76530054644809	7319	1
38.77661202185792	3895	1
38.7855737704918	4176	1
38.838524590163935	2917	1
38.84054644808743	8468	1
38.868797814207646	918	1
38.868852459016395	5710	1
38.87153005464481	7014	1
38.88448087431694	2680	1
38.902786885245895	8705	1
38.90535519125683	5967	1
38.92306010928962	6105	1
38.93852459016394	5068	1
38.95344262295082	9880	1
38.98245901639344	8153	1
39.00672131147541	1847	1
39.00830601092896	4968	1
39.00928961748634	3868	1
39.00939890710382	5093	1
39.038633879781415	4929	1
39.04540983606557	1298	1
39.06131147540983	4040	1
39.07491803278689	7834	1
39.076065573770485	3684	1
39.090765027322405	7856	1
39.0924043715847	3492	1
39.092622950819674	2803	1
39.12338797814208	9935	1
39.130874316939895	8014	1
39.13103825136612	6995	1
39.14147540983606	1030	1
39.15612021857923	9217	1
39.159945355191255	5671	1
39.16612021857924	5587	1
39.16945355191257	3707	1
39.17262295081967	2827	1
39.1796174863388	7184	1
39.186557377049176	6336	1
39.193715846994536	4221	1
39.19879781420765	7241	1
39.234808743169395	251	1
39.23546448087432	592	1
39.25830601092896	2351	1
39.27142076502732	2829	1
39.289453551912565	32	1
39.31551912568305	6976	1
39.3263387978142	3716	1
39.34475409836066	6465	1
39.35486338797814	6530	1
39.36224043715847	3616	1
39.36289617486339	4713	1
39.37644808743169	6042	1
39.38	9275	1
39.383060109289616	1460	1
39.38688524590164	9072	1
39.38808743169399	5538	1
39.39715846994535	7774	1
39.40295081967213	2032	1
39.40551912568306	4364	1
39.41092896174864	8766	1
39.41601092896175	2784	1
39.455245901639344	3722	1
39.496065573770494	738	1
39.49972677595628	4579	1
39.51071038251366	5190	1
39.547595628415294	8933	1
39.56535519125683	4085	1
39.584371584699454	453	1
39.59153005464481	9503	1
39.59661202185793	5914	1
39.60775956284153	3651	1
39.61377049180327	1462	1
39.622896174863385	6309	1
39.72262295081968	6044	1
39.74016393442623	8289	1
39.74617486338798	6091	1
39.75289617486339	4870	1
39.77546448087431	3479	1
39.780491803278686	3810	1
39.79442622950819	338	1
39.797595628415294	6112	1
39.802076502732234	2532	0
39.822841530054646	8246	1
39.84612021857923	3189	1
39.84956284153005	1537	1
39.871748633879776	5379	1
39.87617486338797	7706	1
39.8855737704918	5557	1
39.93256830601093	7929	1
39.93666666666667	8421	1
39.946284153005465	8722	1
39.94754098360656	1410	1
39.95672131147541	3375	1
39.964262295081966	1204	1
39.97142076502732	723	1
39.97765027322404	9067	1
39.99852459016394	565	1
40.01382513661202	7566	1
40.03289617486339	6098	1
40.03322404371585	7455	1
40.040491803278684	1570	1
40.04732240437158	1202	1
40.05765027322404	773	1
40.06273224043716	7280	1
40.09245901639344	7853	1
40.11934426229508	4296	1
40.18311475409836	5972	1
40.19267759562841	9518	1
40.19338797814208	6132	1
40.22825136612021	2560	1
40.25530054644809	1117	1
40.26453551912569	9874	1
40.26857923497267	2442	1
40.27923497267759	4900	1
40.29601092896174	3412	1
40.296229508196724	6792	1
40.31420765027322	766	1
40.314535519125684	1490	1
40.31628415300547	9820	1
40.36819672131148	697	1
40.36868852459016	8155	1
40.36928961748634	8550	1
40.40071038251366	1630	1
40.4007650273224	7588	1
40.410437158469946	15	1
40.421639344262296	7559	1
40.43945355191257	5248	1
40.44349726775956	5685	1
40.45803278688525	2826	1
40.46978142076503	3548	1
40.479234972677595	648	1
40.480054644808746	5130	1
40.50857923497267	7944	1
40.51273224043716	2267	1
40.536120218579235	7615	1
40.54344262295082	3922	1
40.55426229508196	366	1
40.555191256830604	3351	1
40.56344262295082	6710	1
40.568251366120215	7333	1
40.56912568306011	9902	1
40.575355191256826	6762	1
40.58726775956284	9806	1
40.59306010928962	6185	1
40.59852459016393	8382	1
40.6051912568306	8692	1
40.632677595628415	6881	1
40.63677595628415	6481	1
40.6572131147541	8431	1
40.66245901639344	7506	1
40.66530054644809	5697	1
40.67513661202186	9271	1
40.686174863387976	6714	1
40.70245901639344	8078	1
40.7092349726776	8275	1
40.716830601092894	9230	1
40.73726775956284	7344	1
40.748688524590165	8055	1
40.75344262295082	5452	1
40.77415300546448	8931	1
40.79754098360656	9914	1
40.80945355191257	7026	1
40.814972677595634	7016	1
40.84568306010929	5677	1
40.85912568306011	6179	1
40.86737704918033	2625	1
40.9087431693989	9910	1
40.9087431693989	2109	1
40.9492349726776	6446	1
40.965737704918034	2997	1
40.97765027322404	3191	1
40.983387978142076	4895	1
40.99546448087431	5581	1
41.01775956284153	588	1
41.019344262295085	2914	1
41.024480874316936	6213	1
41.05530054644809	4540	1
41.057486338797816	4035	1
41.070819672131144	3620	1
41.07295081967213	6337	1
41.07945355191257	9258	1
41.102240437158464	9229	1
41.11174863387978	8319	1
41.112076502732236	5002	1
41.115901639344266	4529	1
41.1291256830601	2021	1
41.14890710382513	2844	1
41.16120218579235	1379	1
41.21098360655738	9586	1
41.23666666666667	7592	1
41.26054644808743	8142	1
41.26491803278689	9487	1
41.265519125683056	2989	1
41.26562841530055	4055	1
41.27683060109289	1985	1
41.298415300546445	522	1
41.30207650273224	6535	1
41.302622950819675	5443	1
41.310819672131146	2983	1
41.316775956284154	7178	1
41.34153005464481	5315	1
41.356830601092895	1890	1
41.357650273224046	7088	1
41.39377049180328	8913	1
41.40486338797814	7267	1
41.415846994535514	5058	1
41.425300546448085	7171	1
41.436174863387976	6153	1
41.440710382513664	8906	1
41.46857923497267	8123	1
41.50617486338798	3609	1
41.51453551912568	5527	1
41.52142076502732	8495	1
41.529016393442625	1213	1
41.537923497267755	6703	1
41.53857923497268	8000	1
41.54213114754098	4944	1
41.54715846994535	229	1
41.562950819672125	9815	1
41.59316939890711	6883	1
41.616502732240434	3474	1
41.6279781420765	5194	1
41.63442622950819	1110	1
41.67371584699453	5874	1
41.684754098360656	341	1
41.704808743169394	1099	1
41.70945355191257	5470	1
41.718360655737705	1731	1
41.72142076502732	9113	1
41.72983606557377	444	1
41.76054644808743	6955	1
41.761420765027324	1222	1
41.791311475409834	1901	1
41.8155737704918	6201	1
41.82480874316939	6526	1
41.82879781420765	6767	1
41.83273224043715	4162	1
41.83765027322404	4353	1
41.845355191256836	234	1
41.87245901639344	7965	1
41.8803825136612	703	1
41.89021857923497	3468	1
41.90267759562841	5129	1
41.917868852459016	7486	1
41.928688524590164	1971	1
41.929398907103824	5076	1
41.94939890710383	495	1
41.95180327868852	4116	1
41.9744262295082	8737	1
41.977704918032785	6332	1
41.99131147540984	8910	1
41.996010928961745	6587	1
42.00010928961749	6031	1
42.01043715846995	432	1
42.0131693989071	7520	1
42.02475409836065	7781	1
42.03502732240437	7907	1
42.03737704918032	5289	1
42.0483606557377	9804	1
42.065245901639344	4665	1
42.07622950819672	8098	1
42.08655737704918	164	1
42.11382513661202	8441	1
42.11601092896175	3015	1
42.143606557377055	7689	1
42.147923497267755	3595	1
42.150601092896174	6239	1
42.15661202185792	6534	1
42.168688524590166	8059	1
42.20770491803279	6599	1
42.2167213114754	344	1
42.216939890710385	5681	1
42.23459016393443	5299	1
42.26224043715847	6551	1
42.26775956284153	9165	1
42.275737704918036	7168	1
42.31016393442623	6355	1
42.32245901639344	9638	1
42.341857923497265	6728	1
42.34360655737704	8410	1
42.34622950819672	1330	1
42.347158469945356	9897	1
42.35256830601092	3544	1
42.390218579234975	5656	1
42.3907650273224	1949	1
42.39229508196721	100	1
42.39393442622951	1292	1
42.39715846994535	8786	1
42.41098360655738	1733	1
42.41628415300546	7031	1
42.45169398907103	3934	1
42.46666666666667	4255	1
42.47306010928961	1252	1
42.49322404371585	4468	1
42.49732240437158	4320	1
42.500601092896176	3132	1
42.53453551912568	8044	1
42.560765027322404	9185	1
42.56322404371584	2057	1
42.57256830601093	1799	1
42.57431693989071	6439	1
42.57655737704918	2155	1
42.577650273224044	9053	1
42.61136612021858	2430	1
42.612841530054645	3074	1
42.632349726775956	5186	1
42.632622950819666	1074	1
42.63327868852459	3757	1
42.63622950819672	2467	1
42.641748633879786	3617	1
42.645300546448084	4788	1
42.64754098360656	923	1
42.65792349726775	8600	1
42.659234972677595	7226	1
42.67333333333333	7188	1
42.67672131147541	9329	1
42.68863387978142	6365	1
42.731038251366115	2397	1
42.73573770491803	213	1
42.736393442622955	3797	1
42.74595628415301	9454	1
42.76300546448088	3770	1
42.766994535519125	3362	1
42.7672131147541	881	1
42.77874316939891	9173	1
42.797377049180334	1172	1
42.799945355191255	9345	1
42.80054644808743	5531	1
42.8035519125683	7879	1
42.80360655737705	9470	1
42.8172131147541	2380	1
42.84054644808743	3466	1
42.85169398907104	7868	1
42.85666666666667	8760	1
42.86087431693989	4060	1
42.86415300546448	4140	1
42.867704918032786	4493	1
42.869562841530055	7806	1
42.8948087431694	6554	1
42.90158469945355	615	1
42.903224043715845	6076	1
42.90808743169399	9416	1
42.92136612021857	1705	1
42.932732240437154	1530	1
42.93306010928961	2055	1
42.936994535519126	7364	1
42.93792349726776	4056	1
42.939890710382514	1775	1
42.94174863387978	1851	1
42.974754098360656	717	1
42.97863387978142	2368	1
42.99994535519125	6107	1
43.0	4754	1
43.00491803278689	7027	1
43.00606557377049	4190	1
43.040983606557376	3941	1
43.05311475409836	2224	1
43.06726775956284	4415	1
43.09808743169398	2048	1
43.12360655737705	7975	1
43.14781420765027	9190	1
43.149071038251364	2633	1
43.18071038251366	5004	1
43.191092896174865	4283	1
43.20136612021858	2542	1
43.213278688524596	4189	1
43.22153005464481	1867	1
43.24923497267759	4182	1
43.25978142076502	7349	1
43.26934426229508	8883	1
43.26983606557377	3122	1
43.27404371584699	6448	1
43.29497267759563	8120	1
43.30377049180328	3241	1
43.306284153005464	3734	1
43.3192349726776	8894	1
43.33071038251366	4628	1
43.34568306010929	4420	1
43.38060109289617	8664	1
43.39338797814208	4396	1
43.42185792349727	1363	1
43.42890710382514	4311	1
43.43409836065574	4475	1
43.454043715847	85	1
43.470491803278684	2444	1
43.48295081967213	5718	1
43.492349726775956	7322	1
43.50765027322404	2069	1
43.554480874316944	4334	1
43.61546448087432	4282	1
43.62508196721311	8999	1
43.627377049180325	7815	1
43.64748633879781	7371	1
43.67360655737705	5996	1
43.67453551912568	6871	1
43.72573770491803	8095	1
43.73120218579235	7710	1
43.73344262295082	6619	1
43.74967213114754	9090	1
43.75185792349726	3471	1
43.75224043715847	4945	1
43.75327868852459	7127	1
43.764426229508196	9781	1
43.78338797814208	3444	1
43.79125683060109	9861	1
43.794316939890706	4452	1
43.80174863387978	8587	1
43.81437158469945	4638	1
43.85502732240437	930	1
43.85928961748634	3982	1
43.86830601092896	4857	1
43.88153005464481	8172	1
43.88967213114754	8414	1
43.910655737704914	2918	1
43.924207650273225	4263	1
43.92513661202185	2320	1
43.94486338797814	368	1
43.9483606557377	8215	1
43.966010928961744	3304	1
43.97765027322404	2901	1
43.977759562841534	9521	1
43.98120218579235	7254	1
43.98136612021858	8616	1
44.0068306010929	3142	1
44.009945355191256	2280	1
44.02508196721311	6467	1
44.037213114754095	5475	1
44.04486338797814	4180	1
44.06060109289618	9675	1
44.080983606557375	7670	1
44.08196721311476	2907	1
44.09366120218579	5686	1
44.11005464480874	1340	1
44.115081967213115	1003	1
44.12169398907104	39	1
44.16983606557377	6473	1
44.19131147540983	5424	1
44.24273224043716	6269	1
44.25453551912568	4047	1
44.292131147540985	6204	1
44.307049180327866	8170	1
44.313060109289616	4695	1
44.33333333333333	9459	1
44.338852459016394	9601	1
44.34513661202186	2963	1
44.37978142076503	9469	1
44.37983606557377	3543	1
44.38065573770492	2387	1
44.392786885245904	2956	1
44.39300546448087	4393	1
44.39743169398907	904	1
44.40196721311475	2461	1
44.426721311475404	9167	1
44.43868852459016	9048	1
44.448196721311476	4233	1
44.468032786885246	639	1
44.4696174863388	824	1
44.48311475409836	5321	1
44.51081967213114	4052	1
44.512404371584694	6942	1
44.51300546448087	826	1
44.54644808743169	7846	1
44.550273224043714	9928	1
44.561530054644805	6863	1
44.567049180327864	9334	1
44.56803278688524	5045	1
44.6007650273224	4316	1
44.649180327868855	7135	1
44.65142076502732	7296	1
44.65387978142076	9546	1
44.65825136612021	2259	1
44.66234972677596	8617	1
44.670546448087435	5327	1
44.6975956284153	6431	1
44.71486338797814	1138	1
44.74803278688525	4613	1
44.75338797814208	264	1
44.753661202185796	8282	1
44.75601092896175	4424	1
44.76153005464481	7297	1
44.763333333333335	4082	1
44.793551912568304	1045	1
44.816721311475405	7918	1
44.84174863387978	9615	1
44.85568306010929	2104	1
44.85928961748634	7662	1
44.89672131147541	6550	1
44.90677595628415	5915	1
44.91693989071038	8040	1
44.925355191256834	2529	1
44.929398907103824	7585	1
44.94579234972677	92	1
44.94896174863388	1026	1
45.000928961748635	8442	1
45.019672131147544	8554	1
45.05579234972677	3739	1
45.05874316939891	5662	1
45.10819672131147	1153	1
45.128469945355185	4674	1
45.1403825136612	8635	1
45.16677595628415	5620	1
45.18	5016	1
45.1951912568306	3146	1
45.19601092896175	9363	1
45.203715846994534	9733	1
45.20508196721312	744	1
45.240327868852454	6571	1
45.25448087431694	2993	1
45.275956284153004	4549	1
45.29153005464481	8563	1
45.291803278688526	6614	1
45.29540983606557	6435	1
45.299234972677596	1584	1
45.30540983606557	7445	1
45.319016393442624	2650	1
45.35060109289617	3379	1
45.35169398907104	8746	1
45.35398907103825	9782	1
45.36387978142076	7193	1
45.38092896174863	1913	1
45.42071038251366	5813	1
45.44983606557377	7263	1
45.45693989071038	3212	1
45.46338797814207	8619	1
45.46830601092896	1486	1
45.470601092896175	4893	1
45.47901639344262	420	1
45.487486338797815	8956	1
45.49163934426229	4727	1
45.51387978142076	6087	1
45.54338797814208	8536	1
45.54688524590164	9889	1
45.550983606557374	6003	1
45.553606557377044	55	1
45.603114754098364	3113	1
45.62765027322405	915	1
45.634808743169394	3423	1
45.636885245901645	7528	1
45.64808743169399	4961	1
45.65901639344263	7110	1
45.661147540983606	8575	1
45.666721311475406	9429	1
45.673387978142074	3721	1
45.67453551912568	1680	1
45.68360655737705	7577	1
45.72366120218579	6956	1
45.72743169398907	6045	1
45.74426229508197	7976	1
45.76978142076503	1112	1
45.778688524590166	7163	1
45.785792349726776	8451	1
45.78885245901639	3845	1
45.824371584699456	2818	1
45.82601092896174	2066	1
45.84027322404371	3161	1
45.84639344262295	4541	0
45.865409836065574	3727	1
45.86983606557377	3533	1
45.89005464480874	5249	1
45.89475409836066	5629	1
45.89737704918033	3791	1
45.90245901639344	4764	1
45.93027322404372	1730	1
45.93502732240437	3196	1
45.950765027322404	5308	1
45.97989071038251	6746	1
45.98464480874317	6064	1
45.985245901639345	1583	1
46.003879781420764	8271	1
46.03819672131148	1708	1
46.06923497267759	2172	1
46.08163934426229	709	1
46.083989071038246	3748	1
46.12715846994535	4785	1
46.12754098360656	6727	1
46.13863387978142	8244	1
46.15387978142076	9905	1
46.18890710382513	8831	1
46.22420765027322	9391	1
46.242349726775956	7213	1
46.24633879781421	9958	1
46.27765027322405	9078	1
46.31661202185792	9103	1
46.316830601092896	4425	1
46.32814207650273	3942	1
46.33262295081967	5911	1
46.350218579234976	3065	1
46.37426229508196	883	1
46.37486338797814	2557	1
46.38978142076503	3773	1
46.40502732240437	8017	1
46.4072131147541	8649	1
46.42661202185792	7235	1
46.44327868852459	131	1
46.457103825136606	7691	1
46.4611475409836	6490	1
46.4624043715847	1098	1
46.51530054644809	8269	1
46.55579234972677	1197	1
46.60453551912568	3117	1
46.61792349726776	6934	1
46.6355737704918	8591	1
46.65120218579234	5641	1
46.66054644808743	1991	1
46.660710382513656	9643	1
46.66196721311476	9526	1
46.67371584699453	8217	1
46.67398907103825	7639	1
46.677213114754096	3005	1
46.6796174863388	2478	1
46.68207650273224	8179	1
46.743060109289615	6862	1
46.760163934426224	7054	1
46.7611475409836	319	1
46.76224043715847	1781	1
46.76573770491803	6219	1
46.768142076502734	3688	1
46.794262295081964	395	1
46.795573770491806	802	1
46.803005464480876	3242	1
46.809016393442626	9697	1
46.810437158469945	7489	1
46.84109289617486	965	1
46.84983606557377	6819	1
46.88213114754098	9790	1
46.930928961748634	3203	1
46.943333333333335	3993	1
46.962786885245905	9154	1
46.978087431693986	5713	1
46.98289617486339	7006	1
46.98639344262295	3143	1
47.00792349726776	8889	1
47.009562841530055	7128	1
47.0203825136612	7914	1
47.03114754098361	1571	1
47.04377049180328	387	1
47.04830601092896	5962	1
47.05136612021858	7209	1
47.05825136612022	959	1
47.063497267759566	4663	1
47.065737704918035	8169	1
47.07562841530054	4541	1
47.086994535519125	3072	1
47.091475409836065	1113	1
47.1	97	1
47.11109289617487	5994	1
47.13918032786885	6455	1
47.140546448087434	7955	1
47.14584699453552	3318	1
47.15677595628415	2103	1
47.164863387978144	617	1
47.17650273224043	2636	1
47.20852459016393	7915	1
47.21775956284153	329	1
47.219180327868855	8362	1
47.219890710382515	2559	1
47.22005464480874	7133	1
47.237431693989066	4270	1
47.24136612021858	4205	1
47.242404371584705	619	1
47.25081967213115	8865	1
47.264371584699454	8262	1
47.26530054644809	2930	1
47.268142076502734	1058	1
47.27158469945355	509	1
47.27459016393443	4864	1
47.29038251366121	8229	1
47.295901639344265	3272	1
47.364316939890706	4330	1
47.38251366120218	1937	1
47.44240437158469	8391	1
47.44950819672131	9022	1
47.45956284153005	8283	1
47.489726775956285	5150	1
47.490109289617486	5099	1
47.498688524590165	5880	1
47.517486338797816	9474	1
47.52923497267759	7107	1
47.53398907103825	8254	1
47.54262295081967	2897	1
47.545901639344265	7359	1
47.55196721311476	602	1
47.56819672131147	6528	1
47.57196721311475	7881	1
47.578142076502736	6338	1
47.57846994535519	3368	1
47.58415300546448	3568	1
47.611311475409835	2515	1
47.63885245901639	7903	1
47.639344262295076	1296	1
47.64808743169399	9323	1
47.66158469945355	2309	1
47.6631693989071	866	1
47.673825136612024	8583	1
47.685409836065574	379	1
47.71896174863388	4224	1
47.72655737704918	1855	1
47.73918032786885	561	1
47.74251366120218	7634	1
47.74415300546448	1633	1
47.746830601092896	5367	1
47.76136612021858	1916	1
47.76989071038251	2834	1
47.80868852459016	9472	1
47.81540983606558	2289	1
47.81672131147541	3571	1
47.82879781420765	6136	1
47.83535519125683	1889	1
47.83579234972678	6206	1
47.85475409836066	7343	1
47.868032786885244	907	1
47.87655737704918	8039	1
47.884098360655734	2447	1
47.89295081967213	9631	1
47.893497267759564	9300	1
47.9083606557377	926	1
47.93398907103825	248	1
47.94672131147541	1908	1
47.981584699453556	7380	1
47.98650273224044	2863	1
47.9879781420765	3559	1
48.004316939890714	5057	1
48.00978142076503	7804	1
48.03508196721312	5953	1
48.04196721311475	7412	1
48.051092896174865	2353	1
48.05868852459016	978	1
48.09251366120218	5149	1
48.096010928961746	5388	1
48.1335519125683	4509	1
48.140163934426226	2390	1
48.15043715846994	5216	1
48.15710382513661	7950	1
48.182841530054645	583	1
48.19284153005464	8916	1
48.21857923497268	8163	1
48.24251366120218	2882	1
48.25021857923497	2140	1
48.255081967213115	4702	1
48.28967213114753	2194	1
48.29562841530055	2705	1
48.300273224043714	1286	1
48.32448087431694	652	1
48.3311475409836	563	1
48.34027322404372	3796	1
48.35092896174863	2538	1
48.35245901639344	8716	1
48.35453551912568	5151	1
48.3772131147541	7683	1
48.38382513661202	5800	1
48.3955737704918	1408	1
48.404754098360655	3999	1
48.413005464480875	6310	1
48.41426229508197	5345	1
48.44109289617486	29	1
48.442185792349726	7340	1
48.443278688524586	5633	1
48.443989071038246	2745	1
48.45016393442623	3980	1
48.453005464480874	7374	1
48.46562841530054	9444	1
48.4696174863388	5137	1
48.47497267759563	3992	1
48.4783606557377	7125	1
48.48092896174863	6424	1
48.483606557377044	9865	1
48.48562841530054	5746	1
48.491584699453554	7484	1
48.49628415300546	5949	1
48.51814207650273	2536	1
48.54551912568306	6564	1
48.54879781420765	2193	1
48.577267759562844	6479	1
48.62273224043716	5449	1
48.63743169398907	2451	1
48.64928961748634	8309	1
48.6555737704918	5940	1
48.666775956284155	9452	1
48.673770491803275	380	1
48.68049180327869	7859	1
48.6863387978142	4500	1
48.692185792349726	2866	1
48.693989071038246	7608	1
48.70267759562841	6931	1
48.70540983606557	2263	1
48.72672131147541	3746	1
48.731092896174864	9348	1
48.74382513661202	4930	1
48.75224043715846	1895	1
48.75360655737705	7490	1
48.768852459016394	9163	1
48.77202185792349	2121	1
48.777486338797814	9713	1
48.78360655737705	8567	1
48.78672131147541	796	1
48.79633879781421	8830	1
48.81273224043716	6251	1
48.833333333333336	4533	1
48.83950819672131	65	1
48.84551912568306	8882	1
48.850109289617485	8614	1
48.85431693989071	6035	1
48.87224043715847	4915	1
48.87655737704918	5117	1
48.912295081967216	6791	1
48.91622950819672	2953	1
48.921857923497264	6541	1
48.9248087431694	392	1
48.92950819672131	8602	1
48.93896174863387	2770	1
48.94344262295081	7986	1
48.94573770491803	3709	1
48.95644808743169	5157	1
48.976284153005466	1276	1
48.99743169398907	8549	1
49.01868852459016	1547	1
49.01978142076503	1950	1
49.020710382513656	4890	1
49.03453551912568	8187	1
49.05191256830601	6985	1
49.06704918032787	6814	1
49.069398907103825	9854	1
49.105355191256834	3406	1
49.116939890710384	9425	1
49.13245901639344	133	1
49.13606557377049	8854	1
49.142404371584696	3719	1
49.16825136612022	784	1
49.17781420765027	6623	1
49.185081967213115	9576	1
49.19431693989071	9226	1
49.206885245901645	4456	1
49.22704918032787	2242	1
49.22967213114754	5428	1
49.235628415300546	9309	1
49.235956284153005	1966	1
49.24125683060109	1501	1
49.24486338797814	9119	1
49.25819672131148	4741	1
49.27327868852459	6561	1
49.2896174863388	9772	1
49.30775956284153	1926	1
49.30983606557377	5334	1
49.31612021857923	2355	1
49.32256830601093	3779	1
49.34027322404372	2275	1
49.34655737704918	5162	1
49.35169398907104	4490	1
49.35786885245901	4699	1
49.370765027322406	6537	1
49.37579234972677	5628	1
49.38289617486338	8019	1
49.39666666666667	7995	1
49.4027868852459	2361	1
49.40622950819672	8985	1
49.412677595628416	6088	1
49.41841530054644	9990	1
49.419344262295084	4499	1
49.428360655737706	8552	1
49.49426229508197	7376	1
49.50442622950819	4390	1
49.50939890710382	2620	1
49.51573770491803	7551	1
49.543661202185795	2987	1
49.544043715846996	5574	1
49.55814207650273	9762	1
49.575956284153	1828	1
49.58704918032787	3282	1
49.589617486338796	3145	1
49.6396174863388	3255	1
49.646939890710385	6712	1
49.677540983606555	5161	1
49.690655737704915	9562	1
49.691475409836066	111	1
49.69754098360656	8249	1
49.734043715846994	7777	1
49.74251366120219	9994	1
49.76005464480874	1800	1
49.780928961748636	7149	1
49.79109289617486	5359	1
49.79754098360656	2302	1
49.81661202185793	1157	1
49.81945355191257	2333	1
49.823934426229506	9255	1
49.84027322404371	5573	1
49.855956284153	9554	1
49.859453551912566	9783	1
49.88606557377049	4488	1
49.887049180327864	5586	1
49.90792349726776	2821	1
49.91213114754098	4860	1
49.921967213114755	6958	1
49.943715846994536	7848	1
49.9520218579235	4017	1
49.96071038251366	3461	1
49.96737704918033	1647	1
49.9751912568306	101	1
49.97562841530055	3619	1
49.98584699453552	1854	1
49.99551912568306	3923	1
50.03890710382514	8333	1
50.074699453551915	8075	1
50.08398907103825	5748	1
50.08453551912569	7011	1
50.113169398907104	9669	1
50.12338797814208	5400	1
50.127486338797816	6321	1
50.174918032786884	339	1
50.18693989071038	1016	1
50.2111475409836	8844	1
50.22928961748634	7080	1
50.23989071038252	84	1
50.24595628415301	7890	1
50.25568306010929	1339	1
50.310546448087436	1409	1
50.314808743169394	7111	1
50.315683060109286	7099	1
50.32885245901639	3991	1
50.35726775956284	1772	1
50.362459016393444	7610	1
50.36868852459016	5038	1
50.38890710382513	5891	1
50.390491803278685	7599	1
50.398032786885246	9236	1
50.39852459016393	9912	1
50.40196721311475	5351	1
50.41060109289617	6307	1
50.44945355191257	4218	1
50.45273224043716	3380	1
50.46743169398907	5060	1
50.480273224043714	6208	1
50.49142076502732	1596	1
50.51016393442623	2000	1
50.510710382513665	4646	1
50.51174863387978	3460	1
50.525519125683054	6960	1
50.5272131147541	5955	1
50.568688524590165	2219	1
50.5707650273224	4706	1
50.58781420765027	4503	1
50.60890710382513	8472	1
50.61612021857923	1626	1
50.629999999999995	555	1
50.63928961748634	778	1
50.642732240437155	3750	1
50.661147540983606	142	1
50.674918032786884	4301	1
50.678306010928964	451	1
50.68606557377049	7508	1
50.69622950819672	5652	1
50.698907103825135	6223	1
50.70437158469945	4144	1
50.724644808743165	1526	1
50.73617486338798	7285	1
50.744590163934426	910	1
50.762076502732235	9734	1
50.766557377049175	7293	1
50.77459016393443	3354	1
50.77967213114754	6915	1
50.78185792349726	2322	1
50.80983606557377	3071	1
50.81579234972678	9286	1
50.82928961748634	4730	1
50.84393442622951	6639	1
50.84612021857924	7935	1
50.84825136612022	7358	1
50.85114754098361	1353	1
50.86169398907104	9959	1
50.87065573770492	4474	1
50.89267759562841	7060	1
50.896229508196726	7071	1
50.896502732240435	5435	1
50.903333333333336	3004	1
50.921967213114755	2298	1
50.923387978142074	4656	1
50.93049180327869	3213	1
50.94612021857924	6316	1
50.95612021857924	1081	1
50.95688524590164	611	1
50.9667213114754	6668	1
50.97573770491803	1703	1
50.97786885245901	4130	1
50.98081967213115	8178	1
50.996010928961745	6827	1
51.01114754098361	707	1
51.01448087431694	8581	1
51.017704918032784	1795	1
51.03032786885245	4491	1
51.03398907103825	1606	1
51.03628415300547	4470	1
51.04595628415301	2838	1
51.084043715846995	1957	1
51.10830601092896	7860	1
51.11934426229508	219	1
51.12606557377049	4772	1
51.1303825136612	6125	1
51.13420765027322	434	1
51.1355737704918	7355	1
51.14672131147541	2954	1
51.15672131147541	7946	1
51.158142076502735	24	1
51.16617486338798	7143	1
51.16934426229508	7925	1
51.17256830601093	2446	1
51.200710382513655	4740	1
51.21366120218579	2051	1
51.23387978142076	8749	1
51.25819672131147	714	1
51.261366120218575	3842	1
51.27590163934426	9602	1
51.27846994535519	2370	1
51.2955737704918	3199	1
51.29775956284153	179	1
51.310437158469945	5608	1
51.32644808743169	6761	1
51.34327868852459	3292	1
51.354043715847	2647	1
51.354918032786884	1229	1
51.3596174863388	4623	1
51.37628415300546	2861	1
51.39502732240437	2135	1
51.40612021857923	9626	1
51.40841530054645	1884	1
51.42464480874317	3569	1
51.43071038251366	7990	1
51.44792349726776	292	1
51.464207650273224	1524	1
51.46437158469945	6285	1
51.472021857923494	2865	1
51.47338797814207	7957	1
51.48857923497268	3462	1
51.4896174863388	4687	1
51.501748633879785	9480	1
51.533114754098364	8151	1
51.55994535519125	5446	1
51.56060109289618	9414	1
51.57961748633879	6823	1
51.596010928961746	6879	1
51.610273224043716	6029	1
51.620218579234965	465	1
51.625136612021855	3274	1
51.62573770491804	4820	1
51.628142076502726	9716	1
51.63628415300547	9449	1
51.63775956284153	7658	1
51.64699453551913	6578	1
51.66497267759563	613	1
51.706393442622954	5927	1
51.71491803278688	4376	1
51.76939890710383	4620	1
51.77628415300546	7350	1
51.78633879781421	5083	1
51.80994535519125	9510	1
51.810054644808744	7516	1
51.83185792349727	9657	1
51.832841530054644	807	1
51.836666666666666	2428	1
51.852459016393446	5783	1
51.88224043715847	6940	1
51.89950819672131	2710	1
51.90185792349727	5168	1
51.90486338797814	2137	1
51.916721311475406	8590	1
51.92814207650273	1279	1
51.92885245901639	9933	1
51.9292349726776	1604	1
51.94393442622951	1033	1
51.953715846994534	4141	1
51.96677595628415	3510	1
51.97180327868852	5965	1
52.01453551912568	3287	1
52.021530054644806	3579	1
52.03027322404372	9553	1
52.04530054644809	5881	1
52.055136612021855	712	1
52.064153005464476	1669	1
52.074316939890714	6282	1
52.10901639344262	441	1
52.11584699453552	3847	1
52.157814207650276	8813	1
52.16644808743169	1942	1
52.209836065573775	6085	1
52.21442622950819	8820	1
52.26590163934426	9192	1
52.26622950819672	7121	1
52.27251366120218	8222	1
52.2787431693989	1185	1
52.27879781420765	9102	1
52.280218579234976	3584	1
52.293551912568304	3551	1
52.29415300546448	9736	1
52.32005464480874	1303	1
52.34021857923497	5669	1
52.342677595628416	6286	1
52.347486338797815	2998	1
52.35147540983607	586	1
52.36928961748634	2731	1
52.36972677595628	4216	1
52.383005464480874	7994	1
52.39071038251366	6682	1
52.395300546448084	8383	1
52.40404371584699	6380	1
52.4172131147541	720	1
52.419398907103826	9803	1
52.42830601092896	1741	1
52.436557377049176	5485	1
52.441092896174865	1701	1
52.4416393442623	8381	1
52.449726775956286	1665	1
52.45775956284153	9004	1
52.46180327868852	1203	1
52.4903825136612	5257	1
52.52431693989071	5092	1
52.55338797814208	4612	1
52.56103825136612	7826	1
52.564043715847	9992	1
52.57737704918033	4088	1
52.59245901639344	1048	1
52.62530054644808	4882	1
52.62606557377049	4933	1
52.634098360655734	9136	1
52.667049180327865	1217	1
52.66846994535519	4481	1
52.675628415300544	4965	1
52.686120218579234	1036	1
52.70415300546448	5200	1
52.70617486338798	6036	1
52.7107650273224	4482	1
52.71098360655737	1650	1
52.716448087431694	9748	1
52.71868852459016	9559	1
52.72344262295082	8647	1
52.72409836065574	5250	1
52.73387978142077	1256	1
52.73830601092896	3984	1
52.76830601092896	2118	1
52.777868852459015	3657	1
52.77961748633879	3316	1
52.80617486338797	5235	1
52.81327868852459	6040	1
52.82289617486339	9184	1
52.823169398907105	858	1
52.83972677595628	4548	1
52.84814207650273	4991	1
52.85103825136612	6027	1
52.85770491803279	9423	1
52.88699453551912	3844	1
52.9124043715847	9711	1
52.91508196721312	3301	1
52.916721311475406	4004	1
52.973333333333336	5389	1
53.00224043715847	6590	1
53.01409836065574	5032	1
53.06027322404371	2286	1
53.06710382513661	8485	1
53.07169398907104	9475	1
53.07256830601093	6165	1
53.0879781420765	3536	1
53.0887431693989	5655	1
53.127103825136615	5228	1
53.137923497267764	7218	1
53.144699453551915	1829	1
53.15491803278688	8806	1
53.16497267759563	328	1
53.16650273224044	4298	1
53.20387978142076	3165	1
53.221311475409834	2480	1
53.22606557377049	9833	1
53.23661202185792	9682	1
53.24426229508197	3342	1
53.26016393442623	7686	1
53.277923497267764	7459	1
53.28409836065573	4083	1
53.296174863387975	7567	1
53.30114754098361	7185	1
53.3127868852459	8744	1
53.34420765027322	1711	1
53.36349726775956	4028	1
53.39295081967213	3877	1
53.398469945355195	5766	1
53.40060109289617	1291	1
53.4068306010929	3948	1
53.41218579234973	5187	1
53.43360655737705	5818	1
53.43918032786885	8015	1
53.44344262295082	1089	1
53.45054644808743	2015	1
53.45158469945355	3967	1
53.452677595628415	4471	1
53.46551912568306	4852	1
53.52502732240438	2250	1
53.55021857923497	4959	1
53.584371584699454	7108	1
53.591147540983606	9220	1
53.6079781420765	1947	1
53.60972677595629	5306	1
53.61311475409836	5074	1
53.61825136612022	4492	1
53.623661202185794	1086	1
53.63	2816	1
53.64994535519126	2389	1
53.665245901639345	4167	1
53.6675956284153	3630	1
53.66912568306011	3219	1
53.674972677595626	2225	1
53.68786885245901	902	1
53.692896174863385	2077	1
53.6931693989071	2864	1
53.70125683060109	4517	1
53.71928961748634	1149	1
53.724043715846996	9969	1
53.72666666666667	8548	1
53.72857923497268	4071	1
53.73732240437159	8159	1
53.74666666666666	9378	1
53.79371584699454	3289	1
53.82857923497268	2798	1
53.84071038251366	4494	1
53.84387978142077	1808	1
53.87191256830601	1336	1
53.88590163934426	8280	1
53.903551912568304	3978	1
53.90497267759563	6449	1
53.910710382513656	7404	1
53.915245901639345	9557	1
53.96453551912568	4310	1
53.975191256830605	6748	1
54.010655737704916	8814	1
54.01508196721311	8826	1
54.03442622950819	3848	1
54.038688524590164	1433	1
54.04568306010928	6841	1
54.068961748633875	8070	1
54.07650273224044	8911	1
54.092896174863384	9565	1
54.114262295081964	992	1
54.123715846994536	4657	1
54.12502732240437	5410	1
54.12939890710383	2692	1
54.14633879781421	3884	1
54.16431693989071	7309	1
54.17475409836066	5925	1
54.18043715846994	4484	1
54.2051912568306	5238	1
54.222404371584695	5377	1
54.24147540983606	8887	1
54.24792349726776	1179	1
54.25338797814208	2752	1
54.254699453551915	1413	1
54.262131147540984	5857	1
54.26644808743169	8357	1
54.26726775956284	6998	1
54.26765027322404	5121	1
54.270765027322405	8840	1
54.306284153005464	7590	1
54.32103825136612	447	1
54.32890710382513	281	1
54.33371584699453	8306	1
54.34901639344262	9957	1
54.349289617486335	7049	1
54.36573770491803	9964	1
54.37907103825136	2143	1
54.40114754098361	1063	1
54.43043715846994	1313	1
54.44295081967213	6804	1
54.46398907103825	7342	1
54.46819672131147	5959	1
54.477814207650276	210	1
54.483333333333334	370	1
54.48672131147541	2191	1
54.496885245901645	9292	1
54.49879781420765	3907	1
54.508142076502736	9177	1
54.51300546448087	6659	1
54.56808743169399	5201	1
54.579890710382514	3641	1
54.582841530054644	2180	1
54.585136612021856	8672	1
54.58579234972677	4248	1
54.62005464480874	9281	1
54.63639344262295	7842	1
54.64415300546448	5755	1
54.64699453551912	1182	1
54.66120218579235	1702	1
54.672677595628414	7361	1
54.69125683060109	1211	1
54.709289617486334	8148	1
54.7103825136612	5276	1
54.71857923497268	5637	1
54.772677595628416	4805	1
54.77377049180328	2640	1
54.77486338797814	715	1
54.778688524590166	479	1
54.78688524590164	6052	1
54.78907103825137	9760	1
54.790163934426225	4343	1
54.7983606557377	6010	1
54.801092896174865	1528	1
54.8120218579235	4274	1
54.82513661202186	1668	1
54.82568306010929	3994	1
54.837704918032784	9984	1
54.840437158469946	6706	1
54.86010928961748	2252	1
54.873224043715844	8258	1
54.87377049180328	4806	1
54.87978142076503	7059	1
54.88579234972678	4446	1
54.88852459016393	2495	1
54.89562841530055	1864	1
54.89562841530055	493	1
54.8967213114754	4618	1
54.9	8636	1
54.918579234972675	8113	1
54.924590163934425	7623	1
54.92568306010929	5852	1
54.934972677595624	1602	1
54.93715846994535	2474	1
54.96448087431693	5661	1
55.006557377049184	3969	1
55.01584699453552	803	1
55.03114754098361	2906	1
55.042076502732236	6245	1
55.0775956284153	9399	1
55.088524590163935	3871	1
55.095628415300546	5829	1
55.13989071038251	2243	1
55.14371584699454	7212	1
55.18852459016394	6924	1
55.19836065573771	7115	1
55.19890710382514	672	1
55.20109289617486	1141	1
55.208196721311474	3643	1
55.258469945355195	4856	1
55.287978142076504	8802	1
55.2983606557377	9686	1
55.31311475409836	3237	1
55.333333333333336	1019	1
55.33497267759563	7805	1
55.348633879781424	4076	1
55.356830601092895	7831	1
55.36393442622951	4576	1
55.36448087431694	699	1
55.36557377049181	5788	1
55.37377049180328	7225	1
55.38688524590164	1326	1
55.41530054644809	7583	1
55.44262295081967	4859	1
55.450819672131146	8212	1
55.45628415300547	9672	1
55.46448087431694	9717	1
55.466120218579235	4877	1
55.4688524590164	5675	1
55.501639344262294	520	1
55.53060109289618	6408	1
55.53770491803279	4377	1
55.539890710382515	8277	1
55.542076502732236	5272	1
55.5672131147541	4073	1
55.5672131147541	5525	1
55.58360655737705	428	1
55.59508196721311	4188	1
55.60655737704918	7375	1
55.608743169398906	7757	1
55.61147540983606	4271	1
55.612021857923494	7468	1
55.615846994535524	3022	1
55.62131147540984	9250	1
55.62622950819672	5291	1
55.63060109289618	9572	1
55.63442622950819	5786	1
55.63825136612022	1813	1
55.643169398907105	5503	1
55.64535519125683	2510	1
55.64590163934427	2092	1
55.66612021857924	7641	1
55.72786885245902	6275	1
55.74863387978142	9137	1
55.75081967213115	7981	1
55.761748633879776	5721	1
55.76775956284153	6754	1
55.77431693989071	199	1
55.783060109289615	2403	1
55.79890710382513	3742	1
55.80273224043716	4020	1
55.80273224043716	1614	1
55.80983606557377	2893	1
55.81748633879781	1208	1
55.82076502732241	6539	1
55.822404371584696	7138	1
55.82677595628415	5094	1
55.835519125683064	8324	1
55.873770491803285	6966	1
55.880874316939895	640	1
55.887978142076506	1310	1
55.890163934426226	3703	1
55.89672131147541	1615	1
55.923497267759565	2085	1
55.946994535519124	3086	1
55.95245901639344	5506	1
55.95355191256831	7240	1
55.95464480874317	2525	1
55.981420765027316	3163	1
55.98196721311475	345	1
55.988524590163934	9693	1
55.99398907103825	3325	1
56.0	9301	1
56.00983606557377	6462	1
56.02404371584699	5931	1
56.02841530054645	2691	1
56.03005464480874	9047	1
56.03114754098361	1993	1
56.03715846994535	9200	1
56.04808743169399	514	1
56.05901639344262	6074	1
56.061202185792354	6109	1
56.07431693989071	4854	1
56.104918032786884	4174	1
56.10601092896175	5279	1
56.12131147540983	417	1
56.13169398907104	5853	1
56.18196721311475	2110	1
56.186885245901635	7787	1
56.190710382513664	3964	1
56.196174863387974	5490	1
56.20109289617486	5969	1
56.20655737704918	4789	1
56.20655737704918	9756	1
56.20983606557377	9128	1
56.22076502732241	8386	1
56.23934426229508	8782	1
56.24262295081967	318	1
56.24644808743169	3540	1
56.25027322404372	7666	1
56.25027322404372	3010	1
56.287978142076504	4995	1
56.291256830601085	1115	1
56.31420765027322	2268	1
56.320218579234975	5479	1
56.32185792349726	8409	1
56.34153005464481	2432	1
56.36885245901639	8461	1
56.38688524590164	4148	1
56.390163934426226	553	1
56.39781420765027	7119	1
56.4	6887	1
56.411475409836065	7396	1
56.43224043715847	6858	1
56.43551912568306	5165	1
56.439890710382514	5256	1
56.44371584699453	6926	1
56.44644808743169	1201	1
56.448633879781426	4349	1
56.448633879781426	1673	1
56.461202185792345	4784	1
56.461202185792345	6124	1
56.46229508196721	705	1
56.46994535519126	8982	1
56.50491803278688	9027	1
56.50710382513661	1406	1
56.51639344262295	2553	1
56.536065573770486	4209	1
56.539890710382515	3311	1
56.546994535519126	5141	1
56.554098360655736	1136	1
56.560109289617486	7292	1
56.56885245901639	3296	1
56.56994535519126	4450	1
56.57595628415301	399	1
56.57978142076502	1322	1
56.5879781420765	596	1
56.59726775956284	6953	1
56.60983606557377	2147	1
56.620765027322406	7539	1
56.62732240437158	999	1
56.668306010928966	216	1
56.669398907103826	1444	1
56.68907103825136	4925	1
56.70054644808743	1316	1
56.70273224043716	120	1
56.75409836065573	3377	1
56.76229508196721	8870	1
56.78306010928962	4417	1
56.8	8555	1
56.8103825136612	6126	1
56.81366120218579	1188	1
56.815300546448086	6607	1
56.82568306010929	2655	1
56.833333333333336	2293	1
56.85409836065573	9153	1
56.858469945355196	4230	1
56.871038251366116	8156	1
56.871038251366116	3537	1
56.87377049180328	750	1
56.87540983606557	8945	1
56.87540983606557	9122	1
56.885245901639344	4949	1
56.89071038251366	4043	1
56.91530054644809	792	1
56.91693989071038	9655	1
56.91967213114754	5352	1
56.92295081967213	8384	1
56.94426229508196	7144	1
56.954098360655735	4131	1
56.9551912568306	5224	1
56.96065573770492	6016	1
56.967213114754095	3236	1
56.979234972677595	8703	1
56.982513661202184	2287	1
56.983606557377044	7906	1
57.00491803278688	1255	1
57.00710382513661	6061	1
57.01967213114754	7606	1
57.033879781420765	2853	1
57.05191256830601	7491	1
57.06065573770492	3225	1
57.06775956284153	5509	1
57.07049180327869	9030	1
57.07267759562841	1369	1
57.089617486338796	7398	1
57.09071038251366	46	1
57.1	3887	1
57.108743169398906	9135	1
57.120765027322406	5118	1
57.12732240437158	4661	1
57.12950819672131	9971	1
57.137158469945355	4304	1
57.15191256830601	3639	1
57.168306010928966	4346	1
57.16885245901639	8950	1
57.17322404371585	8046	1
57.184699453551914	9413	1
57.19672131147541	5951	1
57.215846994535525	2771	1
57.22404371584699	2373	1
57.22786885245902	7272	1
57.2448087431694	8496	1
57.281967213114754	7336	1
57.28360655737705	5317	1
57.374863387978145	2663	1
57.38032786885246	3347	1
57.40054644808743	296	1
57.40163934426229	5798	1
57.404371584699454	7600	1
57.40546448087432	2609	1
57.415846994535514	9466	1
57.42404371584699	4308	1
57.42568306010929	3669	1
57.430601092896175	6770	1
57.45628415300546	5859	1
57.492349726775956	8321	1
57.50491803278688	1907	1
57.50655737704918	2924	1
57.51693989071038	2080	1
57.52295081967213	3330	1
57.550273224043714	1934	1
57.558469945355185	2772	1
57.56174863387978	3838	1
57.569398907103825	22	1
57.59016393442623	9714	1
57.596721311475406	3938	1
57.60109289617486	2732	1
57.62677595628415	7147	1
57.63606557377049	1080	1
57.67103825136612	700	1
57.673770491803275	4842	1
57.690710382513664	7262	1
57.704918032786885	4159	1
57.704918032786885	5583	1
57.71475409836066	235	1
57.73606557377049	2957	1
57.73770491803279	679	1
57.745355191256834	5952	1
57.75136612021858	1037	1
57.75901639344262	1494	1
57.76229508196721	7869	1
57.763934426229504	1477	1
57.779781420765026	5580	1
57.78415300546448	8252	1
57.79016393442623	7813	1
57.79890710382514	8648	1
57.80109289617486	6654	1
57.81748633879781	5326	1
57.82896174863388	996	1
57.836612021857924	3141	1
57.843715846994535	6080	1
57.90382513661202	6674	1
57.904371584699454	5028	1
57.92677595628415	1968	1
57.950819672131146	6301	1
57.9535519125683	1513	1
57.96393442622951	6760	1
57.97377049180328	4232	1
57.99016393442623	3279	1
57.99125683060109	2347	1
57.999453551912566	9864	0
58.00109289617486	8112	1
58.00218579234973	8991	1
58.011475409836066	2570	1
58.03060109289617	4940	1
58.03497267759563	3524	1
58.04590163934426	1748	1
58.04808743169399	9981	1
58.06120218579235	2687	1
58.06174863387978	1385	1
58.07103825136612	1670	1
58.076502732240435	8764	1
58.07704918032787	8436	1
58.09398907103825	7356	1
58.11366120218579	6270	1
58.11420765027322	3364	1
58.13387978142076	8158	1
58.13606557377049	9395	1
58.150273224043715	8922	1
58.164480874316936	1367	1
58.17213114754098	1186	1
58.18306010928961	9732	1
58.20437158469945	1473	1
58.208196721311474	687	1
58.21256830601093	2677	1
58.216939890710385	1280	1
58.21803278688524	987	1
58.23224043715847	804	1
58.24207650273224	8522	1
58.24590163934426	3738	1
58.25300546448088	921	1
58.25846994535519	7694	1
58.26775956284153	8438	1
58.273770491803276	5564	1
58.28524590163935	855	1
58.29453551912568	6092	1
58.30437158469945	1085	1
58.30983606557377	1092	1
58.31147540983606	178	1
58.316393442622946	9213	1
58.325683060109284	6421	1
58.33387978142076	3003	1
58.33606557377049	4577	1
58.36612021857923	6110	1
58.37377049180328	181	1
58.41092896174863	9787	1
58.41530054644809	4432	1
58.41912568306011	5827	1
58.43005464480874	1903	1
58.43060109289617	9689	1
58.459016393442624	3751	1
58.461202185792345	3535	1
58.47814207650273	9663	1
58.483606557377044	3488	1
58.49672131147541	430	1
58.50491803278689	4858	1
58.56885245901639	7537	1
58.57431693989071	780	1
58.587431693989075	6418	1
58.59617486338798	483	1
58.60327868852459	1400	1
58.62568306010929	4627	1
58.64863387978142	6458	1
58.655191256830605	307	1
58.6672131147541	8520	1
58.6792349726776	1135	1
58.68360655737705	2973	1
58.70218579234973	8818	1
58.70655737704918	9831	1
58.71584699453552	9570	1
58.71857923497267	6798	1
58.72295081967213	7064	1
58.73060109289617	6959	1
58.741530054644805	2743	1
58.752459016393445	9788	1
58.75519125683061	2026	1
58.76284153005465	3591	1
58.77049180327869	5494	1
58.78032786885245	168	1
58.80546448087431	8427	1
58.810382513661196	4659	1
58.81311475409836	5841	1
58.8224043715847	3388	1
58.82404371584699	7563	1
58.825683060109284	9936	1
58.836612021857924	3997	1
58.84207650273224	3332	1
58.8431693989071	4871	1
58.84754098360656	6795	1
58.857923497267755	1383	1
58.86338797814207	1837	1
58.89180327868853	550	1
58.9	3319	1
58.93497267759563	4125	1
58.93825136612021	2296	1
58.939890710382514	9583	1
58.949726775956286	3667	1
58.966120218579235	741	1
58.96994535519126	2011	1
58.98087431693989	5614	1
58.993442622950816	1293	1
59.00601092896174	5747	1
59.00819672131147	5886	1
59.011475409836066	4721	1
59.02021857923498	3268	1
59.032786885245905	2566	1
59.032786885245905	1307	1
59.033879781420765	6861	1
59.0344262295082	5528	1
59.03770491803279	8967	1
59.039890710382515	4518	1
59.04043715846994	3418	1
59.04590163934426	1331	1
59.083606557377045	7598	1
59.090710382513656	4999	1
59.092896174863384	35	1
59.10273224043716	3434	1
59.124043715846994	7627	1
59.13770491803279	1769	1
59.13879781420765	7436	1
59.13879781420765	790	1
59.14972677595629	334	1
59.176502732240436	7616	1
59.177595628415304	6813	1
59.187978142076496	2215	1
59.191803278688525	2108	1
59.19781420765027	8493	1
59.227322404371584	7284	1
59.25573770491803	5143	1
59.27650273224044	9147	1
59.27868852459016	5626	1
59.285792349726776	5226	1
59.30437158469945	147	1
59.307103825136615	6626	1
59.31967213114754	3638	1
59.32295081967213	3766	1
59.33114754098361	5514	1
59.33224043715847	6928	1
59.36448087431694	7230	1
59.3672131147541	2158	1
59.36830601092896	1173	1
59.369945355191255	8646	1
59.38524590163934	9223	1
59.39672131147541	3436	1
59.39890710382514	573	1
59.404371584699454	454	1
59.41639344262295	1446	1
59.446994535519124	5384	1
59.448087431693985	5830	1
59.454098360655735	4720	1
59.46284153005464	3483	1
59.466120218579235	680	1
59.49398907103825	2112	1
59.497267759562845	4327	1
59.498360655737706	5555	1
59.50928961748634	6452	1
59.51912568306011	446	1
59.53169398907104	5271	1
59.533879781420765	2086	1
59.538251366120214	4369	1
59.54153005464481	4906	1
59.54207650273224	854	1
59.54262295081968	7517	1
59.54262295081968	3693	1
59.550273224043714	227	1
59.56830601092896	8765	1
59.572131147540986	9542	1
59.57322404371585	1638	1
59.574316939890714	9488	1
59.5792349726776	3452	1
59.592896174863384	1193	1
59.59945355191257	1518	1
59.64972677595629	1595	1
59.7	9877	1
59.72568306010929	7298	1
59.730054644808746	6242	1
59.731147540983606	5126	1
59.74808743169399	3338	1
59.76120218579235	5909	1
59.777595628415305	433	1
59.783060109289615	7960	1
59.80437158469945	6174	1
59.812568306010924	9979	1
59.81584699453552	7448	1
59.83169398907104	8832	1
59.88688524590164	1844	1
59.89617486338798	7421	1
59.89781420765027	3454	1
59.912568306010925	3269	1
59.918579234972675	5460	1
59.918579234972675	3531	1
59.92349726775956	1194	1
59.93715846994536	6794	1
59.94262295081967	437	1
59.96229508196721	2871	1
59.96338797814207	3529	1
59.972131147540985	9741	1
59.97595628415301	8719	1
59.97704918032787	8834	1
59.986338797814206	361	1
60.011475409836066	6237	1
60.0120218579235	7023	1
60.014754098360655	5767	1
60.021857923497265	2585	1
60.02240437158469	112	1
60.026775956284155	3943	1
60.02732240437159	9058	1
60.03333333333333	3867	1
60.03497267759563	3635	1
60.06393442622951	7073	1
60.06885245901639	7648	1
60.081420765027325	28	1
60.08415300546448	4823	1
60.09180327868852	5895	1
60.125136612021855	8389	1
60.12841530054644	4724	1
60.15409836065574	4157	1
60.167759562841525	9644	1
60.18852459016394	63	1
60.19125683060109	4672	1
60.192896174863385	1496	1
60.19562841530055	1068	1
60.213114754098356	7800	1
60.22896174863388	2337	1
60.2448087431694	1511	1
60.25901639344262	9953	1
60.284699453551916	4273	1
60.290163934426225	358	1
60.29125683060109	4521	1
60.30382513661202	3696	1
60.307103825136615	6641	1
60.31967213114754	8231	1
60.325683060109284	3654	1
60.325683060109284	8936	1
60.328415300546446	5691	1
60.329508196721314	5309	1
60.34262295081967	2411	1
60.36775956284153	2	1
