0.009664426229508196	6772	1
0.03865131147540984	8605	1
0.04653568306010929	6073	1
0.11461530054644808	1132	1
0.13580382513661202	1027	1
0.15359289617486338	3067	1
0.20605464480874316	9020	1
0.215024043715847	5586	1
0.2553568306010929	2765	1
0.3170650273224044	1571	1
0.37520655737704917	8977	1
0.3774054644808743	5985	1
0.4448136612021858	5894	1
0.48777486338797815	3271	1
0.5390469945355191	8143	1
0.5413967213114754	5153	1
0.5590327868852459	6802	1
0.5931147540983607	2598	1
0.613311475409836	8407	1
0.6437267759562841	2760	1
0.6558032786885246	7863	1
0.6953114754098361	5947	1
0.7053060109289617	8616	1
0.8913770491803279	5847	1
1.048830601092896	7178	1
1.1087213114754098	7730	1
1.1377267759562841	2247	1
1.151448087431694	9343	1
1.1636612021857922	8275	1
1.1656393442622952	338	1
1.1692131147540983	4027	1
1.1852568306010927	4265	1
1.1966284153005464	712	1
1.372464480874317	9074	1
1.4548142076502733	4558	1
1.4743934426229508	9338	1
1.636967213114754	6812	1
1.7351530054644808	3654	1
1.765792349726776	4108	1
1.810710382513661	1614	1
1.9969945355191259	9948	1
2.002087431693989	9788	1
2.022021857923497	6031	1
2.061311475409836	2816	1
2.173382513661202	9801	1
2.1936502732240437	6625	1
2.1937486338797814	8201	1
2.2199508196721314	2509	1
2.2746666666666666	3053	1
2.278551912568306	9355	1
2.305781420765027	3860	1
2.3744098360655737	9067	1
2.4951530054644806	2296	1
2.511606557377049	256	1
2.512617486338798	4977	1
2.537087431693989	3736	1
2.5589508196721313	5645	1
2.603322404371585	9673	1
2.619021857923497	6360	1
2.6701803278688523	4981	1
2.7247322404371586	1319	1
2.783262295081967	3827	1
2.816819672131148	8684	1
2.8580437158469945	6987	1
2.8901038251366122	6669	1
3.040398907103825	4506	1
3.0492185792349726	999	1
3.0624426229508193	3632	1
3.3060109289617485	4692	1
3.34175956284153	1595	1
3.358830601092896	7588	1
3.38	6515	1
3.4337103825136612	3918	1
3.546469945355191	3734	1
3.567775956284153	2606	1
3.588846994535519	6893	1
3.669142076502732	5732	1
3.6751803278688526	3205	1
3.6955737704918032	481	1
3.741431693989071	6994	1
3.7899453551912567	3694	1
4.06272131147541	7204	1
4.199174863387978	4510	1
4.20139344262295	8910	1
4.257737704918033	9337	1
4.302071038251365	3731	1
4.459267759562842	533	1
4.48651912568306	659	1
4.592349726775956	8255	1
4.670912568306011	939	1
4.70512568306011	552	1
4.7393989071038245	8190	1
4.746699453551913	6538	1
4.752819672131147	2850	1
4.781814207650273	4147	1
4.854136612021858	1875	1
4.958622950819672	6660	1
5.013480874316939	4623	1
5.044120218579234	3380	1
5.044142076502732	5949	1
5.06887431693989	3056	1
5.114448087431694	9621	1
5.13203825136612	7856	1
5.134748633879782	2447	1
5.158382513661202	9815	1
5.22884699453552	670	1
5.24120218579235	8823	1
5.349562841530054	1934	1
5.354486338797814	7912	1
5.365562841530054	2313	1
5.50448087431694	5912	1
5.538251366120218	9572	1
5.557704918032787	613	1
5.55775956284153	5440	1
5.572185792349727	9628	1
5.5972677595628415	5083	1
5.597540983606557	6441	1
5.639453551912568	4038	1
5.656502732240437	3574	1
5.676775956284153	6913	1
5.679289617486339	9156	1
5.6811475409836065	9995	1
5.850382513661202	3353	1
5.872240437158469	8102	1
5.872513661202185	1835	1
5.967267759562842	3234	1
6.009398907103825	1903	1
6.014426229508197	4466	1
6.062295081967213	6708	1
6.070874316939891	9539	1
6.07896174863388	9145	1
6.1022404371584695	1067	1
6.162021857923497	6304	1
6.1963387978142075	5458	1
6.219726775956284	8754	1
6.238142076502732	6399	1
6.256830601092896	5184	1
6.275081967213114	6692	1
6.34344262295082	9152	1
6.346939890710382	4962	1
6.354316939890711	9501	1
6.4066120218579234	3845	1
6.4087978142076505	7401	1
6.417267759562842	6413	1
6.432404371584699	7726	1
6.445464480874317	9519	1
6.474426229508197	8931	1
6.519125683060109	970	1
6.54120218579235	7133	1
6.66535519125683	5928	1
6.698688524590164	808	1
6.705573770491803	7964	1
6.851639344262295	7453	1
6.851912568306011	9978	1
6.876010928961748	4524	1
6.877431693989071	6504	1
6.89775956284153	1909	1
6.952622950819672	4444	1
7.0067759562841525	73	1
7.013661202185792	9309	1
7.048196721311475	3926	1
7.1502732240437155	8473	1
7.325300546448087	7495	1
7.464863387978141	984	1
7.469071038251366	7026	1
7.514863387978141	6856	1
7.521748633879781	2324	1
7.553825136612022	9055	1
7.560710382513661	1669	1
7.565464480874318	4511	1
7.600710382513661	7590	1
7.7631147540983605	1870	1
7.800819672131148	9908	1
7.817923497267759	7562	1
7.85792349726776	1468	1
7.873114754098361	2828	1
7.921748633879782	8982	1
7.940382513661202	9499	1
7.952021857923497	9444	1
8.001311475409835	2195	1
8.030491803278688	9311	1
8.121857923497267	427	1
8.201420765027322	428	1
8.22360655737705	7467	1
8.334808743169399	2585	1
8.37584699453552	9151	1
8.389234972677595	6131	1
8.405081967213114	8128	1
8.423497267759563	2810	1
8.442349726775957	7744	1
8.536065573770491	5533	1
8.600327868852458	985	1
8.637704918032787	6007	1
8.698251366120218	7354	1
8.720655737704917	9420	1
8.727049180327867	3613	1
8.865573770491803	3715	1
8.902786885245902	4734	1
8.903606557377048	6059	1
8.951366120218578	1207	1
9.00775956284153	9642	1
9.008579234972677	5927	1
9.130273224043716	9814	1
9.226065573770493	3906	1
9.310109289617486	3555	1
9.33	5761	1
9.484426229508196	7545	1
9.522131147540984	7227	1
9.542622950819672	6008	1
9.617431693989072	4287	1
9.75224043715847	2738	1
9.782185792349727	4586	1
9.800710382513662	8450	1
9.81846994535519	8274	1
9.841912568306011	6219	1
9.925901639344263	9474	1
9.926939890710383	3967	1
9.946939890710382	116	1
9.950710382513662	2648	1
9.953169398907104	1699	1
10.038852459016393	9785	1
10.06448087431694	3717	1
10.088251366120218	8700	1
10.106994535519126	2072	1
10.187213114754098	2853	1
10.24551912568306	2249	1
10.407704918032787	2809	1
10.419016393442622	9953	1
10.477978142076502	9283	1
10.632459016393442	866	1
10.675628415300546	4137	1
10.689344262295082	3842	1
10.76120218579235	3563	1
10.781092896174863	8790	1
10.785409836065574	6977	1
10.869562841530055	5747	1
10.872568306010928	7903	1
10.9196174863388	3781	1
10.921420765027321	5634	1
10.927213114754098	8630	1
10.954918032786885	4398	1
10.979726775956284	2967	1
11.210327868852458	4458	1
11.214972677595629	7945	1
11.224043715846994	6579	1
11.235245901639344	64	1
11.266120218579236	6395	1
11.271857923497267	1704	1
11.277704918032786	8315	1
11.36535519125683	9736	1
11.37879781420765	3366	1
11.389726775956284	1529	1
11.417814207650272	5993	1
11.424590163934425	8836	1
11.440819672131147	7789	1
11.487704918032787	7617	1
11.513224043715846	4721	1
11.595081967213114	8294	1
11.625245901639344	7524	1
11.635956284153005	5379	1
11.718579234972676	9658	1
11.740765027322405	8663	1
11.776885245901639	1848	1
11.7848087431694	4233	1
11.803442622950818	9178	1
11.874426229508197	1024	1
11.910437158469945	3344	1
11.985245901639345	6137	1
12.046666666666667	8231	1
12.10120218579235	4159	1
12.12775956284153	3115	1
12.159071038251366	6107	1
12.24464480874317	133	1
12.262131147540984	3279	1
12.27295081967213	602	1
12.287103825136612	7409	1
12.290601092896175	8479	1
12.313114754098361	4620	1
12.333661202185793	3133	1
12.361475409836064	9016	1
12.373934426229507	3618	1
12.388415300546448	1803	1
12.397650273224045	6842	1
12.44983606557377	4411	1
12.463114754098362	4071	1
12.521857923497269	2710	1
12.553934426229509	4740	1
12.64896174863388	9221	1
12.662896174863388	6897	1
12.675355191256829	9959	1
12.720382513661201	3606	1
12.882732240437159	8155	1
12.891092896174863	3419	1
12.90344262295082	9542	1
12.926666666666668	5	1
12.95415300546448	2723	1
12.990327868852459	9603	1
13.009398907103826	8771	1
13.05896174863388	9498	1
13.06912568306011	1888	1
13.078251366120218	1214	1
13.079344262295082	6458	1
13.102622950819672	2268	1
13.160491803278688	5105	1
13.213825136612021	987	1
13.22360655737705	7517	1
13.284207650273224	5910	1
13.293551912568306	4383	1
13.304207650273224	8301	1
13.322513661202187	2987	1
13.347213114754098	3576	1
13.411202185792348	2129	1
13.430054644808743	1962	1
13.435573770491803	4676	1
13.455409836065574	4858	1
13.484972677595628	6577	1
13.51398907103825	4923	1
13.538633879781422	7341	1
13.572786885245902	4821	1
13.601584699453552	6548	1
13.602622950819672	6228	1
13.608524590163935	4334	1
13.631639344262295	8668	1
13.640765027322406	6737	1
13.644535519125682	3640	1
13.667322404371586	5565	1
13.668251366120218	7089	1
13.718633879781422	8461	1
13.735846994535517	4663	1
13.758743169398906	8772	1
13.816065573770492	8527	1
13.835409836065573	5800	1
13.853224043715846	7606	1
13.968688524590164	6784	1
13.969453551912567	9081	1
13.975901639344261	5104	1
13.980054644808742	6282	1
14.042076502732241	8770	1
14.0524043715847	3197	1
14.088032786885247	588	1
14.091475409836065	7310	1
14.100983606557376	1309	1
14.137595628415301	5952	1
14.185683060109291	4838	1
14.204207650273224	3924	1
14.206338797814206	8489	1
14.206830601092896	1463	1
14.233333333333334	7913	1
14.25016393442623	839	1
14.253934426229508	8569	1
14.380382513661202	308	1
14.514754098360655	6643	1
14.553333333333333	2897	1
14.634316939890711	7575	1
14.779726775956282	1453	1
14.809289617486339	3812	1
14.88726775956284	6129	1
14.916338797814207	4387	1
14.931530054644808	4927	1
14.939289617486338	6313	1
14.943770491803278	7630	1
14.960437158469944	9312	1
14.962295081967213	4961	1
14.995081967213114	3045	1
15.02103825136612	862	1
15.038360655737705	961	1
15.237650273224045	9320	1
15.29792349726776	7153	1
15.30344262295082	5218	1
15.310218579234972	4809	1
15.359508196721313	7323	1
15.386830601092896	3793	1
15.393224043715847	1847	1
15.42366120218579	9610	1
15.431748633879781	9983	1
15.484207650273223	7527	1
15.493989071038252	2876	1
15.584207650273223	4919	1
15.64639344262295	4072	1
15.652349726775956	4647	1
15.664426229508196	5903	1
15.703661202185794	872	1
15.715683060109289	2317	1
15.741092896174864	4890	1
15.749453551912568	3455	1
15.769071038251365	3519	1
15.789125683060108	9024	1
15.790928961748634	4427	1
15.80584699453552	8568	1
15.81983606557377	4970	1
15.820928961748633	7950	1
15.913060109289619	2722	1
15.947650273224044	2279	1
15.991147540983606	8924	1
15.997213114754098	5597	1
16.019180327868852	3528	1
16.019234972677594	2873	1
16.057377049180328	7063	1
16.076174863387976	7528	1
16.081092896174862	4712	1
16.08590163934426	8784	1
16.12087431693989	1250	1
16.227322404371584	3484	1
16.40978142076503	7561	1
16.44125683060109	4174	1
16.445628415300547	3849	1
16.4624043715847	8187	1
16.47453551912568	3325	1
16.503005464480875	4473	1
16.5424043715847	3089	1
16.626065573770493	1597	1
16.63311475409836	5894	0
16.740218579234973	9297	1
16.742841530054644	4525	1
16.795191256830602	956	1
16.80289617486339	4298	1
16.854863387978142	6242	1
16.882786885245903	3651	1
16.949726775956282	3661	1
17.038360655737705	1816	1
17.04814207650273	5881	1
17.087814207650272	6070	1
17.1	8431	1
17.14918032786885	3993	1
17.17874316939891	5501	1
17.184207650273223	5892	1
17.188688524590162	1719	1
17.233224043715843	4015	1
17.24207650273224	2429	1
17.278032786885248	5135	1
17.292021857923498	9410	1
17.305081967213116	3074	1
17.348142076502732	819	1
17.421693989071038	703	1
17.45901639344262	5988	1
17.460437158469944	8926	1
17.483715846994535	1323	1
17.484754098360657	2476	1
17.48688524590164	3248	1
17.57295081967213	6199	1
17.573661202185793	833	1
17.588688524590165	9161	1
17.60535519125683	3166	1
17.653715846994537	4416	1
17.72530054644809	880	1
17.743387978142078	2999	1
17.8231693989071	9895	1
17.830765027322403	5118	1
17.890437158469943	6370	1
17.92306010928962	3418	1
17.97792349726776	3957	1
18.029344262295083	6560	1
18.060054644808744	206	1
18.13415300546448	1940	1
18.14857923497268	6203	1
18.185956284153004	5165	1
18.19792349726776	4875	1
18.28513661202186	532	1
18.338251366120218	5876	1
18.40469945355191	9970	1
18.423715846994536	781	1
18.552677595628413	1912	1
18.557158469945353	9094	1
18.565409836065573	2127	1
18.711092896174865	3119	1
18.73448087431694	8622	1
18.744316939890712	3940	1
18.744316939890712	2158	1
18.792513661202186	535	1
18.85142076502732	5878	1
18.853551912568303	6764	1
18.86688524590164	1479	1
18.871967213114754	9278	1
18.876393442622952	5453	1
18.88792349726776	450	1
18.888579234972678	1353	1
18.913497267759563	4691	1
18.916174863387976	3545	1
18.960054644808743	8330	1
18.98775956284153	4806	1
18.999234972677595	8800	1
19.008087431693987	6028	1
19.013715846994536	8968	1
19.09934426229508	6338	1
19.114207650273226	7682	1
19.116120218579233	6335	1
19.18355191256831	5116	1
19.21065573770492	7313	1
19.214371584699453	9052	1
19.290273224043716	3202	1
19.317322404371584	4366	1
19.331967213114755	8633	1
19.33830601092896	874	1
19.363551912568308	25	1
19.380491803278687	9793	1
19.38169398907104	59	1
19.387213114754097	6336	1
19.394098360655736	9033	1
19.398688524590163	9838	1
19.409453551912566	1087	1
19.45185792349727	2720	1
19.473060109289616	5172	1
19.490000000000002	2751	1
19.4996174863388	2805	1
19.52098360655738	4293	1
19.563606557377046	1446	1
19.566174863387978	8639	1
19.607322404371583	8536	1
19.630546448087433	7604	1
19.650546448087432	3549	1
19.67224043715847	5822	1
19.673442622950816	9849	1
19.685628415300545	6071	1
19.70262295081967	9241	1
19.722076502732243	1753	1
19.745573770491802	6201	1
19.76142076502732	7487	1
19.761639344262296	2795	1
19.78688524590164	3685	1
19.827213114754098	9333	1
19.838251366120218	2140	1
19.94912568306011	6571	1
19.983005464480875	3237	1
19.99289617486339	9734	1
19.997049180327867	8838	1
20.003825136612022	3667	1
20.01743169398907	359	1
20.024262295081968	7960	1
20.07	4397	1
20.071092896174864	1330	1
20.102404371584697	1758	1
20.159398907103824	8642	1
20.189071038251367	4887	1
20.236666666666665	8874	1
20.25857923497268	6130	1
20.26743169398907	4088	1
20.30295081967213	1637	1
20.354644808743167	997	1
20.36224043715847	861	1
20.3775956284153	8146	1
20.38846994535519	6318	1
20.398907103825138	6231	1
20.441639344262295	5011	1
20.45262295081967	1010	1
20.48273224043716	5002	1
20.489781420765027	4156	1
20.511803278688525	5069	1
20.531420765027324	6348	1
20.53841530054645	1267	1
20.555081967213113	6731	1
20.626612021857923	3770	1
20.6424043715847	2439	1
20.653934426229508	5714	1
20.672622950819672	1721	1
20.677158469945358	7325	1
20.68224043715847	8136	1
20.727868852459018	5297	1
20.749234972677595	1470	1
20.76081967213115	9711	1
20.76743169398907	6082	1
20.769125683060107	1858	1
20.76928961748634	2995	1
20.793224043715846	8132	1
20.834754098360655	7693	1
20.839180327868853	4378	1
20.89109289617486	4633	1
20.897595628415303	4394	1
20.90174863387978	5909	1
20.903879781420763	6445	1
20.934972677595628	3436	1
20.95174863387978	2793	1
20.956448087431692	836	1
20.9572131147541	1845	1
20.964590163934428	6121	1
20.99464480874317	8313	1
20.999453551912566	2699	1
21.00825136612022	4209	1
21.02295081967213	6596	1
21.03333333333333	4289	1
21.051857923497266	2260	1
21.09169398907104	6591	1
21.09327868852459	6928	1
21.09431693989071	1985	1
21.15846994535519	7533	1
21.16409836065574	1740	1
21.17295081967213	8967	1
21.176830601092895	7258	1
21.193715846994536	2854	1
21.27513661202186	7786	1
21.29360655737705	564	1
21.32464480874317	9590	1
21.328524590163934	6538	0
21.334316939890712	9034	1
21.382076502732243	1856	1
21.382349726775956	8963	1
21.41049180327869	9202	1
21.42311475409836	8894	1
21.424754098360655	5888	1
21.500601092896176	7680	1
21.534371584699453	274	1
21.538469945355192	8316	1
21.54081967213115	9858	1
21.548579234972678	7210	1
21.570601092896176	4196	1
21.626174863387977	9637	1
21.637377049180326	3189	1
21.70502732240437	5879	1
21.71049180327869	6891	1
21.730765027322402	8172	1
21.73120218579235	4795	1
21.73486338797814	5138	1
21.737540983606557	4082	1
21.75879781420765	2083	1
21.79994535519126	9416	1
21.876830601092895	4255	1
21.88513661202186	2148	1
21.89415300546448	7007	1
21.925628415300544	4148	1
21.92743169398907	2405	1
21.952568306010928	3970	1
21.95885245901639	1260	1
21.966284153005464	8244	1
22.06103825136612	5882	1
22.06398907103825	7259	1
22.100491803278686	3826	1
22.132459016393444	7307	1
22.180437158469946	2891	1
22.19945355191257	5331	1
22.211366120218578	9779	1
22.260765027322403	4658	1
22.301857923497266	3565	1
22.301857923497266	3711	1
22.31535519125683	6832	1
22.36825136612022	4679	1
22.40120218579235	1394	1
22.40879781420765	6493	1
22.465573770491805	6033	1
22.57344262295082	5406	1
22.600054644808743	5683	1
22.606994535519124	3241	1
22.60830601092896	1281	1
22.62934426229508	7676	1
22.69311475409836	2887	1
22.712076502732238	803	1
22.740655737704916	8689	1
22.74606557377049	2748	1
22.799398907103825	6662	1
22.845191256830603	5495	1
23.047759562841527	3474	1
23.062349726775956	4114	1
23.063825136612024	1369	1
23.0779781420765	4602	1
23.084207650273225	5155	1
23.124918032786884	7022	1
23.18601092896175	5352	1
23.22825136612022	2347	1
23.33142076502732	6206	1
23.346666666666668	5724	1
23.349398907103826	2917	1
23.356393442622952	6246	1
23.389836065573768	9183	1
23.42327868852459	6489	1
23.476284153005466	3046	1
23.54584699453552	7209	1
23.617650273224044	3422	1
23.623224043715844	1472	1
23.628196721311475	2224	1
23.630327868852458	3038	1
23.636448087431695	7010	1
23.644098360655736	5094	1
23.646338797814206	8059	1
23.72726775956284	3181	1
23.739890710382515	9690	1
23.769945355191258	129	1
23.908633879781423	6916	1
23.95087431693989	4782	1
24.012677595628414	2299	1
24.024426229508197	1655	1
24.06393442622951	3359	1
24.095683060109288	6365	1
24.173715846994533	8514	1
24.26256830601093	7760	1
24.336939890710383	5353	1
24.38846994535519	522	1
24.413661202185793	1717	1
24.426502732240436	7300	1
24.430983606557376	3047	1
24.521857923497265	8526	1
24.52398907103825	8716	1
24.54491803278688	2301	1
24.558469945355192	4315	1
24.591092896174864	3116	1
24.6055737704918	7505	1
24.67639344262295	7585	1
24.683387978142076	2101	1
24.69218579234973	540	1
24.740437158469945	1374	1
24.742295081967214	7079	1
24.751147540983606	3794	1
24.774972677595628	8322	1
24.810874316939888	8520	1
24.83213114754098	4649	1
24.872677595628417	9224	1
24.874535519125683	4892	1
24.904808743169397	3099	1
24.924918032786888	44	1
24.95448087431694	8904	1
24.989562841530052	2387	1
24.98967213114754	8670	1
25.11792349726776	9676	1
25.150109289617486	7742	1
25.20360655737705	8768	1
25.20885245901639	7873	1
25.25377049180328	9006	1
25.287868852459017	175	1
25.309016393442622	9632	1
25.342677595628412	1799	1
25.367650273224044	9602	1
25.412295081967212	8047	1
25.424863387978142	693	1
25.433551912568305	9777	1
25.466284153005464	9911	1
25.46841530054645	2404	1
25.47	4074	1
25.50300546448087	2185	1
25.53863387978142	521	1
25.562185792349727	8875	1
25.594207650273223	9922	1
25.60967213114754	3105	1
25.62377049180328	2304	1
25.640054644808743	9130	1
25.666010928961747	9340	1
25.713551912568306	4731	1
25.734754098360657	3943	1
25.746666666666666	6168	1
25.783169398907106	3877	1
25.85327868852459	6696	1
25.859398907103827	5048	1
25.869398907103825	3387	1
25.884043715846996	5699	1
25.890273224043717	916	1
25.919562841530052	5598	1
25.942131147540984	6443	1
25.96486338797814	1485	1
26.063715846994533	606	1
26.07655737704918	511	1
26.090491803278688	4457	1
26.19710382513661	176	1
26.197868852459017	8775	1
26.20464480874317	7194	1
26.219617486338798	625	1
26.266885245901637	398	1
26.370983606557377	2518	1
26.3896174863388	6844	1
26.40743169398907	6544	1
26.413442622950818	8195	1
26.417540983606557	810	1
26.426994535519125	6138	1
26.449125683060107	3397	1
26.485136612021858	487	1
26.485355191256833	3472	1
26.500983606557377	9206	1
26.52693989071038	406	1
26.542185792349727	7241	1
26.544043715846993	2074	1
26.55103825136612	8996	1
26.602240437158468	7167	1
26.612295081967215	2636	1
26.61983606557377	2848	1
26.670655737704916	4788	1
26.689180327868854	4603	1
26.690054644808743	8656	1
26.702677595628412	7315	1
26.745573770491802	2722	0
26.756830601092897	5872	1
26.804535519125682	1293	1
26.822404371584696	8597	1
26.86934426229508	4627	1
26.88398907103825	4519	1
26.916338797814205	7342	1
26.920601092896174	6498	1
26.95207650273224	6291	1
26.97311475409836	1167	1
27.03928961748634	6285	1
27.06398907103825	7571	1
27.072131147540986	6550	1
27.07622950819672	5095	1
27.076830601092897	2694	1
27.089289617486337	8531	1
27.157213114754096	5303	1
27.199726775956282	2615	1
27.265573770491805	3284	1
27.317540983606555	3914	1
27.337322404371584	6198	1
27.340874316939892	2294	1
27.345792349726775	7222	1
27.352021857923496	9330	1
27.435956284153004	7587	1
27.453770491803276	8103	1
27.458524590163933	446	1
27.536994535519124	8271	1
27.564426229508197	915	1
27.573825136612022	4870	1
27.601912568306012	3058	1
27.69289617486339	3390	1
27.69306010928962	2889	1
27.720983606557375	2159	1
27.73540983606557	8870	1
27.773114754098362	6873	1
27.779562841530055	7512	1
27.819562841530054	6235	1
27.86453551912568	8853	1
27.919562841530055	8626	1
27.94103825136612	5794	1
27.96989071038251	2150	1
28.072295081967216	9940	1
28.160819672131147	928	1
28.174590163934425	6508	1
28.179180327868853	4194	1
28.2024043715847	1536	1
28.236994535519127	6300	1
28.280218579234973	4497	1
28.30945355191257	1311	1
28.330437158469945	4442	1
28.369071038251366	1355	1
28.378688524590164	2752	1
28.396448087431693	5082	1
28.432513661202186	3819	1
28.54185792349727	7764	1
28.54846994535519	1002	1
28.570491803278685	6617	1
28.601530054644808	757	1
28.60967213114754	8211	1
28.624918032786887	4621	1
28.737704918032787	6604	1
28.739726775956285	9042	1
28.753387978142076	8001	1
28.779562841530055	9551	1
28.801530054644807	8028	1
28.821857923497266	5246	1
28.89688524590164	2283	1
28.923333333333336	8930	1
28.956775956284154	4750	1
28.967978142076504	4594	1
28.97213114754098	8314	1
29.017868852459017	7530	1
29.05344262295082	4815	1
29.10950819672131	7387	1
29.126174863387977	6662	0
29.130601092896175	1136	1
29.14049180327869	8793	1
29.14863387978142	586	1
29.15655737704918	7537	1
29.19360655737705	2948	1
29.196229508196723	6751	1
29.216010928961747	7071	1
29.21622950819672	4152	1
29.230819672131148	5026	1
29.244043715846992	5425	1
29.26945355191257	7282	1
29.270819672131147	5685	1
29.270874316939892	132	1
29.377322404371586	7238	1
29.38398907103825	3778	1
29.387486338797814	5782	1
29.387704918032785	4774	1
29.473224043715845	7253	1
29.506994535519123	2757	1
29.518633879781422	602	0
29.57191256830601	4885	1
29.573114754098363	2362	1
29.578852459016392	7721	1
29.603224043715844	5246	0
29.61256830601093	9421	1
29.619234972677596	8584	1
29.643005464480876	5673	1
29.65622950819672	6531	1
29.686830601092893	6024	1
29.70540983606557	7992	1
29.8044262295082	5766	1
29.80726775956284	7928	1
29.812568306010927	4996	1
29.81601092896175	2112	1
29.851147540983604	7298	1
30.000874316939893	1684	1
30.00502732240437	2323	1
30.051311475409836	2666	1
30.10142076502732	7897	1
30.147377049180328	5229	1
30.15677595628415	8367	1
30.160928961748635	8731	1
30.20415300546448	7927	1
30.228743169398907	6574	1
30.34103825136612	9763	1
30.344371584699456	7981	1
30.35256830601093	6679	1
30.40879781420765	8326	1
30.413497267759563	8845	1
30.46311475409836	9828	1
30.476284153005462	9936	1
30.496557377049182	9764	1
30.508852459016392	8794	1
30.51174863387978	8196	1
30.568579234972674	8150	1
30.58655737704918	3824	1
30.68896174863388	578	1
30.69344262295082	6353	1
30.72360655737705	2794	1
30.779289617486338	8624	1
30.79983606557377	8433	1
30.8075956284153	2282	1
30.81453551912568	6633	1
30.8251912568306	3861	1
30.8524043715847	6738	1
30.85366120218579	750	1
30.87071038251366	4976	1
30.91262295081967	299	1
30.91775956284153	7061	1
30.918306010928962	5156	1
30.969071038251364	7508	1
30.98743169398907	1780	1
31.04136612021858	4406	1
31.096994535519126	9423	1
31.0975956284153	6837	1
31.10666666666667	3052	1
31.130546448087433	5066	1
31.167540983606557	4009	1
31.174316939890712	992	1
31.246338797814204	9684	1
31.257704918032786	3873	1
31.27349726775956	9926	1
31.284754098360654	9234	1
31.36743169398907	2048	1
31.392185792349725	6563	1
31.39360655737705	3305	1
31.487540983606557	8509	1
31.534262295081966	7087	1
31.557704918032787	5667	1
31.56655737704918	1832	1
31.579781420765027	600	1
31.63120218579235	5875	1
31.637978142076502	9822	1
31.664371584699452	5519	1
31.685792349726775	5507	1
31.700655737704917	4402	1
31.709836065573768	9870	1
31.72502732240437	3748	1
31.783387978142077	8993	1
31.83666666666667	1793	1
31.84071038251366	3164	1
31.90136612021858	7413	1
31.90573770491803	3524	1
31.926065573770494	9907	1
31.951803278688523	1960	1
31.951912568306014	7889	1
32.006612021857926	8164	1
32.01765027322404	6110	1
32.03524590163934	2018	1
32.08	6732	1
32.15497267759563	9058	1
32.213497267759564	5951	1
32.23010928961749	452	1
32.24131147540984	2113	1
32.24284153005464	8842	1
32.254371584699456	2608	1
32.2748087431694	1652	1
32.33021857923497	1941	1
32.37169398907104	3697	1
32.40825136612022	6624	1
32.42071038251366	2692	1
32.43890710382514	4835	1
32.44612021857924	9146	1
32.446666666666665	1017	1
32.464043715847	2147	1
32.47174863387978	3230	1
32.48655737704918	1805	1
32.492786885245906	4656	1
32.498633879781416	3287	1
32.51601092896175	3671	1
32.520765027322405	8565	1
32.53743169398907	4217	1
32.53819672131147	9862	1
32.62327868852459	4681	1
32.63994535519126	8522	1
32.64065573770492	829	1
32.65830601092896	5895	1
32.709781420765026	3420	1
32.74333333333333	2632	1
32.766666666666666	3542	1
32.778633879781424	2208	1
32.79907103825136	1697	1
32.80469945355191	6271	1
32.85098360655738	6538	1
32.87459016393443	2246	1
32.93453551912568	8992	1
32.98415300546448	6120	1
33.00530054644809	3930	1
33.02054644808743	7791	1
33.03890710382514	8293	1
33.13027322404371	7398	1
33.15765027322404	2861	1
33.19601092896175	7135	1
33.280928961748636	9865	1
33.30732240437158	6217	1
33.39218579234973	2188	1
33.41530054644809	6295	1
33.432732240437154	130	1
33.45606557377049	9524	1
33.54896174863388	7832	1
33.58601092896175	7728	1
33.635737704918036	8873	1
33.68196721311475	9284	1
33.70344262295082	1393	1
33.72032786885246	111	1
33.76765027322404	3331	1
33.80087431693989	8880	1
33.81765027322404	7852	1
33.85005464480874	3262	1
33.86459016393442	2868	1
33.89043715846994	8882	1
33.906612021857924	4203	1
33.90677595628415	8505	1
33.922349726775956	9698	1
33.961311475409836	6257	1
33.9703825136612	1077	1
33.9827868852459	4791	1
34.00928961748634	6756	1
34.03060109289617	4270	1
34.08415300546448	1758	0
34.11950819672131	9546	1
34.124098360655736	9325	1
34.131530054644806	7965	1
34.204918032786885	8954	1
34.21295081967213	2735	1
34.215081967213116	4343	1
34.222896174863386	8710	1
34.24497267759563	1272	1
34.24890710382513	9685	1
34.278633879781424	8641	1
34.2811475409836	8046	1
34.291693989071035	6846	1
34.296885245901635	3702	1
34.30196721311475	2373	1
34.307868852459016	6296	1
34.345191256830596	3270	1
34.352349726775955	1901	1
34.36147540983607	1347	1
34.37983606557377	1853	1
34.383387978142075	8567	1
34.3975956284153	4050	1
34.39857923497268	7280	1
34.43666666666666	3687	1
34.44311475409836	1328	1
34.47174863387978	315	1
34.47792349726776	1663	1
34.568360655737706	3698	1
34.6303825136612	4819	1
34.65491803278689	5725	1
34.687650273224044	3912	1
34.69967213114754	2643	1
34.73606557377049	6232	1
34.75398907103825	2906	1
34.798743169398904	4320	1
34.80295081967213	9758	1
34.91021857923497	7174	1
34.94885245901639	1633	1
34.954426229508194	4118	1
34.9848087431694	6528	1
35.107650273224046	4295	1
35.147978142076504	7095	1
35.15830601092896	9154	1
35.26081967213114	2284	1
35.29054644808743	4250	1
35.29874316939891	7500	1
35.35142076502732	2679	1
35.366612021857925	3557	1
35.43950819672131	8485	1
35.45065573770491	8075	1
35.463879781420765	234	1
35.47125683060109	3900	1
35.489344262295084	8965	1
35.511475409836066	1123	1
35.667868852459016	7356	1
35.70502732240437	5886	1
35.75311475409836	3180	1
35.793497267759555	159	1
35.79754098360655	2928	1
35.81945355191257	9157	1
35.89502732240437	9184	1
35.917923497267765	8355	1
35.926830601092895	9607	1
35.95710382513661	2741	1
35.95770491803279	6549	1
35.97978142076503	4099	1
35.99999999999999	4264	1
36.0503825136612	567	1
36.137486338797814	9016	0
36.16830601092896	7367	1
36.189453551912564	6442	1
36.198907103825135	722	1
36.2192349726776	7749	1
36.26737704918033	6182	1
36.26825136612022	6790	1
36.269945355191254	6722	1
36.28366120218579	2170	1
36.31934426229508	5503	1
36.35109289617486	857	1
36.38273224043716	8304	1
36.388360655737706	2792	1
36.419726775956285	4803	1
36.43486338797814	917	1
36.46573770491803	5914	1
36.53890710382514	726	1
36.569836065573774	8281	1
36.62185792349727	201	1
36.62327868852459	3453	1
36.662677595628416	5659	1
36.66677595628415	2984	1
36.67863387978142	1548	1
36.68224043715846	8108	1
36.69196721311476	7349	1
36.724262295081964	9840	1
36.74934426229508	272	1
36.76639344262295	3317	1
36.792950819672136	1227	1
36.80601092896175	5711	1
36.80666666666667	4310	1
36.83453551912568	7644	1
36.83754098360656	2842	1
36.856830601092895	4277	1
36.92666666666667	4760	1
36.95049180327869	8547	1
36.961639344262295	3742	1
36.971748633879784	6932	1
36.98224043715847	725	1
37.00672131147541	7274	1
37.043934426229505	976	1
37.09136612021858	4745	1
37.18852459016394	293	1
37.18918032786885	148	1
37.21469945355191	7003	1
37.21814207650273	949	1
37.23890710382514	1683	1
37.258360655737704	4993	1
37.277759562841524	7724	1
37.292841530054645	7813	1
37.30322404371585	5920	1
37.348633879781424	8298	1
37.35338797814208	1148	1
37.39874316939891	4793	1
37.43355191256831	492	1
37.44726775956284	1695	1
37.45983606557377	1949	1
37.46109289617486	2566	1
37.47311475409836	6275	1
37.474371584699455	6358	1
37.47672131147541	4081	1
37.52770491803279	648	1
37.527868852459015	7417	1
37.56174863387978	8878	1
37.56841530054645	5085	1
37.585136612021856	2812	1
37.58683060109289	8604	1
37.62573770491803	4235	1
37.62912568306011	3848	1
37.67814207650273	4249	1
37.681311475409835	3196	1
37.694754098360654	6677	1
37.73530054644809	9609	1
37.74672131147541	7846	1
37.75005464480874	5092	1
37.78322404371585	3146	1
37.81098360655737	2570	1
37.818688524590165	6875	1
37.823442622950814	298	1
37.956338797814205	4065	1
37.956448087431696	3713	1
37.97901639344262	1785	1
37.98010928961749	9716	1
37.98043715846995	5509	1
37.987868852459016	8305	1
38.04125683060109	9818	1
38.04524590163934	7117	1
38.067978142076505	9951	1
38.080655737704916	8997	1
38.12054644808743	5720	1
38.13349726775956	4281	1
38.135628415300545	9502	1
38.147322404371586	4199	1
38.18732240437158	5052	1
38.18918032786885	8537	1
38.21830601092896	7529	1
38.21879781420765	1253	1
38.227814207650276	6052	1
38.238469945355185	5862	1
38.25300546448087	201	0
38.27617486338797	4428	1
38.302568306010926	2051	1
38.32781420765028	1051	1
38.34021857923498	7122	1
38.35535519125683	7643	1
38.396612021857926	6836	1
38.40071038251366	7143	1
38.40420765027322	4198	1
38.44311475409836	9087	1
38.4520218579235	5580	1
38.47923497267759	6939	1
38.493114754098364	4051	1
38.494098360655734	3971	1
38.510983606557375	1251	1
38.51535519125683	5198	1
38.534316939890715	1205	1
38.53535519125683	8425	1
38.536502732240436	5322	1
38.628579234972676	2705	1
38.67218579234973	2329	1
38.681256830601086	7857	1
38.683114754098355	2553	1
38.72573770491803	8971	1
38.736065573770496	356	1
38.77743169398907	4716	1
38.85289617486339	2695	1
38.86573770491803	1361	1
38.88426229508197	6682	1
38.91579234972677	8415	1
38.91989071038252	8911	1
38.93743169398907	9740	1
38.93972677595628	6668	1
38.94284153005465	172	1
38.97262295081968	6213	1
39.011748633879776	227	1
39.012896174863386	7157	1
39.027978142076506	1574	1
39.103114754098364	8573	1
39.10781420765027	2496	1
39.11191256830601	7598	1
39.13382513661202	968	1
39.16775956284153	2309	1
39.16808743169398	6890	1
39.19606557377049	8555	1
39.20158469945355	280	1
39.245737704918035	8438	1
39.27590163934426	9306	1
39.31344262295082	6807	1
39.317267759562846	9135	1
39.34251366120218	1349	1
39.3627868852459	6387	1
39.46551912568306	8744	1
39.49300546448087	4770	1
39.526448087431696	7114	1
39.52792349726776	8779	1
39.53218579234973	6179	1
39.560054644808744	4296	1
39.59169398907104	4903	1
39.63830601092896	3134	1
39.6596174863388	3773	1
39.681311475409835	9123	1
39.68775956284153	9819	1
39.70224043715847	4670	1
39.722021857923494	8616	0
39.72486338797814	7942	1
39.72530054644809	1202	1
39.72579234972678	9144	1
39.72655737704918	6957	1
39.73469945355191	5965	1
39.76224043715847	5146	1
39.76420765027322	6908	1
39.769726775956286	7755	1
39.79005464480874	4073	1
39.82513661202186	1759	1
39.8255737704918	1771	1
39.83016393442623	9316	1
39.830601092896174	5423	1
39.83639344262295	4236	1
39.836885245901634	7427	1
39.89218579234973	1956	1
39.89295081967213	2157	1
39.931748633879785	9390	1
39.96710382513661	505	1
39.99016393442623	5614	1
40.06158469945355	8050	1
40.06333333333333	9075	1
40.083224043715845	3853	1
40.113989071038255	8122	1
40.13060109289618	8833	1
40.137486338797814	9708	1
40.19081967213114	6787	1
40.203387978142075	1576	1
40.21065573770492	7144	1
40.24819672131147	7931	1
40.33295081967213	223	1
40.339562841530054	6678	1
40.37043715846994	9657	1
40.37448087431694	2851	1
40.430218579234975	7898	1
40.43087431693989	3207	1
40.4368306010929	7330	1
40.440710382513664	2896	1
40.494918032786885	30	1
40.51639344262295	5607	1
40.53027322404371	5203	1
40.60393442622951	50	1
40.604262295081966	3377	1
40.62049180327869	2528	1
40.6235519125683	736	1
40.63934426229508	389	1
40.64622950819672	1711	1
40.65601092896174	9118	1
40.66825136612022	5186	1
40.68196721311475	3138	1
40.69338797814208	8532	1
40.71606557377049	5255	1
40.73748633879781	4417	1
40.73792349726776	4288	1
40.78879781420765	6342	1
40.791420765027326	1970	1
40.804754098360654	9201	1
40.84426229508197	8149	1
40.85617486338798	4754	1
40.869180327868854	6054	1
40.8775956284153	9692	1
40.89120218579235	2955	1
40.92213114754098	8395	1
40.923114754098364	1708	1
40.93628415300547	4866	1
40.956065573770495	4654	1
40.970874316939884	650	1
40.97524590163935	7455	1
40.984535519125686	6491	1
40.99934426229508	5205	1
41.006502732240435	4130	1
41.03311475409836	6903	1
41.040601092896175	7099	1
41.0736612021858	5525	1
41.10846994535519	7126	1
41.1224043715847	9900	1
41.125901639344264	9806	1
41.172076502732246	9597	1
41.18846994535519	6921	1
41.2055737704918	5691	1
41.22081967213115	4779	1
41.22349726775956	3007	1
41.23989071038251	4462	1
41.27278688524591	6797	1
41.28590163934426	9855	1
41.30306010928962	6063	1
41.392349726775954	5718	1
41.40377049180328	6905	1
41.42218579234972	4949	1
41.43568306010929	6980	1
41.45448087431694	2937	1
41.526338797814205	2352	1
41.55994535519126	3330	1
41.57710382513661	9298	1
41.587431693989075	3049	1
41.58950819672131	6878	1
41.6027868852459	117	1
41.687322404371585	377	1
41.690655737704915	9669	1
41.69344262295082	8832	1
41.70426229508197	6210	1
41.71628415300546	4322	1
41.72672131147541	3696	1
41.77081967213115	3813	1
41.80393442622951	4115	1
41.81710382513661	3958	1
41.822021857923495	6091	1
41.82295081967214	7728	0
41.83606557377049	7340	1
41.83726775956284	3917	1
41.866939890710384	8063	1
41.87420765027322	1478	1
41.891311475409836	4615	1
41.942513661202184	689	1
41.94754098360656	660	1
41.950437158469946	7547	1
41.96901639344262	9449	1
41.97606557377049	3154	1
42.02355191256831	7426	1
42.02704918032787	2021	1
42.05426229508196	7679	1
42.06021857923497	1829	1
42.071311475409836	9019	1
42.07322404371585	3982	1
42.09584699453552	913	1
42.12120218579235	5059	1
42.12885245901639	9853	1
42.13098360655737	3739	1
42.14546448087432	4035	1
42.16655737704918	572	1
42.23918032786885	4606	1
42.258360655737704	6240	1
42.27234972677595	4348	1
42.30754098360656	960	1
42.31584699453552	2517	1
42.31693989071038	6324	1
42.32693989071038	3966	1
42.33524590163935	3603	1
42.36551912568306	1064	1
42.40382513661202	3663	1
42.405136612021856	4748	1
42.451912568306014	8248	1
42.50398907103825	2800	1
42.52016393442623	6769	1
42.560546448087436	7820	1
42.56622950819672	7120	1
42.61748633879782	5402	1
42.65928961748634	8152	1
42.66661202185792	7576	1
42.712404371584704	6141	1
42.713879781420765	8487	1
42.71513661202185	1891	1
42.72	7709	1
42.787923497267755	634	1
42.799945355191255	767	1
42.8127868852459	6087	1
42.83382513661202	853	1
42.86486338797815	5234	1
42.88136612021858	3732	1
42.90863387978142	8735	1
42.92622950819672	7937	1
42.92994535519126	4494	1
42.94054644808743	5415	1
42.9448087431694	2483	1
42.97524590163934	5863	1
42.97928961748634	8445	1
43.00120218579235	441	1
43.055628415300546	107	1
43.06896174863388	7793	1
43.089289617486344	9134	1
43.092677595628416	7316	1
43.11726775956284	8361	1
43.13398907103825	1810	1
43.15081967213114	1079	1
43.157322404371584	6053	1
43.17628415300546	1290	1
43.26131147540983	2015	1
43.285300546448084	7249	1
43.28672131147541	6367	1
43.29196721311475	7917	1
43.3092349726776	3786	1
43.313005464480874	4	1
43.35699453551913	5122	1
43.3620218579235	6086	1
43.37180327868852	1728	1
43.372896174863385	9375	1
43.376557377049174	1187	1
43.37688524590164	144	1
43.3844262295082	6820	1
43.389781420765026	8704	1
43.40306010928962	3691	1
43.40934426229508	6265	1
43.41688524590164	5880	1
43.42284153005465	12	1
43.42327868852459	1459	1
43.43622950819672	6326	1
43.45934426229508	4224	1
43.46344262295082	8629	1
43.478852459016395	4222	1
43.49087431693989	3061	1
43.49803278688525	7774	1
43.511475409836066	3351	1
43.514153005464486	7067	1
43.5148087431694	4175	1
43.544316939890706	6438	1
43.56841530054645	35	1
43.57360655737705	8465	1
43.57573770491803	8917	1
43.59295081967213	8773	1
43.59551912568306	925	1
43.60502732240437	8711	1
43.624043715846994	3496	1
43.63502732240437	3799	1
43.644699453551915	163	1
43.68125683060109	3464	1
43.69005464480875	4207	1
43.71251366120219	575	1
43.72109289617486	6166	1
43.74322404371585	473	1
43.74366120218579	8914	1
43.743825136612024	3376	1
43.75595628415301	8112	1
43.79825136612021	6079	1
43.802622950819675	6629	1
43.81540983606557	6715	1
43.82092896174863	5541	1
43.82409836065573	5953	1
43.82622950819672	3868	1
43.827759562841536	1189	1
43.831420765027325	6876	1
43.846229508196714	8327	1
43.846338797814205	5712	1
43.85387978142076	7265	1
43.85857923497268	4908	1
43.893060109289614	3630	1
43.89945355191257	3931	1
43.90644808743169	3615	1
43.90901639344262	9944	1
43.90950819672131	5855	1
43.918688524590166	9249	1
43.91896174863388	8598	1
43.927650273224046	9186	1
43.939890710382514	1174	1
43.953497267759566	9107	1
43.957868852459015	9265	1
43.96437158469946	1198	1
43.96584699453552	6478	1
43.9696174863388	823	1
43.975464480874315	7897	0
43.97748633879782	514	1
43.98524590163934	4958	1
44.01601092896175	5671	1
44.026666666666664	9417	1
44.02732240437159	15	1
44.034535519125676	6175	1
44.03601092896175	2774	1
44.059836065573776	3756	1
44.06562841530055	8369	1
44.090382513661204	8238	1
44.09344262295082	4884	1
44.0948087431694	3224	1
44.09765027322404	4944	1
44.16191256830601	7725	1
44.17535519125683	9220	1
44.19114754098361	8648	1
44.192513661202184	9229	1
44.199344262295085	4059	1
44.20852459016393	9829	1
44.216120218579235	7970	1
44.22191256830601	6320	1
44.247923497267756	4605	1
44.255792349726775	8484	1
44.26901639344262	1694	1
44.27251366120218	1482	1
44.278251366120216	8720	1
44.30644808743169	9407	1
44.324644808743166	9725	1
44.33513661202186	2226	1
44.33573770491803	2427	1
44.354590163934425	5757	1
44.38535519125683	7694	1
44.386393442622946	350	1
44.39295081967213	9588	1
44.417158469945356	6456	1
44.45459016393443	665	1
44.45890710382513	9064	1
44.464207650273224	1953	1
44.469781420765024	6889	1
44.471748633879784	4371	1
44.482295081967216	54	1
44.49071038251366	6555	1
44.510983606557375	5267	1
44.541803278688526	8073	1
44.56098360655737	2300	1
44.56486338797814	531	1
44.57071038251366	9864	1
44.57628415300546	4404	1
44.58125683060109	6653	1
44.5824043715847	6828	1
44.58300546448088	6030	1
44.583606557377045	7596	1
44.5972131147541	1816	0
44.62338797814208	8336	1
44.64147540983606	783	1
44.65655737704918	3851	1
44.65896174863388	9830	1
44.662677595628416	7479	1
44.664098360655736	9078	1
44.683825136612015	7865	1
44.70158469945355	6061	1
44.72054644808743	2151	1
44.74469945355192	5730	1
44.76743169398907	8862	1
44.76819672131147	3266	1
44.77513661202185	7880	1
44.779344262295076	6392	1
44.782732240437156	7185	1
44.791311475409834	1961	1
44.796174863387975	5930	1
44.80426229508197	5675	1
44.80437158469945	3477	1
44.81366120218579	153	1
44.81967213114754	4546	1
44.83349726775956	1385	1
44.83945355191256	1042	1
44.841967213114756	197	1
44.898743169398905	1783	1
44.90043715846994	1112	1
44.90502732240437	3559	1
44.925683060109286	4688	1
44.94956284153005	4104	1
44.9603825136612	5609	1
44.98360655737705	4008	1
45.01939890710383	4752	1
45.04896174863388	9943	1
45.1044262295082	8383	1
45.1051912568306	7637	1
45.116174863387975	88	1
45.135300546448086	5977	1
45.16765027322404	2261	1
45.17513661202185	5754	1
45.17825136612022	4639	1
45.199999999999996	6448	1
45.20087431693989	2085	1
45.20672131147541	6834	1
45.207103825136606	851	1
45.21213114754098	3382	1
45.214043715847	7558	1
45.237814207650274	9429	1
45.246338797814204	4172	1
45.26693989071038	8273	1
45.27360655737705	7515	1
45.27568306010929	9196	1
45.28464480874317	8133	1
45.290601092896175	5256	1
45.300054644808746	5484	1
45.32546448087432	3348	1
45.34978142076503	4659	1
45.36360655737705	7984	1
45.372513661202184	2490	1
45.379617486338795	7141	1
45.38256830601093	1584	1
45.38469945355191	5516	1
45.38661202185793	790	1
45.39	9761	1
45.390109289617484	5114	1
45.442185792349726	8951	1
45.44349726775956	4090	1
45.44786885245902	8259	1
45.45781420765027	1423	1
45.45890710382513	4482	1
45.46398907103825	3808	1
45.488196721311475	7197	1
45.4920218579235	3375	1
45.52125683060109	4513	1
45.54426229508197	6580	1
45.57103825136612	965	1
45.57808743169399	4431	1
45.59918032786886	7215	1
45.599398907103826	4141	1
45.60174863387978	5694	1
45.60688524590164	4452	1
45.607158469945354	2824	1
45.63131147540984	9789	1
45.63633879781421	6796	1
45.63737704918033	7954	1
45.654426229508196	235	1
45.67245901639345	5998	1
45.67327868852459	1099	1
45.67617486338798	4304	1
45.70857923497268	11	1
45.71546448087432	8188	1
45.7403825136612	3937	1
45.76398907103825	5719	1
45.773770491803276	3152	1
45.7755737704918	883	1
45.780874316939894	2993	1
45.78814207650273	8694	1
45.79	7429	1
45.81016393442623	2403	1
45.81513661202186	1905	1
45.82273224043716	2489	1
45.85060109289617	4547	1
45.85437158469946	7911	1
45.8548087431694	1110	1
45.86	5846	1
45.88765027322405	7554	1
45.90486338797814	8746	1
45.91158469945355	4707	1
45.92382513661202	3475	1
45.936502732240434	3324	1
45.960874316939886	3965	1
45.97207650273224	8405	1
45.97644808743169	7673	1
45.98322404371584	9670	1
46.00819672131148	6243	1
46.01426229508197	5194	1
46.0220218579235	5982	1
46.030874316939894	7023	1
46.04005464480874	5608	1
46.057377049180324	661	1
46.06333333333334	8799	1
46.07366120218579	8902	1
46.11890710382514	5354	1
46.12344262295082	5142	1
46.146502732240435	6954	1
46.151311475409834	6762	1
46.165245901639345	7907	1
46.17590163934426	2069	1
46.20311475409836	1429	1
46.249016393442616	8391	1
46.26016393442623	7732	1
46.26502732240437	2340	1
46.2783606557377	1444	1
46.28360655737705	4988	1
46.29622950819672	1772	1
46.3007650273224	2452	1
46.30491803278688	6517	1
46.3188524590164	9021	1
46.33229508196722	2465	1
46.33573770491804	5043	1
46.35584699453552	4730	1
46.37306010928962	1722	1
46.37387978142076	2499	1
46.415245901639345	9902	1
46.41874316939891	7647	1
46.42284153005464	326	1
46.42426229508197	3762	1
46.46382513661202	349	1
46.47005464480874	5816	1
46.501202185792344	4767	1
46.50360655737705	8706	1
46.51010928961748	9378	1
46.5131693989071	3310	1
46.522568306010925	2961	1
46.54830601092896	2047	1
46.578415300546446	5577	1
46.609180327868856	2102	1
46.615519125683065	1302	1
46.624754098360654	2769	1
46.63109289617486	7170	1
46.634098360655734	5819	1
46.68633879781421	7343	1
46.69502732240437	5439	1
46.69715846994535	3444	1
46.708633879781424	3466	1
46.7168306010929	45	1
46.72371584699453	8043	1
46.725027322404365	2100	1
46.74655737704918	3073	1
46.8072131147541	1384	1
46.809672131147536	9966	1
46.81590163934426	7641	1
46.81956284153006	9937	1
46.83098360655738	5752	1
46.85382513661202	7881	1
46.85409836065573	5221	1
46.926939890710386	373	1
46.93016393442623	1586	1
46.936229508196725	3364	1
46.957595628415305	3457	1
46.973333333333336	4719	1
46.98989071038251	8691	1
47.01978142076503	1259	1
47.04431693989071	6862	1
47.046557377049176	7987	1
47.05792349726776	5591	1
47.06398907103825	2073	1
47.06409836065574	6346	1
47.07420765027322	9354	1
47.075409836065575	777	1
47.082513661202185	5737	1
47.08579234972677	1179	1
47.1103825136612	9357	1
47.13551912568306	771	1
47.13650273224044	8182	1
47.1455737704918	1101	1
47.19049180327868	8953	1
47.19825136612022	2071	1
47.20005464480874	657	1
47.20956284153005	6881	1
47.21098360655738	2672	1
47.232295081967216	3070	1
47.23311475409836	5836	1
47.23453551912568	6728	1
47.260655737704916	7228	1
47.264754098360655	5355	1
47.2768306010929	896	1
47.29448087431694	9301	1
47.301038251366116	5781	1
47.30136612021858	5807	1
47.30956284153005	8039	1
47.314918032786885	9068	1
47.3231693989071	3609	1
47.34087431693989	735	1
47.350054644808736	732	1
47.357650273224046	762	1
47.37666666666667	8681	1
47.38284153005464	9038	1
47.40338797814208	576	1
47.407759562841534	8616	1
47.420928961748636	8353	1
47.4420218579235	8358	1
47.446284153005465	6422	1
47.45191256830601	8543	1
47.45508196721311	5380	1
47.45803278688525	9286	1
47.46327868852459	2400	1
47.47978142076503	1991	1
47.48420765027323	7103	1
47.49021857923497	2034	1
47.49732240437159	4810	1
47.49775956284153	6289	1
47.52655737704918	6268	1
47.53535519125683	5799	1
47.55360655737705	9084	1
47.56245901639344	2808	1
47.5639344262295	5787	1
47.579180327868855	9438	1
47.580983606557375	7480	1
47.61901639344263	3255	1
47.645956284153	3883	1
47.649562841530056	5420	1
47.65065573770492	147	1
47.656557377049175	9811	1
47.66672131147541	4562	1
47.67442622950819	9986	1
47.70551912568306	611	1
47.727704918032785	5263	1
47.731584699453556	6733	1
47.74273224043716	6955	1
47.78508196721312	5384	1
47.7896174863388	683	1
47.79442622950819	879	1
47.79677595628415	2156	1
47.799562841530054	5123	1
47.813825136612024	6128	1
47.833333333333336	1015	1
47.87125683060109	5805	1
47.87349726775957	8311	1
47.87786885245902	5974	1
47.90125683060109	8260	1
47.92622950819673	8012	1
47.931639344262294	1243	1
47.93196721311475	7603	1
47.940765027322406	4346	1
47.96065573770492	4342	1
47.9748087431694	4167	1
47.97715846994536	3838	1
47.991584699453554	9915	1
47.99748633879781	5616	1
48.0296174863388	3153	1
48.03469945355191	8662	1
48.03617486338798	9101	1
48.03704918032786	4247	1
48.05	8762	1
48.061256830601096	8232	1
48.061857923497264	7020	1
48.07409836065574	5636	1
48.07896174863387	9592	1
48.0935519125683	6209	1
48.09841530054645	4832	1
48.09907103825137	2855	1
48.11387978142076	6250	1
48.118142076502735	4577	1
48.1203825136612	6850	1
48.1248087431694	3751	1
48.12814207650273	598	1
48.129617486338795	6610	1
48.14573770491803	5633	1
48.147595628415296	5726	1
48.147650273224045	9786	1
48.153989071038254	8019	1
48.1579781420765	3290	1
48.16060109289617	9057	1
48.169344262295084	9679	1
48.18016393442623	9798	1
48.20655737704918	8811	1
48.213169398907105	4986	1
48.21967213114754	8317	1
48.222513661202186	1841	1
48.2303825136612	4351	1
48.233278688524585	5136	1
48.24333333333333	1037	1
48.251311475409835	7628	1
48.25158469945355	9695	1
48.2544262295082	8139	1
48.26584699453552	6255	1
48.28524590163934	9807	1
48.302076502732234	772	1
48.31404371584699	5338	1
48.314480874316935	7260	1
48.35262295081967	5578	1
48.35344262295082	9427	1
48.36409836065573	410	1
48.36513661202186	7745	1
48.39453551912568	1013	1
48.39568306010929	700	1
48.40726775956284	164	1
48.407322404371584	2105	1
48.41710382513661	1921	1
48.43786885245902	7904	1
48.44573770491803	365	1
48.44606557377049	7600	1
48.44786885245902	6045	1
48.49169398907103	5899	1
48.51639344262295	2273	1
48.52169398907104	6940	1
48.528251366120216	9076	1
48.54065573770492	7854	1
48.553005464480876	1176	1
48.559344262295085	3785	1
48.56005464480874	6816	1
48.563879781420766	9930	1
48.57524590163935	6809	1
48.5779781420765	3631	1
48.57901639344262	6754	1
48.58256830601093	7159	1
48.59852459016393	3500	1
48.61409836065573	180	1
48.63431693989071	340	1
48.648743169398905	1883	1
48.6587431693989	6607	1
48.66092896174864	8826	1
48.66754098360656	1608	1
48.67147540983607	9699	1
48.680928961748634	3438	1
48.68704918032787	2243	1
48.68945355191257	6072	1
48.69901639344262	2237	1
48.700819672131146	8180	1
48.701256830601096	3050	1
48.70770491803278	8284	1
48.720874316939884	2834	1
48.72672131147541	1846	1
48.728087431693986	1572	1
48.73814207650273	7503	1
48.74792349726776	6635	1
48.748633879781416	2972	1
48.75185792349727	33	1
48.7527868852459	9623	1
48.75792349726776	3525	1
48.8024043715847	7570	1
48.8324043715847	5166	1
48.83393442622951	188	1
48.83426229508196	878	1
48.85185792349727	8178	1
48.85617486338798	5941	1
48.88546448087431	3643	1
48.90191256830601	3686	1
48.91338797814207	7702	1
48.9151912568306	8436	1
48.91874316939891	3025	1
48.929071038251365	3828	1
48.93857923497268	1089	1
48.95459016393443	297	1
48.960109289617485	3437	1
48.96885245901639	9759	1
49.01092896174864	3946	1
49.02278688524591	5818	1
49.02333333333333	1194	1
49.04814207650273	5602	1
49.06005464480874	5873	1
49.07267759562841	4502	1
49.08928961748634	8804	1
49.1179781420765	2265	1
49.12338797814208	3995	1
49.13180327868852	294	1
49.1407650273224	9529	1
49.15677595628416	3872	1
49.162950819672126	536	1
49.198142076502734	9553	1
49.20404371584699	3513	1
49.22765027322404	7799	1
49.231912568306015	7140	1
49.240437158469945	4389	1
49.24065573770491	6433	1
49.24311475409836	8671	1
49.243169398907106	3469	1
49.243442622950816	785	1
49.30158469945355	2176	1
49.328032786885245	579	1
49.336666666666666	3811	1
49.342295081967215	1622	1
49.34459016393442	2338	1
49.34726775956284	497	1
49.34781420765027	1332	1
49.35590163934426	2286	1
49.366612021857925	5843	1
49.38743169398907	4062	1
49.3888524590164	1557	1
49.38994535519125	2709	1
49.41262295081967	5986	1
49.437213114754094	5648	1
49.43786885245902	2726	1
49.44562841530055	669	1
49.46486338797814	6611	1
49.46699453551912	2277	1
49.48934426229508	2014	1
49.51163934426229	8653	1
49.53098360655738	9393	1
49.53584699453552	8714	1
49.53775956284153	5204	1
49.58125683060109	3659	1
49.60775956284152	4974	1
49.63502732240437	3859	1
49.6631693989071	2502	1
49.67551912568306	9413	1
49.67628415300547	776	1
49.68016393442623	2173	1
49.682841530054645	9280	1
49.689562841530055	8584	0
49.702185792349724	5178	1
49.719836065573766	8126	1
49.722513661202186	7060	1
49.724699453551914	962	1
49.73612021857924	250	1
49.7403825136612	6197	1
49.741202185792346	5461	1
49.76196721311476	155	1
49.768907103825136	3029	1
49.77420765027322	2885	1
49.78300546448087	2886	1
49.79420765027322	7808	1
49.79606557377049	7830	1
49.836939890710376	1645	1
49.84628415300546	7439	1
49.875683060109296	3318	1
49.8848087431694	9126	1
49.89109289617486	7548	1
49.90185792349727	7669	1
49.943278688524586	4587	1
49.94497267759563	2700	1
49.9955737704918	4736	1
50.03415300546448	3136	1
50.03819672131147	9600	1
50.04065573770492	6650	1
50.05426229508196	8686	1
50.069071038251366	8824	1
50.08841530054645	4459	1
50.108688524590164	3884	1
50.115409836065574	1211	1
50.116994535519126	9531	1
50.12677595628415	4479	1
50.135683060109294	1553	1
50.15431693989071	5505	1
50.170109289617486	8928	1
50.17710382513661	9245	1
50.22497267759563	240	1
50.22857923497267	4742	1
50.230382513661205	9285	1
50.28284153005465	952	1
50.28437158469946	1297	1
50.29704918032787	8736	1
50.29792349726775	4335	1
50.30754098360656	372	1
50.35218579234973	7860	1
50.3724043715847	3342	1
50.37338797814208	5658	1
50.38311475409836	6901	1
50.392841530054646	4702	1
50.40098360655738	2098	1
50.42792349726776	7701	1
50.42841530054645	9339	1
50.42956284153005	1287	1
50.43120218579235	5242	1
50.44420765027323	9859	1
50.46584699453552	7589	1
50.470928961748626	7263	1
50.47338797814208	5733	1
50.48060109289617	1083	1
50.499836065573774	6094	1
50.53169398907104	3339	1
50.54262295081968	3764	1
50.54393442622951	6527	1
50.55131147540984	4537	1
50.561530054644805	9292	1
50.5824043715847	5401	1
50.59234972677596	4905	1
50.602349726775955	9293	1
50.61196721311476	3522	1
50.62229508196721	8167	1
50.648852459016396	9505	1
50.651311475409834	831	1
50.664808743169395	9419	1
50.685792349726775	6533	1
50.686174863387976	1473	1
50.695464480874314	9250	1
50.697759562841526	5427	1
50.70950819672131	5419	1
50.715027322404374	5821	1
50.72409836065573	7433	1
50.725464480874315	6539	1
50.736721311475414	7800	1
50.74021857923497	7980	1
50.75382513661202	830	1
50.757923497267754	9251	1
50.77540983606557	1995	1
50.777158469945356	7172	1
50.78584699453552	7959	1
50.79907103825136	281	1
50.8151912568306	3023	1
50.83415300546448	9035	1
50.839289617486344	8783	1
50.85453551912568	1518	1
50.85972677595628	5319	1
50.87710382513661	1296	1
50.885245901639344	7908	1
50.89923497267759	4125	1
50.91327868852459	9023	1
50.96841530054645	8215	1
51.01644808743169	1754	1
51.01868852459016	895	1
51.03032786885245	6857	1
51.0379781420765	7375	1
51.05726775956284	6511	1
51.06710382513661	9439	1
51.074644808743166	3647	1
51.08606557377049	490	1
51.09950819672131	4355	1
51.10224043715847	2832	1
51.11333333333334	5454	1
51.1372131147541	7816	1
51.150601092896174	4311	1
51.18978142076503	7738	1
51.19469945355191	5253	1
51.198087431693985	7780	1
51.204098360655735	8466	1
51.212240437158464	3220	1
51.243442622950816	4011	1
51.24568306010929	8829	1
51.271475409836064	9008	1
51.27464480874317	9160	1
51.27803278688525	3621	1
51.2796174863388	7573	1
51.287540983606554	394	1
51.309726775956285	5195	1
51.348251366120216	3383	1
51.3483606557377	5019	1
51.359398907103824	2471	1
51.362459016393444	8535	1
51.37879781420765	43	1
51.39300546448087	8912	1
51.393879781420765	9957	1
51.395409836065575	6519	1
51.40568306010929	603	1
51.411803278688524	4330	1
51.41950819672132	4822	1
51.42098360655738	2730	1
51.481092896174864	6494	1
51.49295081967213	6998	1
51.52967213114754	5275	1
51.56737704918033	7430	1
51.60901639344262	6391	1
51.634918032786885	926	1
51.63732240437159	852	1
51.65775956284153	6333	1
51.66579234972678	5424	1
51.670437158469944	5162	1
51.67098360655738	5779	1
51.68005464480875	6122	1
51.693661202185794	9800	1
51.69382513661202	4024	1
51.69431693989071	9464	1
51.7127868852459	5894	1
51.74508196721311	6400	1
51.76644808743169	5292	1
51.77934426229508	8823	0
51.809672131147536	8491	1
51.82808743169399	9495	1
51.830273224043715	1403	1
51.84502732240437	1544	1
51.86868852459016	4477	1
51.89934426229508	9555	1
51.91316939890711	799	1
51.922404371584705	8741	1
51.94770491803279	3801	1
51.95060109289618	2331	1
51.95737704918033	7593	1
51.964153005464475	9059	1
52.04311475409836	1280	1
52.04573770491803	9853	0
52.04639344262294	7580	1
52.08846994535519	1436	1
52.10819672131147	773	1
52.11109289617486	7885	1
52.1379781420765	3044	1
52.15650273224043	8944	1
52.16748633879781	2285	1
52.177978142076505	3126	1
52.19415300546448	8101	1
52.21573770491803	5678	1
52.275245901639344	436	1
52.28224043715847	2970	1
52.296502732240434	1505	1
52.314316939890716	1641	1
52.32562841530055	9561	1
52.33967213114754	5560	1
52.37338797814208	5056	1
52.37338797814208	5490	1
52.37683060109289	4373	1
52.3775956284153	6432	1
52.384590163934426	3996	1
52.386830601092896	646	1
52.41289617486339	7179	1
52.42169398907104	4414	1
52.42830601092896	7113	1
52.43540983606557	9724	1
52.43819672131148	4084	1
52.443934426229504	9349	1
52.47185792349727	5044	1
52.473278688524594	9548	1
52.493879781420766	4769	1
52.49743169398907	9696	1
52.507322404371585	8960	1
52.513989071038246	9072	1
52.51622950819672	6178	1
52.5268306010929	3028	1
52.52830601092896	2579	1
52.53344262295082	1108	1
52.540218579234974	4230	1
52.566010928961745	4150	1
52.57978142076503	8117	1
52.59322404371585	7975	1
52.61830601092896	6069	1
52.62868852459016	2398	1
52.634098360655734	4080	1
52.65054644808743	5905	1
52.65852459016393	9207	1
52.66530054644809	2280	1
52.680163934426226	1640	1
52.68087431693989	6532	1
52.694808743169396	2818	1
52.699234972677594	9141	1
52.72890710382513	6540	1
52.73382513661202	3292	1
52.73661202185792	6840	1
52.76934426229508	8934	1
52.781202185792345	6595	1
52.78300546448087	90	1
52.808087431693984	4982	1
52.81475409836065	5727	1
52.81819672131147	912	1
52.84251366120219	3768	1
52.85704918032787	7583	1
52.86382513661202	6766	1
52.88464480874317	9086	1
52.907704918032785	5595	1
52.9111475409836	5018	1
52.945901639344264	7456	1
52.97273224043716	921	1
52.9731693989071	7946	1
52.97896174863388	7257	1
53.01049180327869	8359	1
53.03180327868852	5220	1
53.045573770491806	848	1
53.11754098360656	5593	1
53.120655737704915	9552	1
53.17027322404372	1069	1
53.18218579234973	207	1
53.18535519125683	5923	1
53.18814207650273	277	1
53.21486338797814	1220	1
53.2444262295082	311	1
53.245628415300544	6659	1
53.25398907103825	5125	1
53.2768306010929	7229	1
53.27808743169399	9742	1
53.329453551912565	3825	1
53.35617486338798	6868	1
53.35950819672131	4426	1
53.36267759562841	2587	1
53.37049180327869	9547	1
53.372622950819675	5508	1
53.37497267759563	4507	1
53.39295081967213	543	1
53.425355191256834	9887	1
53.42956284153006	3110	1
53.441420765027324	745	1
53.443606557377045	5900	1
53.45278688524591	4067	1
53.45306010928962	1667	1
53.47	3983	1
53.49896174863388	1390	1
53.51950819672131	8652	1
53.52092896174863	7552	1
53.52169398907103	6177	1
53.523442622950824	9820	1
53.52366120218579	6525	1
53.53377049180328	102	1
53.59710382513661	7166	1
53.62633879781421	9477	1
53.628524590163934	4220	1
53.63349726775956	7029	1
53.635573770491796	8645	1
53.64693989071038	5222	1
53.65234972677596	9929	1
53.65590163934426	4344	1
53.668196721311475	9448	1
53.67551912568306	2635	1
53.678688524590164	3208	1
53.69202185792349	1609	1
53.7016393442623	192	1
53.709071038251366	5701	1
53.71699453551913	8600	1
53.7227868852459	7465	1
53.743770491803275	4938	1
53.7551912568306	3296	1
53.75830601092896	1265	1
53.77404371584699	3415	1
53.807049180327866	7024	1
53.80928961748634	5808	1
53.83650273224044	3642	1
53.87234972677596	5631	1
53.875191256830604	2808	0
53.936939890710384	9119	1
53.94065573770492	9520	1
53.98	4818	1
53.984153005464485	9576	1
53.986338797814206	3833	1
54.00672131147541	3830	1
54.05251366120219	4631	1
54.06808743169398	8121	1
54.07043715846995	8830	1
54.08049180327868	284	1
54.098579234972675	9092	1
54.10584699453552	8285	1
54.106502732240436	1454	1
54.10765027322404	7794	1
54.16491803278688	3617	1
54.16726775956284	7444	1
54.19683060109289	2605	1
54.23770491803278	6779	1
54.25043715846994	1551	1
54.25262295081967	3448	1
54.27131147540984	3579	1
54.27863387978142	8955	1
54.28005464480874	8413	1
54.28136612021858	3482	1
54.33098360655738	4931	1
54.33726775956284	864	1
54.35251366120219	8049	1
54.35748633879781	3161	1
54.378524590163934	5767	1
54.384918032786885	2349	1
54.394590163934424	6327	1
54.41322404371585	9476	1
54.41754098360656	4517	1
54.433551912568305	5605	1
54.50852459016393	7098	1
54.51530054644809	1602	1
54.5324043715847	2819	1
54.54306010928961	5189	1
54.5603825136612	9168	1
54.5827868852459	4341	1
54.59169398907104	3846	1
54.627049180327866	8807	1
54.65573770491803	8002	1
54.66393442622951	8034	1
54.664480874316936	5698	1
54.724043715846996	778	1
54.73934426229508	3981	1
54.75901639344263	2535	1
54.76448087431694	1866	1
54.775956284153004	1177	1
54.78032786885246	120	1
54.78360655737705	2060	1
54.7983606557377	1862	1
54.81092896174864	821	1
54.81420765027322	8190	0
54.82513661202186	1963	1
54.85846994535519	1173	1
54.87158469945356	6475	1
54.88633879781421	9000	1
54.890163934426226	6783	1
54.911475409836065	5514	1
54.91420765027322	2900	1
54.92513661202186	5148	1
54.92568306010929	3551	1
54.98579234972678	9508	1
55.001639344262294	5659	0
55.0103825136612	7390	1
55.01803278688524	2192	1
55.02021857923497	8697	1
55.033879781420765	632	1
55.07377049180328	884	1
55.08360655737705	4648	1
55.10601092896175	9787	1
55.10710382513661	5499	1
55.14262295081967	1712	1
55.18251366120219	9707	1
55.185792349726775	7899	1
55.1912568306011	9268	1
55.19453551912568	5567	1
55.20546448087432	2430	1
55.24371584699454	9703	1
55.259562841530055	5542	1
55.26448087431694	8171	1
55.26612021857924	4432	1
55.27377049180328	6256	1
55.274863387978144	4173	1
55.29125683060109	68	1
55.30710382513661	7381	1
55.337704918032784	8142	1
55.34699453551912	8476	1
55.36120218579235	6801	1
55.37978142076503	5391	1
55.381420765027315	2355	1
55.38633879781421	5606	1
55.3967213114754	2008	1
55.419672131147536	5684	1
55.44043715846995	9226	1
55.44262295081967	8323	1
55.44644808743169	6561	1
55.49289617486339	9344	1
55.495628415300544	4476	1
55.50601092896175	8406	1
55.52513661202186	9899	1
55.52677595628415	6912	1
55.54972677595628	5057	1
55.551366120218574	4443	1
55.56174863387978	3130	1
55.562295081967214	3607	1
55.59344262295082	6106	1
55.60601092896175	5416	1
55.654644808743164	1937	1
55.66284153005464	4016	1
55.663387978142076	177	1
55.734426229508195	1102	1
55.73825136612022	1269	1
55.753551912568305	3726	1
55.76010928961749	5663	1
55.79726775956284	6945	1
55.80601092896175	5826	1
55.84535519125683	2062	1
55.84535519125683	140	1
55.85355191256831	6554	1
55.890163934426226	1593	1
55.896174863387984	753	1
55.896174863387984	7734	1
55.966120218579235	779	1
55.980327868852456	8913	1
55.98196721311475	7747	1
55.98907103825136	1677	1
56.00109289617487	3283	1
56.0224043715847	4338	1
56.02459016393443	3373	1
56.02513661202186	9816	1
56.05245901639344	6664	1
56.05355191256831	1500	1
56.06502732240437	4837	1
56.071584699453545	2354	1
56.07267759562841	8575	1
56.07486338797814	4139	1
56.07868852459017	3864	1
56.09180327868852	3211	1
56.1	4333	1
56.104918032786884	2366	1
56.12185792349727	8020	1
56.1327868852459	2274	1
56.15081967213115	6134	1
56.16284153005464	4568	1
56.17704918032787	3065	1
56.191803278688525	2374	1
56.198907103825135	278	1
56.204918032786885	3547	1
56.225136612021856	5294	1
56.22786885245902	2668	1
56.22896174863388	9143	1
56.240437158469945	9714	1
56.25136612021858	8868	1
56.25792349726776	713	1
56.27049180327869	295	1
56.27322404371585	2716	1
56.27431693989071	1515	1
56.29945355191256	6017	1
56.32677595628415	4364	1
56.33661202185792	5307	1
56.38469945355191	3018	1
56.389071038251366	3111	1
56.40163934426229	998	1
56.4224043715847	3674	1
56.42677595628415	1665	1
56.428961748633874	3867	1
56.46284153005465	7237	1
56.46393442622951	5434	1
56.46666666666666	1091	1
56.47267759562842	1134	1
56.48032786885246	2	1
56.48579234972678	4240	1
56.49289617486339	6676	1
56.49726775956284	8530	1
56.505464480874316	4578	1
56.514754098360655	8266	1
56.51584699453552	3495	1
56.52295081967213	9766	1
56.525683060109294	194	1
56.52732240437158	7180	1
56.53387978142076	2473	1
56.53551912568306	418	1
56.53934426229508	7053	1
56.55683060109289	9808	1
56.55792349726776	9176	1
56.55956284153005	56	1
56.560109289617486	7177	1
56.560109289617486	8084	1
56.56284153005465	9574	1
56.568306010928964	7668	1
56.57322404371585	9568	1
56.575409836065575	7175	1
56.578142076502736	1769	1
56.57923497267759	701	1
56.57978142076502	2763	1
56.58306010928962	1294	1
56.583606557377045	8759	1
56.59234972677596	3921	1
56.59398907103825	7757	1
56.59508196721311	3291	1
56.62185792349727	8040	1
56.624043715846994	2495	1
56.62568306010929	3974	1
56.62841530054645	9781	1
56.62896174863388	2110	1
56.65081967213115	4625	1
56.651366120218576	9380	1
56.65464480874317	4694	1
56.67704918032787	680	1
56.68142076502732	5935	1
56.6879781420765	6350	1
56.68907103825136	6278	1
56.69125683060109	3170	1
56.69344262295081	9305	1
56.712021857923496	269	1
56.71256830601093	2551	1
56.714207650273224	1954	1
56.719125683060106	7437	1
56.73169398907103	4997	1
56.75409836065573	5300	1
56.756830601092894	6821	1
56.77049180327869	5261	1
56.78688524590164	7292	1
56.7896174863388	3398	1
56.8087431693989	4246	1
56.809289617486336	8688	1
56.8103825136612	2194	1
56.8120218579235	8512	1
56.814207650273225	4001	1
56.81748633879781	2244	1
56.824590163934424	9352	1
56.82622950819672	6545	1
56.82841530054645	9319	1
56.83606557377049	4036	1
56.85792349726776	8551	1
56.863934426229505	2619	1
56.8775956284153	6745	1
56.90273224043716	1634	1
56.905464480874315	822	1
56.90928961748634	4377	1
56.911475409836065	7961	1
56.918579234972675	1138	1
56.92349726775956	7420	1
56.92786885245902	8064	1
56.92950819672131	5167	1
56.930601092896175	2980	1
56.935519125683065	9704	1
56.93661202185792	755	1
56.93825136612022	1340	1
56.955737704918036	4463	1
56.961202185792345	7463	1
56.97540983606557	761	1
56.976502732240434	2645	1
56.988524590163934	4455	1
56.99289617486339	9049	1
57.008743169398905	6064	1
57.00928961748634	3747	1
57.01366120218579	9280	0
57.01420765027322	8871	1
57.02021857923497	5230	1
57.025683060109294	9070	1
57.03005464480874	2155	1
57.03551912568306	7146	1
57.03715846994535	6605	1
57.03879781420765	8610	1
57.039890710382515	1649	1
57.039890710382515	653	1
57.040983606557376	2255	1
57.056284153005464	8533	1
57.07431693989071	3334	1
57.075409836065575	4825	1
57.07704918032787	2350	1
57.08907103825136	3392	1
57.09016393442623	9848	1
57.09125683060109	6523	1
57.096721311475406	5429	1
57.11366120218579	7285	1
57.115846994535524	4876	1
57.13224043715847	6742	1
57.1327868852459	8194	1
57.13442622950819	9598	1
57.14098360655737	4588	1
57.15464480874317	8401	1
57.15901639344262	40	1
57.16120218579235	6226	1
57.162295081967216	1739	1
57.165573770491804	2704	1
57.166666666666664	5078	1
57.16885245901639	3503	1
57.17158469945355	6404	1
57.17923497267759	2992	1
57.18196721311475	5854	1
57.18524590163935	6253	1
57.19234972677596	7919	1
57.19289617486339	4646	1
57.24371584699453	7423	1
57.24590163934427	7034	1
57.25191256830601	7568	1
57.261748633879776	2422	1
57.269945355191254	6421	1
57.30054644808743	7004	1
57.32896174863388	7251	1
57.35409836065573	1376	1
57.35792349726776	6294	1
57.35792349726776	1257	1
57.36338797814207	3168	1
57.37377049180328	8254	1
57.37868852459016	6237	1
57.37978142076503	3761	1
57.38579234972677	6119	1
57.4	9111	1
57.413661202185786	3394	1
57.417486338797815	706	1
57.43825136612021	1416	1
57.444808743169396	415	1
57.45846994535519	685	1
57.48032786885246	7311	1
57.482513661202184	1258	1
57.489617486338794	1731	1
57.493442622950816	2813	1
57.50655737704918	5522	1
57.510382513661206	4666	1
57.528961748633876	6161	1
57.569398907103825	1569	1
57.575409836065575	243	1
57.5792349726776	9821	1
57.58524590163935	9518	1
57.61366120218579	3660	1
57.61857923497267	7470	1
57.62568306010928	4727	1
57.62677595628415	8106	1
57.633333333333326	8393	1
57.6639344262295	5520	1
57.664480874316936	5342	1
57.66612021857923	7586	1
57.67814207650274	4879	1
57.70109289617486	8402	1
57.7224043715847	9324	1
57.73060109289618	5839	1
57.74918032786885	5845	1
57.755737704918026	8023	1
57.75901639344262	5590	1
57.7983606557377	9193	1
57.80382513661202	9973	1
57.81693989071038	3101	1
57.8327868852459	7597	1
57.83387978142076	1076	1
57.83989071038251	4967	1
57.845901639344255	2927	1
57.87158469945355	4223	1
57.874863387978145	2754	1
57.87650273224043	854	1
57.87978142076503	9162	1
57.88306010928962	7336	1
57.893442622950815	5071	1
57.90327868852459	9039	1
57.904371584699454	2291	1
57.915846994535514	7275	1
57.924590163934425	5856	1
57.92841530054645	5130	1
57.93333333333333	6788	1
57.94590163934426	4438	1
57.953005464480874	6368	1
57.986338797814206	4076	1
58.00327868852459	3805	1
58.04754098360656	7640	1
58.0775956284153	5748	1
58.09234972677596	3177	1
58.094535519125685	8854	1
58.09508196721312	3834	1
58.10109289617486	5625	1
58.101639344262296	5654	1
58.10218579234973	4828	1
58.10819672131147	3904	1
58.108743169398906	6597	1
58.11857923497267	6496	1
58.12568306010929	3623	1
58.13169398907104	3612	1
58.14043715846995	8430	1
58.156284153005465	1842	1
58.16010928961749	875	1
58.18524590163935	7690	1
58.191803278688525	3596	1
58.19562841530054	4833	1
58.20382513661202	7949	1
58.21748633879781	7130	1
58.21748633879781	2728	1
58.228415300546445	6262	1
58.228415300546445	1210	1
58.237158469945356	6793	1
58.24918032786885	4556	1
58.28142076502732	3968	1
58.2863387978142	1570	1
58.289071038251365	7434	1
58.29890710382514	5042	1
58.30273224043716	4313	1
58.30437158469945	963	1
58.31693989071038	4056	1
58.338797814207645	3103	1
58.34918032786885	1881	1
58.35628415300546	2844	1
58.384153005464476	6879	1
58.38579234972677	212	1
58.39016393442623	2762	1
58.39562841530054	8631	1
58.398360655737704	5243	1
58.40382513661202	6503	1
58.40710382513661	3636	1
58.424590163934425	3245	1
58.4327868852459	1360	1
58.446994535519124	1696	1
58.45573770491803	1448	1
58.460109289617485	5349	1
58.488524590163934	7895	1
58.50327868852459	2281	1
58.50928961748634	5623	1
58.50983606557377	4164	1
58.514754098360655	9655	1
58.53879781420765	6112	1
58.54644808743169	2379	1
58.56393442622951	4595	1
58.57158469945355	7442	1
58.57267759562842	4070	1
58.57814207650273	8900	1
58.60109289617486	7205	1
58.607650273224046	2755	1
58.62349726775956	4111	1
58.63879781420765	7541	1
58.65409836065574	541	1
58.65573770491803	7202	1
58.677595628415304	7042	1
58.69016393442623	8823	1
58.69344262295082	911	1
58.70874316939891	9376	1
58.725136612021856	8658	1
58.73879781420765	4014	1
58.75027322404372	8334	1
58.75519125683061	8435	1
58.774863387978144	7077	1
58.79945355191257	4574	1
58.809289617486336	7127	1
58.810382513661196	5804	1
58.810382513661196	5387	1
58.81366120218579	1410	1
58.821311475409836	2411	1
58.82513661202186	9401	1
58.83715846994536	4786	1
58.84098360655737	5770	1
58.86666666666667	7269	1
58.885245901639344	9847	1
58.89617486338798	4746	1
58.900546448087425	6043	1
58.90765027322404	7064	1
58.9224043715847	3705	1
58.92896174863388	7905	1
58.92896174863388	198	1
58.939890710382514	5086	1
58.94426229508197	3893	1
58.95464480874317	1186	1
58.9551912568306	4749	1
58.95956284153006	801	1
58.96448087431694	4248	1
58.985245901639345	6662	1
58.993442622950816	9528	1
59.01366120218579	1587	1
59.02349726775956	2250	1
59.03060109289617	6854	1
59.03224043715847	8852	1
59.05792349726776	9627	1
59.08087431693989	9626	1
59.10109289617486	5557	1
59.108743169398906	4560	1
59.11967213114754	900	1
59.132786885245906	6416	1
59.15792349726775	6420	1
59.170491803278686	7357	1
59.17540983606557	3405	1
59.192896174863385	8320	1
59.19344262295082	9471	1
59.1983606557377	3188	1
59.1983606557377	8375	1
59.22896174863388	2396	1
59.22950819672131	1800	1
59.23278688524591	1158	1
59.23606557377049	3869	1
59.240437158469945	6042	1
59.24098360655737	8612	1
59.24754098360656	859	1
59.24808743169399	9813	1
59.260655737704916	8576	1
59.26448087431694	4807	1
59.26994535519126	7380	1
59.277595628415305	4916	1
59.283060109289615	3183	1
59.28524590163935	5262	1
59.31693989071038	7985	1
59.318579234972674	3837	1
59.329508196721314	8111	1
59.336612021857924	5004	1
59.342622950819674	4613	1
59.37158469945355	7075	1
59.383060109289616	8408	1
59.386338797814204	2944	1
59.39289617486338	5868	1
59.4	1952	1
59.407650273224036	2139	1
59.418579234972675	7897	1
59.42131147540984	1342	1
59.42404371584699	6608	1
59.427868852459014	8240	1
59.43005464480875	3157	1
59.45136612021858	8114	1
59.46393442622951	8014	1
59.47978142076503	6716	1
59.49289617486338	1320	1
59.49617486338798	9362	1
59.5103825136612	1125	1
59.53551912568306	5081	1
59.55191256830601	5736	1
59.55846994535519	6651	1
59.5655737704918	471	1
59.58415300546448	2826	1
59.588524590163935	2721	1
59.58907103825137	7940	1
59.606010928961744	8400	1
59.616939890710384	1568	1
59.62295081967213	7394	1
59.63060109289617	5037	1
59.63333333333333	5395	1
59.65300546448087	3832	1
59.65573770491803	4520	1
59.68633879781421	1405	1
59.70874316939891	8618	1
59.71147540983606	6083	1
59.715300546448084	9564	1
59.71584699453552	4359	1
59.7207650273224	6067	1
59.72568306010929	3540	1
59.77049180327869	6805	1
59.778688524590166	108	1
59.781967213114754	2227	1
59.783060109289615	1366	1
59.79672131147541	2830	1
59.80382513661202	3076	1
59.807103825136615	190	1
59.81584699453552	599	1
59.82185792349727	3894	1
59.824043715847	1497	1
59.827322404371586	6048	1
59.83497267759563	9738	1
59.84262295081967	6767	1
59.849726775956285	3657	1
59.865027322404366	9920	1
59.88087431693989	7468	1
59.88579234972677	3144	1
59.89071038251366	7717	1
59.89453551912568	9056	1
59.90382513661202	7934	1
59.90928961748634	4804	1
59.91092896174863	6640	1
59.912568306010925	8451	1
59.91803278688524	515	1
59.918579234972675	5107	1
59.92404371584699	2673	1
59.92732240437159	6529	1
59.93224043715847	3537	1
59.932786885245896	1035	1
59.932786885245896	601	1
59.93825136612022	6836	0
59.93934426229508	1343	1
59.94043715846994	6100	1
59.940983606557374	7312	1
59.9448087431694	8423	1
59.94754098360655	5363	1
59.959016393442624	1303	1
59.98907103825137	2270	1
60.00109289617486	5549	1
60.00928961748634	2922	1
60.02622950819672	2596	1
60.030054644808736	8743	1
60.0344262295082	364	1
60.03715846994535	9925	1
60.039890710382515	7270	1
60.039890710382515	990	1
60.049180327868854	2207	1
60.054098360655736	528	1
60.05573770491803	1115	1
60.06010928961748	1644	1
60.10054644808743	5074	1
60.131147540983605	9952	1
60.1344262295082	9721	1
60.137158469945355	5491	1
60.14863387978142	6339	1
60.15464480874317	9563	1
60.158469945355186	9535	1
60.19781420765027	8579	1
60.2016393442623	5268	1
60.20218579234973	4948	1
60.20327868852459	3947	1
60.20437158469945	7208	1
60.208196721311474	9289	1
60.20928961748634	4865	1
60.209836065573775	4758	1
60.209836065573775	4022	1
60.22185792349727	717	1
60.22459016393443	7947	1
60.234426229508195	21	1
60.2448087431694	3171	1
60.24863387978142	4686	1
60.24972677595628	9120	1
60.257923497267754	4757	1
60.259562841530055	6312	1
60.273770491803276	9583	1
60.274863387978144	6666	1
60.27650273224044	4946	1
60.284699453551916	1825	1
60.29344262295082	7536	1
60.30382513661202	8563	1
60.34207650273224	775	1
60.38579234972677	6559	1
60.387431693989065	7332	1
60.407103825136616	902	1
60.409836065573764	4514	1
60.41311475409836	5117	1
60.42185792349727	4579	1
60.42896174863388	1814	1
60.459016393442624	1705	1
60.46174863387978	7264	1
60.46502732240437	7770	1
60.46994535519125	7192	1
60.47431693989071	835	1
60.47486338797815	8016	1
60.484153005464485	4445	1
60.491256830601095	7518	1
60.49672131147541	5867	1
60.497267759562845	8705	1
60.526775956284155	9398	1
60.546994535519126	3345	1
60.563387978142075	8562	1
60.57103825136612	8364	1
60.57103825136612	696	1
60.57103825136612	1029	1
60.58196721311476	2417	1
60.5879781420765	1727	1
60.60109289617486	9093	1
60.60218579234973	7572	1
60.60218579234973	2143	1
60.62185792349727	7731	1
60.62896174863388	3570	1
60.63497267759563	3514	1
60.645355191256826	9856	1
60.65573770491803	530	1
60.656284153005465	3652	1
60.66885245901639	8805	1
60.68087431693989	2750	1
60.697267759562834	2402	1
60.718032786885246	6688	1
60.722404371584695	7507	1
60.72786885245901	5251	1
60.73661202185792	2055	1
60.74699453551913	7012	1
60.767759562841526	3910	1
60.77049180327869	1106	1
60.77322404371584	2602	1
60.79071038251366	719	1
60.79289617486339	179	1
60.803278688524586	2308	1
60.818579234972674	5524	1
60.81912568306011	8595	1
60.82513661202186	8849	1
60.83387978142076	1314	1
60.862841530054645	496	1
60.865027322404366	8883	1
60.88415300546448	5286	1
60.89398907103825	3414	1
60.90491803278688	2546	1
60.90655737704918	4208	1
60.91311475409836	1509	1
60.932786885245896	7727	1
60.977049180327874	8550	1
60.98579234972677	8157	1
60.99016393442623	6714	1
60.994535519125684	9054	1
60.99617486338798	5488	1
60.99726775956284	4956	1
61.020765027322405	4379	1
61.02841530054645	5088	1
61.03005464480874	3870	1
61.03169398907104	7930	1
61.03715846994536	9872	1
61.04972677595628	2977	1
61.05573770491803	4591	1
61.05846994535519	8847	1
61.092896174863384	7502	1
61.102732240437156	431	1
61.10437158469946	8585	1
61.1103825136612	1430	1
61.11147540983607	5473	1
61.1327868852459	2306	1
61.153551912568304	5452	1
61.15901639344263	9909	1
61.16994535519125	7956	1
61.170491803278686	7920	1
61.178688524590164	4878	1
61.18415300546448	1348	1
61.18633879781421	6495	1
61.18743169398907	476	1
61.19234972677595	7118	1
61.20109289617486	9194	1
61.208196721311474	3226	1
61.21256830601092	2424	1
61.21584699453552	5394	1
61.25846994535519	3128	1
61.26502732240437	2607	1
61.266666666666666	7271	1
61.28415300546448	9363	1
61.29125683060109	8490	1
61.30054644808743	6184	1
61.302185792349725	662	1
61.30273224043716	8303	1
61.30437158469945	9225	1
61.30491803278688	9150	1
61.30983606557377	4584	1
61.3207650273224	2543	1
61.369945355191255	7017	1
61.37486338797814	6542	1
61.38415300546448	5413	1
61.38961748633879	264	1
61.39180327868853	651	1
61.39890710382514	1824	1
61.4103825136612	5954	1
61.41092896174863	5089	1
61.41530054644809	2488	1
61.42021857923497	1604	1
61.436612021857925	5838	1
61.4431693989071	2939	1
61.467213114754095	6317	1
61.509836065573765	3635	1
61.52732240437158	3200	1
61.53169398907104	698	1
61.5327868852459	6961	1
61.550273224043714	3725	1
61.55136612021858	2217	1
61.56284153005464	9839	1
61.5655737704918	67	1
61.59234972677595	6654	1
61.595628415300546	4516	1
61.601639344262296	4297	1
61.60983606557377	8623	1
61.612021857923494	5637	1
61.61420765027322	8159	1
61.616939890710384	7996	1
61.62841530054645	97	1
61.62841530054645	869	1
61.63715846994535	6298	1
61.645355191256826	301	1
61.64972677595628	6616	1
61.66174863387978	2724	1
61.66885245901639	1305	1
61.68633879781421	6393	1
61.69453551912568	1215	1
61.69562841530055	731	1
61.69781420765027	9509	1
61.699999999999996	5100	1
61.707103825136606	1085	1
61.70928961748634	9784	1
61.70983606557377	9554	1
61.7207650273224	9527	1
61.733333333333334	2802	1
61.735519125683055	9571	1
61.740437158469945	157	1
61.7431693989071	1308	1
61.74918032786886	975	1
61.76502732240437	7706	1
61.77103825136612	9976	1
61.78852459016394	6207	1
61.7983606557377	2872	1
61.79945355191256	2890	1
61.80601092896175	5389	1
61.81092896174864	7181	1
61.81748633879781	6760	1
61.81857923497268	1367	1
61.819672131147534	5976	1
61.82732240437158	9384	1
61.83497267759562	6468	1
61.84262295081967	260	1
61.84426229508197	9026	1
61.84972677595628	9875	1
61.87814207650273	3567	1
61.892349726775954	2548	1
61.89453551912568	4388	1
61.909289617486344	8843	1
61.91420765027323	6919	1
61.91420765027323	5284	1
61.927868852459014	3040	1
61.92950819672131	5327	1
61.93169398907104	3229	1
61.937704918032786	8226	1
61.94535519125683	7011	1
61.94972677595628	9253	1
61.979234972677595	8887	1
61.97978142076502	3148	1
61.98306010928962	232	1
61.984153005464485	5539	1
61.984153005464485	9280	1
61.999453551912566	4789	1
62.006557377049184	9767	1
62.01584699453552	7577	1
62.01803278688524	435	1
62.020765027322405	9984	1
62.020765027322405	3268	1
62.02896174863388	3032	1
62.0448087431694	5252	1
62.05846994535519	8554	1
62.06502732240437	9999	1
62.07650273224044	8990	1
62.08087431693989	6988	1
62.10765027322404	4533	1
62.10983606557377	5544	1
62.14153005464481	760	1
62.17540983606557	1958	1
62.204918032786885	9391	1
62.2103825136612	8403	1
62.21475409836065	353	1
62.21639344262295	5145	1
62.220218579234974	789	1
62.22459016393442	2242	1
62.226229508196724	6883	1
62.22896174863388	1782	1
62.23989071038251	7112	1
62.27540983606557	905	1
62.28852459016394	7674	1
62.289071038251365	5949	0
62.30273224043716	2228	1
62.330601092896174	8949	1
62.34918032786886	3681	1
62.34972677595628	1701	1
62.35737704918032	9885	1
62.35846994535519	7974	1
62.37540983606557	3836	1
62.37868852459017	8036	1
62.39726775956284	1558	1
62.40382513661202	8561	1
62.40928961748634	8158	1
62.41530054644809	4369	1
62.430601092896175	384	1
62.433879781420764	3320	1
62.43825136612022	1166	1
62.4464480874317	988	1
62.45191256830601	7743	1
62.49180327868852	7123	1
62.49398907103825	624	1
62.511475409836066	8855	1
62.521857923497265	5213	1
62.53005464480874	9079	1
62.55464480874316	4926	1
62.57213114754098	1149	1
62.58743169398907	3695	1
62.58743169398907	7762	1
62.596721311475406	3322	1
62.59836065573771	6827	1
62.59836065573771	2067	1
62.60382513661202	5447	1
62.606557377049185	4133	1
62.61256830601093	2152	1
62.6327868852459	5378	1
62.647540983606554	2562	1
62.659562841530054	5744	1
62.68633879781421	3927	1
62.70273224043716	9180	1
62.70546448087432	3708	1
62.71584699453552	1359	1
62.72786885245902	8766	1
62.72896174863388	6484	1
62.74480874316939	185	1
62.74808743169399	7776	1
62.76939890710382	4566	1
62.79125683060109	8534	1
62.801092896174865	4901	1
62.80765027322404	2025	1
62.8103825136612	8247	1
62.8103825136612	3586	1
62.81693989071038	2378	1
62.81967213114754	868	1
62.833333333333336	5410	1
62.844808743169395	438	1
62.846448087431696	1494	1
62.84754098360656	5193	1
62.857923497267755	3034	1
62.85956284153005	5655	1
62.88852459016393	2336	1
62.89180327868852	577	1
62.899453551912565	9901	1
62.905464480874315	8131	1
62.90928961748634	8817	1
62.92021857923497	5412	1
62.94098360655738	6657	1
62.95464480874317	9593	1
62.96393442622951	1916	1
62.9655737704918	4386	1
62.97213114754098	6157	1
62.98415300546448	6512	1
62.98633879781421	8038	1
62.992349726775956	6233	1
62.995628415300544	7002	1
63.00382513661202	6102	1
63.0103825136612	1826	1
63.01420765027322	1528	1
63.01803278688524	8120	1
63.01803278688524	2343	1
63.03442622950819	8055	1
63.03661202185792	392	1
63.05792349726776	7450	1
63.066120218579236	9445	1
63.07213114754098	1583	1
63.113661202185796	9461	1
63.11639344262295	9460	1
63.1327868852459	8062	1
63.13879781420765	421	1
63.14699453551912	2583	1
63.179781420765025	9095	1
63.21147540983607	1238	1
63.225136612021856	5199	1
63.24972677595628	7230	1
63.25027322404372	4518	1
63.26120218579235	9931	1
63.27322404371585	5249	1
63.28852459016394	7286	1
63.31092896174864	1061	1
63.315300546448086	2368	1
63.33005464480874	6176	1
63.33224043715847	2346	1
63.34153005464481	6259	1
63.37814207650273	5174	1
63.38743169398907	6006	1
63.40273224043716	7711	1
63.410382513661204	2215	1
63.427868852459014	2406	1
63.43442622950819	5811	1
63.443715846994536	6269	1
63.44426229508196	1418	1
63.45136612021857	1974	1
63.45956284153005	6485	1
63.46284153005465	681	1
63.4655737704918	721	1
63.47486338797814	2902	1
63.485245901639345	3539	1
63.52459016393443	8546	1
63.52622950819672	6782	1
63.52732240437158	1757	1
63.53333333333333	5005	1
63.5448087431694	458	1
63.548087431693986	2706	1
63.54972677595628	1196	1
63.59453551912568	5169	1
63.60327868852459	0	1
