0.03318142076502732	4083	1
0.040153224043715845	6747	1
0.22285956284153005	7586	1
0.2944819672131147	1496	1
0.32323169398907103	2094	1
0.3267273224043716	6903	1
0.3674622950819672	4057	1
0.42352896174863386	5261	1
0.45988852459016394	9215	1
0.5172803278688525	6191	1
0.5292453551912568	4089	1
0.616311475409836	6679	1
0.6268087431693989	2188	1
0.6321256830601093	872	1
0.680120218579235	3636	1
0.7306830601092896	5547	1
0.7576284153005464	6304	1
0.812655737704918	5172	1
0.9662622950819673	7110	1
1.004568306010929	6449	1
1.010032786885246	4705	1
1.0346666666666666	3340	1
1.1263060109289618	751	1
1.1981967213114755	1830	1
1.2256120218579236	4211	1
1.238950819672131	3118	1
1.3702185792349728	5348	1
1.419792349726776	8563	1
1.4327322404371583	8786	1
1.815743169398907	5199	1
1.9397978142076502	8483	1
1.9454918032786885	5243	1
1.993448087431694	795	1
2.146273224043716	6823	1
2.1830983606557375	8551	1
2.207672131147541	2988	1
2.2392622950819674	61	1
2.239639344262295	2952	1
2.240601092896175	7513	1
2.2420655737704918	5091	1
2.2800109289617483	5113	1
2.2831584699453553	7582	1
2.3132240437158473	8801	1
2.4051256830601093	3061	1
2.455994535519126	5803	1
2.497584699453552	4621	1
2.5559453551912568	3915	1
2.564475409836066	9878	1
2.567562841530054	6058	1
2.8439071038251367	7751	1
2.9051857923497266	2863	1
2.922437158469945	6523	1
2.9344262295081966	7325	1
2.936071038251366	941	1
2.9412896174863388	1117	1
2.969475409836065	2275	1
2.9757049180327866	4174	1
3.03248087431694	5707	1
3.0691147540983605	9306	1
3.085021857923497	6866	1
3.208901639344262	4597	1
3.2524754098360655	4368	1
3.2591639344262293	358	1
3.2907868852459012	2184	1
3.2973497267759564	3259	1
3.3034043715846995	6841	1
3.3318688524590163	5925	1
3.4155191256830597	674	1
3.4396284153005463	2194	1
3.477841530054645	7902	1
3.523295081967213	6022	1
3.540420765027322	1898	1
3.5793879781420768	753	1
3.6380601092896176	9131	1
3.6481147540983607	4247	1
3.705448087431694	781	1
3.7094863387978143	8362	1
3.834382513661202	2197	1
3.8715300546448086	9151	1
3.8724371584699457	6429	1
3.898453551912568	9236	1
3.9559398907103827	2169	1
4.021956284153005	7569	1
4.085868852459017	5011	1
4.091726775956284	86	1
4.098049180327869	8482	1
4.098251366120219	9119	1
4.1618360655737705	4968	1
4.24031693989071	6427	1
4.272431693989072	1866	1
4.366770491803279	1417	1
4.425475409836066	3817	1
4.4769726775956284	3804	1
4.525453551912569	8561	1
4.549928961748633	1190	1
4.628344262295081	8464	1
4.633125683060109	8163	1
4.691803278688525	8937	1
4.722983606557377	6669	1
4.797551912568307	9867	1
4.93179781420765	8952	1
4.943398907103825	1863	1
4.94639344262295	4446	1
4.98144262295082	8541	1
5.082775956284153	8172	1
5.092502732240437	7599	1
5.173306010928962	1085	1
5.236196721311476	3826	1
5.270065573770492	5724	1
5.293693989071039	9091	1
5.320065573770491	6324	1
5.336846994535518	8440	1
5.349311475409836	2497	1
5.399792349726776	9792	1
5.407459016393443	9520	1
5.415360655737705	618	1
5.476775956284153	7341	1
5.495956284153006	896	1
5.576229508196721	2177	1
5.591530054644809	3357	1
5.623715846994535	4215	1
5.660273224043716	347	1
5.705245901639344	8503	1
5.750983606557377	5531	1
5.760819672131147	3603	1
5.764098360655738	7854	1
5.777978142076503	4450	1
5.8003825136612015	496	1
5.838579234972678	807	1
5.890382513661202	1330	1
5.903879781420765	4528	1
5.9060655737704915	8402	1
5.911147540983606	8244	1
5.925683060109289	1963	1
5.938961748633879	9548	1
5.9824043715847	4042	1
6.040491803278689	4985	1
6.069234972677596	3942	1
6.087923497267759	5777	1
6.103169398907103	5335	1
6.104972677595629	2179	1
6.130710382513661	2663	1
6.1853005464480875	2193	1
6.191311475409836	9094	1
6.213551912568306	7079	1
6.233333333333333	5711	1
6.353989071038251	7806	1
6.36879781420765	6988	1
6.3966666666666665	9379	1
6.543715846994536	1979	1
6.54792349726776	1554	1
6.5522950819672126	8280	1
6.644918032786885	3299	1
6.725956284153005	7066	1
6.806666666666667	5524	1
6.808469945355191	5346	1
6.810218579234973	6428	1
6.858743169398907	9836	1
6.88775956284153	7351	1
6.893005464480875	9810	1
6.934863387978142	6628	1
6.983715846994536	4393	1
6.988852459016393	2951	1
6.997158469945355	287	1
7.003606557377049	2364	1
7.011530054644808	1394	1
7.047049180327869	4851	1
7.056229508196721	3740	1
7.057759562841531	1044	1
7.092404371584699	8397	1
7.163715846994536	498	1
7.181803278688524	5284	1
7.2308196721311475	3311	1
7.252841530054645	2471	1
7.306174863387978	1359	1
7.330109289617487	7038	1
7.3566666666666665	5364	1
7.488907103825136	5561	1
7.55207650273224	3805	1
7.566010928961749	3416	1
7.638251366120219	3961	1
7.650382513661203	9570	1
7.66535519125683	5891	1
7.699508196721311	3307	1
7.757486338797815	815	1
7.805683060109289	9882	1
7.811147540983606	4439	1
7.816393442622951	9565	1
7.890655737704918	4336	1
8.028360655737705	6305	1
8.106666666666666	1298	1
8.119125683060108	3274	1
8.177158469945356	1518	1
8.247377049180328	7631	1
8.343934426229508	4709	1
8.363005464480874	1940	1
8.37535519125683	8602	1
8.40568306010929	6150	1
8.487814207650272	3321	1
8.499398907103826	4568	1
8.573497267759562	4501	1
8.624371584699453	4549	1
8.685628415300547	5846	1
8.718032786885246	6646	1
8.72688524590164	6632	1
8.791038251366121	4951	1
8.794644808743168	3717	1
8.806939890710384	6192	1
8.889945355191257	1375	1
8.894043715846996	4831	1
9.044371584699453	8256	1
9.045956284153005	3911	1
9.166830601092895	6684	1
9.176120218579234	1309	1
9.277650273224044	6228	1
9.322732240437158	6929	1
9.336065573770492	6561	1
9.343005464480875	8261	1
9.35103825136612	506	1
9.358852459016394	980	1
9.387704918032787	2834	1
9.434590163934427	8416	1
9.437486338797815	6399	1
9.480819672131148	8006	1
9.519344262295082	9406	1
9.580601092896174	6678	1
9.603224043715846	2480	1
9.657868852459016	8770	1
9.673770491803278	1422	1
9.733278688524589	5151	1
9.741967213114755	3097	1
9.754207650273225	5237	1
9.76273224043716	3776	1
9.807431693989072	8885	1
9.874863387978142	7310	1
9.901311475409836	1152	1
9.936284153005463	5784	1
9.938360655737705	2462	1
9.945573770491801	1901	1
9.982786885245902	9826	1
9.990601092896174	9675	1
10.006830601092895	199	1
10.03639344262295	424	1
10.049398907103825	4051	1
10.09983606557377	6711	1
10.141202185792348	1366	1
10.218688524590164	8732	1
10.235464480874318	6571	1
10.25672131147541	9777	1
10.278415300546447	6589	1
10.282459016393442	7028	1
10.310437158469945	7004	1
10.378961748633879	2822	1
10.387158469945355	1894	1
10.387540983606558	7192	1
10.446502732240438	5218	1
10.519890710382512	5483	1
10.5975956284153	5595	1
10.599180327868853	3825	1
10.605792349726777	2872	1
10.697431693989072	4888	1
10.767540983606557	6088	1
10.804098360655738	1483	1
10.907322404371584	4081	1
10.908688524590163	1661	1
10.928852459016394	5545	1
10.99672131147541	7929	1
11.019289617486338	8491	1
11.079890710382514	1912	1
11.116721311475409	5736	1
11.141366120218578	1911	1
11.174043715846995	9037	1
11.246502732240439	335	1
11.25103825136612	7042	1
11.301803278688524	1037	1
11.322786885245902	7651	1
11.329508196721312	9872	1
11.418306010928962	4200	1
11.441857923497269	5303	1
11.464535519125684	4636	1
11.492841530054644	8413	1
11.527704918032786	3378	1
11.541092896174863	1717	1
11.557213114754099	726	1
11.579672131147541	7114	1
11.674972677595628	3223	1
11.675956284153006	4975	1
11.678579234972677	2520	1
11.680109289617487	3358	1
11.696284153005465	4304	1
11.706229508196722	3192	1
11.755081967213115	8080	1
11.765136612021857	3727	1
11.775901639344262	7299	1
11.784043715846993	6483	1
11.784098360655738	6827	1
11.866994535519124	9212	1
11.875628415300545	9021	1
11.879071038251366	643	1
11.942622950819672	7770	1
11.993005464480873	240	1
12.035081967213115	4731	1
12.105464480874316	9173	1
12.127868852459015	56	1
12.133005464480876	8461	1
12.1351912568306	9268	1
12.139999999999999	564	1
12.156666666666666	171	1
12.217704918032787	4171	1
12.260109289617487	9074	1
12.262568306010929	9092	1
12.28295081967213	7458	1
12.286557377049181	3818	1
12.42065573770492	5110	1
12.428306010928962	758	1
12.436284153005465	7246	1
12.462404371584698	501	1
12.465519125683059	7861	1
12.48224043715847	2324	1
12.566010928961749	9545	1
12.622185792349727	824	1
12.644262295081967	9193	1
12.664043715846994	9848	1
12.665081967213114	9651	1
12.719999999999999	2571	1
12.738306010928962	9930	1
12.748306010928962	9780	1
12.787377049180327	2838	1
12.85879781420765	817	1
12.942896174863389	8040	1
12.980218579234972	6977	1
12.981256830601094	4677	1
13.027978142076503	2461	1
13.04174863387978	3055	1
13.064535519125684	8409	1
13.0824043715847	6086	1
13.091420765027323	2173	1
13.107923497267759	5403	1
13.1224043715847	7666	1
13.123497267759562	7185	1
13.131530054644807	2949	1
13.155737704918032	9241	1
13.165191256830601	782	1
13.18087431693989	5095	1
13.181475409836066	3282	1
13.207103825136612	8051	1
13.223387978142076	4780	1
13.224699453551912	7813	1
13.239890710382515	9819	1
13.27273224043716	8677	1
13.280054644808743	8721	1
13.295628415300545	6633	1
13.29568306010929	9305	1
13.304918032786887	4926	1
13.38	8437	1
13.384754098360656	7939	1
13.391366120218578	3369	1
13.44256830601093	8789	1
13.480382513661201	9897	1
13.520601092896174	3509	1
13.531202185792349	5249	1
13.533442622950819	2321	1
13.62448087431694	2668	1
13.632786885245903	5587	1
13.673060109289617	5041	1
13.693333333333333	1632	1
13.736448087431693	3862	1
13.767814207650273	8869	1
13.768524590163935	1884	1
13.775628415300545	8722	1
13.783825136612021	7457	1
13.833770491803278	7915	1
13.855300546448088	6717	1
13.89983606557377	8263	1
13.911639344262294	5381	1
13.930054644808743	1042	1
13.95016393442623	4771	1
13.960273224043714	9561	1
13.960382513661202	5638	1
13.98568306010929	9534	1
14.050655737704918	5204	1
14.055136612021858	2867	1
14.104808743169398	6268	1
14.119071038251366	3545	1
14.136612021857923	2187	1
14.176393442622949	7103	1
14.183114754098359	2956	1
14.215245901639344	3775	1
14.223224043715847	9278	1
14.275300546448086	799	1
14.321639344262294	6138	1
14.324480874316938	9144	1
14.324590163934428	8557	1
14.326284153005464	2093	1
14.370874316939892	8347	1
14.372240437158469	6844	1
14.390218579234972	4258	1
14.439726775956283	7211	1
14.442459016393443	116	1
14.448142076502732	7938	1
14.463114754098362	2222	1
14.49360655737705	4966	1
14.542295081967213	2345	1
14.577322404371584	8169	1
14.60879781420765	9774	1
14.623387978142077	518	1
14.652568306010929	8162	1
14.672732240437158	8792	1
14.715792349726776	8975	1
14.790655737704919	9932	1
14.812896174863388	8319	1
14.822896174863388	333	1
14.835027322404372	4758	1
14.847049180327868	769	1
14.853333333333333	2494	1
14.856120218579235	4145	1
14.869562841530055	3253	1
14.907322404371584	9013	1
14.910710382513662	244	1
14.914754098360655	5186	1
14.979781420765027	4136	1
15.004590163934427	6994	1
15.007377049180327	2026	1
15.030109289617487	3003	1
15.051092896174863	5682	1
15.060109289617486	9495	1
15.060273224043716	6808	1
15.067322404371584	7234	1
15.11327868852459	3886	1
15.117868852459017	7605	1
15.144972677595627	6622	1
15.17344262295082	4323	1
15.2451912568306	9015	1
15.268415300546447	5287	1
15.301147540983607	6577	1
15.346393442622949	8320	1
15.348196721311474	5557	1
15.362786885245901	7859	1
15.386612021857923	7174	1
15.387595628415301	4599	1
15.388688524590163	6250	1
15.39295081967213	9448	1
15.398415300546446	2002	1
15.422021857923497	5002	1
15.484535519125682	2876	1
15.519617486338797	2259	1
15.530109289617487	7408	1
15.54846994535519	6329	1
15.6051912568306	9476	1
15.699344262295082	4472	1
15.721420765027322	2439	1
15.738415300546446	801	1
15.767267759562841	7551	1
15.847377049180327	1408	1
15.869508196721311	8687	1
15.995081967213114	6674	1
15.998907103825136	6536	1
16.002732240437158	2419	1
16.03142076502732	3871	1
16.03551912568306	5379	1
16.041420765027322	5088	1
16.053224043715847	6193	1
16.082404371584698	8800	1
16.196174863387977	3510	1
16.233825136612023	7619	1
16.274535519125685	2477	1
16.33967213114754	5575	1
16.389125683060108	1645	1
16.412896174863388	8884	1
16.542786885245903	3679	1
16.54344262295082	8283	1
16.569508196721312	6936	1
16.636612021857925	9960	1
16.637486338797814	6506	1
16.643606557377048	8209	1
16.66502732240437	8123	1
16.74945355191257	5908	1
16.78502732240437	3046	1
16.794590163934426	1990	1
16.830491803278687	1590	1
16.85273224043716	4573	1
16.85327868852459	7970	1
16.881803278688523	8432	1
16.88983606557377	4001	1
16.941803278688525	9871	1
16.969071038251364	3196	1
16.979289617486337	1262	1
17.02633879781421	9377	1
17.067158469945355	3801	1
17.089562841530054	9528	1
17.098360655737704	1220	1
17.154426229508196	7988	1
17.174918032786888	4194	1
17.341967213114756	9662	1
17.391967213114757	4249	1
17.41185792349727	3054	1
17.442131147540984	9735	1
17.515300546448085	4591	1
17.518360655737705	1222	1
17.53103825136612	1337	1
17.60415300546448	4429	1
17.614754098360656	7558	1
17.63136612021858	7588	1
17.738688524590163	8197	1
17.778907103825137	8871	1
17.855409836065572	4139	1
17.893661202185793	3550	1
17.897868852459016	2388	1
17.902841530054644	5250	1
17.910819672131147	6631	1
17.946994535519124	1683	1
17.969617486338798	1178	1
17.9803825136612	9194	1
18.029289617486338	190	1
18.074863387978144	6008	1
18.077103825136614	8031	1
18.136502732240437	8479	1
18.17081967213115	6531	1
18.1996174863388	7648	1
18.233224043715847	2479	1
18.27639344262295	3842	1
18.291475409836064	5129	1
18.292732240437157	1046	1
18.312622950819673	8086	1
18.315956284153003	1721	1
18.324426229508195	1184	1
18.32448087431694	6876	1
18.345956284153004	2344	1
18.380819672131146	3989	1
18.40224043715847	8662	1
18.405136612021856	9482	1
18.433224043715846	4322	1
18.438524590163937	1032	1
18.48650273224044	3503	1
18.497322404371584	5552	1
18.502295081967212	9891	1
18.57087431693989	5225	1
18.57256830601093	2954	1
18.597213114754098	7301	1
18.649617486338798	4916	1
18.695245901639346	2240	1
18.702677595628412	8967	1
18.826448087431693	6519	1
18.827213114754098	7148	1
18.85743169398907	4558	1
18.9103825136612	9160	1
18.914972677595625	4068	1
18.95087431693989	6503	1
18.95295081967213	8553	1
18.96087431693989	5529	1
19.00672131147541	7637	1
19.011857923497267	879	1
19.030874316939894	3584	1
19.048743169398907	4925	1
19.064426229508197	4411	1
19.108961748633877	9580	1
19.14224043715847	4555	1
19.215737704918034	7580	1
19.28830601092896	5568	1
19.30169398907104	8892	1
19.33950819672131	9974	1
19.342185792349728	1187	1
19.366721311475413	4808	1
19.414754098360653	9068	1
19.440273224043718	9531	1
19.46289617486339	4532	1
19.53890710382514	1735	1
19.57120218579235	1803	1
19.598415300546446	7746	1
19.60830601092896	1726	1
19.616994535519126	3551	1
19.672404371584697	3049	1
19.6775956284153	9992	1
19.740710382513658	5660	1
19.811857923497268	9935	1
19.819071038251366	8102	1
19.854316939890712	9997	1
19.860983606557376	8880	1
19.863551912568308	3137	1
19.905519125683057	9877	1
19.92672131147541	3556	1
19.94366120218579	1423	1
19.950546448087433	8485	1
20.001803278688524	8962	1
20.03568306010929	3280	1
20.13322404371585	1778	1
20.15497267759563	9965	1
20.197540983606558	9220	1
20.23333333333333	9256	1
20.27448087431694	6119	1
20.304207650273224	6881	1
20.314754098360655	1771	1
20.323934426229506	96	1
20.356885245901637	5816	1
20.363989071038255	8524	1
20.38846994535519	1058	1
20.419071038251367	9676	1
20.442513661202184	9989	1
20.45322404371585	7814	1
20.48273224043716	4736	1
20.52360655737705	3134	1
20.53513661202186	2576	1
20.536939890710382	9540	1
20.594754098360653	9386	1
20.601639344262296	788	1
20.606885245901637	846	1
20.630928961748634	5597	1
20.683715846994534	5824	1
20.68710382513661	4296	1
20.702295081967215	9407	1
20.71120218579235	7371	1
20.748415300546448	8428	1
20.81568306010929	7965	1
20.819890710382513	3919	1
20.858688524590164	2809	1
20.863497267759563	1049	1
20.93125683060109	9033	1
20.931584699453552	2053	1
20.938360655737707	4363	1
21.005191256830603	5493	1
21.058032786885246	1209	1
21.079726775956285	2440	1
21.125846994535518	8423	1
21.165300546448087	4787	1
21.226666666666667	8587	1
21.240491803278687	4810	1
21.257650273224044	1660	1
21.28191256830601	5397	1
21.289289617486336	2915	1
21.358415300546447	7607	1
21.38535519125683	9857	1
21.39896174863388	3445	1
21.400163934426228	4506	1
21.42726775956284	7620	1
21.490054644808744	5631	1
21.499453551912566	2074	1
21.55054644808743	5427	1
21.55426229508197	9893	1
21.574371584699453	971	1
21.579781420765027	6465	1
21.585956284153003	3128	1
21.68256830601093	7984	1
21.690054644808743	2183	1
21.70377049180328	9314	1
21.716502732240436	1441	1
21.736448087431693	737	1
21.74846994535519	177	1
21.77169398907104	950	1
21.94032786885246	48	1
21.961693989071037	3751	1
21.972568306010928	2652	1
21.997267759562842	1001	1
21.998524590163935	8259	1
22.011693989071038	4201	1
22.04185792349727	7780	1
22.0524043715847	4487	1
22.05890710382514	2467	1
22.0672131147541	3823	1
22.086174863387978	6551	1
22.100437158469948	2916	1
22.15016393442623	607	1
22.218087431693988	5713	1
22.218306010928963	2483	1
22.253606557377047	5047	1
22.256284153005463	8381	1
22.278087431693987	966	1
22.35256830601093	7987	1
22.354371584699454	4864	1
22.362841530054645	6310	1
22.369617486338797	1932	1
22.420655737704916	6647	1
22.436666666666667	3288	1
22.43896174863388	1138	1
22.44781420765027	4859	1
22.475355191256828	7985	1
22.485136612021858	9690	1
22.490273224043715	5407	1
22.519180327868852	578	1
22.540218579234974	9957	1
22.568907103825136	2294	1
22.617923497267757	2645	1
22.622185792349725	9142	1
22.624699453551912	8752	1
22.65295081967213	2133	1
22.659617486338796	7772	1
22.688852459016392	5769	1
22.694699453551912	1021	1
22.70606557377049	1532	1
22.72377049180328	7405	1
22.738524590163937	4581	1
22.77469945355191	6613	1
22.77857923497268	922	1
22.849999999999998	6129	1
22.879726775956286	1960	1
22.88814207650273	6819	1
22.914207650273223	9121	1
23.02016393442623	4689	1
23.057377049180328	3652	1
23.096666666666668	4085	1
23.132786885245903	4795	1
23.14502732240437	8199	1
23.158524590163932	2301	1
23.19120218579235	6908	1
23.205191256830602	3439	1
23.229016393442624	5201	1
23.242841530054644	3517	1
23.253879781420764	9521	1
23.300109289617488	9087	1
23.336174863387978	8764	1
23.33743169398907	484	1
23.344754098360657	2354	1
23.349999999999998	9302	1
23.36825136612022	3714	1
23.369289617486338	1457	1
23.38978142076503	3109	1
23.398360655737704	3286	1
23.437158469945352	6941	1
23.510601092896174	4038	1
23.58245901639344	694	1
23.615409836065574	8489	1
23.621202185792352	8329	1
23.62710382513661	3991	1
23.62781420765027	9629	1
23.632185792349727	3338	1
23.64639344262295	4603	1
23.707595628415298	9856	1
23.756666666666664	4441	1
23.76830601092896	3802	1
23.77032786885246	8665	1
23.81169398907104	3359	1
23.894207650273223	7759	1
23.914262295081965	8064	1
23.9451912568306	2562	1
23.98918032786885	7050	1
24.003060109289617	1637	1
24.003551912568305	9423	1
24.025792349726775	9784	1
24.027650273224044	2237	1
24.041639344262293	3387	1
24.04437158469945	5930	1
24.054043715846994	5016	1
24.091366120218577	5662	1
24.151475409836063	576	1
24.17	7465	1
24.176448087431694	642	1
24.18655737704918	9737	1
24.188524590163933	5401	1
24.199453551912566	8026	1
24.214535519125683	959	1
24.227868852459018	6059	1
24.258142076502732	8297	1
24.26103825136612	1076	1
24.281639344262295	2742	1
24.35049180327869	1108	1
24.396174863387976	2132	1
24.407322404371584	8992	1
24.409781420765025	7335	1
24.416338797814205	1226	1
24.43032786885246	2308	1
24.441256830601095	6708	1
24.441311475409837	3327	1
24.45912568306011	5269	1
24.511147540983604	9323	1
24.52153005464481	4279	1
24.529726775956284	3470	1
24.549781420765026	5972	1
24.55349726775956	4794	1
24.557814207650274	3006	1
24.570655737704918	3791	1
24.581639344262296	1567	1
24.603169398907106	6742	1
24.60360655737705	5714	1
24.608688524590164	2129	1
24.63322404371585	2001	1
24.643661202185793	8307	1
24.65726775956284	5484	1
24.70535519125683	7019	1
24.726338797814208	7293	1
24.746120218579236	7263	1
24.764098360655737	5143	1
24.775136612021857	547	1
24.79825136612022	266	1
24.801693989071037	5596	1
24.824316939890707	6489	1
24.84	4507	1
24.842131147540982	423	1
24.86398907103825	6741	1
24.866448087431692	3646	1
24.901857923497264	9321	1
24.94830601092896	7909	1
24.950928961748634	8379	1
24.983005464480875	8996	1
25.032841530054643	9873	1
25.060273224043716	3490	1
25.088142076502734	8037	1
25.12327868852459	6346	1
25.126120218579235	1994	1
25.16639344262295	9422	1
25.18098360655738	2591	1
25.206120218579233	6464	1
25.224808743169397	2781	1
25.26311475409836	7993	1
25.298469945355194	8276	1
25.304371584699453	3132	1
25.30502732240437	7346	1
25.33273224043716	3865	1
25.35726775956284	7217	1
25.404644808743168	2051	1
25.404972677595627	5686	1
25.40792349726776	515	1
25.409344262295082	523	1
25.442295081967213	9967	1
25.44781420765027	7792	1
25.46655737704918	8144	1
25.50786885245902	3946	1
25.52021857923497	2657	1
25.55054644808743	1643	1
25.553934426229507	5981	1
25.586284153005465	4834	1
25.662786885245904	9970	1
25.704972677595627	1523	1
25.756939890710385	4319	1
25.807814207650274	6272	1
25.816557377049183	557	1
25.826502732240435	1505	1
25.82846994535519	7087	1
25.855245901639343	9838	1
25.880655737704917	765	1
25.88311475409836	3707	1
25.88497267759563	6739	1
25.89409836065574	9425	1
25.92852459016393	2087	1
25.94207650273224	7472	1
25.953333333333333	1453	1
25.971256830601092	9635	1
25.98224043715847	987	1
25.985737704918034	26	1
25.985792349726776	9813	1
25.986065573770492	4586	1
25.991639344262296	7063	1
26.025081967213115	1556	1
26.064918032786885	9803	1
26.083825136612024	7233	1
26.162677595628416	4377	1
26.17688524590164	2274	1
26.186338797814205	9717	1
26.187540983606556	3420	1
26.19896174863388	802	1
26.22420765027322	3610	1
26.276612021857925	9522	1
26.290710382513662	7763	1
26.292513661202186	3748	1
26.293934426229505	230	1
26.323770491803277	4123	1
26.32781420765027	741	1
26.341967213114753	499	1
26.37497267759563	4843	1
26.379945355191257	6783	1
26.44344262295082	6468	1
26.464699453551912	9832	1
26.485245901639342	5969	1
26.487158469945356	663	1
26.513169398907106	2961	1
26.524371584699455	9647	1
26.53792349726776	7501	1
26.5403825136612	8940	1
26.54136612021858	1005	1
26.567704918032785	2139	1
26.583879781420762	8895	1
26.601147540983604	4928	1
26.62273224043716	836	1
26.64568306010929	3120	1
26.650874316939888	1781	1
26.66535519125683	3627	1
26.703005464480874	2323	1
26.735792349726776	9979	1
26.757158469945352	5801	1
26.768306010928963	6892	1
26.78054644808743	2418	1
26.781693989071037	4332	1
26.793715846994534	1978	1
26.815300546448086	7941	1
26.852677595628414	8523	1
26.864590163934427	7963	1
26.88901639344262	1791	1
26.891639344262295	5948	1
26.927540983606555	9630	1
26.92868852459016	8995	1
26.961748633879782	3089	1
26.98464480874317	4897	1
27.070601092896172	2902	1
27.086174863387978	6047	1
27.0903825136612	3069	1
27.10655737704918	8118	1
27.13715846994535	9650	1
27.146393442622948	4325	1
27.15775956284153	9639	1
27.175628415300547	5693	1
27.204371584699455	5704	1
27.209617486338797	8617	1
27.24327868852459	9060	1
27.254043715846993	1415	1
27.262950819672128	9427	1
27.269180327868852	7736	1
27.276010928961746	8032	1
27.358032786885243	3943	1
27.37857923497268	5419	1
27.40530054644809	7161	1
27.406393442622953	5328	1
27.415464480874316	8589	1
27.425027322404368	512	1
27.445628415300547	1775	1
27.45060109289617	9270	1
27.468196721311475	5601	1
27.468469945355192	2918	1
27.47114754098361	7773	1
27.54311475409836	7026	1
27.552295081967213	9898	1
27.55273224043716	3424	1
27.595300546448087	2260	1
27.633879781420763	9569	1
27.637158469945355	7059	1
27.666666666666668	4104	1
27.66901639344262	9658	1
27.692076502732238	2997	1
27.70704918032787	3102	1
27.726502732240437	2007	1
27.727868852459018	9493	1
27.832021857923497	3080	1
27.833934426229508	2978	1
27.842131147540982	4719	1
27.846174863387976	8418	1
27.852185792349726	1704	1
27.86005464480874	382	1
27.87726775956284	1019	1
27.935792349726775	7466	1
27.93606557377049	2377	1
27.962841530054646	8982	1
27.98918032786885	524	1
27.9996174863388	3088	1
28.004426229508194	6239	1
28.040109289617487	4182	1
28.072185792349725	5812	1
28.08934426229508	1981	1
28.099945355191256	6242	1
28.102021857923496	703	1
28.14065573770492	5641	1
28.17513661202186	6225	1
28.24306010928962	5617	1
28.24983606557377	5512	1
28.26180327868852	3126	1
28.302295081967213	8691	1
28.308415300546447	9771	1
28.324754098360657	9145	1
28.32972677595628	4561	1
28.33983606557377	2990	1
28.358196721311472	2254	1
28.36081967213115	8734	1
28.3783606557377	5820	1
28.385245901639344	4733	1
28.414590163934427	609	1
28.430983606557376	7758	1
28.434918032786886	4152	1
28.43508196721311	1725	1
28.45360655737705	8625	1
28.48415300546448	3096	1
28.522950819672133	5541	1
28.539945355191257	1157	1
28.55409836065574	4283	1
28.557158469945357	9178	1
28.558306010928963	1765	1
28.593224043715846	2506	1
28.66863387978142	9680	1
28.67005464480874	2615	1
28.72054644808743	4239	1
28.741639344262293	6435	1
28.792568306010928	843	1
28.839016393442623	9983	1
28.851147540983607	7579	1
28.853169398907106	7009	1
28.921639344262292	1715	1
28.941475409836066	3758	1
28.94218579234973	9624	1
28.953278688524588	7199	1
28.96333333333333	4877	1
28.99775956284153	6160	1
29.010163934426227	1623	1
29.036065573770493	9601	1
29.039071038251365	2281	1
29.048524590163932	9332	1
29.085300546448085	6076	1
29.107704918032784	5181	1
29.15601092896175	7677	1
29.17366120218579	5146	1
29.190054644808743	9760	1
29.190601092896177	6573	1
29.241092896174862	5738	1
29.25808743169399	1164	1
29.265245901639346	1897	1
29.28945355191257	8371	1
29.31830601092896	6377	1
29.32191256830601	5936	1
29.323224043715847	8053	1
29.32841530054645	5408	1
29.34655737704918	7544	1
29.363551912568305	7401	1
29.363934426229505	7613	1
29.37540983606557	6169	1
29.420491803278686	7625	1
29.428688524590164	4181	1
29.44950819672131	5396	1
29.46289617486339	4041	1
29.501202185792348	1414	1
29.545081967213115	7403	1
29.592513661202187	1980	1
29.599890710382514	2389	1
29.607704918032784	4189	1
29.612295081967215	1429	1
29.617540983606556	6629	1
29.64191256830601	464	1
29.714426229508195	8087	1
29.734371584699453	7265	1
29.74366120218579	8085	1
29.745956284153007	3475	1
29.75710382513661	4602	1
29.763879781420766	7960	1
29.794535519125684	5309	1
29.810109289617483	2687	1
29.829617486338798	6604	1
29.852131147540984	6518	1
29.85874316939891	1869	1
29.87431693989071	4996	1
29.896885245901636	346	1
29.966174863387977	6003	1
29.985956284153005	6842	1
29.994644808743168	7733	1
29.99792349726776	1210	1
30.052841530054646	2127	1
30.080437158469945	3580	1
30.089344262295082	6317	1
30.09879781420765	6114	1
30.112732240437158	3362	1
30.126721311475407	33	1
30.13289617486339	9618	1
30.14551912568306	7047	1
30.17590163934426	7750	1
30.183278688524588	5702	1
30.19704918032787	6081	1
30.23808743169399	8109	1
30.255683060109288	6291	1
30.266939890710383	4218	1
30.280054644808743	9559	1
30.2924043715847	3812	1
30.34431693989071	9816	1
30.35628415300546	5255	1
30.369398907103825	1865	1
30.38415300546448	2066	1
30.390437158469943	8584	1
30.40136612021858	6763	1
30.43016393442623	1103	1
30.48327868852459	3653	1
30.483715846994535	5121	1
30.492896174863386	9833	1
30.52262295081967	4657	1
30.53120218579235	3532	1
30.544972677595627	3546	1
30.584098360655737	8744	1
30.620054644808743	3824	1
30.621475409836066	3112	1
30.629071038251368	1975	1
30.64016393442623	9162	1
30.643387978142076	3200	1
30.652513661202185	9922	1
30.652786885245902	7858	1
30.65448087431694	9156	1
30.706120218579233	2381	1
30.715245901639342	1944	1
30.76103825136612	372	1
30.765081967213114	6105	1
30.77672131147541	4936	1
30.791311475409834	969	1
30.84584699453552	6055	1
30.890273224043717	8048	1
30.931256830601093	1847	1
30.951092896174863	8521	1
30.95792349726776	551	1
30.959344262295083	9322	1
30.968907103825135	4140	1
31.00704918032787	5546	1
31.025191256830603	4384	1
31.04415300546448	5437	1
31.048415300546445	3417	1
31.060327868852458	4190	1
31.064590163934426	7029	1
31.065956284153003	4895	1
31.07245901639344	6035	1
31.105409836065572	3933	1
31.14349726775956	2685	1
31.185573770491803	6599	1
31.19808743169399	3655	1
31.209125683060112	7838	1
31.210819672131148	8450	1
31.2248087431694	3837	1
31.233114754098363	9357	1
31.233715846994535	4841	1
31.24775956284153	5089	1
31.25978142076503	5626	1
31.323060109289617	9734	1
31.342841530054645	6681	1
31.385737704918032	1760	1
31.409890710382513	7413	1
31.417868852459016	9149	1
31.456010928961746	92	1
31.472950819672132	7786	1
31.475136612021856	3597	1
31.513989071038253	2663	0
31.555901639344263	2185	1
31.56513661202186	4477	1
31.60158469945355	7137	1
31.60726775956284	5514	1
31.629234972677597	6968	1
31.637486338797814	1149	1
31.664754098360653	7823	1
31.70125683060109	4349	1
31.71382513661202	6557	1
31.731420765027323	1798	1
31.735081967213116	6224	1
31.786120218579235	4493	1
31.786721311475407	2963	1
31.79158469945355	8165	1
31.81103825136612	8720	1
31.84863387978142	7566	1
31.873551912568306	8114	1
31.894535519125682	3508	1
31.90174863387978	8225	1
31.920054644808744	4578	1
31.923224043715845	2718	1
31.926010928961748	1953	1
31.960491803278686	2765	1
31.997814207650272	8835	1
32.01256830601093	6793	1
32.040163934426225	5170	1
32.050765027322406	7013	1
32.141256830601094	2767	1
32.1451912568306	7716	1
32.195956284153006	5796	1
32.21945355191257	3023	1
32.23322404371584	8431	1
32.252841530054646	7257	1
32.27699453551912	5889	1
32.30573770491803	8506	1
32.35617486338798	175	1
32.46098360655738	7928	1
32.47398907103825	5454	1
32.475792349726774	5536	1
32.483825136612026	276	1
32.49349726775956	4103	1
32.51092896174863	3821	1
32.51622950819672	8900	1
32.55103825136612	2553	1
32.577267759562844	9779	1
32.60366120218579	7892	1
32.66459016393443	4999	1
32.66502732240437	4350	1
32.69928961748634	6549	1
32.733333333333334	3292	1
32.74366120218579	4802	1
32.759836065573765	5489	1
32.81628415300546	2920	1
32.82453551912568	1159	1
32.87153005464481	2245	1
32.8731693989071	7540	1
32.88710382513661	6707	1
32.894316939890714	6322	1
32.90983606557377	1627	1
32.914098360655736	9450	1
32.91513661202186	8214	1
32.927213114754096	5825	1
32.92737704918033	8899	1
32.94049180327869	7145	1
32.94306010928962	4976	1
32.94918032786885	881	1
32.95666666666667	2700	1
32.97196721311475	9864	1
32.979234972677595	9761	1
32.995956284153	759	1
33.01092896174863	4672	1
33.06765027322404	2449	1
33.10890710382513	8029	1
33.11234972677595	3954	1
33.165191256830596	4470	1
33.183551912568305	6254	1
33.2375956284153	8939	1
33.24284153005464	5253	1
33.254371584699456	7762	1
33.27071038251366	5445	1
33.28524590163934	2063	1
33.31606557377049	0	1
33.32360655737705	6528	1
33.32382513661202	6725	1
33.32409836065574	2450	1
33.35513661202186	9028	1
33.37131147540983	7615	1
33.38311475409836	8511	1
33.38398907103825	432	1
33.40021857923497	1264	1
33.40562841530055	7150	1
33.40617486338798	9051	1
33.40978142076502	1419	1
33.4220218579235	9466	1
33.44087431693989	8455	1
33.45885245901639	6934	1
33.46071038251366	4629	1
33.46393442622951	6743	1
33.470983606557375	1926	1
33.4748087431694	8122	1
33.47491803278688	1389	1
33.47715846994535	4792	1
33.47983606557377	1666	1
33.48530054644809	7621	1
33.488579234972676	4960	1
33.489726775956285	5231	1
33.49300546448087	8137	1
33.497923497267756	9228	1
33.53032786885246	3878	1
33.54114754098361	8555	1
33.541693989071035	7223	1
33.54939890710383	1840	1
33.55989071038251	731	1
33.59010928961749	2414	1
33.598196721311474	8630	1
33.603770491803274	6702	1
33.60688524590164	7532	1
33.621038251366116	7649	1
33.62191256830601	1825	1
33.63950819672131	7241	1
33.673387978142074	4981	1
33.68229508196721	9931	1
33.68590163934426	2350	1
33.686939890710384	7500	1
33.68748633879781	3451	1
33.702185792349724	1722	1
33.70355191256831	1910	1
33.709726775956284	4475	1
33.71486338797814	8608	1
33.72005464480874	4900	1
33.72857923497268	1551	1
33.743825136612024	9925	1
33.74748633879781	5817	1
33.74885245901639	6442	1
33.75568306010929	4723	1
33.76338797814208	5154	1
33.76868852459017	5924	1
33.77180327868852	1696	1
33.77273224043716	9620	1
33.779016393442625	579	1
33.79989071038251	3349	1
33.802185792349725	4994	1
33.810054644808744	317	1
33.82825136612022	6306	1
33.83273224043716	4270	1
33.84387978142076	9224	1
33.87726775956284	8504	1
33.88322404371585	9483	1
33.89136612021858	2528	1
33.89775956284153	4932	1
33.914480874316936	6247	1
33.92333333333333	5727	1
33.92628415300546	5656	1
33.94174863387978	6423	1
33.94327868852459	7689	1
33.96655737704918	1371	1
34.00071038251366	7971	1
34.00939890710382	582	1
34.0164480874317	6778	1
34.019344262295085	9984	1
34.040491803278684	5342	1
34.05469945355191	4978	1
34.0579781420765	9146	1
34.05830601092896	6620	1
34.06071038251366	9197	1
34.06366120218579	7855	1
34.06912568306011	1131	1
34.0920218579235	3860	1
34.1048087431694	8920	1
34.12879781420765	1216	1
34.13945355191257	6276	1
34.152896174863386	2550	1
34.16322404371584	7783	1
34.17666666666666	5764	1
34.17879781420765	9097	1
34.21918032786885	7307	1
34.2644262295082	321	1
34.2648087431694	2557	1
34.27885245901639	374	1
34.28912568306011	9700	1
34.31732240437159	1812	1
34.330273224043715	8324	1
34.338907103825136	8062	1
34.34579234972678	9348	1
34.34743169398907	7633	1
34.35442622950819	223	1
34.37054644808743	3757	1
34.38174863387978	5526	1
34.38245901639344	955	1
34.387486338797814	7362	1
34.39169398907104	8507	1
34.39502732240437	4268	1
34.40825136612022	6417	1
34.42027322404372	2751	1
34.4311475409836	7976	1
34.43224043715847	3625	1
34.47551912568306	5737	1
34.47896174863388	4509	1
34.49207650273224	4119	1
34.49737704918033	8434	1
34.506120218579234	7460	1
34.53087431693989	8872	1
34.538032786885246	1548	1
34.54983606557377	9994	1
34.55983606557377	2091	1
34.56120218579235	172	1
34.56469945355191	4752	1
34.57382513661202	8151	1
34.5835519125683	6166	1
34.60032786885246	9773	1
34.60169398907104	6511	1
34.63224043715847	8739	1
34.63437158469946	1930	1
34.64404371584699	5521	1
34.64551912568306	2684	1
34.67475409836066	7158	1
34.68497267759563	2328	1
34.68551912568306	2547	1
34.72453551912568	3430	1
34.73688524590164	7235	1
34.7620218579235	3028	1
34.77120218579235	6505	1
34.840710382513656	2779	1
34.86595628415301	4738	1
34.8679781420765	4204	1
34.87453551912568	2973	1
34.892786885245904	8406	1
34.89295081967213	7728	1
34.920546448087435	6933	1
34.93486338797814	5762	1
34.94142076502732	5210	1
34.946174863387974	5901	1
34.94939890710382	4059	1
34.954426229508194	1851	1
34.95579234972678	9806	1
34.96934426229509	6910	1
34.970983606557375	982	1
34.985519125683055	7950	1
34.99322404371585	9549	1
35.0015300546448	4066	1
35.00448087431694	8991	1
35.014371584699454	448	1
35.01918032786885	6390	1
35.0224043715847	5399	1
35.02382513661202	2161	1
35.03972677595629	316	1
35.04371584699454	5939	1
35.045519125683064	8603	1
35.06584699453552	5502	1
35.09726775956284	9408	1
35.11120218579235	4024	1
35.123715846994536	9988	1
35.134918032786885	7511	1
35.13950819672131	675	1
35.14295081967213	6598	1
35.15076502732241	2780	1
35.177213114754096	9260	1
35.17819672131148	6332	1
35.19661202185792	1706	1
35.197759562841526	6467	1
35.22486338797815	2059	1
35.225901639344265	6584	1
35.249071038251365	4554	1
35.250491803278685	4179	1
35.2744262295082	1749	1
35.290928961748634	6900	1
35.2975956284153	100	1
35.31404371584699	2738	1
35.315355191256835	5273	1
35.33136612021858	7538	1
35.342568306010925	6738	1
35.35060109289618	6748	1
35.35448087431694	7934	1
35.3796174863388	469	1
35.38770491803278	527	1
35.39071038251366	6497	1
35.40344262295081	3896	1
35.40409836065574	3218	1
35.420437158469944	3786	1
35.422240437158464	3932	1
35.429508196721315	6455	1
35.43770491803279	2917	1
35.45393442622951	9414	1
35.460928961748635	8604	1
35.48142076502732	6197	1
35.48426229508197	3752	1
35.48699453551913	3005	1
35.52398907103825	1306	1
35.54234972677596	5010	1
35.571311475409836	2627	1
35.5807650273224	5325	1
35.58453551912569	9746	1
35.59535519125683	9340	1
35.59770491803279	3951	1
35.60371584699453	4465	1
35.62672131147541	9297	1
35.630054644808745	8628	1
35.637486338797814	6444	1
35.63819672131147	9369	1
35.642841530054646	5050	1
35.682732240437154	2907	1
35.68775956284153	905	1
35.68939890710382	4923	1
35.700874316939895	3068	1
35.71677595628415	1140	1
35.724754098360656	7914	1
35.73683060109289	8552	1
35.744480874316935	1684	1
35.74857923497268	7072	1
35.777923497267764	5813	1
35.77841530054645	9729	1
35.817978142076505	7802	1
35.821639344262294	8707	1
35.842568306010925	7871	1
35.84535519125683	2722	1
35.852732240437156	3432	1
35.86912568306011	267	1
35.88120218579235	6498	1
35.90071038251366	59	1
35.90409836065574	6477	1
35.90426229508196	6307	1
35.90830601092896	1967	1
35.91830601092896	6405	1
35.92743169398907	2239	1
35.93267759562842	3665	1
35.93754098360655	9844	1
35.938469945355195	5416	1
35.94606557377049	2829	1
35.96628415300546	7454	1
35.98131147540983	3427	1
35.9896174863388	8888	1
35.990109289617486	9628	1
36.01956284153005	4219	1
36.030109289617485	6979	1
36.032349726775955	6680	1
36.039508196721314	3147	1
36.06885245901639	4111	1
36.06945355191257	2016	1
36.07098360655738	1054	1
36.0748087431694	6768	1
36.090382513661204	4661	1
36.09945355191257	1364	1
36.10491803278689	1584	1
36.10546448087432	2693	1
36.13010928961749	7427	1
36.158087431693986	9373	1
36.17644808743169	5611	1
36.18737704918033	1105	1
36.19579234972677	2796	1
36.2155737704918	1275	1
36.21857923497268	4069	1
36.2431693989071	4261	1
36.276666666666664	6625	1
36.28994535519126	9862	1
36.30568306010929	1231	1
36.317540983606555	5709	1
36.32448087431694	2821	1
36.33071038251366	1929	1
36.331420765027325	9914	1
36.34169398907104	2527	1
36.34174863387978	8903	1
36.364262295081964	2850	1
36.36868852459016	6611	1
36.38256830601093	4867	1
36.38513661202186	9251	1
36.39245901639344	65	1
36.39513661202186	9632	1
36.39770491803279	2459	1
36.409234972677595	8936	1
36.43306010928961	3486	1
36.441420765027324	5275	1
36.44322404371585	5353	1
36.450765027322404	6136	1
36.4548087431694	4716	1
36.46109289617486	7630	1
36.47857923497268	9485	1
36.487595628415306	5744	1
36.49666666666666	6089	1
36.503442622950814	123	1
36.50765027322404	8288	1
36.51196721311475	3113	1
36.51743169398907	90	1
36.52852459016393	9496	1
36.52961748633879	7311	1
36.53327868852459	783	1
36.53666666666666	5438	1
36.554043715846994	8512	1
36.59857923497268	2792	1
36.6051912568306	9586	1
36.60524590163934	2947	1
36.60754098360656	6195	1
36.60956284153006	7890	1
36.613606557377054	9980	1
36.616939890710384	543	1
36.62792349726776	3160	1
36.632950819672125	9996	1
36.641639344262295	3164	1
36.651748633879784	4500	1
36.6643169398907	8311	1
36.666721311475406	9136	1
36.69579234972677	155	1
36.70393442622951	1030	1
36.70846994535519	8454	1
36.733387978142076	3156	1
36.73349726775956	4713	1
36.746448087431695	6574	1
36.774918032786886	3448	1
36.77803278688524	2509	1
36.77896174863388	6947	1
36.79142076502732	2023	1
36.79382513661202	3894	1
36.82010928961749	2466	1
36.82103825136612	269	1
36.825737704918026	638	1
36.853387978142074	8567	1
36.874426229508195	7017	1
36.91956284153006	6992	1
36.92628415300546	7451	1
36.934316939890714	6821	1
36.9472131147541	5155	1
36.95344262295082	5329	1
36.95732240437158	5661	1
36.96103825136612	281	1
36.96928961748634	4187	1
37.0564480874317	4712	1
37.05994535519125	2805	1
37.06218579234973	4687	1
37.0624043715847	1096	1
37.06333333333333	2570	1
37.06666666666667	2853	1
37.06857923497268	7096	1
37.082131147540984	8250	1
37.08306010928962	6361	1
37.09469945355191	7876	1
37.11147540983607	9529	1
37.113661202185796	4898	1
37.114262295081964	7857	1
37.11491803278689	1598	1
37.13584699453551	7406	1
37.145792349726776	541	1
37.16770491803279	6838	1
37.17792349726776	3745	1
37.19639344262295	9641	1
37.22420765027322	9367	1
37.24251366120219	2692	1
37.26901639344262	1732	1
37.27360655737705	8755	1
37.28174863387978	1388	1
37.28409836065573	7624	1
37.29163934426229	5515	1
37.31661202185792	3114	1
37.32224043715847	6403	1
37.324153005464474	6554	1
37.329562841530056	5655	1
37.32983606557377	916	1
37.336557377049175	4055	1
37.34404371584699	232	1
37.3551912568306	5838	1
37.36448087431693	8475	1
37.36841530054645	4917	1
37.3787431693989	9291	1
37.38650273224044	6365	1
37.39420765027322	592	1
37.426065573770494	5327	1
37.45846994535519	1327	1
37.47524590163934	191	1
37.49748633879781	7618	1
37.4996174863388	7345	1
37.539562841530056	486	1
37.54715846994536	334	1
37.55939890710382	3555	1
37.56699453551913	8747	1
37.58748633879782	3074	1
37.588196721311476	5583	1
37.589672131147545	791	1
37.61109289617486	6685	1
37.650163934426224	5175	1
37.65754098360655	3959	1
37.667814207650274	2942	1
37.6683606557377	2200	1
37.68	4850	1
37.68978142076503	9067	1
37.704918032786885	8024	1
37.708251366120216	5294	1
37.714590163934425	812	1
37.72273224043716	2124	1
37.75934426229508	5734	1
37.76207650273224	8718	1
37.77513661202185	4489	1
37.77726775956284	265	1
37.786010928961744	4006	1
37.788743169398906	4881	1
37.80207650273224	6904	1
37.814535519125684	2057	1
37.82207650273224	7388	1
37.82229508196722	3396	1
37.83174863387978	9443	1
37.84601092896175	9211	1
37.85628415300547	8392	1
37.896120218579235	655	1
37.900327868852465	4587	1
37.943715846994536	8731	1
37.944426229508196	4101	1
37.962021857923496	1291	1
37.98196721311475	9469	1
37.98289617486339	7036	1
37.98737704918033	5415	1
38.001693989071036	9475	1
38.074371584699456	1486	1
38.08683060109289	6488	1
38.087049180327874	7452	1
38.08879781420765	9415	1
38.09163934426229	3082	1
38.09453551912568	8113	1
38.11486338797814	3723	1
38.117650273224044	4496	1
38.117650273224044	7522	1
38.143497267759564	2865	1
38.184371584699456	3010	1
38.21524590163934	9480	1
38.24437158469945	3980	1
38.25557377049181	255	1
38.28786885245901	325	1
38.316338797814204	5697	1
38.3248087431694	948	1
38.3596174863388	2848	1
38.372185792349725	2732	1
38.37715846994536	8788	1
38.39420765027322	537	1
38.39704918032787	8779	1
38.41846994535519	3059	1
38.42590163934426	5525	1
38.43054644808743	8740	1
38.446557377049174	193	1
38.45765027322404	4947	1
38.458961748633875	9265	1
38.47497267759563	2939	1
38.47639344262295	2149	1
38.47792349726775	7837	1
38.47945355191257	9509	1
38.48098360655738	2191	1
38.49655737704918	1379	1
38.50934426229508	1888	1
38.51202185792349	4364	1
38.51404371584699	6457	1
38.54469945355191	9202	1
38.54950819672131	9536	1
38.596775956284155	1874	1
38.610218579234974	6782	1
38.62207650273224	9809	1
38.639781420765026	1411	1
38.64300546448087	8049	1
38.64934426229508	9776	1
38.682404371584695	4806	1
38.69060109289617	3719	1
38.73885245901639	9020	1
38.753989071038255	8218	1
38.76907103825136	6439	1
38.773278688524584	5556	1
38.812677595628415	9673	1
38.830546448087425	2019	1
38.83267759562841	5668	1
38.843333333333334	9392	1
38.84803278688525	8007	1
38.8679781420765	5919	1
38.875956284153006	8947	1
38.90196721311476	8959	1
38.91284153005464	5307	1
38.915245901639345	5184	1
38.916229508196714	4347	1
38.92065573770492	4005	1
38.92584699453552	6807	1
38.9579781420765	1680	1
39.00196721311475	6846	1
39.002841530054646	5313	1
39.06688524590164	3715	1
39.08907103825136	7456	1
39.095136612021854	5443	1
39.1664480874317	4115	1
39.172732240437156	6965	1
39.178306010928964	9818	1
39.20005464480874	2213	1
39.250163934426226	5872	1
39.27207650273224	4535	1
39.290928961748634	4531	1
39.2915300546448	2118	1
39.30868852459016	1271	1
39.33612021857923	5217	1
39.34267759562841	7365	1
39.34890710382514	8726	1
39.3596174863388	9866	1
39.38885245901639	2594	1
39.40147540983606	7642	1
39.405792349726774	8926	1
39.40715846994536	399	1
39.411202185792355	9484	1
39.41398907103825	6877	1
39.41573770491803	2749	1
39.42606557377049	6606	1
39.45770491803278	1365	1
39.470874316939884	6386	1
39.472841530054644	4482	1
39.4951912568306	4388	1
39.4955737704918	9308	1
39.49743169398907	3372	1
39.50158469945355	7489	1
39.5351912568306	3143	1
39.55153005464481	3433	1
39.55163934426229	9895	1
39.560437158469945	5424	1
39.56065573770492	451	1
39.56158469945355	6999	1
39.57551912568306	4198	1
39.58644808743169	4491	1
39.597486338797815	5775	1
39.60174863387978	7278	1
39.61196721311475	7074	1
39.63497267759563	9444	1
39.645683060109285	5164	1
39.66502732240437	6614	1
39.70786885245902	492	1
39.70814207650273	6052	1
39.709726775956284	4718	1
39.725464480874315	2531	1
39.75704918032787	6636	1
39.79234972677595	7846	1
39.79366120218579	4643	1
39.80049180327868	3595	1
39.81868852459016	8788	0
39.836174863387974	5444	1
39.85109289617487	4548	1
39.85928961748633	1557	1
39.87655737704918	3537	1
39.879726775956286	1958	1
39.891639344262295	3033	1
39.90595628415301	2482	1
39.95448087431694	8774	1
39.96415300546448	3783	1
39.96633879781421	152	1
39.96863387978142	3883	1
40.00437158469945	6710	1
40.00715846994536	3159	1
40.021475409836064	5488	1
40.02306010928962	5323	1
40.023333333333326	9741	1
40.02732240437158	7300	1
40.099726775956285	3258	1
40.111202185792344	5853	1
40.11945355191257	6634	1
40.134043715847	7131	1
40.13775956284153	264	1
40.14814207650273	8356	1
40.148360655737704	8531	1
40.167049180327865	195	1
40.20174863387978	6548	1
40.218360655737705	1631	1
40.23693989071038	6657	1
40.23983606557377	6245	1
40.269289617486336	1086	1
40.320109289617484	9451	1
40.35601092896175	7900	1
40.35633879781421	1101	1
40.3651912568306	4635	1
40.366939890710384	9952	1
40.368797814207646	9958	1
40.38956284153006	7956	1
40.40065573770492	9578	1
40.40147540983607	9836	0
40.40185792349727	6766	1
40.42398907103825	6469	1
40.455737704918036	8478	1
40.455956284153004	4054	1
40.47043715846994	85	1
40.47065573770492	12	1
40.477322404371584	8957	1
40.47939890710382	2793	1
40.495027322404376	6335	1
40.49508196721312	439	1
40.49814207650273	2076	1
40.505464480874316	4078	1
40.51524590163934	7247	1
40.517431693989074	1119	1
40.522677595628416	8951	1
40.53939890710383	2768	1
40.54950819672131	8145	1
40.55715846994535	7695	1
40.580983606557375	4622	1
40.59245901639344	6539	1
40.60453551912568	2262	1
40.62688524590164	9360	1
40.63295081967213	7839	1
40.643114754098356	7337	1
40.64448087431694	8817	1
40.67136612021858	4952	1
40.67284153005465	7478	1
40.682459016393445	4321	1
40.68448087431693	3038	1
40.69825136612022	9154	1
40.704918032786885	2580	1
40.7127868852459	8468	1
40.71404371584699	3238	1
40.71748633879781	7693	1
40.73573770491803	9747	1
40.760983606557375	5729	1
40.76114754098361	2297	1
40.76633879781421	2332	1
40.77655737704918	8090	1
40.78043715846995	3199	1
40.782459016393446	9711	1
40.79125683060109	7717	1
40.80710382513661	3598	1
40.81885245901639	5970	1
40.82300546448087	9798	1
40.825355191256826	2371	1
40.83502732240437	5220	1
40.8435519125683	9869	1
40.88825136612022	2337	1
40.905792349726774	924	1
40.9244262295082	2078	1
40.927595628415304	9274	1
40.96557377049181	6071	1
40.96770491803278	6759	1
40.97218579234973	1649	1
40.97387978142076	7741	1
40.98387978142076	5104	1
40.98568306010929	9940	1
40.99972677595628	6474	1
41.00289617486339	4461	1
41.00830601092896	8664	1
41.02535519125683	7229	1
41.04224043715847	2945	1
41.0744262295082	9330	1
41.10469945355191	1446	1
41.12825136612022	1075	1
41.1348087431694	626	1
41.137267759562846	1997	1
41.143551912568306	3796	1
41.16010928961749	3701	1
41.16431693989071	9590	1
41.16945355191256	8651	1
41.17945355191257	6353	1
41.19983606557377	9424	1
41.22420765027322	9337	1
41.246120218579236	1055	1
41.27016393442623	3278	1
41.293934426229505	2628	1
41.299562841530054	7809	1
41.29989071038251	4288	1
41.303333333333335	3247	1
41.30579234972678	9678	1
41.315300546448086	5426	1
41.33054644808743	3948	1
41.3351912568306	8242	1
41.337759562841526	3895	1
41.339562841530054	8108	1
41.34234972677596	8206	1
41.35327868852458	9791	1
41.35639344262295	7549	1
41.36	8153	1
41.36109289617487	3428	1
41.36333333333333	76	1
41.38693989071038	6709	1
41.39715846994535	5621	1
41.41524590163934	5602	1
41.41530054644809	9508	1
41.459071038251366	8002	1
41.4696174863388	4466	1
41.47158469945355	6223	1
41.4783606557377	7043	1
41.48978142076503	3011	1
41.49213114754098	9470	1
41.49486338797814	4060	1
41.497978142076505	3480	1
41.50584699453552	4541	1
41.50595628415301	1794	1
41.51693989071038	4582	1
41.53754098360656	5772	1
41.542404371584695	7196	1
41.55814207650273	5102	1
41.57956284153005	563	1
41.619180327868854	5205	1
41.6216393442623	3501	1
41.626229508196715	7361	1
41.63306010928962	7232	1
41.6407650273224	2811	1
41.65775956284153	5810	1
41.67262295081967	9631	1
41.67327868852459	667	1
41.715683060109285	6461	1
41.72978142076503	7537	1
41.74054644808743	6816	1
41.74191256830601	8861	1
41.79016393442623	8404	1
41.79295081967213	9459	1
41.7931693989071	9715	1
41.795519125683064	7514	1
41.81803278688525	9004	1
41.825956284153	4458	1
41.83333333333333	1263	1
41.83502732240437	3900	1
41.85508196721312	6773	1
41.86021857923497	923	1
41.86267759562841	7669	1
41.87601092896175	1039	1
41.877704918032784	8846	1
41.90295081967213	2510	1
41.93393442622951	6378	1
41.94863387978142	5852	1
41.95693989071038	9467	1
41.982568306010926	7519	1
41.99060109289618	8601	1
42.01163934426229	5039	1
42.01573770491803	4149	1
42.03819672131147	9295	1
42.03879781420765	5839	1
42.0455737704918	1491	1
42.10147540983606	7031	1
42.102021857923496	6924	1
42.108306010928956	6168	1
42.13245901639344	2535	1
42.14103825136612	3553	1
42.14535519125683	3389	1
42.14601092896175	9956	1
42.16475409836065	7319	1
42.171584699453554	3277	1
42.17579234972678	5054	1
42.17863387978142	4592	1
42.19234972677596	8647	1
42.19672131147541	9089	1
42.21743169398907	1109	1
42.22530054644809	5535	1
42.2279781420765	8517	1
42.23743169398907	1890	1
42.24814207650273	5878	1
42.249453551912566	5633	1
42.25180327868852	4262	1
42.27087431693989	3977	1
42.276775956284155	611	1
42.2803825136612	5453	1
42.29120218579235	9823	1
42.299508196721305	8254	1
42.300710382513664	5553	1
42.30174863387978	351	1
42.32879781420765	6236	1
42.338524590163935	2806	1
42.35677595628415	1277	1
42.36666666666667	1895	1
42.37349726775956	6320	1
42.41010928961749	6041	1
42.41071038251366	2236	1
42.417103825136614	6015	1
42.422677595628414	7714	1
42.43393442622951	7991	1
42.43633879781421	9325	1
42.47229508196721	5304	1
42.47437158469945	4175	1
42.48502732240437	5160	1
42.4864480874317	3136	1
42.493825136612024	8073	1
42.498688524590165	7188	1
42.51098360655738	4271	1
42.519999999999996	2880	1
42.528633879781424	4358	1
42.53972677595629	3008	1
42.555846994535514	7957	1
42.58781420765027	6189	1
42.61021857923497	2721	1
42.611420765027326	75	1
42.61486338797815	9063	1
42.63142076502732	9571	1
42.64054644808743	5618	1
42.65748633879781	2624	1
42.683497267759556	7810	1
42.69863387978142	4155	1
42.72	4688	1
42.72896174863388	2862	1
42.765901639344264	9710	1
42.76814207650273	8970	1
42.79049180327869	5570	1
42.79530054644808	9785	1
42.796229508196724	1386	1
42.798032786885244	5034	1
42.80387978142076	7893	1
42.82825136612022	1537	1
42.856830601092895	3171	1
42.8779781420765	2178	1
42.89005464480874	1445	1
42.915245901639345	4572	1
42.91535519125683	1310	1
42.91704918032787	7085	1
42.91775956284153	9525	1
42.93612021857924	696	1
42.93628415300547	8713	1
42.942622950819676	1393	1
42.94622950819672	9874	1
42.95885245901639	5955	1
42.99486338797814	1939	1
42.99928961748634	8100	1
43.001639344262294	8915	1
43.00464480874317	2835	1
43.00606557377049	2725	1
43.01229508196722	2653	1
43.027431693989065	8445	1
43.032021857923496	1585	1
43.03393442622951	5802	1
43.037540983606554	8054	1
43.06289617486339	1820	1
43.071693989071036	5674	1
43.089617486338796	8366	1
43.1275956284153	414	1
43.13497267759563	9699	1
43.142021857923496	1074	1
43.1548087431694	7692	1
43.17808743169399	9309	1
43.18868852459016	7041	1
43.189836065573765	3632	1
43.200819672131146	3790	1
43.25672131147541	5361	1
43.26382513661202	2379	1
43.26387978142077	1357	1
43.26825136612022	2944	1
43.28622950819672	313	1
43.318688524590165	6721	1
43.32333333333333	7374	1
43.338087431693985	3572	1
43.347049180327865	2378	1
43.36737704918033	6730	1
43.37338797814207	2555	1
43.384590163934426	7264	1
43.401803278688526	4153	1
43.40825136612022	6466	1
43.488142076502726	3640	1
43.49874316939891	2247	1
43.510601092896174	2005	1
43.5451912568306	6452	1
43.55229508196721	1946	1
43.553715846994535	8168	1
43.56442622950819	5664	1
43.567158469945355	5640	1
43.57469945355191	4012	1
43.589234972677595	9104	1
43.59092896174864	5112	1
43.60131147540984	7885	1
43.626775956284156	7440	1
43.62754098360656	4876	1
43.62939890710383	7251	1
43.638961748633875	2416	1
43.640218579234975	3128	0
43.65125683060109	8681	1
43.66289617486339	5061	1
43.664098360655736	5052	1
43.66420765027323	5059	1
43.68333333333333	688	1
43.68377049180328	426	1
43.686612021857925	7487	1
43.69322404371585	1507	1
43.706721311475405	9346	1
43.711311475409836	6637	1
43.71185792349727	2843	1
43.711967213114754	2430	1
43.71546448087432	8009	1
43.71672131147541	1555	1
43.751639344262294	7860	1
43.752076502732244	6889	1
43.77715846994535	9510	1
43.78967213114754	8095	1
43.812732240437164	4086	1
43.82322404371585	3209	1
43.82628415300546	5031	1
43.829125683060106	1829	1
43.85469945355191	9786	1
43.85672131147541	1071	1
43.858688524590164	6719	1
43.861639344262294	3198	1
43.91453551912568	6959	1
43.92185792349727	9677	1
43.9292349726776	6462	1
43.941803278688525	9363	1
43.945245901639346	8566	1
43.94617486338798	6471	1
43.97256830601093	2982	1
43.98606557377049	5433	1
43.991256830601095	8219	1
44.001311475409835	7123	1
44.0048087431694	1255	1
44.015956284153006	8027	1
44.035683060109285	6175	1
44.04010928961748	1420	1
44.04939890710382	1655	1
44.062732240437164	9307	1
44.08502732240437	7331	1
44.11934426229508	1525	1
44.1303825136612	1177	1
44.131475409836064	5118	1
44.14065573770492	4559	1
44.165245901639345	7828	1
44.17513661202185	3367	1
44.199999999999996	1819	1
44.20333333333333	1125	1
44.21267759562841	272	1
44.222841530054644	4216	1
44.22617486338798	3565	1
44.22863387978142	8627	1
44.22972677595628	3704	1
44.25754098360656	6099	1
44.259180327868854	8143	1
44.32530054644809	4375	1
44.3424043715847	3040	1
44.3483606557377	1295	1
44.35125683060109	6998	1
44.35661202185792	9879	1
44.40453551912568	680	1
44.40573770491803	5138	1
44.418196721311475	9214	1
44.42393442622951	6914	1
44.42890710382513	704	1
44.44185792349727	7946	1
44.45803278688525	9050	1
44.459836065573775	5387	1
44.46928961748634	7545	1
44.48344262295082	8322	1
44.525245901639344	6463	1
44.54371584699454	2603	1
44.564153005464476	1545	1
44.56874316939891	7705	1
44.59622950819672	5505	1
44.66650273224044	7099	1
44.67890710382513	3683	1
44.682021857923495	4725	1
44.70245901639344	1665	1
44.70743169398907	7238	1
44.722404371584695	7626	1
44.737486338797815	6501	1
44.73994535519126	2932	1
44.75300546448087	3076	1
44.75398907103825	1646	1
44.75765027322404	8232	1
44.760710382513665	5324	1
44.781639344262295	4084	1
44.788688524590164	1972	1
44.796502732240434	2703	1
44.81016393442623	5169	1
44.8563387978142	9742	1
44.86371584699453	3973	1
44.8772131147541	128	1
44.893169398907105	899	1
44.90120218579235	1443	1
44.904754098360655	2050	1
44.90874316939891	4027	1
44.92590163934427	2317	1
44.93699453551912	4245	1
44.96229508196721	72	1
44.968743169398905	7476	1
44.98120218579235	1757	1
44.98196721311476	7159	1
45.01092896174863	1009	1
45.03213114754099	2263	1
45.06442622950819	7833	1
45.07185792349727	6211	1
45.11087431693989	816	1
45.111311475409835	112	1
45.12420765027323	6970	1
45.126775956284156	6010	1
45.12836065573771	8997	1
45.130819672131146	4775	1
45.133060109289616	1416	1
45.141256830601094	1539	1
45.15508196721311	752	1
45.175956284153	5263	1
45.18666666666667	1497	1
45.187704918032786	660	1
45.19120218579235	7193	1
45.207158469945355	6440	1
45.21448087431694	1172	1
45.225901639344265	5159	1
45.22748633879782	3547	1
45.22857923497268	719	1
45.25185792349727	4467	1
45.263224043715844	3484	1
45.29262295081967	2351	1
45.34251366120219	1511	1
45.356502732240436	7556	1
45.35688524590164	9681	1
45.37125683060109	4017	1
45.374480874316944	2343	1
45.38726775956284	9499	1
45.39071038251366	8762	1
45.392021857923496	9343	1
45.423497267759565	8473	1
45.43814207650273	2875	1
45.445519125683056	3898	1
45.468087431693995	2601	1
45.488196721311475	7295	1
45.505519125683065	6436	1
45.523387978142075	892	1
45.54431693989071	8310	1
45.54825136612022	6126	1
45.55398907103825	5470	1
45.5603825136612	3371	1
45.56289617486339	6415	1
45.57016393442623	8661	1
45.57158469945355	6401	1
45.57251366120219	4173	1
45.61213114754098	7283	1
45.6260655737705	3264	1
45.63142076502732	568	1
45.64524590163934	7583	1
45.65344262295082	9599	1
45.65967213114754	5229	1
45.6627868852459	4538	1
45.66912568306011	3563	1
45.672677595628414	9517	1
45.67661202185792	3435	1
45.68065573770492	5957	1
45.683551912568305	9722	1
45.686939890710384	8717	1
45.70125683060109	248	1
45.716229508196726	6989	1
45.73453551912568	9416	1
45.7511475409836	6204	1
45.75295081967213	8034	1
45.76573770491803	9266	1
45.768907103825136	6146	1
45.7716393442623	2488	1
45.77508196721312	8294	1
45.776775956284155	3893	1
45.790491803278684	7384	1
45.82333333333334	2507	1
45.8355737704918	9098	1
45.83633879781421	4301	1
45.84158469945355	6049	1
45.880382513661196	7611	1
45.88513661202185	6334	1
45.89868852459016	8477	1
45.91475409836065	1925	1
45.942076502732235	7282	1
45.942896174863385	6872	1
45.95956284153005	1307	1
45.97207650273224	6974	1
45.995628415300544	6344	1
45.99710382513661	5189	1
45.999508196721315	6167	1
46.00808743169399	1000	1
46.00945355191257	9401	1
46.018907103825136	697	1
46.01956284153005	3576	1
46.02234972677596	5715	1
46.04437158469945	8135	1
46.09699453551912	4613	1
46.10934426229508	4062	1
46.11377049180328	9969	1
46.119508196721306	129	1
46.134918032786885	6238	1
46.20426229508197	4655	1
46.208251366120216	4885	1
46.21366120218579	2777	1
46.22819672131147	4129	1
46.241147540983604	9436	1
46.24775956284153	6437	1
46.26967213114754	1544	1
46.27295081967213	8010	1
46.28262295081967	6755	1
46.29081967213115	5142	1
46.30147540983606	4305	1
46.32519125683061	7682	1
46.334153005464486	4801	1
46.34049180327869	7266	1
46.355628415300544	3421	1
46.35628415300547	4324	1
46.36267759562841	5214	1
46.37650273224044	8897	1
46.381147540983605	8396	1
46.39590163934426	865	1
46.39704918032787	7678	1
46.42114754098361	7673	1
46.432021857923495	9433	1
46.45355191256831	2511	1
46.46147540983607	185	1
46.46551912568306	5458	1
46.46912568306011	4073	1
46.480765027322406	2041	1
46.48918032786885	6750	1
46.51267759562842	1127	1
46.51612021857924	3070	1
46.53726775956284	8554	1
46.55158469945355	5722	1
46.554863387978145	9939	1
46.604207650273224	3813	1
46.614754098360656	7080	1
46.62863387978142	1695	1
46.63426229508197	9349	1
46.644590163934424	5475	1
46.66923497267759	9110	1
46.67622950819672	228	1
46.68224043715847	4314	1
46.692076502732235	8623	1
46.712622950819664	1677	1
46.714699453551916	8806	1
46.73289617486339	1531	1
46.737868852459016	8159	1
46.746448087431695	2515	1
46.755409836065574	1594	1
46.77398907103825	4021	1
46.77688524590164	6895	1
46.78032786885246	911	1
46.7927868852459	3601	1
46.847486338797815	5015	1
46.85174863387978	9743	1
46.86360655737705	6350	1
46.87770491803279	1966	1
46.892021857923496	337	1
46.91131147540983	4619	1
46.92825136612022	6781	1
46.96491803278688	2560	1
46.97043715846995	3407	1
46.99071038251366	4631	1
47.025628415300545	5518	1
47.02661202185792	7447	1
47.03770491803279	4797	1
47.03967213114754	8904	1
47.0868306010929	8200	1
47.11267759562842	1084	1
47.13207650273224	5003	1
47.13885245901639	6251	1
47.14142076502733	939	1
47.17180327868852	8492	1
47.21185792349726	1892	1
47.22327868852459	4228	1
47.23469945355191	5349	1
47.24109289617486	6916	1
47.24814207650273	4778	1
47.25229508196721	8148	1
47.25524590163934	5370	1
47.255464480874316	6812	1
47.26841530054645	37	1
47.28639344262295	710	1
47.308306010928966	4594	1
47.32584699453552	5038	1
47.34573770491804	404	1
47.352950819672124	1854	1
47.3611475409836	707	1
47.377049180327866	780	1
47.3783606557377	4527	1
47.37983606557377	5345	1
47.39	7536	1
47.39803278688524	5835	1
47.41677595628415	7699	1
47.420819672131145	4765	1
47.42825136612022	2976	1
47.44377049180328	3669	1
47.45120218579235	8446	1
47.452677595628415	446	1
47.46076502732241	595	1
47.46497267759563	2661	1
47.465355191256826	9714	1
47.47530054644808	6271	1
47.51262295081967	3935	1
47.52672131147541	4098	1
47.54229508196721	9721	1
47.551038251366116	3684	1
47.5879781420765	5863	1
47.60814207650273	1139	1
47.62229508196721	7092	1
47.63213114754098	5119	1
47.64262295081967	1948	1
47.64726775956284	2675	1
47.64743169398907	1931	1
47.64814207650273	9437	1
47.66032786885246	5848	1
47.677923497267756	1906	1
47.70786885245902	8386	1
47.73005464480874	3840	1
47.74781420765027	9446	1
47.760983606557375	8098	1
47.76448087431694	8349	1
47.76732240437158	7942	1
47.83989071038251	4517	1
47.84103825136612	7948	1
47.84530054644808	9140	1
47.8527868852459	8194	1
47.871693989071034	4440	1
47.88912568306011	7952	1
47.889344262295076	3869	1
47.90530054644809	3848	1
47.957486338797814	4148	1
47.95792349726776	4390	1
47.96928961748633	1297	1
47.96956284153005	3966	1
47.9703825136612	2205	1
47.971311475409834	1768	1
48.01234972677595	4776	1
48.02573770491803	7156	1
48.041420765027326	4263	1
48.046612021857925	9246	1
48.05191256830601	1374	1
48.07502732240437	9611	1
48.08311475409836	3297	1
48.08978142076502	468	1
48.10579234972678	3255	1
48.152513661202185	7081	1
48.16672131147541	5389	1
48.170054644808744	491	1
48.17256830601093	9814	1
48.173825136612024	5695	1
48.19306010928962	415	1
48.194153005464486	978	1
48.19431693989071	5232	1
48.203005464480874	6351	1
48.20639344262295	7825	1
48.20885245901639	8415	1
48.21185792349727	9222	1
48.233333333333334	1271	0
48.23923497267759	4076	1
48.24639344262295	6454	1
48.24863387978142	3249	1
48.25327868852459	3643	1
48.25704918032787	2045	1
48.26327868852459	5778	1
48.271202185792355	2219	1
48.299617486338796	717	1
48.30213114754098	1221	1
48.31027322404371	3949	1
48.316557377049186	7998	1
48.32912568306011	5965	1
48.36218579234973	2166	1
48.38114754098361	8684	1
48.401311475409834	4721	1
48.417814207650274	9574	1
48.4207650273224	3676	1
48.42781420765027	6042	1
48.430546448087426	7130	1
48.451967213114756	2921	1
48.45213114754098	3225	1
48.45710382513661	1609	1
48.47311475409836	1650	1
48.50043715846994	766	1
48.512950819672135	5192	1
48.5179781420765	9619	1
48.5255737704918	7138	1
48.54147540983607	7668	1
48.58120218579235	9886	1
48.585464480874315	9573	1
48.58639344262295	2910	1
48.58918032786885	1587	1
48.58934426229508	520	1
48.589945355191254	2334	1
48.608743169398906	5456	1
48.62841530054645	718	1
48.65256830601093	3712	1
48.656994535519125	3644	1
48.666775956284155	3984	1
48.66967213114754	3184	1
48.66983606557377	702	1
48.68754098360656	9062	1
48.710054644808736	3020	1
48.72344262295082	3441	1
48.74398907103825	271	1
48.749453551912566	8028	1
48.75103825136612	9827	1
48.7572131147541	4946	1
48.78043715846995	3245	1
48.782459016393446	8831	1
48.78841530054645	2923	1
48.79431693989071	6061	1
48.79907103825136	5418	1
48.80918032786885	5629	1
48.83234972677596	6290	1
48.83267759562841	2598	1
48.833661202185795	6450	1
48.84125683060109	591	1
48.8468306010929	3111	1
48.85655737704918	4040	1
48.86879781420765	7486	1
48.91311475409836	5001	1
48.933442622950814	1481	1
48.941693989071034	2049	1
48.94229508196722	1959	1
48.94994535519126	5080	1
48.95333333333333	6398	1
48.998688524590165	3864	1
49.01601092896175	5537	1
49.01814207650273	9418	1
49.04300546448087	855	1
49.050327868852456	9981	1
49.05464480874317	4287	1
49.10371584699454	1751	1
49.10415300546448	7075	1
49.1283606557377	478	1
49.146885245901636	6682	1
49.1515300546448	1834	1
49.156666666666666	9503	1
49.16775956284153	1380	1
49.17174863387978	3638	1
49.21437158469945	844	1
49.21513661202186	4334	1
49.22153005464481	1957	1
49.22535519125683	823	1
49.23218579234973	6485	1
49.239617486338794	863	1
49.26540983606557	4309	1
49.280491803278686	5277	1
49.281967213114754	6083	1
49.3196174863388	9712	1
49.36513661202186	8544	1
49.38775956284153	8343	1
49.39016393442623	4025	1
49.39147540983607	8998	1
49.39606557377049	9082	1
49.4331693989071	5967	1
49.44103825136612	4869	1
49.45819672131148	9723	1
49.46338797814207	7482	1
49.479125683060104	9431	1
49.51825136612022	8184	1
49.51950819672131	9003	1
49.55360655737705	138	1
49.5579781420765	1961	1
49.566065573770494	3639	1
49.57508196721311	5511	1
49.5920218579235	1362	1
49.595628415300546	4598	1
49.616502732240434	4647	1
49.64814207650273	3658	1
49.6512568306011	4829	1
49.656666666666666	4921	1
49.68595628415301	1678	1
49.722786885245895	6318	1
49.72420765027322	1844	1
49.725081967213114	3881	1
49.7316393442623	6971	1
49.77174863387978	1954	1
49.773005464480875	3419	1
49.77639344262295	8125	1
49.779398907103825	1128	1
49.85584699453552	3628	1
49.871038251366116	3326	1
49.90234972677595	2138	1
49.91617486338798	5278	1
49.917814207650274	1246	1
49.91879781420765	2086	1
49.96338797814207	4327	1
49.96918032786885	1065	1
49.97366120218579	9382	1
49.975464480874315	4649	1
50.050327868852456	2755	1
50.079890710382514	2445	1
50.10442622950819	366	1
50.118743169398904	2586	1
50.121475409836066	9296	1
50.1296174863388	5538	1
50.13666666666666	8217	1
50.14704918032787	87	1
50.15994535519126	210	1
50.17131147540984	9928	1
50.18	773	1
50.197049180327866	6591	1
50.20475409836066	9950	1
50.214972677595625	6887	1
50.21524590163934	3766	1
50.215792349726776	9530	1
50.2207650273224	3100	1
50.229617486338796	9971	1
50.2324043715847	7009	0
50.23573770491803	9031	1
50.24360655737704	9461	1
50.24770491803279	3828	1
50.25442622950819	2774	1
50.25743169398907	2368	1
50.26677595628416	5555	1
50.273715846994534	614	1
50.27535519125683	8211	1
50.279289617486334	3527	1
50.29387978142076	2618	1
50.30153005464481	9607	1
50.31874316939891	7367	1
50.32224043715847	6093	1
50.33191256830602	6288	1
50.340874316939896	2979	1
50.34737704918033	3574	1
50.354207650273224	9130	1
50.358797814207655	7101	1
50.37978142076503	2406	1
50.393497267759564	2196	1
50.40765027322404	8330	1
50.41994535519126	7186	1
50.448196721311476	7045	1
50.46060109289618	9167	1
50.46857923497267	30	1
50.47568306010928	1007	1
50.50054644808743	7425	1
50.51054644808743	7539	1
50.51169398907104	1691	1
50.51524590163934	8564	1
50.520382513661204	4788	1
50.557814207650274	5712	1
50.561147540983605	9434	1
50.570546448087434	6746	1
50.571202185792345	8821	1
50.57754098360655	7370	1
50.57989071038251	4857	1
50.60147540983606	3179	1
50.60355191256831	6111	1
50.604918032786884	3360	1
50.618087431693986	2027	1
50.6279781420765	427	1
50.62825136612022	8300	1
50.63295081967213	6031	1
50.65661202185792	3784	1
50.70426229508197	2404	1
50.70994535519125	3650	1
50.71715846994535	8993	1
50.71907103825137	5807	1
50.733825136612026	8096	1
50.76409836065574	6214	1
50.76814207650273	5425	1
50.76836065573771	8078	1
50.782732240437156	1823	1
50.823825136612015	1903	1
50.87426229508197	8467	1
50.87508196721311	261	1
50.90393442622951	387	1
50.909672131147545	202	1
50.91885245901639	29	1
50.91950819672131	465	1
50.920109289617486	1206	1
50.92153005464481	5723	1
50.92775956284153	997	1
50.9303825136612	326	1
50.93781420765027	5442	1
50.94420765027323	2385	1
50.956393442622954	4077	1
50.961311475409836	4995	1
50.979234972677595	6190	1
50.99377049180328	8776	1
50.999890710382516	6972	1
51.01174863387978	5179	1
51.01775956284153	8245	1
51.01775956284153	9223	1
51.02622950819672	3967	1
51.02650273224044	550	1
51.03480874316939	6133	1
51.06983606557377	4308	1
51.07885245901639	9075	1
51.08710382513661	7250	1
51.103497267759565	7608	1
51.10524590163934	8632	1
51.10672131147541	864	1
51.110491803278684	2347	1
51.124426229508195	9177	1
51.128579234972676	9762	1
51.13355191256831	1754	1
51.15573770491803	701	1
51.15737704918033	9463	1
51.16360655737705	871	1
51.171912568306006	2162	1
51.18	9936	1
51.18262295081967	6338	1
51.1875956284153	8912	1
51.19224043715847	8070	1
51.20551912568306	4816	1
51.20945355191257	6419	1
51.27393442622951	5354	1
51.28524590163935	4804	1
51.31639344262295	3673	1
51.323169398907105	6600	1
51.33087431693989	4840	1
51.34868852459016	3988	1
51.350874316939894	573	1
51.35732240437158	419	1
51.35754098360656	7498	1
51.3575956284153	4540	1
51.36743169398907	8965	1
51.37010928961749	7694	1
51.37885245901639	5681	1
51.380327868852454	6635	1
51.447103825136615	6492	1
51.46158469945355	7418	1
51.46737704918033	8682	1
51.467650273224045	8076	1
51.476502732240434	9030	1
51.48622950819672	5809	1
51.49579234972677	6203	1
51.51677595628416	6668	1
51.51836065573771	2855	1
51.54819672131148	970	1
51.55360655737705	3308	1
51.5627868852459	8360	1
51.57289617486339	2065	1
51.585081967213114	7777	1
51.59655737704918	7220	1
51.59803278688525	8893	1
51.60584699453552	763	1
51.61147540983607	6704	1
51.63027322404371	4039	1
51.6403825136612	42	1
51.694043715846995	5503	1
51.70229508196721	8914	1
51.734426229508195	1331	1
51.78661202185793	9263	1
51.81622950819672	3332	1
51.81622950819672	6990	1
51.817049180327864	8985	1
51.82666666666667	1977	1
51.83273224043716	4138	1
51.83344262295082	3449	1
51.850710382513654	4459	1
51.86180327868852	2670	1
51.87081967213115	6858	1
51.878633879781425	6693	1
51.88213114754098	1060	1
51.93431693989071	6595	1
51.94311475409836	4299	1
51.95174863387978	7518	1
51.991639344262296	4681	1
51.99617486338798	2909	1
52.00852459016393	2413	1
52.01748633879781	9889	1
52.03786885245902	4109	1
52.07420765027322	1002	1
52.09207650273224	5264	1
52.097377049180324	5135	1
52.102786885245905	6176	1
52.12262295081967	3961	0
52.12437158469945	1089	1
52.13464480874317	2475	1
52.135300546448086	7400	1
52.14382513661202	8624	1
52.15497267759563	1996	1
52.16896174863388	2140	1
52.18639344262295	585	1
52.22065573770492	6634	0
52.225136612021856	7471	1
52.22726775956284	820	1
52.22928961748634	7409	1
52.23786885245901	5759	1
52.23907103825137	6262	1
52.24814207650273	6258	1
52.25076502732241	5653	1
52.261803278688525	6658	1
52.267704918032784	2229	1
52.268961748633885	4695	1
52.277431693989065	9161	1
52.27989071038251	5244	1
52.28704918032787	1699	1
52.28710382513661	1950	1
52.32366120218579	999	1
52.33136612021858	5746	1
52.34251366120219	1889	1
52.347868852459015	5479	1
52.34989071038252	4606	1
52.36612021857923	1321	1
52.37158469945355	652	1
52.381967213114756	7428	1
52.392404371584696	6670	1
52.39437158469945	5774	1
52.40448087431694	8327	1
52.41879781420764	3217	1
52.42431693989071	9584	1
52.42453551912568	8448	1
52.435464480874316	5873	1
52.441038251366116	2600	1
52.44732240437158	5097	1
52.45360655737704	3153	1
52.48765027322404	3602	1
52.49469945355192	9674	1
52.49622950819672	1602	1
52.505464480874316	9986	1
52.52136612021857	8296	1
52.537540983606554	2705	1
52.55650273224043	5960	1
52.56546448087431	6122	1
52.56896174863388	8183	1
52.60136612021858	9103	1
52.608360655737705	7334	1
52.61448087431694	9185	1
52.64601092896175	6183	1
52.65726775956284	8030	1
52.66644808743169	1702	1
52.6755737704918	8150	1
52.734098360655736	9402	1
52.73606557377049	2977	1
52.75754098360656	7228	1
52.76579234972678	8493	1
52.76655737704918	47	1
52.7712568306011	113	1
52.77704918032787	2935	1
52.78677595628415	1800	1
52.80218579234973	4545	1
52.81655737704918	8834	1
52.82551912568306	1538	1
52.8348087431694	8855	1
52.85382513661202	2021	1
52.8727868852459	7125	1
52.88344262295082	1589	1
52.890546448087434	2492	1
52.8955737704918	7344	1
52.90666666666666	8999	1
52.928743169398906	803	1
52.92890710382513	1235	1
52.942185792349726	7279	1
52.94382513661203	6943	1
52.96732240437158	1727	1
52.96923497267759	5735	1
52.97295081967213	7847	1
52.97327868852459	9412	1
52.97836065573771	3940	1
52.98639344262295	7708	1
53.00907103825136	8104	1
53.01207650273224	9043	1
53.02535519125683	8038	1
53.037213114754095	4414	1
53.03792349726776	3969	1
53.04087431693989	3142	1
53.068306010928964	9858	1
53.09808743169399	241	1
53.10153005464481	9642	1
53.10704918032787	8652	1
53.11136612021858	1248	1
53.12234972677596	986	1
53.125846994535515	630	1
53.13016393442623	7318	1
53.13142076502732	4130	1
53.13207650273224	1343	1
53.135628415300545	9511	1
53.13710382513661	217	1
53.14098360655738	1023	1
53.14338797814208	9172	1
53.14557377049181	5176	1
53.1579781420765	5390	1
53.15950819672131	1848	1
53.18666666666667	2650	1
53.18825136612022	4484	1
53.23360655737705	3319	1
53.24584699453552	9713	1
53.24808743169399	4811	1
53.263989071038246	4241	1
53.267704918032784	7271	1
53.271530054644806	2905	1
53.28098360655738	365	1
53.29437158469945	4651	1
53.30726775956284	5829	1
53.31224043715847	8758	1
53.31890710382513	7698	1
53.32524590163934	5768	1
53.32584699453552	1240	1
53.360546448087426	336	1
53.38169398907104	1189	1
53.38513661202185	7572	1
53.38775956284153	1630	1
53.39224043715847	9606	1
53.41852459016394	1353	1
53.42967213114754	962	1
53.452185792349724	4330	1
53.49021857923498	2860	1
53.490491803278694	7980	1
53.503169398907104	4761	1
53.52622950819672	489	1
53.527049180327865	4610	1
53.5327868852459	1653	1
53.53437158469945	6869	1
53.54601092896175	1488	1
53.54978142076503	8117	1
53.55672131147541	8562	1
53.56846994535519	7547	1
53.58016393442623	9800	1
53.58573770491803	1846	1
53.600819672131145	3993	1
53.601967213114754	8281	1
53.60846994535519	8110	1
53.610983606557376	8275	1
53.61415300546448	5636	1
53.64814207650273	5800	1
53.67021857923497	4480	1
53.679453551912566	6098	1
53.68174863387978	4979	1
53.68606557377049	8875	1
53.706010928961746	2616	1
53.72398907103825	5375	1
53.72497267759563	6543	1
53.727322404371584	2846	1
53.73054644808743	8790	1
53.735846994535514	725	1
53.750928961748635	5542	1
53.76562841530054	7661	1
53.77092896174863	8614	1
53.77502732240437	7394	1
53.783879781420765	5051	1
53.79311475409836	9526	1
53.80530054644809	691	1
53.82180327868852	2734	1
53.852076502732245	9276	1
53.86868852459017	7269	1
53.87748633879781	7528	1
53.89814207650273	6510	1
53.93043715846994	6381	1
53.93868852459016	9138	1
53.96786885245901	8805	1
53.97409836065574	6673	1
53.99300546448087	1013	1
54.00262295081967	5504	1
54.01934426229508	6726	1
54.02010928961748	619	1
54.03092896174863	5162	1
54.04295081967213	8405	1
54.043551912568304	2289	1
54.044043715846996	8237	1
54.05939890710382	8918	1
54.068633879781416	1024	1
54.07896174863388	1174	1
54.09803278688525	5598	1
54.11125683060109	9404	1
54.1220218579235	659	1
54.17896174863388	1204	1
54.18628415300546	3337	1
54.247595628415304	6481	1
54.28808743169399	1176	1
54.309016393442626	4604	1
54.31229508196721	3558	1
54.31950819672131	9318	1
54.32196721311475	1045	1
54.325737704918026	9064	1
54.32814207650273	4781	1
54.342295081967215	8571	1
54.35404371584699	7355	1
54.373661202185794	6178	1
54.38918032786885	7997	1
54.38967213114754	7434	1
54.436120218579234	4251	1
54.44185792349727	303	1
54.46371584699453	9039	1
54.46819672131147	9917	1
54.474043715846996	97	1
54.501912568306004	9199	1
54.50377049180327	3281	1
54.53027322404372	4212	1
54.53284153005464	9667	1
54.536010928961744	6406	1
54.588524590163935	3056	1
54.59770491803278	3294	1
54.59901639344262	7105	1
54.630382513661196	1915	1
54.67431693989071	7784	1
54.707103825136606	8882	1
54.709289617486334	4827	1
54.71967213114754	5906	1
54.731147540983606	8530	1
54.74207650273224	7068	1
54.74808743169399	2221	1
54.756830601092894	2710	1
54.77377049180328	6226	1
54.802185792349725	7162	1
54.8103825136612	3560	1
54.81857923497268	3902	1
54.828415300546446	5979	1
54.85846994535519	388	1
54.86338797814208	6706	1
54.88087431693989	897	1
54.883060109289616	650	1
54.89289617486339	2640	1
54.89562841530055	4244	1
54.90655737704918	2442	1
54.90765027322404	7635	1
54.91311475409836	2258	1
54.917486338797815	2428	1
54.93879781420765	6149	1
54.959016393442624	2272	1
54.96448087431693	9916	1
54.97595628415301	5670	1
54.97650273224044	3014	1
54.985245901639345	747	1
54.99016393442623	8580	1
55.00437158469945	9948	1
55.00874316939891	4087	1
55.0191256830601	8538	1
55.03224043715847	2217	1
55.03715846994535	2017	1
55.063387978142075	5964	1
55.06502732240437	5507	1
55.0688524590164	1560	1
55.07377049180328	571	1
55.08087431693989	9644	1
55.089617486338796	3799	1
55.09016393442623	7467	1
55.09890710382514	2280	1
55.106557377049185	2082	1
55.11857923497268	8813	1
55.11967213114754	3711	1
55.12185792349727	3178	1
55.139344262295076	7008	1
55.14808743169399	3228	1
55.166666666666664	7743	1
55.17213114754098	5748	1
55.175409836065576	5882	1
55.20054644808743	2906	1
55.214207650273224	7641	1
55.22786885245902	2913	1
55.24207650273224	5929	1
55.25027322404372	4088	1
55.26120218579235	9112	1
55.26448087431694	5078	1
55.272677595628416	748	1
55.27431693989071	9132	1
55.30273224043716	6342	1
55.30601092896175	8854	1
55.32185792349726	4280	1
55.374316939890704	1805	1
55.38743169398907	9847	1
55.38743169398907	5083	1
55.39071038251366	4000	1
55.416393442622955	379	1
55.446994535519124	3671	1
55.47486338797814	4962	1
55.479234972677595	1372	1
55.48688524590164	7706	1
55.49890710382513	4576	1
55.502732240437155	1284	1
55.52732240437158	3018	1
55.53551912568306	1575	1
55.55081967213115	9973	1
55.576502732240435	9802	1
55.57978142076502	6926	1
55.58579234972678	4460	1
55.6	4612	1
55.600546448087435	2432	1
55.60163934426229	7585	1
55.62349726775957	2329	1
55.63060109289618	4014	1
55.63989071038251	4209	1
55.678688524590164	50	1
55.68196721311475	2233	1
55.69453551912568	144	1
55.69726775956284	7612	1
55.69726775956284	2077	1
55.698907103825135	1124	1
55.70327868852459	9899	1
55.72131147540984	6132	1
55.725136612021856	2741	1
55.741530054644805	7796	1
55.74972677595628	98	1
55.75409836065573	5420	1
55.75792349726776	9796	1
55.766666666666666	6478	1
55.77158469945355	5385	1
55.77322404371585	7390	1
55.784153005464475	8046	1
55.7863387978142	3466	1
55.803825136612026	6187	1
55.81803278688525	7168	1
55.823497267759564	3269	1
55.82404371584699	5374	1
55.84371584699453	8767	1
55.84644808743169	3022	1
55.851912568306005	377	1
55.8551912568306	3678	1
55.85628415300547	7190	1
55.86939890710382	4224	1
55.88579234972678	1911	0
55.905464480874315	6770	1
55.949726775956286	4700	1
55.96065573770492	8787	1
55.96174863387978	623	1
55.97267759562841	7446	1
55.97377049180327	4590	1
55.979234972677595	4747	1
55.988524590163934	4311	1
55.992349726775956	4830	1
55.998360655737706	1711	1
56.0191256830601	8378	1
56.03005464480874	4286	1
56.057377049180324	6097	1
56.07595628415301	7292	1
56.09016393442623	1399	1
56.09289617486339	105	1
56.09508196721311	196	1
56.10546448087432	8121	1
56.10655737704918	5097	0
56.10655737704918	80	1
56.12185792349727	9692	1
56.13770491803279	5466	1
56.14918032786885	3353	1
56.15683060109289	1332	1
56.16284153005464	2180	1
56.163387978142076	9109	1
56.170491803278686	5368	1
56.17868852459016	1882	1
56.184699453551914	1350	1
56.19016393442623	7010	1
56.19125683060109	1989	1
56.22349726775956	7875	1
56.22677595628415	3370	1
56.2327868852459	9281	1
56.25136612021858	5728	1
56.32185792349726	5311	1
56.334426229508196	6034	1
56.33497267759563	3150	1
56.33715846994535	7350	1
56.34426229508196	4378	1
56.34590163934426	6835	1
56.348633879781424	5726	1
56.35628415300546	3662	1
56.36010928961748	6921	1
56.3775956284153	784	1
56.38579234972678	5071	1
56.40273224043716	2981	1
56.40273224043716	6749	1
56.406557377049175	8424	1
56.406557377049175	8111	1
56.4087431693989	5927	1
56.41857923497268	6805	1
56.45027322404372	176	1
56.45737704918033	5226	1
56.461202185792345	2151	1
56.46174863387978	4739	1
56.479234972677595	2454	1
56.481420765027316	7742	1
56.507650273224044	7490	1
56.507650273224044	4539	1
56.528961748633876	9366	1
56.53333333333334	876	1
56.53333333333334	9782	1
56.53442622950819	2518	1
56.56284153005465	7592	1
56.59125683060109	1526	1
56.6224043715847	4274	1
56.630054644808745	6348	1
56.64535519125683	8274	1
56.64972677595628	9441	1
56.659562841530054	2056	1
56.66502732240437	2230	1
56.66885245901639	488	1
56.670491803278686	9255	1
56.68360655737705	2279	1
56.73551912568306	8753	1
56.737158469945356	5030	1
56.77650273224043	3899	1
56.80710382513661	3125	1
56.814207650273225	5620	1
56.81693989071038	3015	1
56.824590163934424	8270	1
56.82786885245902	8412	1
56.82786885245902	1325	1
56.83497267759563	5574	1
56.85245901639344	9564	1
56.86174863387978	1147	1
56.8672131147541	3658	0
56.87814207650273	4935	1
56.899453551912565	6073	1
56.90163934426229	7973	1
56.92131147540983	1876	1
56.933879781420764	6107	1
56.93825136612022	3313	1
56.93934426229508	9143	1
56.94043715846995	912	1
56.95191256830601	3542	1
56.96284153005465	456	1
56.9808743169399	787	1
57.04535519125683	9625	1
57.04808743169399	3498	1
57.05956284153005	7922	1
57.078142076502736	5584	1
57.080874316939884	1852	1
57.118032786885244	4499	1
57.120765027322406	5206	1
57.130054644808745	6590	1
57.18579234972678	5743	1
57.2103825136612	5337	1
57.21311475409836	8663	1
57.21693989071038	1015	1
57.220218579234974	7848	1
57.24590163934427	9562	1
57.26120218579235	9706	1
57.26775956284153	9945	1
57.340437158469946	8351	1
57.36502732240437	1935	1
57.421857923497264	2736	1
57.42786885245902	8277	1
57.4311475409836	6597	1
57.437704918032786	3246	1
57.45191256830601	1186	1
57.4551912568306	2271	1
57.47486338797814	2812	1
57.50601092896174	947	1
57.52841530054644	9927	1
57.54371584699453	4950	1
57.54535519125683	7483	1
57.56065573770492	4890	1
57.59234972677596	9462	1
57.609836065573774	4443	1
57.61366120218579	617	1
57.61748633879782	7515	1
57.66994535519126	6803	1
57.67158469945355	2679	1
57.672677595628414	8480	1
57.67923497267759	1296	1
57.6879781420765	6207	1
57.6879781420765	7179	1
57.68907103825136	4031	1
57.690710382513664	5236	1
57.7327868852459	4574	1
57.746448087431695	5235	1
57.754644808743166	219	1
57.765573770491805	7925	1
57.77158469945355	9040	1
57.815300546448086	3718	1
57.816393442622946	1524	1
57.83224043715847	2622	1
57.83333333333333	2264	1
57.860655737704924	9247	1
57.86229508196721	5942	1
57.8672131147541	951	1
57.88032786885246	3398	1
57.885245901639344	6110	1
57.885245901639344	6587	1
57.89071038251367	44	1
57.89180327868852	5506	1
57.895081967213116	5461	1
57.895081967213116	5605	1
57.89617486338798	9165	1
57.911475409836065	6639	1
57.93060109289617	375	1
57.93715846994535	3709	1
57.94808743169399	9861	1
57.954098360655735	2959	1
57.95628415300546	8645	1
57.99562841530055	5705	1
58.0	8066	1
58.008743169398905	1509	1
58.032786885245905	1449	1
58.05081967213114	2360	1
58.06174863387978	7194	1
58.138251366120215	6355	1
58.14098360655738	4161	1
58.1431693989071	6030	1
58.144262295081965	7340	1
58.15245901639344	9854	1
58.15464480874317	5987	1
58.156284153005465	7231	1
58.157377049180326	776	1
58.17704918032787	6550	1
58.184699453551914	151	1
58.19125683060109	5032	1
58.202185792349724	3849	1
58.20382513661202	7149	1
58.2327868852459	7094	1
58.234426229508195	5476	1
58.24098360655737	7147	1
58.246448087431695	3810	1
58.26994535519126	9078	1
58.27049180327868	646	1
58.27431693989071	2999	1
58.283060109289615	5272	1
58.284699453551916	3393	1
58.302185792349725	5576	1
58.309289617486336	627	1
58.31584699453551	2241	1
58.336612021857924	9179	1
58.34754098360656	7700	1
58.352459016393446	1934	1
58.36939890710382	6540	1
58.37267759562842	3987	1
58.381967213114756	2146	1
58.38360655737705	6330	1
58.39890710382514	9795	1
58.415846994535514	3539	1
58.424590163934425	8634	1
58.424590163934425	5742	1
58.4327868852459	8050	1
58.433879781420764	7172	1
58.449726775956286	4710	1
58.45573770491803	1146	1
58.46065573770491	3941	1
58.461202185792345	2849	1
58.46284153005465	943	1
58.465027322404374	7905	1
58.468306010928956	2107	1
58.49890710382513	1489	1
58.499453551912566	9053	1
58.508743169398905	1681	1
58.50928961748634	5550	1
58.538251366120214	510	1
58.54207650273224	6113	1
58.558469945355185	4490	1
58.56174863387978	3874	1
58.57431693989071	398	1
58.59180327868852	5811	1
58.59344262295082	3001	1
58.60109289617486	921	1
58.62841530054644	8943	1
58.63333333333333	8205	1
58.637158469945355	7878	1
58.6431693989071	369	1
58.656284153005465	6769	1
58.66284153005465	983	1
58.664480874316936	6811	1
58.673770491803275	588	1
58.67814207650273	1976	1
58.69071038251366	1012	1
58.709836065573775	4863	1
58.72786885245901	165	1
58.732240437158474	8152	1
58.73497267759563	8292	1
58.737158469945356	8520	1
58.74754098360656	7899	1
58.75300546448087	6186	1
58.7863387978142	8014	1
58.82295081967213	9218	1
58.834426229508196	669	1
58.83879781420765	6850	1
58.84590163934426	3121	1
58.85573770491803	9150	1
58.87213114754098	6967	1
58.8775956284153	9464	1
58.87868852459016	7824	1
58.879234972677594	299	1
58.885245901639344	3716	1
58.9120218579235	9362	1
58.9207650273224	5359	1
58.9224043715847	5530	1
58.9311475409836	9238	1
58.97431693989071	7940	1
58.9879781420765	4871	1
58.990710382513655	9253	1
59.00382513661202	6038	1
59.011475409836066	8390	1
59.02131147540983	5983	1
59.06065573770491	1679	1
59.06393442622951	4927	1
59.07704918032787	3251	1
59.07868852459016	1123	1
59.08306010928961	8105	1
59.10546448087431	583	1
59.12732240437158	2823	1
59.14262295081967	7209	1
59.17322404371584	4426	1
59.191803278688525	9472	1
59.196174863387974	4427	1
59.198907103825135	4100	1
59.20655737704918	6026	1
59.23169398907104	6687	1
59.23825136612022	2012	1
59.24207650273224	2641	1
59.24535519125683	2126	1
59.24808743169399	8193	1
59.25300546448087	1444	1
59.27431693989071	82	1
59.289071038251365	1745	1
59.29234972677596	874	1
59.29398907103825	1816	1
59.29726775956284	2502	1
59.29890710382514	7819	1
59.3120218579235	9344	1
59.31748633879781	8359	1
59.32185792349727	2212	1
59.33114754098361	8060	1
59.34098360655737	3907	1
59.36502732240437	8063	1
59.36775956284153	4217	1
59.36939890710383	4110	1
59.383060109289616	1501	1
59.429508196721315	2972	1
59.43606557377049	7070	1
59.44918032786885	5703	1
59.45792349726776	6874	1
59.4655737704918	2546	1
59.47486338797815	8235	1
59.48688524590164	8081	1
59.490163934426235	2096	1
59.49508196721312	9757	1
59.5	9591	1
59.5120218579235	662	1
59.526775956284155	2504	1
59.53060109289617	3996	1
59.53715846994535	9626	1
59.54043715846994	6037	1
59.55191256830601	1739	1
59.563387978142075	7339	1
59.56885245901639	5890	1
59.57322404371585	8974	1
59.574316939890714	5028	1
59.575956284153	1799	1
59.5775956284153	6907	1
59.59344262295082	5108	1
59.59508196721312	7712	1
59.60109289617486	2983	1
59.60109289617486	7438	1
59.618032786885244	3626	1
59.61857923497268	6102	1
59.6207650273224	6688	1
59.638251366120215	7650	1
59.653551912568304	8436	1
59.65573770491803	4015	1
59.660655737704914	7057	1
59.69071038251366	7073	1
59.69125683060109	968	1
59.69453551912569	3117	1
59.708196721311474	9831	1
59.72950819672131	9023	1
59.735519125683055	7597	1
59.74426229508197	8818	1
59.74863387978142	5566	1
59.75081967213114	4157	1
59.75628415300547	622	1
59.76393442622951	2464	1
59.77213114754098	2813	1
59.78852459016393	8840	1
59.79945355191257	1656	1
59.81147540983606	8487	1
59.817486338797806	856	1
59.8224043715847	2761	1
59.82677595628415	9189	1
59.8431693989071	1904	1
59.846448087431696	8333	1
59.87704918032787	7069	1
59.898360655737704	7071	1
59.9103825136612	1642	1
59.93005464480875	7567	1
59.9311475409836	373	1
59.945901639344264	3316	1
59.94644808743169	2499	1
59.949726775956286	5149	1
59.961202185792345	3227	1
59.99508196721311	6421	1
59.999453551912566	237	1
60.00765027322404	9719	1
60.013661202185794	890	1
60.014754098360655	7141	1
60.01748633879781	4683	1
60.01803278688524	9736	1
60.02513661202185	9080	1
60.08196721311476	4524	1
60.094535519125685	1500	1
60.09508196721311	5533	1
60.11147540983607	6578	1
60.12568306010929	3140	1
60.144262295081965	3681	1
60.18907103825136	7404	1
60.19781420765027	2434	1
60.199999999999996	6879	1
60.20054644808743	3495	1
60.20273224043716	8370	1
60.208196721311474	8794	1
60.21639344262295	6538	1
60.23169398907104	7439	1
60.23989071038252	494	1
60.2568306010929	2757	1
60.26338797814208	8186	1
60.26448087431694	3995	1
60.26612021857923	4353	1
60.27322404371584	4343	1
60.28633879781421	2046	1
60.29344262295082	7002	1
60.293989071038254	4853	1
60.3	3659	1
60.30273224043715	2088	1
60.30546448087431	5077	1
60.314207650273225	5701	1
60.325683060109284	4589	1
60.34153005464481	5645	1
60.3448087431694	9982	1
60.34699453551913	9850	1
60.35628415300546	7358	1
60.36120218579235	4294	1
60.3655737704918	961	1
60.39781420765027	7088	1
60.40655737704918	531	1
60.42896174863388	4342	1
60.450819672131146	8460	1
60.450819672131146	873	1
60.45737704918032	4010	1
60.48688524590164	236	1
60.493442622950816	6261	1
60.504371584699456	4680	1
60.51803278688524	9101	1
60.526775956284155	6185	1
60.53169398907104	3579	1
60.54371584699454	1841	1
60.55573770491803	9887	1
60.56120218579235	5560	1
60.583606557377045	1565	1
60.59781420765027	9303	1
60.61912568306011	7543	1
60.64480874316939	6282	1
60.66120218579235	1671	1
60.66885245901639	293	1
60.67322404371585	6839	1
60.67540983606557	7113	1
60.684699453551914	9597	1
60.68688524590164	1213	1
60.70546448087431	5952	1
60.70765027322404	8674	1
60.716939890710385	8177	1
60.72185792349727	6920	1
60.72459016393443	8981	1
60.728415300546445	1355	1
60.75245901639344	3564	1
60.765027322404364	4188	1
60.775956284153004	6410	1
60.7879781420765	5283	1
60.797267759562835	9772	1
60.80054644808743	6475	1
60.8120218579235	2538	1
60.81912568306011	4203	1
60.824043715847	1456	1
60.83114754098361	7852	1
60.83715846994536	7392	1
60.85409836065574	5363	1
60.86338797814208	9953	1
60.86338797814208	6997	1
60.87868852459016	5590	1
60.92295081967213	1059	1
60.987431693989066	6364	1
60.99890710382514	8309	1
61.00218579234972	1031	1
61.005464480874316	3950	1
61.00819672131147	2647	1
61.03715846994536	7953	1
61.04535519125683	1431	1
61.04644808743169	7267	1
61.057377049180324	6409	1
61.06065573770491	4770	1
61.07158469945355	1344	1
61.10437158469946	6019	1
61.16448087431694	6960	1
61.18907103825137	1801	1
61.19398907103825	3336	1
61.19781420765027	9638	1
61.198907103825135	5256	1
61.21147540983607	5222	1
61.222404371584695	9815	1
61.225136612021856	1245	1
61.23005464480874	5608	1
61.23224043715847	7204	1
61.246448087431695	2572	1
61.27814207650273	7804	1
61.30382513661202	4096	1
61.3103825136612	858	1
61.314207650273225	5202	1
61.318579234972674	9920	1
61.324043715847	7867	1
61.3327868852459	3027	1
61.334426229508196	8928	1
61.33879781420765	7964	1
61.339344262295086	7781	1
61.3431693989071	4805	1
61.34590163934426	8457	1
61.35027322404371	9239	1
61.36120218579235	6824	1
61.37704918032787	2717	1
61.3775956284153	5614	1
61.387431693989065	390	1
61.38852459016393	2912	1
61.393989071038256	3536	1
61.39508196721311	8536	1
61.39617486338798	8269	1
61.40655737704918	3442	1
61.4207650273224	8388	1
61.42295081967213	4422	1
61.437704918032786	4250	1
61.44863387978142	173	1
61.45792349726776	4711	1
61.46120218579235	5499	1
61.47213114754098	1542	1
61.47213114754098	3815	1
61.47267759562841	4318	1
61.491256830601095	7378	1
61.498360655737706	5954	1
61.504371584699456	7176	1
61.506557377049184	429	1
61.50819672131147	8986	1
61.509836065573765	83	1
61.511475409836066	4379	1
61.54644808743169	6374	1
61.549180327868854	9671	1
61.54972677595628	7321	1
61.554098360655736	9474	1
61.559016393442626	120	1
61.55956284153005	3851	1
61.56393442622951	2098	1
61.57978142076502	8668	1
61.58196721311476	3975	1
61.582513661202185	461	1
61.58688524590164	8175	1
61.589617486338796	9943	1
61.61311475409836	2238	1
61.61420765027322	2770	1
61.61967213114754	8577	1
61.62295081967213	6552	1
61.64098360655738	310	1
61.665573770491804	7336	1
61.68087431693989	2856	1
61.68251366120218	3103	1
61.724043715846996	5632	1
61.72459016393442	2444	1
61.75027322404372	5945	1
61.760655737704916	5338	1
61.778688524590166	2215	1
61.78469945355191	4474	1
61.787978142076504	8565	1
61.80655737704918	7423	1
61.80765027322404	5833	1
61.812568306010924	522	1
61.81912568306011	5684	1
61.84207650273223	5314	1
61.84590163934426	3981	1
61.886885245901645	6526	1
61.890163934426226	3101	1
61.89344262295082	8898	1
61.90218579234973	3506	1
61.90601092896175	2325	1
61.916393442622955	7016	1
61.91912568306011	7710	1
61.927868852459014	2399	1
61.93005464480874	363	1
61.93224043715847	3499	1
61.936612021857925	3592	1
61.960109289617485	4682	1
61.97213114754098	174	1
61.973224043715845	7782	1
61.97704918032787	131	1
61.988524590163934	88	1
61.995628415300544	2068	1
61.99726775956284	9942	1
61.998360655737706	227	1
62.00109289617486	8814	1
62.00218579234972	8841	1
62.00710382513661	3664	1
62.01420765027323	1839	1
62.03606557377049	8195	1
62.038797814207655	7261	1
62.048087431693986	7058	1
62.04863387978142	5203	1
62.054098360655736	2463	1
62.056284153005464	8204	1
62.06502732240437	1591	1
62.11639344262295	2393	1
62.12349726775956	2116	1
62.12786885245902	6954	1
62.14153005464481	706	1
62.147540983606554	6530	1
62.15136612021858	9174	1
62.15573770491803	3095	1
62.15901639344263	8782	1
62.18032786885246	2048	1
62.22349726775956	9317	1
62.254644808743166	9163	1
62.2551912568306	9126	1
62.26448087431694	4127	1
62.295081967213115	9687	1
62.3	3876	1
62.321311475409836	1603	1
62.34590163934426	6664	1
62.34699453551912	693	1
62.34972677595628	8973	1
62.355737704918035	9310	1
62.36120218579235	3861	1
62.36338797814208	3462	1
62.38251366120218	9951	1
62.423497267759565	5498	1
62.42896174863388	9883	1
62.43114754098361	7968	1
62.446994535519124	5356	1
62.46229508196721	1154	1
62.46284153005465	7864	1
62.480327868852456	5931	1
62.502732240437155	5260	1
62.5103825136612	9752	1
62.52950819672131	2745	1
62.540983606557376	7568	1
62.55245901639344	3549	1
62.561202185792354	827	1
62.566120218579236	7703	1
62.581420765027325	4693	1
62.60109289617486	2577	1
62.631147540983605	1033	1
62.63169398907103	3879	1
62.64207650273224	6751	1
62.654644808743164	3376	1
62.6672131147541	4564	1
62.66939890710382	542	1
62.67814207650273	3262	1
62.67923497267759	7386	1
62.6879781420765	9688	1
62.71311475409836	8094	1
62.72568306010929	6963	1
62.73005464480874	3051	1
62.73387978142077	7982	1
62.762841530054644	1057	1
62.76502732240437	4630	1
62.767759562841526	9487	1
62.767759562841526	9697	1
62.77103825136612	8591	1
62.772677595628416	1561	1
62.78251366120218	7291	1
62.78524590163934	7681	1
62.79234972677595	7614	1
62.79289617486339	5126	1
62.80655737704918	3158	1
62.81092896174864	3422	1
62.85956284153005	5230	1
62.85956284153005	1217	1
62.867213114754094	6053	1
62.87650273224044	6077	1
62.87978142076503	8374	1
62.88469945355191	4316	1
62.899453551912565	3531	1
62.93715846994535	509	1
62.942076502732235	2155	1
62.974316939890706	4639	1
62.98633879781421	2473	1
62.98688524590163	8243	1
62.988524590163934	1494	1
62.99890710382514	7709	1
62.99890710382514	4428	1
63.01748633879781	8449	1
63.07267759562841	8132	1
63.08196721311475	41	1
63.08743169398907	6720	1
63.1224043715847	182	1
63.13825136612022	1324	1
63.14535519125683	7005	1
63.17213114754098	3216	1
63.17704918032786	4593	1
63.193989071038246	3721	1
63.19726775956284	2992	1
63.20273224043716	8698	1
63.20601092896175	5721	1
63.22568306010929	5400	1
63.22677595628415	9598	1
63.23934426229508	6339	1
63.24262295081967	1025	1
63.25300546448087	3413	1
63.28032786885246	5404	1
63.28142076502733	4053	1
63.2983606557377	2186	1
63.315300546448086	4469	1
63.32513661202186	9664	1
63.32568306010929	2224	1
63.32896174863387	3084	1
63.33715846994535	2728	1
63.33715846994535	9617	1
63.337704918032784	1238	1
63.343715846994535	7877	1
63.350819672131145	6094	1
63.35136612021857	6845	1
63.35846994535519	5402	1
63.369945355191255	7397	1
63.37213114754098	7328	1
63.377049180327866	6057	1
63.3775956284153	953	1
63.38251366120218	4570	1
63.38579234972678	9609	1
63.39398907103825	1288	1
63.431693989071036	8336	1
63.431693989071036	1384	1
63.442076502732235	9820	1
63.45464480874317	4243	1
63.4551912568306	8407	1
63.466120218579235	7023	1
63.476502732240434	4966	0
63.50109289617487	4909	1
63.513661202185794	6588	1
63.543169398907104	1503	1
63.551366120218574	7309	1
63.56502732240437	8516	1
63.58360655737705	9724	1
63.600546448087435	5279	1
63.63387978142076	9473	1
63.63387978142076	8844	1
63.637158469945355	2660	1
63.67595628415301	734	1
63.68524590163934	2940	1
63.68852459016394	867	1
63.690710382513664	7030	1
63.69836065573771	2545	1
63.74863387978142	8851	1
63.75409836065573	7935	1
63.77213114754098	253	1
63.779781420765026	5450	1
63.78743169398907	6067	1
63.79071038251366	7140	1
63.79344262295082	584	1
63.80491803278689	2303	1
63.8120218579235	9775	1
63.815300546448086	7989	1
63.815300546448086	1314	1
63.85081967213115	170	1
63.86174863387978	3929	1
63.86174863387978	189	1
63.86502732240437	7554	1
63.86885245901639	8363	1
63.87049180327869	444	1
63.873770491803285	2474	1
63.87868852459017	2190	1
63.883060109289616	2922	1
63.88852459016394	1243	1
63.898360655737704	4954	1
63.93114754098361	5058	1
63.94043715846995	1056	1
63.95027322404371	7921	1
63.954098360655735	849	1
63.96229508196721	8403	1
63.96448087431694	2837	1
63.96885245901639	4580	1
63.97158469945355	2564	1
63.99726775956284	9171	1
64.00874316939891	6065	1
64.01147540983607	9704	1
64.01475409836065	9579	1
64.0207650273224	687	1
64.03224043715848	5429	1
64.03879781420765	3982	1
64.04098360655738	8061	1
64.04207650273224	3809	1
64.07650273224044	2425	1
64.08743169398906	4571	1
64.09071038251366	5528	1
64.09453551912569	7496	1
64.1103825136612	6728	1
64.1103825136612	8394	1
64.1174863387978	9206	1
64.1191256830601	8264	1
64.13770491803278	9391	1
64.15464480874317	6302	1
64.15573770491802	2004	1
64.15628415300546	5132	1
64.16994535519125	8495	1
64.18360655737705	8182	1
64.18743169398907	3541	1
64.20109289617486	9250	1
64.22131147540983	7448	1
64.22131147540983	8486	1
64.23879781420764	5648	1
64.24918032786886	5117	1
64.25136612021858	3905	1
64.25191256830601	774	1
64.25191256830601	5599	1
64.27049180327869	6283	1
64.27814207650273	2937	1
64.29398907103825	8648	1
64.32076502732241	800	1
64.32185792349726	9790	1
64.33060109289617	5219	1
64.34043715846994	6643	1
64.34972677595628	8945	1
64.35464480874317	6958	1
64.35573770491803	9602	1
64.36502732240437	9471	1
64.39016393442623	2	1
