0.001910814207650273	6702	1
0.056903825136612025	8869	1
0.08246612021857923	4755	1
0.1141655737704918	1139	1
0.11673989071038252	8310	1
0.1608448087431694	4918	1
0.18315245901639346	7419	1
0.1910327868852459	9741	1
0.24351967213114753	7284	1
0.3243005464480874	884	1
0.346192349726776	5194	1
0.43562131147540983	971	1
0.4889923497267759	1216	1
0.5471366120218578	4827	1
0.6323497267759562	6348	1
0.6452459016393443	1920	1
0.7025136612021858	5368	1
0.7359836065573769	5397	1
0.7773879781420765	3559	1
0.8944371584699453	5680	1
0.9200163934426229	2963	1
1.1111420765027322	362	1
1.16372131147541	1905	1
1.3084754098360656	7921	1
1.3252131147540984	9443	1
1.4135409836065573	18	1
1.4218633879781422	9011	1
1.4234918032786885	3922	1
1.4586338797814207	2970	1
1.5196338797814208	6135	1
1.5360218579234974	7651	1
1.7298688524590162	7523	1
1.7537704918032786	3250	1
1.7584043715846993	5114	1
1.8905245901639343	5838	1
1.8962896174863388	6790	1
1.9673497267759563	9104	1
1.9865081967213114	2327	1
1.986639344262295	5776	1
2.013060109289617	7557	1
2.0199617486338797	559	1
2.0233060109289616	3794	1
2.098639344262295	9789	1
2.1673497267759565	6027	1
2.2223770491803276	8009	1
2.2308415300546445	1612	1
2.3022131147540983	4623	1
2.3447213114754097	4302	1
2.395229508196721	6927	1
2.414814207650273	6852	1
2.4710983606557377	4589	1
2.622289617486339	2474	1
2.6510983606557375	2483	1
2.6855409836065576	143	1
2.7481967213114755	2901	1
2.7566994535519123	6551	1
2.768103825136612	4044	1
2.7683387978142076	3540	1
2.781295081967213	3251	1
2.7813005464480876	3395	1
2.8232131147540986	5551	1
2.8335792349726776	2101	1
2.8567322404371587	389	1
2.932672131147541	694	1
3.0113879781420767	7079	1
3.1100983606557375	3739	1
3.1295409836065575	2323	1
3.1515081967213114	1049	1
3.329928961748634	8278	1
3.362366120218579	4644	1
3.405377049180328	4510	1
3.486989071038251	1589	1
3.5029726775956282	4402	1
3.5164426229508194	2021	1
3.5462568306010924	3477	1
3.5624918032786885	2085	1
3.5865245901639344	4282	1
3.7077704918032786	3783	1
3.708377049180328	8479	1
3.758786885245901	872	1
3.7824426229508195	3865	1
3.7846557377049184	1788	1
3.9384098360655737	6554	1
4.038672131147541	5356	1
4.051005464480874	6694	1
4.062945355191257	2609	1
4.09403825136612	5657	1
4.125010928961748	5118	1
4.241945355191256	6037	1
4.244311475409836	3037	1
4.268344262295082	5762	1
4.414841530054645	8966	1
4.425868852459017	6061	1
4.4863606557377045	9225	1
4.487562841530055	4245	1
4.5481584699453546	7485	1
4.580540983606557	6524	1
4.584185792349727	1898	1
4.590879781420766	2786	1
4.614453551912567	7977	1
4.731245901639344	386	1
4.750415300546448	9497	1
4.752530054644809	3272	1
4.79036612021858	2297	1
4.859759562841529	7593	1
4.920229508196721	3566	1
4.920633879781421	9298	1
4.92696174863388	2591	1
4.989027322404372	5044	1
5.069819672131147	8740	1
5.2349562841530055	3687	1
5.258901639344263	402	1
5.274639344262296	2617	1
5.276464480874317	6861	1
5.285792349726775	4073	1
5.502240437158469	471	1
5.618743169398907	35	1
5.62415300546448	988	1
5.632568306010929	9984	1
5.669398907103825	7227	1
5.707540983606558	1073	1
5.714207650273224	3032	1
5.7220218579234965	3458	1
5.779672131147541	3411	1
5.846557377049181	9616	1
5.891803278688524	3352	1
5.909508196721311	9675	1
5.966284153005465	1336	1
5.984262295081967	865	1
5.988579234972677	3822	1
5.991092896174863	3606	1
6.0354644808743165	5862	1
6.063934426229507	6859	1
6.069016393442623	3644	1
6.083169398907104	9306	1
6.264699453551912	1726	1
6.326229508196722	9127	1
6.34087431693989	9404	1
6.35896174863388	3867	1
6.395737704918033	4997	1
6.397103825136612	5356	0
6.454699453551913	7577	1
6.551639344262295	8560	1
6.5774316939890705	5275	1
6.60431693989071	361	1
6.609562841530055	9321	1
6.669890710382513	8463	1
6.72896174863388	6802	1
6.746065573770491	9088	1
6.7518032786885245	6863	1
6.792131147540984	1781	1
6.7942622950819676	5789	1
6.80655737704918	3837	1
6.849726775956284	5080	1
6.863661202185792	9233	1
6.891912568306011	7733	1
6.895027322404371	2443	1
6.933715846994536	4792	1
6.945245901639344	3839	1
6.963825136612021	4298	1
6.96775956284153	4993	1
7.043114754098361	3790	1
7.081912568306011	482	1
7.088743169398907	6208	1
7.106174863387978	7155	1
7.18551912568306	7810	1
7.3025683060109285	5497	1
7.322950819672131	1358	1
7.351202185792349	6043	1
7.444863387978142	4146	1
7.584207650273224	9933	1
7.5862295081967215	6855	1
7.604535519125682	7669	1
7.713825136612022	6537	1
7.725245901639345	6109	1
7.7539890710382515	5972	1
7.772131147540983	8615	1
7.781857923497268	4868	1
7.824699453551913	2414	1
7.85879781420765	3953	1
7.859398907103825	4746	1
7.883715846994535	3393	1
7.928306010928962	1684	1
7.9482513661202185	9813	1
7.993387978142076	3414	1
8.026284153005465	4805	1
8.039617486338798	2226	1
8.087049180327869	3508	1
8.097103825136612	1780	1
8.13775956284153	1622	1
8.14448087431694	2633	1
8.146830601092896	3483	1
8.162185792349726	1614	1
8.214863387978141	9853	1
8.216120218579235	3585	1
8.260710382513661	2922	1
8.279562841530055	3061	1
8.283934426229509	2427	1
8.287868852459017	680	1
8.303060109289618	414	1
8.303169398907103	6249	1
8.3124043715847	9297	1
8.355464480874318	3696	1
8.35639344262295	5896	1
8.37863387978142	7570	1
8.430218579234973	2254	1
8.435956284153006	5550	1
8.46535519125683	1671	1
8.501475409836067	1266	1
8.563497267759562	9968	1
8.571530054644809	2041	1
8.59792349726776	1408	1
8.622841530054645	4594	1
8.66344262295082	1285	1
8.68415300546448	6683	1
8.706885245901638	5801	1
8.71153005464481	751	1
8.716775956284152	72	1
8.788306010928961	3024	1
8.78983606557377	1856	1
8.808196721311477	6568	1
8.810382513661201	6347	1
8.886939890710382	9050	1
8.908907103825136	6442	1
8.924590163934425	8513	1
8.987158469945355	7154	1
9.044426229508197	5019	1
9.078142076502731	5953	1
9.08431693989071	8732	1
9.120273224043716	3344	1
9.155027322404372	3990	1
9.2775956284153	840	1
9.295136612021858	7066	1
9.31382513661202	6378	1
9.361147540983607	6660	1
9.379016393442623	1094	1
9.379180327868852	1559	1
9.419289617486339	2338	1
9.485081967213114	749	1
9.532295081967213	9865	1
9.571803278688526	6574	1
9.594098360655737	7692	1
9.59655737704918	7565	1
9.607814207650271	7800	1
9.6248087431694	9599	1
9.640218579234972	1465	1
9.680218579234973	6266	1
9.710218579234972	6366	1
9.717650273224043	9169	1
9.721038251366119	2414	0
9.726994535519125	3661	1
9.727103825136611	3535	1
9.7324043715847	4399	1
9.737868852459016	8925	1
9.797377049180326	2732	1
9.844972677595628	7215	1
9.855464480874316	3213	1
9.873333333333333	5188	1
9.892349726775956	6976	1
9.914918032786884	6510	1
9.952677595628415	166	1
9.960163934426228	1042	1
9.983715846994535	707	1
10.020163934426229	6182	1
10.030054644808743	5364	1
10.106666666666666	4939	1
10.184426229508198	7964	1
10.199781420765028	8880	1
10.22071038251366	5936	1
10.242841530054646	7448	1
10.243005464480873	4285	1
10.244426229508198	6162	1
10.304754098360656	3807	1
10.344426229508198	2205	1
10.34775956284153	6178	1
10.348907103825137	9523	1
10.363551912568306	9272	1
10.3675956284153	1000	1
10.394590163934426	4776	1
10.4275956284153	778	1
10.433606557377049	6832	1
10.488251366120219	8020	1
10.521803278688523	1390	1
10.540983606557377	519	1
10.647595628415301	7995	1
10.721475409836065	6731	1
10.729016393442624	29	1
10.762732240437158	3273	1
10.762786885245902	6252	1
10.769945355191258	8095	1
10.777978142076503	4486	1
10.780437158469946	4968	1
10.8051912568306	3709	1
10.849890710382514	5468	1
10.911092896174864	2500	1
10.937650273224044	23	1
10.986830601092896	3532	1
10.989125683060108	5723	1
10.998743169398907	8236	1
11.017540983606557	7221	1
11.027486338797814	3428	1
11.035464480874316	8746	1
11.048360655737705	8555	1
11.050054644808743	9323	1
11.05879781420765	2279	1
11.070054644808744	7608	1
11.114535519125683	8182	1
11.122568306010928	5249	1
11.125081967213115	7125	1
11.217486338797814	3942	1
11.22448087431694	790	1
11.224863387978143	4235	1
11.230983606557377	3899	1
11.235956284153007	7996	1
11.266229508196721	8377	1
11.280054644808743	4077	1
11.328797814207649	5443	1
11.331530054644809	4806	1
11.341967213114755	173	1
11.37431693989071	1175	1
11.380491803278687	1173	1
11.389617486338798	7625	1
11.439234972677594	3988	1
11.471475409836065	8141	1
11.490054644808742	3554	1
11.536338797814206	2767	1
11.540765027322404	5995	1
11.555573770491804	9704	1
11.584918032786886	2760	1
11.594644808743169	8882	1
11.595901639344262	8764	1
11.632021857923498	5467	1
11.633387978142075	7298	1
11.671038251366118	5954	1
11.724262295081967	9066	1
11.742677595628415	9218	1
11.755792349726775	1057	1
11.777704918032788	7680	1
11.783169398907104	4421	1
11.797704918032787	2197	1
11.810928961748635	9626	1
11.833333333333334	7082	1
11.851803278688525	9183	1
11.90448087431694	8630	1
11.968251366120217	8614	1
11.970874316939891	2489	1
12.074699453551913	6153	1
12.08191256830601	1409	1
12.133715846994535	1135	1
12.174699453551913	4934	1
12.268852459016394	4174	1
12.27295081967213	1023	1
12.273387978142075	3806	1
12.287486338797812	9690	1
12.292185792349727	5189	1
12.349016393442623	6960	1
12.396448087431693	3309	1
12.45207650273224	3565	1
12.454590163934427	1203	1
12.45846994535519	7869	1
12.488633879781421	4971	1
12.507540983606557	1118	1
12.521584699453552	9762	1
12.556885245901638	5433	1
12.56382513661202	6320	1
12.625300546448088	5857	1
12.626229508196722	9084	1
12.672622950819672	5566	1
12.680546448087432	7457	1
12.720601092896175	177	1
12.76207650273224	9416	1
12.785628415300547	6719	1
12.787322404371585	4656	1
12.788196721311476	9230	1
12.79256830601093	7862	1
12.804043715846996	2255	1
12.80655737704918	7650	1
12.826502732240437	7991	1
12.837267759562842	5384	1
12.85535519125683	9686	1
12.886830601092896	109	1
12.89120218579235	251	1
12.893387978142075	6645	1
12.917322404371584	3556	1
12.945683060109289	8834	1
12.977049180327867	9907	1
12.986885245901638	7057	1
12.990437158469945	2479	1
13.023606557377049	4418	1
13.083879781420764	4229	1
13.127049180327868	2793	1
13.148196721311477	6608	1
13.154863387978141	5873	1
13.223060109289618	4203	1
13.23398907103825	4876	1
13.253387978142076	2607	1
13.279890710382514	3569	1
13.346393442622949	3177	1
13.361147540983607	3833	1
13.369508196721311	4770	1
13.370983606557376	9992	1
13.390273224043716	9023	1
13.423661202185793	3028	1
13.454262295081966	9363	1
13.49191256830601	6767	1
13.502349726775956	5302	1
13.505300546448087	7547	1
13.550273224043716	2603	1
13.552349726775956	100	1
13.553934426229509	1691	1
13.609071038251365	8179	1
13.621147540983607	8345	1
13.666666666666668	8729	1
13.70639344262295	5162	1
13.729781420765026	4683	1
13.746174863387978	752	1
13.80191256830601	2679	1
13.829726775956285	3457	1
13.83606557377049	5014	1
13.845846994535519	1676	1
13.846120218579236	4940	1
13.871530054644808	6342	1
13.926885245901639	9001	1
13.960546448087431	8139	1
13.992021857923497	7585	1
14.050655737704918	583	1
14.05256830601093	7526	1
14.136229508196722	6282	1
14.166775956284152	33	1
14.174972677595628	5418	1
14.200655737704917	6144	1
14.214590163934426	4756	1
14.229999999999999	3666	1
14.239617486338796	5878	1
14.255409836065574	7344	1
14.292622950819673	8375	1
14.292841530054645	5258	1
14.329234972677595	6445	1
14.336502732240437	1186	1
14.362240437158471	861	1
14.387486338797814	7115	1
14.40327868852459	5171	1
14.510765027322405	2725	1
14.545136612021858	3681	1
14.582295081967214	9780	1
14.59311475409836	3051	1
14.616939890710382	7080	1
14.633497267759562	639	1
14.649398907103825	4188	1
14.65344262295082	4690	1
14.661475409836065	3301	1
14.673879781420766	1807	1
14.798579234972676	1602	1
14.830218579234973	1012	1
14.83535519125683	9715	1
14.853606557377049	9418	1
14.861803278688523	9402	1
14.87983606557377	1438	1
14.906120218579234	9756	1
14.927213114754098	1597	1
14.936338797814207	3564	1
14.937486338797815	3702	1
14.938524590163935	8440	1
14.942459016393443	3706	1
14.958032786885246	4301	1
14.969180327868852	1302	1
14.985737704918034	5689	1
15.001420765027323	9687	1
15.00830601092896	5698	1
15.014972677595628	5461	1
15.086666666666666	2670	1
15.121147540983607	4393	1
15.144699453551913	9471	1
15.148142076502731	4995	1
15.17344262295082	1615	1
15.190054644808743	3524	1
15.214918032786885	880	1
15.237486338797813	1653	1
15.318415300546448	2095	1
15.394098360655738	7822	1
15.417377049180327	3648	1
15.431092896174864	2071	1
15.434699453551913	7527	1
15.47672131147541	7954	1
15.48672131147541	904	1
15.52224043715847	3310	1
15.648688524590163	2932	1
15.72398907103825	223	1
15.725464480874317	5836	1
15.753387978142076	363	1
15.754371584699452	6036	1
15.775737704918031	3096	1
15.77879781420765	7067	1
15.786666666666667	5025	1
15.789836065573772	4936	1
15.790928961748634	7726	1
15.845245901639343	492	1
15.886502732240436	9094	1
15.890765027322404	1843	1
15.89606557377049	200	1
15.91551912568306	2817	1
15.935956284153004	9578	1
15.994262295081967	9839	1
16.001803278688524	1720	1
16.003551912568305	8186	1
16.01191256830601	3318	1
16.019945355191258	4567	1
16.02661202185792	7867	1
16.029234972677596	848	1
16.053715846994535	8046	1
16.059726775956285	8364	1
16.096065573770492	5032	1
16.10273224043716	5083	1
16.14650273224044	7703	1
16.207158469945355	1070	1
16.220273224043716	1915	1
16.290983606557376	3484	1
16.292131147540985	3140	1
16.297814207650273	2996	1
16.410109289617488	7351	1
16.431038251366118	9068	1
16.4424043715847	9923	1
16.443387978142077	2706	1
16.479890710382513	1679	1
16.479945355191255	8016	1
16.49431693989071	4390	1
16.49983606557377	4247	1
16.50327868852459	9940	1
16.505792349726775	7218	1
16.590983606557376	5325	1
16.630273224043716	873	1
16.654316939890712	1436	1
16.6648087431694	5983	1
16.676830601092895	7015	1
16.67983606557377	6588	1
16.693879781420765	3401	1
16.6972131147541	1645	1
16.7351912568306	164	1
16.739016393442622	7826	1
16.754426229508198	7049	1
16.7655737704918	5905	1
16.80032786885246	835	1
16.81863387978142	9292	1
16.861475409836064	5716	1
16.88103825136612	9079	1
16.900218579234974	4888	1
16.906830601092896	4138	1
16.92398907103825	4462	1
16.98327868852459	2809	1
17.003442622950818	8972	1
17.00775956284153	1303	1
17.02901639344262	5107	1
17.029289617486338	7122	1
17.04437158469945	465	1
17.07	6355	1
17.088032786885247	6210	1
17.09333333333333	8296	1
17.098907103825137	8377	0
17.130819672131146	9290	1
17.132896174863387	3212	1
17.15360655737705	4308	1
17.17628415300546	4713	1
17.20808743169399	6539	1
17.211475409836062	1556	1
17.211912568306012	9267	1
17.21983606557377	2177	1
17.22005464480874	5326	1
17.228032786885247	929	1
17.239890710382515	6326	1
17.259398907103826	302	1
17.27016393442623	7047	1
17.288907103825135	4794	1
17.306284153005464	3506	1
17.33398907103825	7926	1
17.35568306010929	665	1
17.40415300546448	7591	1
17.41273224043716	9745	1
17.47327868852459	8632	1
17.516721311475408	8218	1
17.585245901639343	8646	1
17.624153005464482	8667	1
17.697704918032787	5261	1
17.709453551912567	7667	1
17.737814207650274	6928	1
17.74546448087432	992	1
17.777978142076503	2514	1
17.78950819672131	5155	1
17.800874316939893	5351	1
17.81825136612022	8757	1
17.905573770491806	2147	1
17.91125683060109	8080	1
17.922021857923497	3009	1
17.969617486338798	5781	1
17.99256830601093	8416	1
18.02311475409836	550	1
18.04393442622951	5439	1
18.080546448087432	4700	1
18.08737704918033	9139	1
18.125792349726773	9553	1
18.12655737704918	9130	1
18.15863387978142	2582	1
18.209781420765026	522	1
18.211693989071037	9716	1
18.217923497267762	6242	1
18.232841530054646	8645	1
18.263333333333332	8235	1
18.27081967213115	7529	1
18.28311475409836	9057	1
18.34672131147541	7149	1
18.374863387978145	630	1
18.386284153005466	4588	1
18.394918032786883	4571	1
18.435956284153004	4227	1
18.455901639344262	2540	1
18.46879781420765	3967	1
18.48808743169399	4062	1
18.527868852459015	4990	1
18.531748633879783	5865	1
18.537868852459013	2606	1
18.594808743169402	3912	1
18.609726775956283	1460	1
18.614590163934427	9212	1
18.631967213114756	3793	1
18.68415300546448	9027	1
18.737704918032787	7981	1
18.783934426229507	4091	1
18.787486338797812	5760	1
18.794808743169398	6270	1
18.797759562841527	7500	1
18.855628415300547	7246	1
18.90071038251366	9713	1
18.90420765027322	5501	1
18.966448087431694	2530	1
18.966775956284152	4426	1
19.034480874316937	5672	1
19.04016393442623	3827	1
19.076393442622948	7748	1
19.1048087431694	9101	1
19.12	2431	1
19.120273224043718	2096	1
19.151475409836067	5145	1
19.169234972677593	1501	1
19.21568306010929	1375	1
19.2248087431694	1766	1
19.227267759562842	5492	1
19.25295081967213	9514	1
19.254043715846993	700	1
19.293005464480874	6072	1
19.293060109289616	406	1
19.296830601092896	5919	1
19.303551912568306	1864	1
19.319726775956283	6908	1
19.347704918032786	6389	1
19.37710382513661	9302	1
19.407486338797813	1952	1
19.43464480874317	1987	1
19.436994535519126	8441	1
19.43781420765027	5168	1
19.438852459016395	5183	1
19.484043715846994	1476	1
19.49120218579235	1239	1
19.493169398907106	6228	1
19.543879781420763	1088	1
19.557704918032787	9214	1
19.596120218579234	6668	1
19.693715846994536	2158	1
19.716612021857923	7059	1
19.71967213114754	9365	1
19.722185792349727	7920	1
19.739562841530056	8493	1
19.75469945355191	8932	1
19.766393442622952	8171	1
19.774043715846997	8060	1
19.782240437158467	1555	1
19.78666666666667	4039	1
19.79377049180328	4149	1
19.80639344262295	3147	1
19.882185792349723	6929	1
19.89142076502732	7603	1
19.975081967213114	5627	1
20.00136612021858	7872	1
20.008360655737707	5156	1
20.03502732240437	8787	1
20.0575956284153	6727	1
20.12737704918033	9266	1
20.148688524590163	9655	1
20.161202185792348	7342	1
20.168907103825138	3281	1
20.23967213114754	61	1
20.24901639344262	6827	1
20.252896174863388	9051	1
20.259234972677596	122	1
20.299508196721312	3289	1
20.305792349726776	2666	1
20.320928961748635	8923	1
20.338415300546448	9248	1
20.346939890710384	5413	1
20.38032786885246	8151	1
20.39295081967213	7192	1
20.424808743169397	2560	1
20.45497267759563	4834	1
20.491256830601092	5938	1
20.53327868852459	4750	1
20.539125683060107	6418	1
20.55185792349727	3127	1
20.558524590163934	6823	1
20.569234972677595	9559	1
20.57426229508197	5830	1
20.58010928961749	1627	1
20.581147540983608	8427	1
20.581420765027325	6033	1
20.613224043715846	5519	1
20.636885245901638	6017	1
20.63808743169399	9424	1
20.683825136612022	4809	1
20.695956284153006	1838	1
20.749234972677595	7817	1
20.780819672131145	1527	1
20.78431693989071	2536	1
20.81174863387978	4782	1
20.818032786885244	2691	1
20.823989071038252	9110	1
20.841366120218577	9163	1
20.871967213114754	6814	1
20.904808743169397	6281	1
20.934262295081968	2048	1
21.00863387978142	2739	1
21.023879781420764	9242	1
21.033934426229507	7266	1
21.13344262295082	2751	1
21.229453551912567	1172	1
21.24775956284153	5826	1
21.280054644808743	6892	1
21.290491803278687	5385	1
21.307704918032787	6125	1
21.32103825136612	7764	1
21.32967213114754	3297	1
21.34071038251366	8104	1
21.35901639344262	8878	1
21.39726775956284	5158	1
21.422349726775956	9288	1
21.427213114754096	8524	1
21.43021857923497	6978	1
21.456939890710384	9840	1
21.49103825136612	3292	1
21.50114754098361	7465	1
21.554972677595625	9627	1
21.57071038251366	5494	1
21.611530054644806	4614	1
21.676830601092895	5126	1
21.680491803278688	3150	1
21.732841530054642	7278	1
21.73918032786885	7554	1
21.744535519125684	7337	1
21.76224043715847	2987	1
21.792349726775956	1054	1
21.85136612021858	6922	1
21.880983606557376	3088	1
21.88814207650273	2700	1
21.916448087431693	1557	1
21.930983606557376	7334	1
21.984754098360654	1642	1
21.994590163934426	5503	1
22.00169398907104	9542	1
22.01327868852459	5023	1
22.058797814207647	6713	1
22.07704918032787	2753	1
22.08327868852459	4787	1
22.11158469945355	9444	1
22.120983606557377	2898	1
22.128852459016393	5767	1
22.15103825136612	8184	1
22.15306010928962	353	1
22.15573770491803	8956	1
22.15830601092896	8739	1
22.302896174863385	7674	1
22.353497267759565	3993	1
22.396612021857926	6760	1
22.45153005464481	7358	1
22.463224043715844	970	1
22.529617486338797	9384	1
22.546448087431692	1509	1
22.553224043715847	1168	1
22.587814207650275	1639	1
22.60071038251366	2692	1
22.626502732240436	7895	1
22.660928961748635	2649	1
22.71874316939891	8567	1
22.747322404371584	602	1
22.76551912568306	8694	1
22.799071038251363	893	1
22.814262295081967	3904	1
22.85120218579235	6879	1
22.860874316939892	5745	1
22.886830601092896	8155	1
22.895792349726776	5003	1
22.904371584699454	7062	1
23.01814207650273	3881	1
23.06601092896175	9676	1
23.113442622950817	5713	1
23.115245901639344	6303	1
23.144371584699453	678	1
23.145464480874313	5235	1
23.146393442622948	9036	1
23.1775956284153	8206	1
23.185956284153004	2745	1
23.236612021857923	7039	1
23.25191256830601	5169	1
23.279890710382514	659	1
23.306885245901636	7697	1
23.316120218579233	7255	1
23.336448087431695	9137	1
23.338251366120218	7417	1
23.351038251366116	331	1
23.353715846994536	2215	1
23.487759562841532	7732	1
23.50103825136612	5603	1
23.50901639344262	459	1
23.571311475409836	1240	1
23.59748633879781	2719	1
23.647868852459016	6578	1
23.674808743169397	5491	1
23.689562841530055	8222	1
23.692841530054643	3164	1
23.716174863387977	1338	1
23.72792349726776	3616	1
23.74655737704918	5288	1
23.759890710382514	6659	1
23.81535519125683	1950	1
23.826010928961747	2444	1
23.863606557377047	2437	1
23.873060109289618	9318	1
23.876502732240436	5667	1
23.882732240437157	5396	1
23.88393442622951	9393	1
23.897595628415303	4890	1
23.897923497267758	5633	1
23.940983606557374	3840	1
23.9603825136612	4500	1
23.992677595628415	1882	1
24.0048087431694	906	1
24.059726775956285	5282	1
24.109398907103824	344	1
24.11677595628415	2872	1
24.125956284153006	2019	1
24.13469945355191	3721	1
24.185464480874316	4300	1
24.193770491803278	1319	1
24.256666666666664	3971	1
24.301803278688524	4191	1
24.369071038251366	2390	1
24.388743169398907	8638	1
24.39989071038251	8108	1
24.43655737704918	7073	1
24.45726775956284	9920	1
24.470273224043712	2367	1
24.4879781420765	1260	1
24.58311475409836	217	1
24.595628415300546	4022	1
24.61295081967213	5509	1
24.61754098360656	3371	1
24.619945355191255	2283	1
24.622677595628417	412	1
24.67191256830601	1343	1
24.747322404371584	3845	1
24.754207650273223	3494	1
24.75535519125683	4731	1
24.773224043715846	3786	1
24.77584699453552	5514	1
24.781475409836062	8580	1
24.816612021857924	2860	1
24.826120218579234	9573	1
24.828797814207647	1914	1
24.879453551912565	9480	1
24.90360655737705	8798	1
24.91655737704918	5332	1
24.918251366120217	6415	1
24.927431693989067	9738	1
24.947377049180325	1689	1
24.948524590163935	2063	1
24.970273224043716	6296	1
24.972185792349727	5238	1
24.98049180327869	4088	1
24.980655737704918	1708	1
24.9979781420765	5186	1
25.033661202185794	1227	1
25.05983606557377	3463	1
25.077868852459016	8341	1
25.089234972677595	3115	1
25.137868852459018	7720	1
25.146721311475407	1184	1
25.184207650273223	503	1
25.187322404371585	8769	1
25.198743169398906	3035	1
25.223005464480874	4281	1
25.254918032786886	9381	1
25.281967213114754	9123	1
25.312185792349727	7697	0
25.381420765027325	1968	1
25.399016393442622	8429	1
25.42726775956284	7896	1
25.449726775956286	4467	1
25.495409836065573	7975	1
25.52622950819672	8827	1
25.529781420765026	9828	1
25.545245901639344	2336	1
25.565245901639344	997	1
25.575081967213116	7394	1
25.58775956284153	8093	1
25.602568306010927	4884	1
25.630710382513662	9047	1
25.653879781420763	8446	1
25.657267759562842	3789	1
25.68808743169399	1728	1
25.695300546448088	3930	1
25.700491803278688	2803	1
25.73256830601093	316	1
25.73497267759563	3668	1
25.73688524590164	3549	1
25.755573770491804	4885	1
25.782841530054643	5544	1
25.78295081967213	5643	1
25.787486338797812	1744	1
25.82846994535519	129	1
25.845901639344262	8744	1
25.880601092896175	9800	1
25.89486338797814	9963	1
25.969945355191257	2455	1
25.970928961748633	9049	1
26.006830601092897	1166	1
26.02120218579235	7533	1
26.0379781420765	1903	1
26.044098360655738	7960	1
26.060819672131146	3582	1
26.067158469945355	147	1
26.0675956284153	2529	1
26.0920218579235	351	1
26.140819672131144	141	1
26.149125683060106	1965	1
26.17868852459016	1405	1
26.19273224043716	5869	1
26.19349726775956	2170	1
26.239890710382515	9413	1
26.24049180327869	1591	1
26.277814207650273	3467	1
26.301366120218578	5561	1
26.305628415300546	2645	1
26.32781420765027	5507	1
26.332021857923497	5747	1
26.351639344262296	5655	1
26.352622950819672	7685	1
26.37196721311475	2717	1
26.388743169398907	7777	1
26.415737704918033	7276	1
26.462513661202188	1143	1
26.512185792349726	6364	1
26.541475409836064	9517	1
26.56311475409836	3695	1
26.563879781420763	6718	1
26.564262295081967	5571	1
26.591147540983606	4773	1
26.599234972677596	8907	1
26.664754098360657	9179	1
26.695628415300547	7542	1
26.72398907103825	1164	1
26.753825136612022	8207	1
26.76912568306011	8680	1
26.775573770491803	1600	1
26.789016393442623	4071	1
26.865683060109287	5140	1
26.86622950819672	7004	1
26.869234972677592	1904	1
26.87224043715847	6872	1
26.929617486338795	615	1
26.958688524590166	6609	1
26.96672131147541	3444	1
26.977868852459014	1693	1
26.978852459016395	3536	1
26.984371584699453	4909	1
26.999234972677595	5788	1
27.042021857923498	8203	1
27.068032786885247	7778	1
27.11989071038251	7480	1
27.130983606557376	7231	1
27.13311475409836	7780	1
27.143387978142076	4812	1
27.196502732240436	8698	1
27.21590163934426	78	1
27.222295081967214	4024	1
27.24065573770492	6834	1
27.278688524590162	706	1
27.2848087431694	5124	1
27.319508196721312	7362	1
27.33016393442623	6898	1
27.339398907103824	5490	1
27.35781420765027	7361	1
27.375409836065575	3086	1
27.3903825136612	5048	1
27.390601092896173	4951	1
27.39486338797814	7967	1
27.423934426229508	8260	1
27.435081967213115	2181	1
27.510601092896174	779	1
27.53218579234973	3548	1
27.581967213114755	7793	1
27.646229508196722	8312	1
27.647377049180328	3311	1
27.69448087431694	4859	1
27.714316939890708	7142	1
27.73393442622951	9498	1
27.783934426229507	6475	1
27.855245901639346	4519	1
27.86016393442623	9990	1
27.865573770491803	2770	1
27.954426229508197	7794	1
27.978524590163936	5809	1
27.97945355191257	221	1
27.97945355191257	613	1
28.020109289617483	5459	1
28.027158469945356	558	1
28.031256830601095	5606	1
28.035846994535518	9368	1
28.041147540983605	1440	1
28.05398907103825	7730	1
28.058360655737705	7920	0
28.064972677595627	8665	1
28.0748087431694	5921	1
28.10049180327869	7270	1
28.101693989071038	6096	1
28.12344262295082	4817	1
28.139016393442624	3888	1
28.1448087431694	4964	1
28.191147540983604	1934	1
28.201967213114752	8665	0
28.239016393442622	3534	1
28.243333333333336	9764	1
28.297650273224043	5160	1
28.30311475409836	3693	1
28.314590163934426	5409	1
28.364262295081964	1841	1
28.368688524590166	9572	1
28.375464480874314	7220	1
28.405573770491802	5803	1
28.412841530054646	4113	1
28.49639344262295	2229	1
28.531311475409836	5946	1
28.53349726775956	7293	1
28.56021857923497	2391	1
28.567158469945355	222	1
28.569071038251366	6868	1
28.57021857923497	6874	1
28.58497267759563	3668	0
28.58584699453552	3295	1
28.596939890710384	9579	1
28.62103825136612	4074	1
28.631256830601092	2779	1
28.643715846994535	7373	1
28.643934426229507	8576	1
28.650218579234974	9030	1
28.667486338797815	6786	1
28.669398907103822	9251	1
28.688743169398908	9455	1
28.69584699453552	3264	1
28.70885245901639	9206	1
28.71032786885246	6579	1
28.746174863387978	8957	1
28.801693989071037	1252	1
28.81382513661202	7941	1
28.817868852459014	6016	1
28.835300546448085	9730	1
28.839726775956287	6682	1
28.840437158469943	5891	1
28.84918032786885	293	1
28.867267759562843	7091	1
28.87366120218579	2108	1
28.93	7401	1
28.98486338797814	7456	1
29.00049180327869	469	1
29.012185792349726	3763	1
29.016010928961748	1380	1
29.02655737704918	4917	1
29.043551912568308	3599	1
29.0503825136612	3378	1
29.090601092896176	7355	1
29.10896174863388	21	1
29.13972677595628	1321	1
29.1424043715847	269	1
29.147103825136615	1304	1
29.157158469945355	620	1
29.17382513661202	784	1
29.174590163934425	5802	1
29.174699453551913	5004	1
29.181693989071036	4411	1
29.192021857923496	6549	1
29.22453551912568	4740	1
29.261092896174862	169	1
29.340163934426226	7341	1
29.34431693989071	3914	1
29.347213114754098	4383	1
29.359890710382516	5540	1
29.368688524590162	1053	1
29.39622950819672	7904	1
29.399945355191257	2266	1
29.421693989071038	2037	1
29.432295081967215	1574	1
29.440054644808743	709	1
29.440163934426227	5840	1
29.451092896174863	2511	1
29.460163934426227	6110	1
29.473497267759562	4748	1
29.516612021857924	1894	1
29.67743169398907	7245	1
29.677978142076505	565	1
29.682459016393445	191	1
29.689071038251363	4915	1
29.69830601092896	3019	1
29.752459016393445	3814	1
29.766448087431694	1310	1
29.802677595628417	9083	1
29.815956284153003	9544	1
29.825628415300546	3677	1
29.841639344262294	1715	1
29.8520218579235	1003	1
29.87218579234973	7910	1
29.914754098360657	4517	1
29.940819672131145	8178	1
29.97120218579235	6546	1
29.99136612021858	2503	1
30.006666666666668	5831	1
30.019398907103824	5334	1
30.038196721311476	7659	1
30.127486338797816	1089	1
30.156830601092896	8085	1
30.18808743169399	1709	1
30.196775956284153	9261	1
30.200601092896175	307	1
30.2331693989071	7628	1
30.23825136612022	1569	1
30.26497267759563	8083	1
30.270983606557376	7196	1
30.316502732240437	7589	1
30.32311475409836	5455	1
30.333825136612024	3236	1
30.33978142076503	6811	1
30.352841530054647	7133	1
30.386502732240437	9820	1
30.39256830601093	8793	1
30.394043715846994	8500	1
30.394207650273223	5756	1
30.41814207650273	5583	1
30.426174863387978	2539	1
30.42978142076503	4905	1
30.43989071038251	1551	1
30.463387978142077	5308	1
30.482295081967212	5884	1
30.493551912568304	6692	1
30.5075956284153	815	1
30.51295081967213	4258	1
30.540765027322404	2748	1
30.542732240437157	6139	1
30.57273224043716	7901	1
30.582622950819673	7690	1
30.59426229508197	8537	1
30.60606557377049	2815	1
30.607704918032788	2204	1
30.616284153005466	1084	1
30.620655737704915	5307	1
30.62256830601093	9271	1
30.63393442622951	7696	1
30.654972677595627	1769	1
30.693715846994532	3989	1
30.72655737704918	769	1
30.74049180327869	9078	1
30.764754098360658	6573	1
30.795737704918032	6436	1
30.859781420765028	6909	1
30.87934426229508	9734	1
30.901857923497268	3741	1
30.923661202185794	2818	1
30.924644808743167	2831	1
30.93765027322404	7535	1
30.957158469945355	2285	1
30.966830601092894	7508	1
30.968633879781418	7751	1
30.977759562841527	3332	1
30.983387978142076	6424	1
31.00087431693989	2867	1
31.043333333333333	8935	1
31.053060109289618	8021	1
31.07409836065574	3970	1
31.075464480874317	3797	1
31.088579234972677	8644	1
31.10142076502732	7573	1
31.112021857923498	9344	1
31.136120218579233	5204	1
31.161967213114753	6477	1
31.17262295081967	3655	1
31.202021857923498	4631	1
31.2351912568306	7958	1
31.237814207650274	6691	1
31.267650273224042	3050	1
31.29273224043716	3316	1
31.304590163934428	4765	1
31.31639344262295	4612	1
31.340983606557376	9912	1
31.35535519125683	5846	1
31.360983606557376	6646	1
31.40770491803279	3657	1
31.41398907103825	3642	1
31.435901639344262	7263	1
31.45191256830601	4911	1
31.51513661202186	1725	1
31.539234972677594	4340	1
31.55224043715847	2115	1
31.55918032786885	6799	1
31.588961748633878	4295	1
31.636666666666667	7684	1
31.637103825136613	8606	1
31.641475409836065	4813	1
31.649562841530052	9570	1
31.66775956284153	980	1
31.676174863387978	1833	1
31.683224043715846	7959	1
31.70770491803279	5458	1
31.7651912568306	1399	1
31.796994535519122	1712	1
31.811366120218576	2178	1
31.84229508196721	6798	1
31.845792349726775	1395	1
31.854918032786884	1865	1
31.86606557377049	3497	1
31.866830601092897	5050	1
31.947213114754096	6575	1
31.975737704918032	2741	1
32.02628415300546	3239	1
32.03207650273224	2375	1
32.049180327868854	2743	1
32.06852459016393	3370	1
32.104699453551916	3011	1
32.15224043715847	8859	1
32.16071038251366	8177	1
32.16142076502732	387	1
32.17535519125683	9353	1
32.19459016393443	7985	1
32.200054644808745	6676	1
32.20092896174863	2501	1
32.22639344262295	9042	1
32.23469945355191	2042	1
32.342295081967215	4401	1
32.35	7882	1
32.36142076502732	5594	1
32.39928961748634	2428	1
32.40497267759563	4996	1
32.40672131147541	3012	1
32.43688524590164	9067	1
32.446994535519124	8509	1
32.44989071038251	9017	1
32.45704918032787	8144	1
32.46098360655738	3222	1
32.46147540983606	8321	1
32.48901639344262	3847	1
32.49693989071038	9223	1
32.503169398907104	2735	1
32.55338797814208	6655	1
32.56918032786885	6899	1
32.61382513661202	8333	1
32.615409836065574	42	1
32.62213114754098	824	1
32.63513661202186	1500	1
32.663715846994535	957	1
32.66508196721311	2571	1
32.681311475409835	4502	1
32.689945355191256	4573	1
32.72010928961749	7934	1
32.75568306010929	2025	1
32.768415300546444	9377	1
32.811639344262296	323	1
32.82775956284153	6700	1
32.83677595628415	5440	1
32.84874316939891	4328	1
32.86234972677595	607	1
32.89147540983606	691	1
32.90704918032787	4069	1
32.942896174863385	9319	1
32.94726775956284	4752	1
32.98420765027323	8571	1
32.98765027322404	5728	1
32.99726775956284	4688	1
33.031639344262295	4901	1
33.032349726775955	4877	1
33.06333333333333	3568	1
33.065628415300544	6316	1
33.07360655737705	5213	1
33.095245901639345	2711	1
33.107650273224046	6583	1
33.11426229508197	7145	1
33.12939890710383	8647	1
33.130437158469945	9581	1
33.13245901639344	5428	1
33.17180327868852	8677	1
33.18693989071038	8852	1
33.241857923497264	2866	1
33.24590163934426	3193	1
33.26562841530055	1371	1
33.27322404371585	2524	1
33.31393442622951	6717	1
33.32251366120219	6372	1
33.3248087431694	9876	1
33.3348087431694	5986	1
33.37562841530055	8505	1
33.39819672131147	6194	1
33.421912568306006	2194	1
33.43830601092896	2125	1
33.46775956284153	2060	1
33.47327868852459	6390	1
33.52639344262295	5854	1
33.53158469945355	5734	1
33.58857923497268	7070	1
33.693715846994536	4668	1
33.73814207650273	4545	1
33.743879781420766	7169	1
33.754043715847	7236	1
33.77251366120219	7086	1
33.80540983606557	9260	1
33.842622950819674	3895	1
33.88693989071038	7095	1
33.89666666666667	102	1
33.903661202185795	6351	1
33.90633879781421	9723	1
33.91098360655737	7387	1
33.99874316939891	2724	1
34.02459016393443	7127	1
34.027049180327865	7784	1
34.04562841530054	2321	1
34.0848087431694	5844	1
34.10098360655738	7484	1
34.10404371584699	5184	1
34.104207650273224	1847	1
34.108251366120214	2353	1
34.11016393442623	3093	1
34.11786885245901	4161	1
34.133770491803276	8213	1
34.14546448087432	5402	1
34.16945355191257	6856	1
34.17142076502732	6066	1
34.183224043715846	3893	1
34.198196721311476	3141	1
34.20912568306011	1019	1
34.21901639344262	6750	1
34.25896174863388	3941	1
34.31765027322405	6133	1
34.33311475409836	831	1
34.34431693989071	486	1
34.3824043715847	5720	1
34.394972677595625	9617	1
34.39677595628415	154	1
34.456775956284154	6924	1
34.50387978142077	3703	1
34.516612021857924	4606	1
34.51754098360656	4509	1
34.52344262295082	6596	1
34.55950819672131	5610	1
34.58229508196721	3027	1
34.59874316939891	4154	1
34.62639344262295	5086	1
34.62846994535519	5920	1
34.64256830601093	7611	1
34.746120218579236	4148	1
34.79792349726776	7202	1
34.80393442622951	9601	1
34.86639344262295	3023	1
34.91945355191257	4179	1
34.92666666666666	1990	1
34.93568306010929	9069	1
34.9624043715847	9074	1
34.976612021857925	6636	1
34.98245901639344	8706	1
34.98661202185792	3007	1
35.005464480874316	1854	1
35.06273224043716	905	1
35.07071038251366	3283	1
35.08491803278688	8969	1
35.17245901639344	7392	1
35.20382513661202	5510	1
35.206830601092896	7706	1
35.209016393442624	2324	1
35.22628415300546	2695	1
35.254371584699456	1179	1
35.25781420765028	9783	1
35.26732240437158	3908	1
35.28322404371584	2718	1
35.29907103825136	8281	1
35.300327868852456	2325	1
35.31513661202185	4218	1
35.316775956284154	4068	1
35.3724043715847	5962	1
35.406885245901634	8128	1
35.408524590163935	3488	1
35.43081967213115	1802	1
35.43448087431694	9448	1
35.434754098360656	8261	1
35.440327868852464	2615	1
35.483333333333334	8401	1
35.50530054644808	9227	1
35.52333333333333	7077	1
35.56814207650273	8776	1
35.57453551912568	9666	1
35.59699453551913	8208	1
35.602295081967206	2934	1
35.6155737704918	2906	1
35.634590163934426	1917	1
35.64142076502732	9013	1
35.72071038251366	2262	1
35.757704918032786	5528	1
35.76174863387978	6122	1
35.7735519125683	6543	1
35.77497267759563	2288	1
35.778196721311474	4648	1
35.83573770491803	9154	1
35.889781420765026	1229	1
35.8996174863388	8008	1
35.91765027322405	7022	1
35.99327868852459	6186	1
36.00748633879781	1100	1
36.02360655737705	6198	1
36.04655737704918	2682	1
36.05218579234973	8209	1
36.054098360655736	506	1
36.07338797814207	270	1
36.08387978142076	5031	1
36.133770491803276	6211	1
36.16765027322405	571	1
36.17191256830601	3902	1
36.18267759562842	7359	1
36.2320218579235	2795	1
36.260655737704916	2978	1
36.288251366120214	536	1
36.30245901639345	9895	1
36.32928961748634	6007	1
36.37606557377049	2673	1
36.40092896174863	8478	1
36.47273224043716	3323	1
36.47568306010929	6895	1
36.49622950819672	5386	1
36.52737704918033	1626	1
36.53486338797814	3773	1
36.5483606557377	4778	1
36.54989071038251	5775	1
36.582240437158475	8123	1
36.644262295081965	3198	1
36.68360655737705	6278	1
36.72524590163934	2554	1
36.75218579234973	1301	1
36.760710382513665	3396	1
36.761366120218575	3004	1
36.77551912568306	2183	1
36.7779781420765	7616	1
36.77836065573771	2782	1
36.802950819672134	8031	1
36.81590163934426	2597	1
36.836994535519125	8626	1
36.84180327868852	4601	1
36.85579234972677	3149	1
36.86125683060109	3748	1
36.87	6585	1
36.87918032786885	9521	1
36.88650273224044	9354	1
36.91295081967213	9213	1
36.96224043715847	6980	1
36.972513661202186	7070	0
36.981147540983606	1040	1
36.996338797814204	8955	1
37.02021857923497	9447	1
37.03289617486339	8214	1
37.0483606557377	527	1
37.05131147540983	8562	1
37.07562841530055	4736	1
37.07606557377049	9149	1
37.104590163934425	3455	1
37.12568306010929	3448	1
37.18857923497267	5388	1
37.193934426229504	3604	1
37.22459016393443	4450	1
37.271475409836064	4771	1
37.36830601092896	4080	1
37.37497267759563	2015	1
37.40426229508197	658	1
37.40650273224043	6365	1
37.4464480874317	3949	1
37.456010928961746	7673	1
37.4744262295082	2546	1
37.53513661202185	8277	1
37.53633879781421	3663	1
37.54885245901639	914	1
37.57912568306011	8963	1
37.583114754098354	4970	1
37.60322404371585	74	1
37.609398907103824	8773	1
37.638688524590165	1435	1
37.656229508196716	9035	1
37.66661202185792	183	1
37.67366120218579	5845	1
37.69469945355191	6882	1
37.7020218579235	3258	1
37.70765027322404	3586	1
37.76338797814208	3668	1
37.779836065573775	4005	1
37.792841530054645	288	1
37.79601092896175	6155	1
37.8307650273224	1703	1
37.831311475409834	5887	1
37.83180327868852	5918	1
37.83825136612022	7006	1
37.84573770491804	376	1
37.8548087431694	5512	1
37.86535519125683	3761	1
37.89251366120218	8518	1
37.893169398907105	684	1
37.89781420765027	1191	1
37.91224043715847	1424	1
37.91617486338798	7289	1
37.921202185792346	4686	1
37.923169398907106	5858	1
37.926120218579236	9469	1
37.934644808743165	6224	1
37.9431693989071	6791	1
37.94448087431694	3575	1
37.96306010928962	3614	1
38.005409836065574	7927	1
38.010655737704916	8004	1
38.015956284153006	6173	1
38.026065573770495	4046	1
38.04415300546448	6129	1
38.05338797814208	9310	1
38.06606557377049	9802	1
38.0688524590164	8828	1
38.06934426229508	4525	1
38.079890710382514	8872	1
38.09142076502732	5942	1
38.09989071038251	2472	1
38.10551912568306	3985	1
38.138688524590165	6599	1
38.173442622950816	4653	1
38.18830601092896	7320	1
38.19295081967213	9592	1
38.20065573770492	2217	1
38.20934426229508	9987	1
38.216229508196726	7317	1
38.258469945355195	4575	1
38.27573770491803	5702	1
38.282459016393446	9798	1
38.29366120218579	2814	1
38.31431693989071	1852	1
38.316448087431695	4398	1
38.33032786885246	7436	1
38.35819672131147	5269	1
38.38404371584699	942	1
38.389398907103825	2832	1
38.414480874316936	4504	1
38.41672131147541	2221	1
38.423825136612024	3487	1
38.42748633879781	9954	1
38.436557377049176	6050	1
38.43677595628415	6538	1
38.4479781420765	4025	1
38.4803825136612	6763	1
38.48836065573771	3123	1
38.49508196721311	5967	1
38.537595628415296	3284	1
38.55775956284153	6776	1
38.572786885245904	3860	1
38.593333333333334	6311	1
38.60295081967213	2941	1
38.62841530054645	3460	1
38.63027322404372	359	1
38.66923497267759	5061	1
38.68	3868	1
38.69530054644809	7772	1
38.74612021857923	8271	1
38.7551912568306	7912	1
38.757213114754094	1616	1
38.79234972677595	16	1
38.792841530054645	6018	1
38.81928961748634	1299	1
38.82551912568306	8818	1
38.828415300546446	8774	1
38.830273224043715	8377	1
38.83989071038251	8977	1
38.8703825136612	4457	1
38.89601092896175	3215	1
38.94311475409835	273	1
38.94857923497268	5493	1
38.976994535519125	8621	1
39.00420765027322	3111	1
39.01092896174863	5907	1
39.020765027322405	7315	1
39.06852459016393	6706	1
39.0987431693989	3821	1
39.12267759562842	6176	1
39.13054644808743	4742	1
39.14530054644809	8070	1
39.14601092896174	2383	1
39.162568306010925	6939	1
39.175628415300544	8566	1
39.226502732240434	1764	1
39.23825136612022	977	1
39.27732240437158	7175	1
39.28284153005464	8783	1
39.29830601092896	8339	1
39.34612021857923	3014	1
39.347868852459015	4485	1
39.38393442622951	9160	1
39.38961748633879	6886	1
39.39901639344262	4533	1
39.441803278688525	4613	1
39.444863387978145	9872	1
39.46617486338798	5164	1
39.485136612021854	1878	1
39.50530054644809	4057	1
39.51530054644809	3337	1
39.517486338797816	9048	1
39.52726775956284	1986	1
39.54453551912568	3551	1
39.588852459016394	5354	1
39.601256830601095	8359	1
39.61551912568306	4810	1
39.624426229508195	3787	1
39.62693989071038	7017	1
39.640163934426226	4002	1
39.64300546448088	9903	1
39.65819672131148	9276	1
39.67245901639344	2988	1
39.67524590163934	6490	1
39.70256830601093	3243	1
39.70486338797814	7482	1
39.713551912568306	5179	1
39.77551912568306	3784	1
39.77672131147541	3512	1
39.80508196721311	2902	1
39.81524590163934	2005	1
39.82043715846994	499	1
39.82890710382514	5073	1
39.85814207650273	8306	1
39.88934426229508	7343	1
39.91092896174864	6305	1
39.94174863387978	7426	1
39.943224043715844	3435	1
39.961912568306005	3688	1
40.00207650273224	3781	1
40.0024043715847	5686	1
40.04546448087432	6926	1
40.060327868852454	1530	1
40.08677595628415	133	1
40.12	2142	1
40.178743169398906	8084	1
40.231092896174864	1702	1
40.236284153005464	4942	1
40.260983606557375	2291	1
40.277049180327865	9475	1
40.28338797814207	6862	1
40.29830601092896	8432	1
40.30912568306011	999	1
40.30994535519126	9955	1
40.31163934426229	8895	1
40.323442622950814	6900	1
40.32743169398907	3674	1
40.358032786885246	3828	1
40.38486338797814	5575	1
40.40497267759562	8594	1
40.407322404371584	896	1
40.44109289617486	69	1
40.450327868852455	3750	1
40.482568306010926	2990	1
40.51349726775956	9231	1
40.51398907103825	5442	1
40.51502732240437	4212	1
40.52918032786885	7662	1
40.532677595628414	8158	1
40.53923497267759	5515	1
40.54098360655738	2765	1
40.56398907103825	4307	1
40.57420765027322	889	1
40.589234972677595	9044	1
40.59841530054645	1141	1
40.60087431693989	7178	1
40.60901639344262	435	1
40.65907103825137	8336	1
40.661092896174864	1991	1
40.68087431693989	4321	1
40.694754098360654	2293	1
40.70163934426229	5244	1
40.704918032786885	275	1
40.70819672131148	4122	1
40.716502732240436	4679	1
40.72420765027322	7594	1
40.725355191256824	3603	1
40.7348087431694	5602	1
40.74650273224044	6308	1
40.7579781420765	1908	1
40.76775956284153	641	1
40.80021857923497	8047	1
40.8064480874317	408	1
40.80814207650273	4672	1
40.8151912568306	7601	1
40.81956284153005	9392	1
40.826120218579234	5278	1
40.842568306010925	1736	1
40.84693989071038	4275	1
40.85530054644809	8375	0
40.86524590163934	4273	1
40.92890710382514	8506	1
40.94655737704918	3476	1
40.962404371584704	3800	1
40.99311475409836	4535	1
41.00666666666667	9193	1
41.007322404371585	1825	1
41.008415300546446	6937	1
41.030819672131145	54	1
41.04185792349726	4921	1
41.06431693989071	9265	1
41.09530054644809	775	1
41.09693989071038	5250	1
41.109071038251365	228	1
41.11311475409836	3434	1
41.12945355191257	9737	1
41.159234972677595	9453	1
41.162295081967216	2876	1
41.18475409836065	2962	1
41.201147540983605	9129	1
41.21027322404372	2951	1
41.24218579234973	6598	1
41.260601092896174	2935	1
41.283442622950815	6069	1
41.28677595628415	5499	1
41.31628415300547	9919	1
41.332622950819676	860	1
41.36338797814207	6864	1
41.370765027322406	4338	1
41.37732240437158	5454	1
41.37857923497268	2651	1
41.4236612021858	4992	1
41.434371584699456	6625	1
41.44092896174863	4132	1
41.44459016393442	3294	1
41.48071038251366	2014	1
41.485245901639345	2685	1
41.495956284153	4120	1
41.50852459016394	4961	1
41.60546448087432	7491	1
41.610601092896175	3232	1
41.621748633879776	9913	1
41.6455737704918	7779	1
41.65918032786885	1792	1
41.67628415300547	695	1
41.77956284153005	2639	1
41.80497267759563	8575	1
41.836284153005465	6387	1
41.850874316939894	8540	1
41.863989071038255	8600	1
41.86535519125683	9185	1
41.8751912568306	5985	1
41.8783606557377	1291	1
41.89065573770492	3118	1
41.92737704918033	485	1
41.954098360655735	1085	1
41.96590163934426	9661	1
41.99224043715847	9058	1
42.00333333333334	4437	1
42.033770491803274	3260	1
42.041584699453544	5342	1
42.07885245901639	4436	1
42.08573770491803	6754	1
42.10459016393443	260	1
42.12234972677595	6171	1
42.12366120218579	3018	1
42.123715846994536	4493	1
42.131202185792354	2852	1
42.135628415300545	2332	1
42.13573770491803	9217	1
42.14120218579235	6485	1
42.15300546448088	3526	1
42.16360655737705	5618	1
42.164098360655736	5611	1
42.17781420765027	6283	1
42.182841530054645	8129	1
42.18327868852459	6734	1
42.19737704918033	7789	1
42.20404371584699	543	1
42.21185792349727	2249	1
42.2507650273224	3063	1
42.26972677595628	3866	1
42.28879781420765	5128	1
42.290928961748634	9837	1
42.34049180327869	2974	1
42.34502732240437	9275	1
42.362841530054645	6293	1
42.40415300546448	6008	1
42.40819672131147	5259	1
42.424918032786884	1808	1
42.4255737704918	8868	1
42.43852459016393	8585	1
42.44491803278689	7132	1
42.46852459016394	473	1
42.48469945355191	6945	1
42.50180327868852	5924	1
42.53628415300547	9786	1
42.54535519125683	5337	1
42.54579234972678	4709	1
42.57180327868853	6833	1
42.576120218579234	2246	1
42.57770491803279	5952	1
42.614043715847	5613	1
42.61743169398907	3225	1
42.62459016393443	9534	1
42.627486338797816	5580	1
42.662622950819674	8210	1
42.664863387978144	1355	1
42.70830601092896	4124	1
42.7348087431694	8451	1
42.740874316939895	8507	1
42.7420218579235	984	1
42.74284153005464	9945	1
42.75054644808743	1566	1
42.75901639344262	94	1
42.77513661202186	3298	1
42.77672131147541	9949	1
42.78060109289617	2688	1
42.786557377049185	9181	1
42.80622950819672	3597	1
42.813387978142075	4845	1
42.833661202185795	7940	1
42.84918032786885	9637	1
42.887486338797814	5755	1
42.92021857923498	9999	1
42.92830601092896	6148	1
42.92989071038251	8929	1
42.93573770491803	145	1
42.935792349726775	7322	1
42.94497267759563	9552	1
42.96770491803279	2669	1
42.971366120218576	4183	1
42.997923497267756	5376	1
43.04207650273224	994	1
43.071256830601094	6337	1
43.0851912568306	9911	1
43.10852459016394	189	1
43.13431693989071	8145	1
43.14579234972677	6275	1
43.158852459016394	5215	1
43.18737704918033	3512	0
43.19120218579235	9775	1
43.2003825136612	9650	1
43.20245901639345	4118	1
43.20710382513661	1414	1
43.207978142076506	3972	1
43.250928961748635	9882	1
43.264153005464486	5157	1
43.33830601092896	1223	1
43.3844262295082	7442	1
43.40125683060109	6000	1
43.4092349726776	1631	1
43.41224043715847	3880	1
43.455355191256835	2948	1
43.46639344262295	9247	1
43.47081967213115	9587	1
43.47502732240437	4543	1
43.48	1129	1
43.49650273224044	5013	1
43.50289617486339	8636	1
43.51715846994535	5661	1
43.53939890710382	9881	1
43.5403825136612	242	1
43.54950819672131	762	1
43.5972131147541	1881	1
43.602349726775955	4622	1
43.60852459016394	6199	1
43.609453551912566	4670	1
43.66021857923497	4394	1
43.750218579234975	4566	1
43.7563387978142	6271	1
43.76732240437158	1572	1
43.785355191256826	2203	1
43.78934426229508	7935	1
43.79071038251366	3823	1
43.81989071038251	4165	1
43.83273224043716	2210	1
43.836229508196716	6064	1
43.8615300546448	5367	1
43.88688524590164	1037	1
43.89475409836065	9135	1
43.91415300546448	5314	1
43.92344262295082	4724	1
43.95142076502732	6725	1
43.95377049180328	6105	1
43.9827868852459	7468	1
44.03814207650273	6147	1
44.04606557377049	7834	1
44.06573770491803	8286	1
44.11737704918033	2128	1
44.11879781420765	2247	1
44.14185792349726	4090	1
44.150655737704916	9836	1
44.15295081967213	874	1
44.21983606557377	4216	1
44.23448087431694	7788	1
44.23704918032787	5074	1
44.25896174863387	1487	1
44.284590163934425	3670	1
44.29896174863388	2381	1
44.303770491803284	9511	1
44.40163934426229	9888	1
44.42256830601093	1387	1
44.446284153005465	723	1
44.44633879781421	4028	1
44.47808743169399	3818	1
44.49934426229508	4060	1
44.5183606557377	7452	1
44.557377049180324	683	1
44.59928961748634	4727	1
44.61398907103825	1641	1
44.62158469945355	3399	1
44.62420765027322	5297	1
44.63049180327869	6566	1
44.65912568306011	4259	1
44.684316939890714	7396	1
44.70879781420765	8634	1
44.71918032786885	4317	1
44.73005464480874	3716	1
44.74420765027322	6973	1
44.74486338797814	3628	1
44.74737704918032	487	1
44.7692349726776	6448	1
44.77568306010929	2799	1
44.781256830601095	1868	1
44.786721311475404	8997	1
44.88109289617486	3092	1
44.90202185792349	2281	1
44.9051912568306	9143	1
44.9051912568306	7084	1
44.905355191256824	1685	1
44.906174863387974	2129	1
44.90688524590164	1372	1
44.913278688524585	8563	1
44.91846994535519	6179	1
44.91879781420764	8623	1
44.93081967213115	3095	1
44.96710382513661	4706	1
44.973934426229505	5030	1
44.98169398907104	4208	1
45.0591256830601	5863	1
45.070491803278685	6200	1
45.07377049180328	3507	1
45.08633879781421	923	1
45.10513661202186	832	1
45.10617486338798	2778	1
45.11743169398907	6331	1
45.11945355191257	8029	1
45.1279781420765	2066	1
45.12950819672131	1687	1
45.15049180327869	312	1
45.17300546448088	666	1
45.176120218579236	1149	1
45.19437158469945	6163	1
45.201857923497265	8088	1
45.25136612021858	2768	1
45.267103825136616	5206	1
45.26907103825136	4855	1
45.28551912568306	3943	1
45.299125683060105	88	1
45.302568306010926	4766	1
45.350819672131145	2526	1
45.353879781420765	8612	1
45.40972677595629	8475	1
45.41978142076503	1373	1
45.443005464480876	5975	1
45.44530054644809	314	1
45.46169398907104	728	1
45.46513661202186	8838	1
45.46841530054645	7560	1
45.48158469945355	7423	1
45.48770491803278	4547	1
45.4924043715847	7188	1
45.5003825136612	9928	1
45.5111475409836	8374	1
45.538469945355196	1775	1
45.57868852459016	9526	1
45.583224043715845	4087	1
45.58371584699454	1958	1
45.60857923497268	2312	1
45.6196174863388	248	1
45.62693989071038	4052	1
45.64174863387978	1536	1
45.72497267759563	9842	1
45.7424043715847	2164	1
45.76273224043715	4014	1
45.770655737704914	2413	1
45.78185792349727	3509	1
45.78229508196721	7259	1
45.850437158469944	1713	1
45.865081967213115	4125	1
45.86901639344262	8295	1
45.87163934426229	6302	1
45.873661202185794	4618	1
45.9103825136612	2915	1
45.926065573770494	763	1
45.954480874316936	789	1
45.96601092896175	5345	1
45.969180327868855	9021	1
45.99213114754098	8322	1
46.01573770491803	5773	1
46.01622950819672	3340	1
46.024207650273226	4410	1
46.05071038251366	699	1
46.06393442622951	3308	1
46.09524590163934	9692	1
46.1675956284153	3203	1
46.173825136612024	1967	1
46.180928961748634	7364	1
46.19153005464481	5665	1
46.19535519125683	6737	1
46.21393442622951	199	1
46.216830601092894	8879	1
46.23311475409836	8839	1
46.23311475409836	5547	1
46.24398907103825	8656	1
46.24803278688525	8071	1
46.293934426229505	6639	1
46.293989071038254	5079	1
46.30153005464481	3682	1
46.31551912568306	8761	1
46.317267759562846	5078	1
46.31879781420765	3925	1
46.32224043715847	8528	1
46.33945355191256	4434	1
46.387540983606556	5480	1
46.39256830601093	4844	1
46.41010928961749	1384	1
46.41814207650273	7345	1
46.446721311475414	6152	1
46.44978142076503	8965	1
46.46710382513661	2981	1
46.48601092896175	1605	1
46.4892349726776	3412	1
46.50147540983606	7892	1
46.5303825136612	7891	1
46.5307650273224	4548	1
46.53114754098361	3375	1
46.5496174863388	8954	1
46.55524590163934	4938	1
46.57185792349726	2104	1
46.58896174863388	1087	1
46.589672131147545	7455	1
46.60688524590164	4553	1
46.60972677595629	3611	1
46.616502732240434	706	0
46.61781420765027	8613	1
46.63087431693989	1652	1
46.692896174863385	2495	1
46.71306010928962	6040	1
46.713770491803274	8355	1
46.715300546448084	1701	1
46.71928961748634	4660	1
46.719781420765024	2470	1
46.720546448087426	6001	1
46.72153005464481	4265	1
46.76486338797814	4948	1
46.77677595628415	6368	1
46.78748633879782	106	1
46.806284153005464	8637	1
46.8072131147541	696	1
46.8103825136612	6825	1
46.81426229508197	7384	1
46.82475409836065	295	1
46.83825136612022	8788	1
46.84049180327869	170	1
46.84639344262295	6920	1
46.85371584699453	1541	1
46.86672131147541	6183	1
46.86688524590164	6207	1
46.89803278688524	989	1
46.90409836065573	1801	1
46.93065573770492	6004	1
46.94568306010929	6259	1
46.96590163934426	6881	1
46.96737704918032	9748	1
46.97049180327869	4645	1
46.97661202185792	7250	1
46.98475409836066	9861	1
46.98551912568306	3030	1
47.00415300546448	3919	1
47.008360655737704	3785	1
47.01158469945355	6602	1
47.01508196721312	2478	1
47.04185792349727	2124	1
47.04907103825137	1218	1
47.05158469945355	8106	1
47.05683060109289	5524	1
47.060054644808744	3844	1
47.07229508196721	6411	1
47.101202185792346	6045	1
47.111311475409835	2979	1
47.12934426229508	8897	1
47.13125683060109	1710	1
47.13131147540984	8497	1
47.14420765027322	5117	1
47.14459016393443	8100	1
47.163715846994535	1207	1
47.17803278688525	5766	1
47.274863387978144	7917	1
47.28054644808743	3753	1
47.32601092896175	7052	1
47.332841530054644	7292	1
47.34622950819672	9268	1
47.35819672131148	2494	1
47.371092896174865	8759	1
47.393169398907105	6942	1
47.39366120218579	9980	1
47.402841530054644	2459	1
47.439562841530055	6785	1
47.45071038251366	1276	1
47.45437158469945	6060	1
47.456338797814205	471	0
47.45879781420765	138	1
47.470273224043716	2575	1
47.49	7385	1
47.50502732240437	9580	1
47.510983606557375	2231	1
47.5183606557377	8198	1
47.51879781420765	5176	1
47.53901639344262	8187	1
47.54819672131148	5573	1
47.569016393442624	9634	1
47.57453551912568	7128	1
47.59644808743169	6075	1
47.629726775956286	9561	1
47.655081967213114	8520	1
47.668306010928966	7045	1
47.67245901639344	7672	1
47.6820218579235	6431	1
47.686120218579234	9157	1
47.69306010928962	5522	1
47.70213114754098	7054	1
47.70338797814208	5220	1
47.7275956284153	5991	1
47.73420765027323	6626	1
47.84081967213114	7948	1
47.8468306010929	1737	1
47.859016393442616	3350	1
47.868415300546445	67	1
47.92136612021858	7056	1
47.94540983606557	1013	1
47.973606557377046	2816	1
47.98021857923497	5708	1
47.986284153005464	3955	1
47.98688524590164	2237	1
48.021147540983605	2052	1
48.082841530054644	4396	1
48.10229508196721	1298	1
48.12601092896175	3712	1
48.156994535519125	2243	1
48.17054644808743	4540	1
48.19049180327869	4099	1
48.2175956284153	86	1
48.224754098360656	9834	1
48.225355191256824	4296	1
48.23245901639344	7942	1
48.274535519125685	9918	1
48.28967213114753	3313	1
48.31065573770492	7829	1
48.31174863387978	4329	1
48.32333333333333	4946	1
48.32622950819672	4034	1
48.33382513661202	644	1
48.33469945355191	1078	1
48.39628415300546	4102	1
48.396830601092894	8109	1
48.40344262295082	1909	1
48.429071038251365	7825	1
48.44311475409836	7453	1
48.47327868852459	5804	1
48.50557377049181	1866	1
48.518579234972684	118	1
48.522677595628416	7272	1
48.55021857923497	1222	1
48.586174863387974	6274	1
48.605683060109286	2340	1
48.61699453551912	6817	1
48.63262295081967	1673	1
48.66508196721311	2024	1
48.67475409836065	3461	1
48.67661202185792	5761	1
48.686174863387976	9022	1
48.688797814207646	6663	1
48.69043715846995	2209	1
48.699508196721304	7511	1
48.74469945355191	3930	0
48.7451912568306	7234	1
48.79289617486339	6428	1
48.80497267759563	593	1
48.806666666666665	5622	1
48.867431693989076	6022	1
48.87043715846994	7712	1
48.87092896174863	8119	1
48.88142076502732	2271	1
48.893551912568306	7206	1
48.901366120218576	4387	1
48.91169398907104	6759	1
48.913715846994535	9635	1
48.93005464480874	2040	1
48.969508196721314	2225	1
48.98426229508197	6665	1
49.001420765027326	7931	1
49.003278688524595	9742	1
49.02322404371585	5246	1
49.025191256830595	1638	1
49.03120218579235	6174	1
49.039071038251365	4221	1
49.042459016393444	7044	1
49.0755737704918	6491	1
49.084316939890705	9844	1
49.09393442622951	6901	1
49.109508196721315	178	1
49.12065573770492	978	1
49.12688524590164	207	1
49.144153005464474	495	1
49.149453551912565	901	1
49.1851912568306	7739	1
49.20704918032787	6254	1
49.21688524590164	1831	1
49.219508196721314	9264	1
49.21994535519126	2859	1
49.22857923497268	961	1
49.23158469945355	5654	1
49.249836065573774	4580	1
49.251202185792344	4507	1
49.254644808743166	1488	1
49.291693989071035	3325	1
49.29267759562841	9827	1
49.32770491803279	4965	1
49.33453551912569	6453	1
49.338852459016394	7638	1
49.36666666666667	6149	1
49.38879781420765	3378	0
49.39180327868852	7708	1
49.393169398907105	8916	1
49.394590163934424	8426	1
49.41180327868853	4780	1
49.42147540983606	6989	1
49.421857923497264	8248	1
49.435409836065574	6451	1
49.44289617486339	7949	1
49.44978142076503	1650	1
49.4551912568306	764	1
49.456775956284154	2230	1
49.462404371584704	8992	1
49.4651912568306	5344	1
49.513333333333335	1165	1
49.528196721311474	7600	1
49.55912568306011	9600	1
49.573060109289614	8356	1
49.57754098360655	4744	1
49.587431693989075	6934	1
49.60803278688524	4691	1
49.60846994535519	4345	1
49.612131147540985	9529	1
49.623606557377045	1988	1
49.633825136612025	8087	1
49.65387978142077	2252	1
49.66726775956284	3043	1
49.6827868852459	5914	1
49.690273224043715	5774	1
49.690655737704915	4435	1
49.69907103825136	7753	1
49.70584699453552	2423	1
49.70666666666666	7021	1
49.70846994535519	8862	1
49.71770491803279	4363	1
49.72655737704918	83	1
49.73382513661202	2150	1
49.73459016393443	4642	1
49.735245901639345	6473	1
49.75551912568306	5280	1
49.75939890710382	4714	1
49.789071038251365	5628	1
49.7903825136612	2655	1
49.79863387978142	4694	1
49.805956284153005	9489	1
49.82032786885245	9641	1
49.82978142076503	3850	1
49.844535519125685	9788	1
49.84879781420764	4789	1
49.856120218579235	7058	1
49.8716393442623	3502	1
49.92464480874317	787	1
49.92928961748633	1921	1
49.93333333333333	2943	1
49.93398907103825	925	1
49.93934426229508	9606	1
49.95896174863388	8099	1
49.97300546448088	9754	1
50.0220218579235	1394	1
50.06049180327869	3306	1
50.063387978142075	7354	1
50.068251366120215	4337	1
50.07551912568306	2000	1
50.09666666666667	9382	1
50.109398907103824	7037	1
50.11005464480874	7268	1
50.136448087431695	393	1
50.137978142076506	3920	1
50.18825136612021	4444	1
50.22989071038251	7397	1
50.23213114754098	8570	1
50.284480874316934	5735	1
50.309289617486336	7943	1
50.32715846994536	616	1
50.345573770491804	5482	1
50.35147540983606	8974	1
50.3555737704918	8124	1
50.3903825136612	6712	1
50.43071038251366	1150	1
50.46655737704918	3853	1
50.49213114754098	7962	1
50.49841530054645	1362	1
50.507923497267754	2045	1
50.515901639344264	8877	1
50.52344262295082	6789	1
50.52453551912568	646	1
50.52683060109289	6299	1
50.52923497267759	9503	1
50.550000000000004	9293	1
50.568251366120215	6685	1
50.59781420765027	8841	1
50.67032786885245	7502	1
50.68601092896175	4851	1
50.765846994535515	3098	1
50.83229508196721	3854	1
50.83781420765027	930	1
50.85071038251366	7568	1
50.867759562841535	9794	1
50.870382513661205	2696	1
50.87901639344262	2080	1
50.89808743169399	5738	1
50.907704918032785	8840	1
50.933989071038255	1224	1
50.97601092896175	2346	1
50.9924043715847	5898	1
51.00071038251367	652	1
51.01879781420765	9038	1
51.02360655737705	3490	1
51.06382513661202	8112	1
51.0767213114754	6870	1
51.098961748633876	6752	1
51.10661202185792	2456	1
51.11071038251366	6291	1
51.124426229508195	3248	1
51.13852459016393	6680	1
51.14306010928962	9238	1
51.161803278688524	6739	1
51.168688524590166	8380	1
51.189289617486345	2420	1
51.19103825136612	9591	1
51.19256830601093	2521	1
51.21841530054645	4600	1
51.222076502732236	7310	1
51.2579781420765	2117	1
51.283442622950815	2968	1
51.294371584699455	9220	1
51.29989071038251	9496	1
51.30808743169399	8988	1
51.31120218579235	7549	1
51.31213114754099	6222	1
51.33786885245902	4880	1
51.343005464480875	8617	1
51.35054644808743	4962	1
51.36234972677595	1148	1
51.378907103825135	9153	1
51.391967213114754	6339	1
51.39617486338798	7402	1
51.41207650273224	6910	1
51.42185792349727	1930	1
51.42513661202185	422	1
51.43377049180327	3923	1
51.43513661202186	3452	1
51.45437158469945	3527	1
51.50218579234973	720	1
51.540928961748634	8162	1
51.54142076502732	8779	1
51.57573770491803	7199	1
51.57633879781421	3094	1
51.577650273224044	7578	1
51.605355191256834	4256	1
51.63387978142077	3742	1
51.63590163934426	581	1
51.637540983606556	8262	1
51.65256830601093	9765	1
51.69120218579235	385	1
51.70207650273224	3006	1
51.73754098360656	8022	1
51.74704918032787	5331	1
51.773387978142075	9461	1
51.836229508196716	7241	1
51.871475409836066	1996	1
51.87344262295082	6961	1
51.87377049180328	7618	1
51.880491803278694	8326	1
51.88934426229508	1445	1
51.89398907103825	9277	1
51.90087431693989	4350	1
51.950874316939895	3810	1
51.99983606557377	411	1
52.00710382513661	5139	1
52.01912568306011	1727	1
52.0244262295082	1721	1
52.05661202185792	5546	1
52.07551912568306	1217	1
52.09158469945355	5069	1
52.11185792349727	3502	0
52.16945355191257	4883	1
52.17016393442623	4628	1
52.18415300546448	3939	1
52.1875956284153	4954	1
52.20688524590164	4495	1
52.25497267759563	674	1
52.256557377049184	6649	1
52.28245901639344	8534	1
52.2844262295082	5601	1
52.30896174863388	1897	1
52.33054644808743	6469	1
52.33683060109289	7581	1
52.36125683060109	3405	1
52.364043715847	4400	1
52.37153005464481	7211	1
52.37185792349727	8659	1
52.37382513661202	2497	1
52.46699453551913	9064	1
52.47382513661202	225	1
52.476229508196724	409	1
52.49256830601093	4147	1
52.51868852459017	6168	1
52.548469945355194	4082	1
52.55071038251366	3579	1
52.55415300546448	3829	1
52.55754098360656	3576	1
52.595683060109295	8902	1
52.59923497267759	9423	1
52.620655737704915	8525	1
52.63508196721311	3380	1
52.6624043715847	2011	1
52.664535519125685	252	1
52.66508196721311	9092	1
52.68907103825137	9239	1
52.69147540983606	5691	1
52.712021857923496	1269	1
52.72524590163934	4472	1
52.742677595628415	5366	1
52.80644808743169	6847	1
52.825300546448084	489	1
52.832185792349726	3542	1
52.852732240437156	2132	1
52.88021857923498	8631	1
52.88693989071038	1547	1
52.89939890710382	6984	1
52.90267759562842	5982	1
52.904371584699454	1722	1
52.905355191256824	4926	1
52.9143169398907	3538	1
52.91650273224044	2862	1
52.91814207650273	4007	1
52.933169398907104	933	1
53.06371584699453	1659	1
53.07792349726776	8424	1
53.08032786885246	4452	1
53.09092896174864	9414	1
53.140163934426226	2368	1
53.16120218579235	9322	1
53.16721311475409	285	1
53.174043715847	1021	1
53.175300546448085	3079	1
53.22453551912568	2835	1
53.22573770491803	8758	1
53.22907103825137	2228	1
53.23950819672131	6735	1
53.24262295081967	1957	1
53.25027322404372	3206	1
53.261366120218575	7014	1
53.26142076502732	8474	1
53.26655737704918	1361	1
53.28551912568306	9642	1
53.32819672131147	5791	1
53.335191256830605	4649	1
53.35404371584699	633	1
53.36535519125683	6696	1
53.37131147540984	297	1
53.380546448087436	9537	1
53.38267759562841	6288	1
53.47825136612022	3247	1
53.4903825136612	6336	1
53.49349726775956	5625	1
53.50497267759563	6525	1
53.51562841530054	3039	1
53.526721311475406	3994	1
53.52956284153005	168	1
53.53825136612022	9216	1
53.54065573770492	4417	1
53.54535519125683	7083	1
53.576502732240435	9975	1
53.57754098360656	859	1
53.5827868852459	1484	1
53.5872131147541	9347	1
53.60131147540983	1791	1
53.61415300546448	5323	1
53.69584699453552	9660	1
53.711967213114754	634	1
53.739344262295084	247	1
53.74486338797814	6150	1
53.77081967213115	9823	1
53.771147540983605	2316	1
53.7827868852459	4541	1
53.78360655737705	2354	1
53.80448087431694	1448	1
53.828415300546446	3047	1
53.85284153005465	9203	1
53.8911475409836	1648	1
53.92655737704918	9957	1
53.951530054644806	1823	1
53.956448087431696	2050	1
53.9720218579235	7348	1
54.01054644808743	6878	1
54.01606557377049	7856	1
54.017103825136616	8898	1
54.01912568306011	7769	1
54.02994535519125	7835	1
54.04032786885246	897	1
54.04704918032787	5770	1
54.048469945355194	4906	1
54.05016393442622	4513	1
54.05333333333333	3156	1
54.0779781420765	9774	1
54.085136612021856	4306	1
54.09191256830601	7866	1
54.108251366120214	3053	1
54.114262295081964	9732	1
54.125245901639346	1065	1
54.14737704918033	7806	1
54.15224043715847	7842	1
54.1775956284153	8622	1
54.17819672131147	7505	1
54.1855737704918	2514	0
54.19879781420765	184	1
54.224316939890706	6555	1
54.22857923497268	5464	1
54.24661202185793	5496	1
54.25180327868853	9830	1
54.256502732240435	6455	1
54.28136612021858	1733	1
54.30409836065574	1730	1
54.320819672131144	7216	1
54.3303825136612	1007	1
54.36601092896175	4508	1
54.3787431693989	9665	1
54.38442622950819	2787	1
54.38879781420765	9477	1
54.44628415300546	9371	1
54.45612021857924	4020	1
54.46027322404371	6032	1
54.47715846994535	481	1
54.485136612021854	4655	1
54.48622950819672	5147	1
54.49174863387978	2930	1
54.512131147540984	8722	1
54.518907103825136	891	1
54.52311475409836	5262	1
54.537759562841536	1550	1
54.550327868852456	5892	1
54.58497267759562	9607	1
54.603114754098364	8376	1
54.634098360655734	7451	1
54.64863387978142	5688	1
54.665573770491804	68	1
54.67103825136612	5888	1
54.67923497267759	6923	1
54.68524590163934	8353	1
54.69180327868852	3864	1
54.69562841530055	2143	1
54.70163934426229	5097	1
54.76338797814208	5228	1
54.790163934426225	7346	1
54.79562841530055	4239	1
54.81639344262295	3106	1
54.81748633879781	6938	1
54.823497267759564	4861	1
54.82568306010929	4037	1
54.840437158469946	7711	1
54.85245901639344	6440	1
54.86174863387978	9877	1
54.88743169398907	3774	1
54.903278688524594	76	1
54.91366120218579	9669	1
54.933879781420764	7579	1
54.967213114754095	1206	1
54.98087431693989	8028	1
54.99180327868852	7795	1
54.99344262295082	3173	1
54.99453551912568	3157	1
55.0224043715847	7695	1
55.05792349726776	7249	1
55.064480874316935	2020	1
55.06502732240437	1210	1
55.066120218579236	2454	1
55.06994535519126	3265	1
55.095628415300546	2953	1
55.095628415300546	9177	1
55.10710382513661	8790	1
55.1103825136612	9807	1
55.11584699453552	8379	1
55.14262295081967	8803	1
55.14262295081967	6810	1
55.14371584699454	7459	1
55.175409836065576	8743	1
55.202185792349724	2991	1
55.22349726775956	8372	1
55.26448087431694	3745	1
55.269945355191254	7130	1
55.27322404371585	4310	1
55.284153005464475	4730	1
55.29672131147541	5706	1
55.342622950819674	437	1
55.34918032786885	8448	1
55.38251366120218	3221	1
55.396174863387984	1731	1
55.40491803278688	2488	1
55.41420765027322	2309	1
55.43551912568306	428	1
55.44153005464481	2572	1
55.442076502732235	370	1
55.44808743169399	5911	1
55.45956284153005	2007	1
55.48087431693989	1199	1
55.487431693989066	7655	1
55.500546448087434	5390	1
55.50382513661202	8276	1
55.52513661202186	6519	1
55.53661202185792	5098	1
55.5448087431694	8548	1
55.54918032786885	9144	1
55.55245901639344	6844	1
55.56666666666666	4187	1
55.5672131147541	4344	1
55.582513661202185	3145	1
55.58469945355191	2874	1
55.58524590163935	3838	1
55.588524590163935	5778	1
55.589617486338796	5639	1
55.61748633879781	9174	1
55.72185792349727	6465	1
55.7327868852459	5805	1
55.73879781420764	5666	1
55.74644808743169	8431	1
55.747540983606555	443	1
55.77540983606557	5744	1
55.78032786885246	1455	1
55.780874316939894	4459	1
55.81584699453552	1002	1
55.81748633879781	5979	1
55.82404371584699	2081	1
55.827322404371586	8357	1
55.831693989071034	7643	1
55.88743169398907	4523	1
55.89672131147541	9188	1
55.901092896174866	5951	1
55.911475409836065	826	1
55.92622950819673	3176	1
55.931693989071036	5835	1
55.94426229508196	9565	1
55.96448087431694	4413	1
55.979234972677595	227	1
55.986338797814206	9207	1
56.00327868852459	25	1
56.01147540983606	6787	1
56.01584699453552	3802	1
56.05355191256831	4004	1
56.08415300546448	9698	1
56.093442622950825	3900	1
56.09617486338797	6768	1
56.12349726775957	2	1
56.126229508196715	8365	1
56.130054644808745	2551	1
56.13387978142076	9554	1
56.141530054644804	5592	1
56.14371584699453	9558	1
56.14535519125683	3324	1
56.14808743169399	6235	1
56.14808743169399	6169	1
56.15846994535519	2840	1
56.16502732240437	9998	1
56.16612021857924	3021	1
56.172677595628414	3997	1
56.17923497267759	7476	1
56.18032786885246	2473	1
56.18196721311475	7563	1
56.18852459016394	1257	1
56.190710382513664	7312	1
56.19125683060109	5412	1
56.19344262295082	871	1
56.20601092896175	4956	1
56.21147540983606	7737	1
56.21147540983606	4641	1
56.2136612021858	6256	1
56.219125683060106	6773	1
56.22185792349727	5406	1
56.22295081967213	9349	1
56.22568306010929	7308	1
56.227322404371584	9041	1
56.230054644808746	6501	1
56.23989071038251	9568	1
56.243169398907106	9070	1
56.24590163934426	1367	1
56.24863387978142	7053	1
56.261748633879776	7727	1
56.27158469945355	8610	1
56.27868852459016	4785	1
56.27923497267759	3305	1
56.28852459016394	8257	1
56.29016393442623	9478	1
56.295081967213115	7545	1
56.30710382513661	6181	1
56.3136612021858	9847	1
56.32622950819672	610	1
56.3327868852459	7042	1
56.351912568306005	5106	1
56.35409836065573	3623	1
56.356830601092895	2403	1
56.36666666666667	4840	1
56.369945355191255	2573	1
56.379234972677594	2881	1
56.380874316939895	9832	1
56.385245901639344	7407	1
56.39726775956284	3103	1
56.404371584699454	4511	1
56.405464480874315	6932	1
56.4087431693989	6709	1
56.41693989071038	3026	1
56.41912568306011	6621	1
56.42513661202186	2755	1
56.43497267759563	6157	1
56.4431693989071	3956	1
56.4431693989071	8802	1
56.45737704918033	8601	1
56.46830601092896	1357	1
56.48743169398907	4484	1
56.49781420765027	7119	1
56.51202185792349	7120	1
56.51693989071038	2253	1
56.53005464480874	4988	1
56.53825136612022	3223	1
56.545901639344265	6836	1
56.55191256830601	6969	1
56.554098360655736	179	1
56.55792349726776	2657	1
56.57049180327869	5357	1
56.586885245901634	2995	1
56.603825136612016	5203	1
56.60655737704918	1486	1
56.607650273224046	3077	1
56.6103825136612	5481	1
56.6103825136612	2980	1
56.61530054644809	4804	1
56.61748633879781	5253	1
56.61857923497267	9380	1
56.63934426229508	5535	1
56.66775956284153	9583	1
56.67103825136611	1846	1
56.67103825136611	5060	1
56.685792349726775	2877	1
56.6896174863388	3189	1
56.69234972677596	9395	1
56.69562841530055	9422	1
56.697814207650275	1762	1
56.70273224043716	8733	1
56.7103825136612	5122	1
56.71311475409836	7809	1
56.72841530054645	6376	1
56.73551912568306	7068	1
56.75191256830601	1128	1
56.766666666666666	5890	1
56.77158469945355	2373	1
56.78251366120219	3365	1
56.78360655737705	7661	1
56.79398907103825	5837	1
56.79836065573771	3400	1
56.802185792349725	9948	1
56.80765027322404	8241	1
56.813114754098365	6614	1
56.81584699453552	6738	1
56.81967213114754	928	1
56.83934426229508	6982	1
56.85300546448087	6729	1
56.858469945355196	517	1
56.86502732240437	9350	1
56.88251366120218	101	1
56.8896174863388	1072	1
56.910382513661204	7786	1
56.910382513661204	836	1
56.930601092896175	9033	1
56.94371584699453	9843	1
56.94644808743169	7180	1
56.956830601092896	8685	1
56.96557377049181	5363	1
56.97868852459016	9731	1
56.99289617486339	7971	1
56.99562841530055	3921	1
57.01584699453552	5212	1
57.044262295081964	6638	1
57.0535519125683	3392	1
57.06448087431694	5268	1
57.069398907103825	2676	1
57.069398907103825	9476	1
57.076502732240435	7040	1
57.09125683060109	2823	1
57.11857923497267	546	1
57.12677595628415	5500	1
57.12896174863388	9256	1
57.14918032786885	3961	1
57.15628415300546	6780	1
57.15628415300546	2034	1
57.18360655737705	9388	1
57.18579234972678	9194	1
57.20382513661202	795	1
57.21256830601093	2299	1
57.2224043715847	4313	1
57.22786885245902	6190	1
57.22786885245902	3637	1
57.22786885245902	1125	1
57.32786885245902	3947	1
57.338797814207645	2035	1
57.342622950819674	1347	1
57.3672131147541	112	1
57.377049180327866	3683	1
57.38032786885246	6711	1
57.39016393442623	4468	1
57.41912568306011	5289	1
57.43497267759563	1742	1
57.46284153005465	7269	1
57.47267759562842	3186	1
57.48306010928962	5177	1
57.50491803278688	6865	1
57.53770491803279	3834	1
57.54371584699453	379	1
57.550273224043714	5794	1
57.55245901639344	6829	1
57.554098360655736	4449	1
57.557377049180324	8786	1
57.56065573770492	4910	1
57.56284153005465	5093	1
57.56612021857923	6068	1
57.57267759562841	2704	1
57.587431693989075	9483	1
57.618032786885244	8381	1
57.62568306010928	4825	1
57.62841530054644	5303	1
57.630054644808745	2937	1
57.63060109289618	4111	1
57.63989071038252	2072	1
57.65573770491804	4609	1
57.663387978142076	7586	1
57.67049180327869	8136	1
57.67103825136612	8163	1
57.68306010928962	1215	1
57.69234972677596	1936	1
57.71256830601093	2320	1
57.718032786885246	4158	1
57.73661202185792	6048	1
57.75081967213114	6344	1
57.75792349726776	4386	1
57.76502732240437	1814	1
57.7672131147541	7802	1
57.807103825136615	1842	1
57.80819672131147	7713	1
57.81256830601093	1305	1
57.83825136612021	7919	1
57.84207650273224	8415	1
57.845901639344255	8055	1
57.84754098360656	1220	1
57.85300546448088	5568	1
57.856830601092895	7558	1
57.86229508196721	5239	1
57.86448087431694	7635	1
57.88251366120219	701	1
57.89125683060109	9072	1
57.89453551912568	3523	1
57.90054644808743	8334	1
57.91475409836065	41	1
57.93005464480874	706	1
57.9311475409836	1126	1
57.93333333333333	2845	1
57.9344262295082	1344	1
57.953005464480874	7028	1
57.96448087431694	2055	1
57.97978142076503	2564	1
57.98306010928961	8734	1
57.99289617486339	9014	1
57.99672131147541	9286	1
58.0	9462	1
58.00218579234973	9901	1
58.01912568306011	9026	1
58.02295081967213	963	1
58.03551912568305	8092	1
58.038251366120214	7851	1
58.040983606557376	6363	1
58.07486338797814	4309	1
58.10546448087432	2851	1
58.122950819672134	1586	1
58.13442622950819	15	1
58.14043715846995	1346	1
58.14098360655738	4268	1
58.151366120218576	5959	1
58.16010928961749	4195	1
58.17814207650273	2861	1
58.18251366120219	2419	1
58.191803278688525	6111	1
58.19398907103825	8172	1
58.20273224043716	8727	1
58.20273224043716	6653	1
58.20382513661202	3744	1
58.20437158469945	3944	1
58.20437158469945	4848	1
58.20710382513661	2484	1
58.213114754098356	84	1
58.23551912568306	1098	1
58.241530054644805	6397	1
58.25846994535519	9538	1
58.27923497267759	3516	1
58.28087431693989	4786	1
58.29453551912568	4795	1
58.295081967213115	6643	1
58.297814207650276	4274	1
58.3087431693989	8536	1
58.31147540983606	9743	1
58.335519125683064	1211	1
58.34426229508197	5312	1
58.385245901639344	3609	1
58.386338797814204	7420	1
58.39890710382514	8384	1
58.40163934426229	2073	1
58.41092896174863	4246	1
58.41366120218579	4708	1
58.43005464480874	8142	1
58.44043715846995	883	1
58.45956284153006	6701	1
58.460109289617485	322	1
58.476502732240434	3165	1
58.4896174863388	2890	1
58.52841530054644	8040	1
58.54153005464481	8533	1
58.5655737704918	736	1
58.56830601092896	3618	1
58.56885245901639	9543	1
58.594535519125685	2148	1
58.598907103825134	6116	1
58.613114754098355	8755	1
58.624043715846994	3048	1
58.63387978142077	9875	1
58.63661202185792	5429	1
58.64644808743169	337	1
58.65573770491803	6684	1
58.657377049180326	594	1
58.65901639344262	82	1
58.664480874316936	8232	1
58.69508196721311	3033	1
58.69562841530054	3824	1
58.70546448087431	8986	1
58.71256830601093	3430	1
58.74426229508197	4520	1
58.74972677595628	7141	1
58.75464480874317	7109	1
58.757923497267754	7434	1
58.78087431693989	1740	1
58.79016393442623	551	1
58.81147540983606	6897	1
58.8120218579235	4963	1
58.81584699453552	805	1
58.81693989071038	6777	1
58.818579234972674	2600	1
58.82622950819672	1590	1
58.83497267759563	9925	1
58.83825136612022	9640	1
58.84590163934426	1884	1
58.85300546448087	5955	1
58.86120218579235	1014	1
58.86448087431694	8378	1
58.8672131147541	2905	1
58.8672131147541	9889	1
58.867759562841535	1698	1
58.889071038251366	2214	1
58.8896174863388	5563	1
58.93825136612021	3416	1
58.943715846994536	5517	1
58.9448087431694	7377	1
58.9448087431694	3795	1
58.95628415300546	1596	1
58.988524590163934	9004	1
58.99180327868852	2239	1
58.99180327868852	6661	1
59.004371584699456	198	1
59.00710382513661	4010	1
59.01857923497268	1654	1
59.019672131147544	5473	1
59.04207650273224	5648	1
59.04371584699453	2084	1
59.054098360655736	1649	1
59.055191256830604	2904	1
59.056284153005464	7897	1
59.065027322404376	5598	1
59.065027322404376	5579	1
59.06885245901639	7521	1
59.07377049180328	4482	1
59.0792349726776	8596	1
59.08306010928961	1397	1
59.08688524590164	5340	1
59.08907103825137	9936	1
59.10109289617486	567	1
59.10218579234973	3974	1
59.108743169398906	2875	1
59.1224043715847	7541	1
59.13606557377049	8821	1
59.13989071038252	5978	1
59.16448087431694	1243	1
59.17540983606557	6024	1
59.20655737704918	8551	1
59.21475409836066	9878	1
59.27267759562841	4949	1
59.27431693989071	48	1
59.27923497267759	4774	1
59.28087431693989	4582	1
59.28142076502732	5372	1
59.28415300546448	6362	1
59.284699453551916	722	1
59.301092896174865	4357	1
59.314207650273225	1636	1
59.31475409836066	5874	1
59.31748633879781	6356	1
59.3207650273224	1497	1
59.343715846994535	280	1
59.34754098360656	1248	1
59.35136612021858	7615	1
59.371038251366116	5479	1
59.37377049180328	4611	1
59.38087431693989	1599	1
59.383060109289616	2492	1
59.39945355191257	3869	1
59.405464480874315	3357	1
59.425683060109286	3752	1
59.42677595628415	9803	1
59.43224043715847	9946	1
59.44153005464481	3427	1
59.446994535519124	4807	1
59.44863387978142	8990	1
59.454098360655735	2942	1
59.46284153005464	9457	1
59.47431693989071	4065	1
59.479234972677595	7111	1
59.49071038251366	8628	1
59.498360655737706	7409	1
59.5	3074	1
59.50327868852459	476	1
59.50819672131147	6698	1
59.5103825136612	373	1
59.51092896174863	6402	1
59.51420765027322	2244	1
59.53551912568306	2784	1
59.53661202185792	8467	1
59.54972677595629	4858	1
59.56393442622951	8809	1
59.57267759562841	5159	1
59.59016393442622	477	1
59.59016393442622	7299	1
59.614754098360656	1663	1
59.61639344262295	1795	1
59.62896174863388	574	1
59.63224043715847	3085	1
59.63661202185792	5827	1
59.63661202185792	1219	1
59.63934426229508	7118	1
59.65245901639344	5407	1
59.656284153005465	1634	1
59.65737704918033	6941	1
59.658469945355186	1412	1
59.6655737704918	9684	1
59.672677595628414	7783	1
59.675956284153	564	1
59.692896174863385	4432	1
59.69781420765027	2643	1
59.69781420765027	3231	1
59.70054644808743	5247	1
59.70546448087431	5970	1
59.71366120218579	7106	1
59.71639344262295	9138	1
59.724043715846996	218	1
59.72786885245901	2174	1
59.73387978142076	5300	1
59.73606557377049	9924	1
59.73661202185792	2027	1
59.766666666666666	1212	1
59.768852459016394	5411	1
59.77158469945355	7903	1
59.773770491803276	6903	1
59.775956284153004	9405	1
59.779781420765026	130	1
59.80874316939891	8751	1
59.810382513661196	3615	1
59.81147540983606	8627	1
59.81311475409836	8822	1
59.81803278688524	3433	1
59.83715846994536	3613	1
59.84754098360655	8944	1
59.85136612021858	5161	1
59.87213114754098	8823	1
59.880327868852454	6360	1
59.89289617486338	8797	1
59.89398907103825	6201	1
59.90928961748634	8573	1
59.90983606557377	9781	1
59.90983606557377	9618	1
59.911475409836065	9257	1
59.92896174863388	3796	1
59.93005464480875	4527	1
59.93934426229508	8951	1
59.959016393442624	7716	1
59.96065573770492	5842	1
59.96338797814207	7460	1
59.9655737704918	7544	1
59.98688524590164	6821	1
59.99508196721311	8499	1
60.004371584699456	6382	1
60.01748633879781	3520	1
60.019672131147544	4397	1
60.03606557377049	8120	1
60.04754098360655	5198	1
60.054098360655736	2533	1
60.0551912568306	4445	1
60.06885245901639	4607	1
60.07868852459016	8103	1
60.08032786885246	6028	1
60.08524590163934	1351	1
60.09234972677596	2432	1
60.097814207650266	9598	1
60.102732240437156	3274	1
60.1120218579235	7551	1
60.11366120218579	1360	1
60.11584699453552	2838	1
60.12295081967213	1379	1
60.12622950819672	6273	1
60.13224043715847	6092	1
60.134972677595634	8871	1
60.13551912568306	1543	1
60.15081967213114	7376	1
60.17103825136612	4563	1
60.173770491803275	5105	1
60.18032786885246	2207	1
60.18142076502732	6100	1
60.18633879781421	1185	1
60.19453551912569	4388	1
60.19617486338798	9679	1
60.20054644808743	7281	1
60.213114754098356	4696	1
60.222404371584695	8036	1
60.28087431693989	1196	1
60.332240437158475	7258	1
60.34535519125683	3964	1
60.36065573770492	3498	1
60.368852459016395	3713	1
60.36939890710383	6620	1
60.38415300546448	5847	1
60.39071038251366	1461	1
60.39890710382514	7854	1
60.42677595628415	8917	1
60.42677595628415	9346	1
60.43989071038251	9516	1
60.44262295081967	3178	1
60.472131147540985	5005	1
60.47267759562841	3835	1
60.47868852459016	6556	1
60.479234972677595	7664	1
60.48196721311476	5417	1
60.482513661202184	4673	1
60.509836065573765	6965	1
60.509836065573765	7833	1
60.513661202185794	3116	1
60.515846994535515	3104	1
60.51857923497268	797	1
60.522950819672126	6253	1
60.52622950819672	6335	1
60.52732240437159	5726	1
60.53551912568306	3105	1
60.53715846994536	7256	1
60.54644808743169	2122	1
60.56502732240437	9860	1
60.5655737704918	9518	1
60.566120218579236	2139	1
60.56775956284152	5549	1
60.59508196721311	8521	1
60.618032786885244	1883	1
60.631147540983605	2549	1
60.637158469945355	3450	1
60.64480874316939	111	1
60.650273224043715	8302	1
60.67377049180328	5593	1
60.69125683060109	6042	1
60.69453551912569	4152	1
60.706010928961746	8784	1
60.70928961748634	9426	1
60.71639344262295	4167	1
60.71967213114754	9793	1
60.76010928961748	8649	1
60.76174863387978	8824	1
60.764480874316945	2224	1
60.76721311475409	5489	1
60.77486338797814	8481	1
60.784699453551916	7955	1
60.785792349726776	1294	1
60.79672131147541	1041	1
60.8	2467	1
60.80655737704918	2912	1
60.823497267759564	8901	1
60.84918032786885	5939	1
60.855737704918035	49	1
60.856830601092895	7725	1
60.87540983606557	455	1
60.87868852459016	1328	1
60.88360655737705	4385	1
60.892349726775954	9473	1
60.90218579234972	4869	1
60.91803278688524	4346	1
60.927868852459014	6029	1
60.934972677595624	5263	1
60.93551912568306	1561	1
60.94535519125683	5754	1
60.95409836065574	4790	1
60.9655737704918	712	1
60.96994535519125	4891	1
60.984153005464485	3725	1
60.98469945355192	842	1
60.99672131147541	3169	1
61.008743169398905	9315	1
61.015846994535515	6819	1
61.01639344262295	9300	1
61.033879781420765	1576	1
61.04644808743169	9132	1
61.04863387978142	4463	1
61.0535519125683	5221	1
61.06120218579235	2508	1
61.07377049180328	7440	1
61.09344262295082	2857	1
61.09672131147541	6931	1
61.10382513661202	4220	1
61.1120218579235	5582	1
61.11256830601093	7539	1
61.12185792349727	2916	1
61.12240437158469	9435	1
61.131147540983605	3539	1
61.14699453551913	7107	1
61.149180327868855	2450	1
61.15191256830601	3175	1
61.16502732240437	2686	1
61.18524590163934	9043	1
61.18907103825137	1519	1
61.19508196721311	5121	1
61.19617486338798	2047	1
61.20109289617486	9167	1
61.20491803278688	7144	1
61.21857923497268	240	1
61.22349726775956	7758	1
61.22568306010929	1938	1
61.22950819672131	7089	1
61.247540983606555	7532	1
61.278688524590166	9189	1
61.31366120218579	3605	1
61.329508196721314	9653	1
61.336612021857924	4330	1
61.33825136612022	4735	1
61.34262295081967	4537	1
61.343715846994535	6807	1
61.34699453551913	7018	1
61.35245901639344	685	1
61.36448087431693	7814	1
61.39781420765027	5378	1
61.40655737704918	6714	1
61.40655737704918	7251	1
61.40710382513661	2460	1
61.40765027322404	554	1
61.41475409836065	5746	1
61.425683060109286	2348	1
61.42841530054645	9077	1
61.43114754098361	3525	1
61.440983606557374	7257	1
61.44699453551913	8299	1
61.44918032786885	4261	1
61.453005464480874	5525	1
61.48579234972677	2728	1
61.50382513661202	8149	1
61.52021857923497	9383	1
61.53551912568306	8870	1
61.559016393442626	4920	1
61.5655737704918	3924	1
61.57103825136612	1459	1
61.57486338797814	3108	1
61.588524590163935	3379	1
61.59180327868852	4554	1
61.59617486338798	6715	1
61.601639344262296	2046	1
61.638251366120215	813	1
61.643169398907105	7454	1
61.65409836065574	7033	1
61.65573770491803	900	1
61.665573770491804	180	1
61.670491803278686	7770	1
61.69071038251366	625	1
61.70655737704918	5707	1
61.7103825136612	1761	1
61.714207650273224	8023	1
61.72459016393442	7762	1
61.7344262295082	1979	1
61.753551912568305	8503	1
61.75409836065574	2339	1
61.76120218579235	1288	1
61.76448087431694	7493	1
61.76939890710383	3530	1
61.769945355191254	9400	1
61.78469945355191	7223	1
61.802185792349725	2961	1
61.80928961748634	4280	1
61.82185792349727	7645	1
61.83442622950819	2594	1
61.837704918032784	9682	1
61.83825136612022	132	1
61.84098360655738	2694	1
61.844808743169395	3762	1
61.84535519125683	1450	1
61.848633879781424	5317	1
61.85027322404371	940	1
61.861748633879785	3437	1
61.862841530054645	1312	1
61.87486338797814	1167	1
61.918579234972675	1406	1
61.925683060109286	8922	1
61.92841530054645	7212	1
61.9464480874317	1483	1
61.97049180327869	6087	1
61.97868852459016	6412	1
61.993442622950816	3514	1
62.00710382513661	2272	1
62.01748633879781	1105	1
62.01967213114754	3684	1
62.03551912568306	1573	1
62.043169398907104	9663	1
62.07322404371585	8978	1
62.07595628415301	2396	1
62.0792349726776	3062	1
62.08579234972677	9891	1
62.089617486338796	6622	1
62.09781420765027	7858	1
62.101639344262296	4801	1
62.10928961748633	2944	1
62.11584699453552	8620	1
62.143169398907105	3948	1
62.159562841530054	3557	1
62.167759562841525	6545	1
62.16885245901639	6120	1
62.16994535519125	3302	1
62.170491803278686	8847	1
62.170491803278686	4516	1
62.17814207650273	9037	1
62.18087431693989	9032	1
62.19071038251366	4676	1
62.19398907103825	8651	1
62.198907103825135	4373	1
62.206010928961746	4448	1
62.21256830601093	4407	1
62.24153005464481	3333	1
62.24153005464481	4596	1
62.247540983606555	1784	1
62.25901639344262	3945	1
62.26010928961748	4943	1
62.26939890710382	121	1
62.27486338797814	8122	1
62.28688524590164	3863	1
62.290163934426225	1925	1
62.29562841530055	2441	1
62.312568306010924	1900	1
62.314207650273225	6612	1
62.315300546448086	8873	1
62.33169398907104	6854	1
62.33497267759562	8857	1
62.34918032786886	6723	1
62.34972677595628	2558	1
62.34972677595628	5520	1
62.356830601092895	8913	1
62.390163934426226	6813	1
62.41202185792349	3453	1
62.42513661202186	2200	1
62.43442622950819	3374	1
62.440983606557374	3607	1
62.45355191256831	9136	1
62.46120218579235	5466	1
62.46120218579235	38	1
62.46448087431693	6541	1
62.46830601092896	8197	1
62.47213114754098	1859	1
62.484153005464485	869	1
62.488524590163934	6466	1
62.491256830601095	6472	1
62.496721311475405	6835	1
62.51912568306011	9638	1
62.527868852459015	6505	1
62.545901639344265	2235	1
62.54699453551912	32	1
62.57431693989071	2481	1
62.5879781420765	8265	1
62.58907103825137	9161	1
62.5912568306011	1108	1
62.59453551912568	5359	1
62.608743169398906	7738	1
62.60928961748633	7621	1
62.60983606557377	8382	1
62.61748633879781	9929	1
62.63661202185793	5765	1
62.64098360655738	4494	1
62.644262295081965	4225	1
62.654644808743164	2833	1
62.65846994535519	7749	1
62.659562841530054	315	1
62.66393442622951	945	1
62.686885245901635	8354	1
62.71420765027322	244	1
62.71748633879781	5557	1
62.72295081967213	2344	1
62.73060109289617	9886	1
62.7327868852459	4236	1
62.733333333333334	7415	1
62.73715846994535	5586	1
62.73715846994535	5460	1
62.740437158469945	5304	1
62.74918032786885	8730	1
62.75901639344263	809	1
62.76010928961748	7226	1
62.77213114754098	475	1
62.793989071038254	6151	1
62.803825136612026	3080	1
62.803825136612026	3707	1
62.82568306010929	3580	1
62.844808743169395	6707	1
62.857923497267755	5057	1
62.86448087431694	3138	1
62.90491803278688	4464	1
62.90710382513661	7945	1
62.92732240437158	1956	1
62.92732240437158	1635	1
62.939890710382514	1835	1
62.948633879781426	108	1
62.9551912568306	1913	1
62.95628415300547	9530	1
62.967213114754095	7032	1
62.991256830601095	3249	1
63.000546448087434	3137	1
63.002732240437155	4732	1
63.005464480874316	1830	1
63.02131147540984	1350	1
63.021857923497265	8011	1
63.03770491803279	6392	1
63.05136612021858	7011	1
63.05956284153005	8658	1
63.062295081967214	5897	1
63.07868852459016	1377	1
63.10109289617486	3843	1
63.10437158469945	3355	1
63.10601092896175	415	1
63.11967213114754	9398	1
63.12131147540984	3036	1
63.14699453551912	4214	1
63.1896174863388	8948	1
63.212021857923496	2220	1
63.22841530054645	7923	1
63.251366120218584	750	1
63.262841530054644	2160	1
63.29125683060109	2509	1
63.31256830601093	8692	1
63.31803278688525	975	1
63.31857923497268	4793	1
63.34808743169399	7393	1
63.35355191256831	3965	1
63.35464480874317	662	1
63.35737704918033	1466	1
63.390163934426226	9986	1
63.4207650273224	6530	1
63.42841530054645	1753	1
63.43224043715847	2954	1
63.437704918032786	6951	1
63.43825136612022	4764	1
63.43879781420765	1110	1
63.45136612021857	1564	1
63.467213114754095	7559	1
63.467213114754095	4248	1
63.478142076502735	6099	1
63.491256830601095	8097	1
63.495628415300544	463	1
63.50710382513661	7590	1
63.50819672131148	1325	1
63.52295081967213	2828	1
63.540983606557376	604	1
63.543169398907104	5731	1
63.550273224043714	9709	1
63.555191256830604	6112	1
63.563387978142075	3815	1
63.56666666666666	136	1
63.58579234972677	7790	1
63.59180327868852	1621	1
63.60601092896175	3730	1
63.62622950819672	4370	1
63.62841530054645	8495	1
63.644262295081965	5389	1
63.66010928961749	327	1
63.6639344262295	5732	1
63.67322404371585	441	1
63.67486338797814	4206	1
63.71311475409836	2310	1
63.71748633879781	967	1
63.72786885245902	5614	1
63.73825136612022	2697	1
63.75081967213115	946	1
63.76120218579235	9	1
63.762841530054644	6361	1
63.77049180327869	3492	1
63.7775956284153	8224	1
63.77814207650273	6265	1
63.79344262295082	7564	1
63.79672131147541	3366	1
63.7983606557377	8041	1
63.80765027322404	6180	1
63.80874316939891	6964	1
63.813114754098365	1581	1
63.81803278688525	3826	1
63.828415300546446	794	1
63.84098360655738	5671	1
63.844808743169395	5055	1
63.84644808743169	2548	1
63.85245901639344	6479	1
63.859016393442616	8679	1
63.862841530054645	9175	1
63.863934426229505	1071	1
63.86557377049181	383	1
63.86612021857924	4100	1
63.867213114754094	5870	1
63.884153005464476	1528	1
63.886338797814204	5072	1
63.88688524590164	8804	1
63.890163934426226	991	1
63.896174863387984	4916	1
63.898360655737704	2933	1
63.901092896174866	8549	1
63.94207650273224	596	1
63.955737704918036	8201	1
63.956830601092896	2957	1
63.96174863387978	453	1
63.973224043715845	2345	1
63.98907103825136	2318	1
63.989617486338794	5094	1
63.99071038251366	7110	1
63.99344262295082	8890	1
63.99617486338797	4284	1
64.01639344262296	2776	1
64.02568306010929	9507	1
64.02950819672131	5534	1
64.03005464480874	7999	1
64.03661202185792	195	1
64.04098360655738	8470	1
64.04863387978142	5495	1
64.05956284153005	719	1
64.06065573770492	8472	1
64.06120218579235	6884	1
64.06284153005464	9623	1
64.06393442622951	5016	1
64.06448087431694	8199	1
64.07213114754099	8663	1
64.07377049180327	6114	1
64.08306010928962	9156	1
64.09180327868853	1478	1
64.1016393442623	1308	1
64.11092896174863	2149	1
64.1207650273224	6030	1
64.13169398907104	5807	1
64.1360655737705	5327	1
64.1415300546448	2251	1
64.1464480874317	2102	1
64.14808743169398	5944	1
64.16229508196722	8017	1
64.16284153005464	3415	1
64.16666666666667	1481	1
64.17377049180328	1797	1
64.18032786885246	9790	1
64.18524590163933	850	1
64.1896174863388	3322	1
64.19234972677594	7430	1
64.19234972677594	9108	1
64.19617486338798	5729	1
64.19999999999999	2313	1
64.2087431693989	3570	1
64.21366120218579	2110	1
64.22131147540983	965	1
64.22732240437159	8414	1
64.23333333333333	3279	1
64.23387978142077	1209	1
64.2344262295082	9343	1
64.23825136612021	663	1
64.24098360655738	9776	1
64.25027322404371	2580	1
64.26830601092895	3672	1
64.27650273224043	5257	1
64.28142076502732	3195	1
64.28633879781421	4692	1
64.28688524590164	8597	1
64.28852459016393	5797	1
64.29781420765028	5383	1
64.3	3001	1
64.3	2802	1
64.32349726775956	3765	1
64.32568306010928	9219	1
64.32568306010928	3641	1
64.32568306010928	3594	1
64.32732240437159	8325	1
64.3344262295082	8227	1
64.33715846994535	8233	1
64.34316939890711	6156	1
64.34590163934426	1192	1
64.34808743169398	3020	1
64.351912568306	6500	1
64.35901639344263	9087	1
64.3672131147541	7225	1
64.37322404371585	137	1
64.37431693989072	9977	1
64.37759562841529	6600	1
64.38032786885246	1136	1
64.39016393442623	8777	1
64.39672131147542	126	1
64.4032786885246	4657	1
64.41366120218579	3162	1
64.41420765027323	730	1
64.41584699453551	3426	1
64.41693989071038	6615	1
64.42131147540984	367	1
64.42677595628416	5915	1
64.43825136612021	6889	1
64.44153005464482	2788	1
64.44371584699454	8290	1
64.44590163934426	1030	1
64.44863387978143	3102	1
64.45191256830601	2562	1
64.4535519125683	450	1
64.46229508196721	6097	1
64.46502732240437	1668	1
64.47049180327869	3871	1
64.47103825136612	2563	1
64.48907103825137	1832	1
64.49562841530054	4489	1
64.50546448087431	595	1
64.50601092896174	5349	1
64.51530054644809	2997	1
64.51584699453552	3653	1
64.52131147540983	8791	1
64.54098360655738	8170	1
64.54535519125683	8362	1
64.54699453551913	716	1
64.57049180327868	8982	1
64.59016393442623	6280	1
64.59398907103825	8146	1
64.59398907103825	4879	1
64.60819672131147	1624	1
64.61584699453552	6079	1
64.62349726775956	8510	1
64.62459016393443	5886	1
64.62732240437158	3485	1
64.63661202185793	4515	1
64.63770491803278	7540	1
64.64262295081967	569	1
64.64808743169398	4355	1
64.65136612021858	9858	1
64.66612021857924	5187	1
64.67322404371585	6972	1
64.69508196721311	6145	1
64.7	5463	1
64.70382513661202	9053	1
64.72404371584699	6616	1
64.72404371584699	9629	1
64.72404371584699	5430	1
64.7448087431694	4276	1
64.75136612021858	8778	1
64.75464480874317	5240	1
64.7551912568306	9309	1
64.76284153005464	2008	1
64.76939890710382	8314	1
64.77431693989071	5923	1
64.77486338797814	9196	1
64.7792349726776	5675	1
64.80655737704917	5033	1
64.80710382513661	230	1
64.8103825136612	5391	1
64.82622950819672	4333	1
64.82622950819672	6223	1
64.83114754098361	781	1
64.8344262295082	7755	1
64.84535519125683	9733	1
64.85027322404372	2678	1
64.8639344262295	8928	1
64.86502732240437	7438	1
64.87049180327868	8816	1
64.87650273224044	9916	1
64.88415300546448	4473	1
64.89562841530055	2599	1
64.89672131147542	6425	1
64.92131147540984	879	1
64.92786885245901	5996	1
64.92841530054645	757	1
64.9311475409836	661	1
64.97377049180328	6975	1
64.99180327868852	5855	1
64.99672131147541	9378	1
65.0016393442623	8939	1
65.01693989071039	4529	1
65.0224043715847	8081	1
65.02677595628415	9850	1
65.03169398907104	1359	1
65.05245901639344	3235	1
65.06284153005464	9073	1
65.09180327868853	5104	1
65.10218579234973	7840	1
65.10983606557377	5218	1
65.11693989071038	2438	1
65.13005464480874	349	1
65.13224043715847	2952	1
65.13661202185793	5922	1
65.14972677595628	6457	1
65.15573770491802	9428	1
65.15901639344263	8673	1
65.21912568306011	2475	1
65.22404371584699	697	1
65.22841530054644	6318	1
65.23005464480875	1998	1
65.23715846994536	2028	1
65.29234972677595	8444	1
65.29945355191256	950	1
65.31256830601093	291	1
65.31584699453552	7920	1
65.31693989071039	1529	1
65.32459016393442	3468	1
65.32732240437159	584	1
65.32950819672132	6503	1
65.34316939890711	8703	1
65.3535519125683	9973	1
65.35792349726776	1672	1
65.3672131147541	1258	1
65.3808743169399	2601	1
65.38852459016394	8308	1
65.4071038251366	8512	1
65.4327868852459	9120	1
65.43606557377049	4751	1
65.43879781420765	597	1
65.44043715846995	5712	1
65.44644808743169	3619	1
65.45136612021858	5341	1
65.45901639344262	9648	1
65.46393442622951	3600	1
65.46393442622951	6757	1
65.47704918032787	6993	1
65.47868852459017	8813	1
65.48142076502732	8342	1
65.48196721311474	174	1
65.5016393442623	8318	1
65.50491803278688	3714	1
65.51967213114753	5277	1
65.53551912568305	4433	1
65.54426229508196	8285	1
65.5464480874317	6761	1
65.55136612021857	8889	1
65.55191256830601	7697	1
65.56502732240436	7929	1
65.56775956284153	2476	1
65.56830601092896	7823	1
65.57868852459016	4952	1
65.57978142076503	9421	1
65.59890710382514	4710	1
65.59945355191257	2440	1
65.60218579234973	7863	1
65.60218579234973	1919	1
65.6103825136612	1047	1
65.61530054644808	8389	1
65.6327868852459	9441	1
65.65573770491804	1268	1
65.65901639344263	1119	1
65.6639344262295	6506	1
65.6775956284153	7818	1
65.67978142076502	6850	1
65.68032786885246	9694	1
65.68032786885246	1937	1
65.68469945355191	1138	1
65.6863387978142	3060	1
65.6863387978142	6561	1
65.70983606557377	8485	1
65.72896174863388	6628	1
65.73169398907103	8191	1
65.73333333333333	3976	1
65.73989071038251	8654	1
65.74207650273223	8068	1
65.7431693989071	5751	1
65.74972677595628	3000	1
65.7655737704918	5474	1
65.77322404371584	0	1
