0.07160273224043716	7309	1
0.14498142076502732	182	1
0.18088306010928962	9884	1
0.2532213114754098	5443	1
0.3250021857923497	6472	1
0.42930765027322404	4936	1
0.43273551912568303	2799	1
0.6806885245901639	5584	1
0.6890000000000001	2638	1
0.727327868852459	5817	1
0.7541912568306011	4323	1
0.902224043715847	1467	1
0.9512185792349727	9647	1
0.9512841530054644	7334	1
1.0198306010928961	1790	1
1.0332841530054644	4959	1
1.1593060109289617	9356	1
1.2284207650273224	3805	1
1.4791311475409836	5281	1
1.483415300546448	1554	1
1.5296994535519126	7938	1
1.5440054644808743	2167	1
1.5854316939890711	5809	1
1.6207486338797814	5744	1
1.6702622950819672	9953	1
1.731229508196721	2827	1
1.7948087431693989	4939	1
1.870174863387978	5011	1
1.8716775956284153	4207	1
1.9038907103825136	4563	1
1.984	4176	1
1.986568306010929	9098	1
2.0333114754098363	2453	1
2.079928961748634	2215	1
2.1070437158469946	8928	1
2.1349398907103825	6730	1
2.1517158469945357	9709	1
2.1634043715846993	6272	1
2.2118524590163933	8515	1
2.3394207650273224	8045	1
2.366016393442623	939	1
2.437868852459016	3602	1
2.4657267759562838	3334	1
2.5305409836065573	7031	1
2.5835792349726776	5227	1
2.665158469945355	5715	1
2.6692295081967212	5223	1
2.6853169398907104	5279	1
2.7711147540983605	8222	1
2.8395956284153003	3253	1
2.909087431693989	8990	1
2.9281803278688523	4123	1
2.933398907103825	2373	1
2.9390054644808745	4121	1
2.9637486338797814	4041	1
2.967879781420765	5639	1
2.9711639344262295	6287	1
3.100950819672131	1002	1
3.1315409836065573	694	1
3.2140710382513658	8714	1
3.294852459016393	5184	1
3.367289617486339	1686	1
3.3849672131147543	4549	1
3.4008633879781422	584	1
3.4056448087431694	8813	1
3.430366120218579	7902	1
3.457868852459016	4598	1
3.519950819672131	6972	1
3.623355191256831	8461	1
3.6399234972677594	3115	1
3.682934426229508	7184	1
3.6830054644808743	5978	1
3.6863715846994536	2345	1
3.6966775956284152	4525	1
3.7726338797814205	5367	1
3.82496174863388	7384	1
3.8967267759562842	4789	1
3.932792349726776	6156	1
3.940262295081967	6715	1
3.949071038251366	1967	1
3.966901639344262	4455	1
4.107131147540984	4630	1
4.217469945355191	9867	1
4.231415300546447	7543	1
4.3235191256830605	7381	1
4.3428360655737706	1130	1
4.421568306010929	8221	1
4.4515792349726775	7529	1
4.453945355191257	9715	1
4.46724043715847	2120	1
4.538131147540983	9140	1
4.5501092896174855	6677	1
4.556644808743169	6102	1
4.5837540983606555	2419	1
4.610846994535519	9219	1
4.637180327868853	3201	1
4.64736612021858	5631	1
4.664863387978142	8789	1
4.708426229508197	7784	1
4.722497267759563	7560	1
4.758071038251366	9701	1
4.7901693989071035	9932	1
4.80188524590164	460	1
4.908475409836066	1183	1
4.917508196721311	4759	1
5.0597486338797815	7960	1
5.145918032786885	5180	1
5.198497267759563	6701	1
5.216371584699453	129	1
5.266868852459017	6035	1
5.509562841530054	1886	1
5.565846994535519	1644	1
5.638032786885246	2609	1
5.6519125683060105	5775	1
5.696939890710382	9418	1
5.7112568306010925	1676	1
5.724371584699453	2003	1
5.800546448087431	9960	1
5.806010928961749	3437	1
5.976229508196721	7040	1
6.0384699453551915	1679	1
6.048360655737705	5337	1
6.089453551912568	8094	1
6.131803278688525	4749	1
6.139617486338798	1189	1
6.305628415300546	1003	1
6.314699453551912	9357	1
6.3409289617486335	4872	1
6.345300546448087	2834	1
6.364262295081967	1456	1
6.383934426229508	5619	1
6.386174863387978	7316	1
6.392404371584699	4464	1
6.407322404371585	5054	1
6.428196721311476	8951	1
6.437978142076503	6088	1
6.46224043715847	8566	1
6.5078688524590165	8313	1
6.5583606557377045	785	1
6.646284153005465	5574	1
6.6866666666666665	6822	1
6.749672131147541	372	1
6.7890710382513655	5664	1
6.826721311475409	6377	1
6.908743169398907	157	1
6.947868852459016	735	1
6.965792349726776	6983	1
6.991420765027322	6781	1
7.0210928961748635	6689	1
7.024371584699454	790	1
7.037540983606557	3910	1
7.09431693989071	4830	1
7.095737704918033	5473	1
7.118087431693989	2058	1
7.218251366120218	1407	1
7.2275409836065565	7804	1
7.300163934426229	5891	1
7.315846994535519	2748	1
7.343879781420765	7903	1
7.374371584699453	3880	1
7.383606557377049	1163	1
7.401857923497268	9555	1
7.412185792349726	9307	1
7.4372131147540985	1097	1
7.4496721311475405	9368	1
7.4656284153005465	8727	1
7.469180327868852	8197	1
7.475191256830601	2021	1
7.67224043715847	5019	1
7.749945355191256	7662	1
7.832021857923497	1566	1
7.895737704918033	4210	1
7.957978142076503	1185	1
7.985737704918033	3773	1
7.999398907103825	3071	1
8.02295081967213	9102	1
8.035628415300547	9434	1
8.08224043715847	4444	1
8.146939890710382	3918	1
8.188415300546447	3936	1
8.192021857923498	840	1
8.283879781420765	7640	1
8.333934426229508	8818	1
8.365628415300547	5935	1
8.379836065573771	4166	1
8.386612021857923	7706	1
8.403005464480874	1262	1
8.414863387978142	7627	1
8.416065573770492	2619	1
8.433879781420766	2608	1
8.458961748633879	8885	1
8.471311475409836	1049	1
8.494043715846994	4813	1
8.501147540983608	5087	1
8.537267759562841	4163	1
8.564808743169399	9061	1
8.566939890710383	8417	1
8.577049180327869	8410	1
8.623989071038253	2261	1
8.733169398907105	3857	1
8.73896174863388	9888	1
8.74327868852459	50	1
8.813770491803279	8712	1
8.830601092896176	200	1
8.838797814207648	8954	1
8.890491803278687	7445	1
8.914863387978142	3246	1
8.926448087431694	2689	1
8.933825136612022	2316	1
8.940655737704919	8269	1
8.966994535519126	7966	1
8.970054644808744	4837	1
8.977704918032787	2919	1
8.986338797814208	3603	1
9.001311475409837	2617	1
9.012677595628414	6920	1
9.036775956284153	1444	1
9.048688524590164	3272	1
9.144043715846996	2366	1
9.149398907103825	554	1
9.195300546448086	9186	1
9.199398907103825	4482	1
9.209945355191257	1053	1
9.229180327868852	9440	1
9.244098360655737	2325	1
9.244754098360655	6384	1
9.311857923497268	8798	1
9.312349726775956	7038	1
9.381092896174863	2539	1
9.391967213114754	9931	1
9.40311475409836	5354	1
9.412896174863388	9597	1
9.41535519125683	6366	1
9.4224043715847	7953	1
9.423060109289619	1836	1
9.423770491803278	5672	1
9.425846994535519	5344	1
9.431803278688525	9489	1
9.438688524590164	8063	1
9.453989071038253	5363	1
9.529234972677594	9500	1
9.529617486338797	6318	1
9.537322404371585	6463	1
9.546830601092894	1828	1
9.600655737704917	9562	1
9.637103825136611	9695	1
9.725027322404372	6635	1
9.794754098360656	1226	1
9.876502732240438	2372	1
9.905956284153005	5427	1
9.942131147540984	5804	1
9.956120218579233	4736	1
10.010491803278688	9018	1
10.030765027322404	4587	1
10.050382513661203	4884	1
10.072295081967212	5053	1
10.089672131147541	7064	1
10.099234972677596	5370	1
10.119344262295082	48	1
10.122622950819672	2988	1
10.129781420765026	1295	1
10.18377049180328	6578	1
10.184207650273224	9001	1
10.201092896174863	4973	1
10.203715846994536	2256	1
10.242568306010929	3427	1
10.260655737704917	9228	1
10.278688524590164	8992	1
10.32792349726776	9681	1
10.341639344262294	6032	1
10.350273224043715	4130	1
10.365409836065574	7001	1
10.433825136612022	7420	1
10.453715846994536	6316	1
10.473661202185793	4441	1
10.525245901639344	9320	1
10.57655737704918	6967	1
10.580601092896176	8174	1
10.605683060109289	9990	1
10.609945355191257	9343	1
10.63726775956284	6692	1
10.672021857923497	2970	1
10.718797814207651	3084	1
10.732896174863388	9668	1
10.769344262295082	8652	1
10.79071038251366	515	1
10.844644808743169	6520	1
10.86295081967213	6442	1
10.863114754098362	5283	1
10.984535519125682	5875	1
11.026612021857924	2490	1
11.07448087431694	6822	0
11.103387978142075	4322	1
11.104754098360656	3014	1
11.111803278688525	5760	1
11.121420765027322	2277	1
11.129344262295083	9997	1
11.236174863387978	8638	1
11.237377049180328	6429	1
11.266120218579236	8068	1
11.294098360655738	6246	1
11.31431693989071	8211	1
11.317158469945355	7569	1
11.337814207650274	5963	1
11.34016393442623	8541	1
11.348415300546447	6040	1
11.352568306010928	2339	1
11.357267759562843	4379	1
11.383224043715847	1280	1
11.408688524590165	2097	1
11.432459016393443	6481	1
11.524644808743169	6417	1
11.5751912568306	626	1
11.600491803278688	4956	1
11.611420765027322	2796	1
11.632677595628415	8405	1
11.649344262295081	4649	1
11.689234972677594	3453	1
11.71256830601093	5807	1
11.734262295081965	4745	1
11.796065573770491	4281	1
11.80415300546448	3686	1
11.856666666666667	9933	1
11.87398907103825	5313	1
11.90655737704918	146	1
11.919125683060109	5608	1
11.937540983606556	4614	1
11.973278688524589	2313	1
11.978797814207649	9617	1
12.019234972677594	6819	1
12.039180327868854	4101	1
12.121311475409836	8284	1
12.127868852459015	1116	1
12.128196721311474	444	1
12.139999999999999	3138	1
12.155628415300546	9525	1
12.176885245901639	766	1
12.205737704918032	1061	1
12.259672131147541	6694	1
12.273606557377049	6996	1
12.315355191256831	3050	1
12.337650273224044	2843	1
12.363770491803278	4986	1
12.371803278688525	3742	1
12.379562841530054	6604	1
12.39672131147541	851	1
12.399234972677595	4307	1
12.495136612021858	5398	1
12.503551912568305	6478	1
12.524699453551912	1821	1
12.538469945355192	8145	1
12.63191256830601	6293	1
12.664808743169399	5706	1
12.67431693989071	6503	1
12.692513661202184	377	1
12.718360655737705	8940	1
12.738688524590165	5603	1
12.759508196721312	3858	1
12.815300546448087	1419	1
12.89032786885246	6707	1
12.90295081967213	9166	1
12.91830601092896	7269	1
12.918907103825136	3117	1
12.925846994535519	3797	1
12.948196721311476	9635	1
12.985901639344261	6941	1
13.093715846994536	2145	1
13.11120218579235	9779	1
13.15120218579235	7885	1
13.15136612021858	4038	1
13.193551912568307	7512	1
13.198142076502732	9991	1
13.224590163934426	5947	1
13.23256830601093	7998	1
13.249398907103826	9771	1
13.264808743169398	7684	1
13.269289617486338	4968	1
13.321639344262294	5610	1
13.329344262295082	3878	1
13.373879781420765	1860	1
13.4727868852459	2990	1
13.481912568306011	7743	1
13.528032786885245	541	1
13.55360655737705	5682	1
13.577978142076503	1210	1
13.59224043715847	8535	1
13.602732240437158	5038	1
13.61327868852459	8871	1
13.640655737704918	8938	1
13.653060109289617	7631	1
13.667540983606557	6317	1
13.67262295081967	5371	1
13.684098360655737	1865	1
13.808852459016393	8329	1
13.912459016393443	9160	1
13.91327868852459	9340	1
13.96551912568306	1861	1
13.978032786885246	5740	1
14.000819672131147	7544	1
14.017759562841531	4214	1
14.094808743169398	3518	1
14.123114754098362	6810	1
14.165956284153006	9618	1
14.172513661202185	1736	1
14.18	7629	1
14.182841530054645	351	1
14.276775956284153	2753	1
14.286830601092895	7341	1
14.294699453551912	3076	1
14.305136612021858	380	1
14.337377049180327	3376	1
14.381092896174863	6107	1
14.437267759562841	1243	1
14.47415300546448	1533	1
14.526065573770492	8291	1
14.581202185792348	1915	1
14.584426229508198	5700	1
14.635191256830602	8651	1
14.687540983606558	3705	1
14.703551912568306	6903	1
14.768852459016392	6216	1
14.844535519125682	8109	1
14.868032786885246	2346	1
14.915956284153005	1711	1
14.923879781420766	2693	1
14.929726775956283	9796	1
14.932131147540984	7019	1
14.95377049180328	197	1
14.981420765027321	1569	1
15.010819672131147	5919	1
15.02688524590164	264	1
15.051639344262295	5009	1
15.082459016393443	4719	1
15.103715846994534	8137	1
15.13431693989071	4803	1
15.140382513661201	7029	1
15.151092896174864	5957	1
15.18262295081967	7748	1
15.200819672131146	5739	1
15.200819672131146	4995	1
15.213661202185794	3580	1
15.231639344262295	3288	1
15.234644808743168	600	1
15.262786885245902	5108	1
15.326338797814207	2208	1
15.346448087431694	3101	1
15.349344262295082	6067	1
15.366010928961748	3040	1
15.385409836065573	2218	1
15.41398907103825	3774	1
15.417049180327869	6086	1
15.423606557377049	3572	1
15.440273224043716	3229	1
15.450273224043716	6006	1
15.479945355191257	5072	1
15.546120218579235	916	1
15.59224043715847	7373	1
15.603224043715846	4980	1
15.615136612021857	3419	1
15.615956284153006	9330	1
15.638907103825137	5545	1
15.643551912568306	8029	1
15.644535519125682	7491	1
15.72896174863388	1026	1
15.76344262295082	9182	1
15.764863387978142	5689	1
15.780928961748634	9982	1
15.793005464480872	422	1
15.943224043715846	9118	1
15.981311475409836	9711	1
16.007322404371585	3864	1
16.043005464480874	3728	1
16.07688524590164	3112	1
16.106338797814207	2285	1
16.11726775956284	768	1
16.14158469945355	4012	1
16.15360655737705	6054	1
16.184426229508198	7615	1
16.22158469945355	795	1
16.24256830601093	2602	1
16.266502732240436	3497	1
16.27431693989071	5396	1
16.30502732240437	8900	1
16.32032786885246	2777	1
16.343497267759563	7350	1
16.35502732240437	8070	1
16.369836065573768	3662	1
16.41224043715847	4429	1
16.43262295081967	6487	1
16.444098360655737	3083	1
16.506994535519127	6540	1
16.508196721311474	3919	1
16.5324043715847	3120	1
16.544426229508197	7536	1
16.55486338797814	6110	1
16.555409836065575	1902	1
16.559617486338798	2491	1
16.636284153005466	2987	1
16.67655737704918	2765	1
16.72169398907104	4263	1
16.73934426229508	986	1
16.786120218579235	4646	1
16.814918032786885	8499	1
16.82311475409836	2942	1
16.826284153005464	684	1
16.854043715846995	6855	1
16.86158469945355	5929	1
16.90049180327869	5741	1
16.912513661202183	4194	1
16.91896174863388	5128	1
16.921803278688525	7676	1
17.022677595628416	6585	1
17.0875956284153	3393	1
17.098524590163933	7823	1
17.10415300546448	6936	1
17.149398907103823	2488	1
17.253060109289617	3768	1
17.257322404371585	9167	1
17.306065573770493	272	1
17.343825136612022	2113	1
17.36584699453552	8947	1
17.395519125683062	8082	1
17.44049180327869	1457	1
17.44704918032787	2417	1
17.486393442622948	9379	1
17.543661202185792	8467	1
17.599453551912568	7413	1
17.635409836065573	3885	1
17.66426229508197	5839	1
17.693661202185794	7909	1
17.69568306010929	4191	1
17.700491803278688	8250	1
17.764535519125683	1793	1
17.79704918032787	4802	1
17.83639344262295	9406	1
17.868688524590162	9156	1
17.92245901639344	4602	1
17.924535519125683	7070	1
17.95901639344262	414	1
17.964699453551912	2441	1
17.985409836065575	6302	1
17.998415300546448	5970	1
18.033934426229507	679	1
18.090655737704918	8943	1
18.168907103825134	4655	1
18.25879781420765	1171	1
18.27087431693989	2591	1
18.306229508196722	6874	1
18.312950819672132	6264	1
18.391366120218578	7588	1
18.402349726775956	1837	1
18.418852459016392	5296	1
18.427868852459017	3638	1
18.44010928961749	2668	1
18.444043715846995	1479	1
18.44431693989071	5591	1
18.463551912568306	7346	1
18.54087431693989	4129	1
18.626939890710382	2876	1
18.67846994535519	7681	1
18.711147540983607	5577	1
18.727377049180326	7212	1
18.73464480874317	5489	1
18.79497267759563	7593	1
18.803551912568302	8325	1
18.806721311475407	2078	1
18.814098360655738	1593	1
18.817650273224046	1323	1
18.829071038251367	3211	1
18.876284153005464	1321	1
18.898306010928962	575	1
18.941639344262295	8642	1
18.948306010928963	3702	1
18.955737704918032	9866	1
18.9824043715847	7050	1
18.985573770491804	9531	1
19.066120218579233	3570	1
19.06808743169399	6574	1
19.093551912568305	7843	1
19.11726775956284	2242	1
19.13043715846994	7643	1
19.1424043715847	9085	1
19.152841530054648	7037	1
19.17808743169399	4537	1
19.191639344262292	6513	1
19.228797814207653	7215	1
19.240382513661203	4388	1
19.268907103825136	630	1
19.271475409836064	7558	1
19.400546448087432	5525	1
19.44688524590164	5419	1
19.45016393442623	2757	1
19.498360655737702	5908	1
19.498524590163935	691	1
19.51808743169399	3752	1
19.53377049180328	1380	1
19.5355737704918	9670	1
19.544043715846996	3421	1
19.54551912568306	9840	1
19.564972677595627	1471	1
19.571912568306008	9416	1
19.57524590163934	2176	1
19.59710382513661	4863	1
19.646338797814206	7898	1
19.682732240437158	7770	1
19.683551912568305	1829	1
19.698306010928963	1263	1
19.710218579234976	9631	1
19.71890710382514	1909	1
19.725683060109287	9482	1
19.740109289617486	3909	1
19.82142076502732	7525	1
19.841202185792348	2674	1
19.85174863387978	31	1
19.85382513661202	7872	1
19.854426229508196	369	1
19.868142076502732	2583	1
19.873551912568306	9083	1
19.87726775956284	9396	1
19.89256830601093	7978	1
19.917759562841532	3506	1
19.930109289617487	9332	1
19.944043715846995	9610	1
19.981311475409836	9250	1
19.990000000000002	8006	1
19.99366120218579	5224	1
20.016612021857924	1149	1
20.02366120218579	2200	1
20.1403825136612	7609	1
20.194207650273224	2458	1
20.220382513661203	3876	1
20.229890710382513	6089	1
20.232513661202187	9803	1
20.234754098360657	3911	1
20.23633879781421	6340	1
20.241693989071038	1216	1
20.27415300546448	6793	1
20.28054644808743	7108	1
20.357650273224046	9952	1
20.40344262295082	848	1
20.4124043715847	6341	1
20.501311475409835	3278	1
20.562950819672132	6306	1
20.577540983606557	8713	1
20.585081967213114	5418	1
20.59021857923497	7970	1
20.60983606557377	1549	1
20.610163934426232	966	1
20.626994535519124	3913	1
20.627431693989074	9706	1
20.639617486338796	3006	1
20.650163934426228	4316	1
20.70945355191257	4800	1
20.741475409836067	8245	1
20.7879781420765	6848	1
20.79398907103825	7302	1
20.801693989071037	3424	1
20.913224043715847	3256	1
20.973825136612025	4594	1
21.008743169398908	7447	1
21.009180327868854	7950	1
21.02032786885246	3612	1
21.097868852459015	1630	1
21.156885245901638	4297	1
21.16639344262295	4672	1
21.17327868852459	3310	1
21.179398907103828	8952	1
21.22568306010929	9899	1
21.279398907103825	5600	1
21.335081967213114	3692	1
21.35464480874317	1938	1
21.36546448087432	1601	1
21.389071038251366	1923	1
21.494535519125684	2512	1
21.52431693989071	9838	1
21.546885245901642	1955	1
21.547431693989072	9212	1
21.565628415300548	1674	1
21.598360655737704	4893	1
21.61409836065574	2649	1
21.649016393442622	9032	1
21.653333333333332	3775	1
21.661475409836065	1640	1
21.677704918032788	8077	1
21.715846994535518	2894	1
21.718251366120217	8452	1
21.718524590163934	1411	1
21.72830601092896	6165	1
21.740655737704916	3078	1
21.74398907103825	3788	1
21.74551912568306	3709	1
21.7879781420765	8127	1
21.82989071038251	2318	1
21.83174863387978	7944	1
21.83792349726776	975	1
21.847650273224044	6315	1
21.906120218579233	8718	1
21.917431693989073	1567	1
21.93830601092896	7036	1
21.985683060109288	1858	1
22.01513661202186	2966	1
22.033934426229507	6710	1
22.074590163934428	7875	1
22.09174863387978	658	1
22.111202185792347	7278	1
22.18016393442623	7729	1
22.185519125683058	5553	1
22.19535519125683	8303	1
22.227267759562842	3655	1
22.231092896174864	325	1
22.236994535519123	4049	1
22.239398907103826	4943	1
22.243005464480877	7535	1
22.24573770491803	2518	1
22.25896174863388	7421	1
22.27185792349727	7715	1
22.288415300546447	7542	1
22.367540983606556	4368	1
22.38437158469945	6333	1
22.41918032786885	7905	1
22.469398907103827	4336	1
22.476393442622953	3232	1
22.516284153005465	4010	1
22.521256830601093	3789	1
22.543497267759562	4285	1
22.612568306010928	1205	1
22.62622950819672	6340	0
22.633715846994534	1250	1
22.654972677595627	2769	1
22.65770491803279	6240	1
22.664535519125685	6738	1
22.679890710382512	8106	1
22.680601092896175	465	1
22.712459016393442	8508	1
22.713989071038252	3927	1
22.7348087431694	6776	1
22.748688524590165	3300	1
22.83382513661202	7940	1
22.86224043715847	1421	1
22.871147540983607	6959	1
22.878907103825135	3317	1
22.896830601092894	4580	1
22.898032786885246	8166	1
22.926775956284153	3163	1
22.93	5887	1
22.93453551912568	5476	1
22.977377049180326	2939	1
23.014098360655737	6320	1
23.025956284153004	8144	1
23.028743169398908	7165	1
23.054644808743166	2281	1
23.076612021857926	5361	1
23.129398907103823	4250	1
23.15693989071038	2962	1
23.205628415300545	8084	1
23.222513661202186	1628	1
23.224426229508197	8286	1
23.24377049180328	2168	1
23.30256830601093	8055	1
23.38775956284153	6858	1
23.414590163934427	3682	1
23.428907103825136	5333	1
23.45136612021858	9535	1
23.457431693989072	3255	1
23.481256830601094	6622	1
23.487704918032787	5185	1
23.49814207650273	8564	1
23.540928961748634	3055	1
23.544098360655735	8789	0
23.557377049180328	5316	1
23.574043715846994	3188	1
23.643224043715847	4674	1
23.670601092896174	6619	1
23.696557377049178	5135	1
23.80655737704918	9059	1
23.896065573770493	7787	1
23.982513661202187	7084	1
24.01360655737705	3060	1
24.016448087431694	386	1
24.021038251366118	6993	1
24.030054644808743	8920	1
24.058251366120217	2271	1
24.06590163934426	4653	1
24.096120218579234	9851	1
24.10349726775956	6207	1
24.115081967213115	3960	1
24.12737704918033	3671	1
24.13551912568306	4667	1
24.138907103825133	2150	1
24.1431693989071	8076	1
24.156174863387978	1247	1
24.174918032786884	4242	1
24.179890710382516	4100	1
24.186502732240438	4326	1
24.213060109289618	3485	1
24.22743169398907	9109	1
24.233387978142076	5116	1
24.236885245901636	297	1
24.294863387978143	9395	1
24.336939890710383	4022	1
24.349726775956285	7125	1
24.359398907103824	2557	1
24.36306010928962	3604	1
24.39590163934426	9598	1
24.40120218579235	6987	1
24.420218579234973	877	1
24.43021857923497	7895	1
24.441530054644808	1356	1
24.474426229508197	7156	1
24.478360655737703	7866	1
24.478360655737703	9247	1
24.489890710382515	8292	1
24.527322404371585	2309	1
24.59928961748634	3711	1
24.61191256830601	8865	1
24.616994535519126	7044	1
24.617814207650273	5249	1
24.63322404371585	5782	1
24.64054644808743	8152	1
24.650819672131146	7308	1
24.691639344262295	4532	1
24.715300546448088	6358	1
24.72366120218579	4746	1
24.74295081967213	7946	1
24.765409836065572	9690	1
24.79245901639344	839	1
24.80792349726776	2575	1
24.810437158469945	5146	1
24.819836065573767	665	1
24.83535519125683	1758	1
24.8427868852459	4720	1
24.845901639344262	8217	1
24.896830601092898	5441	1
24.89688524590164	6914	1
24.90896174863388	5546	1
24.917213114754098	1009	1
24.941748633879783	1605	1
24.942677595628414	3803	1
24.96109289617486	6187	1
24.97366120218579	5253	1
25.001803278688524	6162	1
25.049398907103825	3844	1
25.051803278688524	3937	1
25.053224043715847	9187	1
25.057158469945357	2543	1
25.105956284153006	6614	1
25.112677595628416	9599	1
25.11464480874317	3315	1
25.146502732240435	2532	1
25.16245901639344	5257	1
25.180655737704917	693	1
25.192021857923496	6137	1
25.218032786885246	9677	1
25.2527868852459	5189	1
25.25415300546448	9225	1
25.262295081967213	6418	1
25.27639344262295	9020	1
25.294043715846993	7176	1
25.303879781420765	5013	1
25.32863387978142	4954	1
25.332841530054644	7375	1
25.351530054644808	56	1
25.37775956284153	4188	1
25.4275956284153	9121	1
25.428469945355193	6594	1
25.480218579234972	9013	1
25.483551912568306	5322	1
25.520437158469942	3362	1
25.52513661202186	7357	1
25.569016393442624	7439	1
25.591530054644807	1057	1
25.592786885245904	4004	1
25.607322404371583	478	1
25.611475409836064	7664	1
25.679071038251365	8575	1
25.696502732240436	3219	1
25.70289617486339	4015	1
25.795245901639344	8101	1
25.804972677595625	7290	1
25.841639344262294	7458	1
25.900273224043715	1530	1
25.932459016393445	7271	1
25.94136612021858	6610	1
25.95382513661202	5138	1
25.967650273224045	1375	1
25.968469945355192	2177	1
26.02016393442623	3607	1
26.02754098360656	8289	1
26.029344262295083	8448	1
26.033387978142077	1780	1
26.081693989071038	4848	1
26.097158469945356	9550	1
26.151092896174866	4209	1
26.155191256830598	5517	1
26.158907103825136	3996	1
26.172021857923497	8091	1
26.21896174863388	7483	1
26.22469945355191	2503	1
26.243278688524587	564	1
26.24398907103825	2815	1
26.26633879781421	9283	1
26.29136612021858	9772	1
26.307158469945353	2015	1
26.378579234972676	9397	1
26.387213114754097	7670	1
26.440054644808743	3132	1
26.48775956284153	4652	1
26.504972677595628	1531	1
26.55568306010929	4512	1
26.566284153005466	8162	1
26.579562841530052	1539	1
26.58530054644809	6451	1
26.6227868852459	9823	1
26.632240437158472	817	1
26.641311475409836	2877	1
26.708579234972678	9876	1
26.75453551912568	4582	1
26.862513661202183	9767	1
26.864590163934427	9325	1
26.87311475409836	5539	1
26.91191256830601	6844	1
26.91426229508197	9708	1
26.957595628415298	9362	1
26.96016393442623	4796	1
26.96464480874317	2721	1
26.984371584699453	8993	1
27.0048087431694	8537	1
27.04437158469945	5789	1
27.0851912568306	2851	1
27.086612021857924	7504	1
27.12415300546448	9644	1
27.140601092896173	5942	1
27.161803278688527	8379	1
27.168032786885245	5558	1
27.18672131147541	2413	1
27.195956284153006	998	1
27.234371584699453	7374	1
27.237868852459016	3478	1
27.239562841530056	6577	1
27.31879781420765	5306	1
27.330928961748633	2352	1
27.350109289617485	1139	1
27.3972131147541	9341	1
27.40743169398907	4592	1
27.446065573770493	6302	0
27.50448087431694	4937	1
27.542950819672132	6580	1
27.550273224043714	204	1
27.560437158469945	1505	1
27.571420765027323	3565	1
27.649016393442622	7459	1
27.658852459016394	7835	1
27.672622950819672	2813	1
27.67497267759563	6575	1
27.722021857923497	5449	1
27.73087431693989	462	1
27.775956284153004	4126	1
27.812131147540985	605	1
27.81639344262295	3787	1
27.83136612021858	6799	1
27.85273224043716	2081	1
27.870928961748636	6701	0
27.88169398907104	9843	1
27.90322404371585	2153	1
27.910109289617488	4571	1
27.910601092896176	4058	1
27.923005464480873	2438	1
27.962841530054646	888	1
27.975245901639344	9882	1
28.041967213114756	2719	1
28.06967213114754	6696	1
28.093606557377047	2534	1
28.094699453551915	4804	1
28.10360655737705	6842	1
28.14180327868852	4982	1
28.165846994535517	3921	1
28.18081967213115	4320	1
28.230983606557377	9996	1
28.240601092896174	4153	1
28.28830601092896	8521	1
28.288633879781422	5074	1
28.31366120218579	9316	1
28.33743169398907	967	1
28.37486338797814	1121	1
28.415245901639345	6852	1
28.419234972677597	4154	1
28.49344262295082	4735	1
28.49464480874317	8757	1
28.526448087431692	6551	1
28.530983606557378	5302	1
28.533169398907102	1358	1
28.538251366120218	4152	1
28.54103825136612	1214	1
28.541475409836064	9835	1
28.564262295081967	9390	1
28.60174863387978	9415	1
28.602349726775955	9730	1
28.619453551912567	2922	1
28.662295081967212	5030	1
28.664644808743166	7636	1
28.672841530054644	9131	1
28.73333333333333	4634	1
28.751693989071036	8130	1
28.753333333333334	8097	1
28.75655737704918	9671	1
28.793005464480874	2592	1
28.81398907103825	8792	1
28.836775956284153	1689	1
28.837486338797817	5956	1
28.844754098360653	1359	1
28.856666666666666	9410	1
28.916885245901636	1265	1
28.922677595628418	9864	1
28.94344262295082	4335	1
28.950109289617483	8111	1
28.953661202185792	9093	1
28.959180327868854	6420	1
28.98448087431694	1186	1
28.995573770491806	2522	1
29.02	1387	1
29.05426229508197	6140	1
29.100327868852457	278	1
29.114754098360656	7906	1
29.12464480874317	5155	1
29.138797814207653	385	1
29.208688524590162	1437	1
29.222677595628415	5368	1
29.230273224043717	3109	1
29.265300546448085	2546	1
29.324043715846994	9201	1
29.341256830601093	5217	1
29.348743169398904	3691	1
29.386448087431692	8639	1
29.39311475409836	1056	1
29.40584699453552	5204	1
29.41672131147541	236	1
29.473224043715845	908	1
29.492131147540984	7075	1
29.508524590163937	2900	1
29.52857923497268	7440	1
29.55	3214	1
29.598142076502732	2793	1
29.67918032786885	6327	1
29.705081967213115	707	1
29.760983606557378	5769	1
29.77464480874317	3665	1
29.782185792349726	9913	1
29.79754098360656	1714	1
29.81377049180328	4595	1
29.819999999999997	9727	1
29.826448087431697	3463	1
29.846120218579234	7161	1
29.889781420765026	1874	1
29.906994535519125	7619	1
29.93300546448087	919	1
29.94393442622951	3851	1
29.946393442622952	5624	1
29.950983606557376	7154	1
29.982677595628417	7295	1
30.009836065573772	5169	1
30.028743169398904	2654	1
30.0544262295082	1942	1
30.088688524590165	4836	1
30.11639344262295	3210	1
30.17311475409836	1695	1
30.19606557377049	5560	1
30.19775956284153	1584	1
30.240765027322404	807	1
30.252131147540982	5016	1
30.2824043715847	1641	1
30.300874316939893	4905	1
30.321420765027323	543	1
30.32295081967213	4243	1
30.34983606557377	2225	1
30.353715846994536	6905	1
30.354426229508196	3318	1
30.3824043715847	8112	1
30.387540983606556	9130	1
30.410437158469946	3369	1
30.411202185792348	9731	1
30.460327868852456	6254	1
30.50393442622951	1646	1
30.55502732240437	5570	1
30.560765027322404	8309	1
30.56169398907104	8027	1
30.578688524590163	2329	1
30.597540983606557	8312	1
30.627158469945353	8585	1
30.6403825136612	5965	1
30.653114754098358	5157	1
30.65590163934426	4917	1
30.680273224043713	3890	1
30.692677595628414	9714	1
30.726502732240437	1881	1
30.757868852459016	442	1
30.78256830601093	544	1
30.80688524590164	4286	1
30.829890710382514	1657	1
30.833715846994536	7098	1
30.847540983606557	5713	1
30.873387978142077	2601	1
30.935737704918033	937	1
30.973169398907103	7041	1
30.982349726775954	4504	1
30.994316939890712	6611	1
31.010109289617485	5757	1
31.04415300546448	7024	1
31.080327868852457	1005	1
31.086502732240437	6682	1
31.114918032786886	1465	1
31.151530054644805	2788	1
31.205409836065574	3517	1
31.20841530054645	3704	1
31.21502732240437	7556	1
31.23928961748634	6728	1
31.272021857923498	7226	1
31.28743169398907	4983	1
31.338251366120218	8648	1
31.352131147540984	8374	1
31.363333333333333	9653	1
31.3972131147541	8937	1
31.436666666666667	2747	1
31.474644808743168	3917	1
31.477377049180326	6037	1
31.514754098360655	7396	1
31.519945355191254	3222	1
31.56513661202186	822	1
31.602240437158468	9293	1
31.6575956284153	9507	1
31.661147540983606	6824	1
31.68551912568306	1523	1
31.727377049180326	6801	1
31.749398907103824	9141	1
31.764918032786888	8429	1
31.802131147540983	1930	1
31.808743169398905	5704	1
31.817704918032785	6783	1
31.850163934426227	2432	1
31.85136612021858	2930	1
31.861202185792347	9474	1
31.87103825136612	9827	1
31.882841530054645	5867	1
31.88846994535519	2521	1
31.90846994535519	5126	1
31.933005464480875	1412	1
31.952295081967215	8391	1
31.995956284153007	8114	1
32.047704918032785	9600	1
32.06262295081967	3291	1
32.07098360655738	1231	1
32.105628415300544	3020	1
32.10928961748634	7573	1
32.13672131147541	8554	1
32.14147540983606	7342	1
32.15196721311475	6468	1
32.156612021857924	3814	1
32.16726775956284	6238	1
32.20327868852459	70	1
32.20704918032787	4284	1
32.22639344262295	9209	1
32.23868852459017	174	1
32.24622950819672	5737	1
32.25781420765028	2908	1
32.29513661202186	9205	1
32.318688524590165	7048	1
32.32524590163934	2424	1
32.32819672131148	9072	1
32.3335519125683	3549	1
32.33672131147541	3838	1
32.36218579234973	7435	1
32.36666666666667	9780	1
32.384590163934426	9099	1
32.41551912568306	9926	1
32.42792349726776	9180	1
32.44704918032787	9358	1
32.47601092896175	914	1
32.493825136612024	5467	1
32.566448087431695	3721	1
32.61344262295082	6771	1
32.62327868852459	4918	1
32.64043715846994	8868	1
32.65617486338798	9100	1
32.70579234972677	5865	1
32.70601092896175	5461	1
32.70841530054645	4435	1
32.7383606557377	9411	1
32.73923497267759	9925	1
32.78486338797814	6026	1
32.78639344262295	3707	1
32.79420765027322	1218	1
32.79562841530055	2977	1
32.820491803278685	355	1
32.82295081967213	7365	1
32.832841530054644	7431	1
32.87431693989071	6211	1
32.87491803278689	7169	1
32.87868852459016	1993	1
32.87939890710383	9114	1
32.98202185792349	7883	1
32.98912568306011	5680	1
33.00672131147541	7887	1
33.070819672131144	9101	1
33.08016393442623	1933	1
33.1279781420765	5844	1
33.12836065573771	7367	1
33.13142076502732	6428	1
33.13863387978142	9513	1
33.17901639344262	5892	1
33.17928961748634	2916	1
33.224699453551914	4528	1
33.25743169398907	685	1
33.31245901639344	8468	1
33.35535519125683	9111	1
33.374426229508195	4895	1
33.43027322404372	5754	1
33.44409836065574	1854	1
33.505464480874316	9724	1
33.50551912568306	3454	1
33.51158469945355	4585	1
33.54158469945355	2697	1
33.543989071038254	6352	1
33.619180327868854	2730	1
33.629999999999995	4341	1
33.66808743169398	3267	1
33.67185792349727	8129	1
33.6827868852459	892	1
33.70448087431694	202	1
33.713551912568306	9854	1
33.82639344262295	776	1
33.89218579234973	3557	1
33.90989071038251	5471	1
34.01382513661202	5701	1
34.01841530054645	8177	1
34.02693989071038	8791	1
34.02874316939891	2079	1
34.03513661202186	3748	1
34.038032786885246	9136	1
34.06180327868852	8667	1
34.08672131147541	2239	1
34.09054644808743	2643	1
34.16349726775956	5541	1
34.16420765027323	1018	1
34.21065573770491	2266	1
34.22584699453552	1534	1
34.23142076502732	1976	1
34.243497267759565	3620	1
34.25513661202186	2152	1
34.26360655737705	6767	1
34.29306010928962	3900	1
34.32109289617487	8306	1
34.3211475409836	9892	1
34.32896174863388	2455	1
34.36573770491803	7799	1
34.38857923497268	6889	1
34.40327868852459	8825	1
34.41327868852459	3498	1
34.4144262295082	3661	1
34.42803278688525	3926	1
34.432076502732244	5678	1
34.447103825136615	166	1
34.44956284153005	521	1
34.46289617486339	2397	1
34.48590163934426	598	1
34.495191256830594	8985	1
34.49677595628415	6484	1
34.53054644808743	566	1
34.53349726775956	4471	1
34.6107650273224	5484	1
34.62601092896175	8732	1
34.64781420765028	3894	1
34.67677595628415	8012	1
34.68289617486339	1043	1
34.69267759562842	5997	1
34.69409836065574	9403	1
34.7051912568306	2270	1
34.725956284153	3605	1
34.73743169398907	6182	1
34.75568306010929	5723	1
34.763989071038246	7376	1
34.76743169398907	5547	1
34.77109289617486	7942	1
34.812349726775956	4232	1
34.816885245901645	6609	1
34.8303825136612	7927	1
34.84415300546448	5393	1
34.890601092896176	5173	1
34.92213114754099	3167	1
34.92415300546448	3576	1
34.938797814207646	9568	1
34.94234972677596	558	1
34.95344262295082	61	1
34.99098360655737	5836	1
34.999398907103824	9128	1
34.99967213114754	5778	1
35.018415300546444	3377	1
35.05502732240437	5407	1
35.06704918032787	8512	1
35.07142076502732	2992	1
35.08639344262295	3343	1
35.08650273224043	7820	1
35.16289617486339	9268	1
35.19158469945355	6492	1
35.194043715846995	1070	1
35.22415300546448	1581	1
35.233005464480875	5637	1
35.23732240437158	5435	1
35.25530054644808	9733	1
35.262841530054644	6806	1
35.27054644808743	5617	1
35.313879781420766	4975	1
35.40934426229508	2110	1
35.41273224043716	8335	1
35.43639344262295	7252	1
35.469508196721314	5622	1
35.48956284153005	7897	1
35.48989071038252	266	1
35.52737704918033	8591	1
35.53508196721311	6797	1
35.56382513661202	5176	1
35.56928961748634	852	1
35.57737704918033	5945	1
35.57967213114754	2183	1
35.60442622950819	7758	1
35.62	3249	1
35.62245901639344	8320	1
35.62355191256831	2844	1
35.6527868852459	8403	1
35.65644808743169	7792	1
35.67775956284153	9934	1
35.68666666666667	6724	1
35.736666666666665	6646	1
35.7444262295082	6355	1
35.81885245901639	8419	1
35.82098360655738	2515	1
35.82491803278688	7696	1
35.848306010928965	769	1
35.86032786885246	144	1
35.893879781420765	1879	1
36.014371584699454	6452	1
36.027103825136614	657	1
36.02945355191257	71	1
36.041912568306	9520	1
36.04409836065574	3966	1
36.07524590163934	8721	1
36.07737704918033	8288	1
36.09628415300546	8236	1
36.11513661202186	4826	1
36.11726775956284	130	1
36.12896174863388	1209	1
36.14562841530054	820	1
36.14699453551913	8698	1
36.15191256830601	7234	1
36.171530054644805	3417	1
36.1751912568306	8766	1
36.17961748633879	7987	1
36.17994535519126	5382	1
36.18087431693989	4621	1
36.19229508196721	1517	1
36.1979781420765	9222	1
36.20628415300546	1535	1
36.21628415300546	8760	1
36.232185792349725	6045	1
36.23956284153005	3706	1
36.27852459016393	8817	1
36.27967213114754	3892	1
36.30732240437158	1667	1
36.31098360655737	6163	1
36.320546448087434	6921	1
36.34311475409836	7200	1
36.34879781420765	2872	1
36.352021857923496	5810	1
36.374863387978145	7087	1
36.381857923497265	4027	1
36.39508196721311	3695	1
36.39775956284153	2103	1
36.407704918032785	8650	1
36.42475409836066	7869	1
36.451912568306014	3032	1
36.4688524590164	3208	1
36.53710382513661	8625	1
36.56049180327869	4073	1
36.590054644808745	5477	1
36.60180327868852	9693	1
36.6127868852459	2108	1
36.61289617486339	8632	1
36.613606557377054	4359	1
36.66060109289618	6870	1
36.66437158469945	3086	1
36.69267759562842	3034	1
36.69661202185792	5732	1
36.70218579234973	2633	1
36.70497267759563	3409	1
36.72846994535519	758	1
36.81387978142076	8100	1
36.85628415300546	3385	1
36.87562841530055	6893	1
36.87918032786885	7949	1
36.908142076502735	32	1
36.91846994535519	8739	1
36.997540983606555	7886	1
37.044754098360656	5731	1
37.04606557377049	2764	1
37.04770491803279	2648	1
37.05464480874316	5278	1
37.05726775956284	7510	1
37.08939890710383	3450	1
37.08939890710383	4270	1
37.111748633879785	3441	1
37.11650273224044	7254	1
37.13453551912568	8688	1
37.13803278688525	329	1
37.15606557377049	5235	1
37.18950819672131	5620	1
37.208961748633875	5989	1
37.22010928961749	2588	1
37.22224043715847	103	1
37.2272131147541	5618	1
37.23606557377049	4173	1
37.258743169398905	4390	1
37.286502732240436	1947	1
37.33087431693989	591	1
37.35508196721311	4405	1
37.36295081967213	3843	1
37.36923497267759	4249	1
37.370546448087424	8056	1
37.38284153005465	6360	1
37.39934426229508	5894	1
37.403606557377046	1307	1
37.41092896174863	4716	1
37.420491803278686	7379	1
37.43808743169399	4351	1
37.44043715846994	6368	1
37.44448087431694	6701	1
37.49437158469945	1096	1
37.50672131147541	5052	1
37.5251912568306	9045	1
37.546939890710384	7010	1
37.549180327868854	4487	1
37.567868852459014	4360	1
37.57448087431694	1664	1
37.587704918032784	7947	1
37.592295081967215	3829	1
37.59273224043716	8366	1
37.6272131147541	9249	1
37.63650273224044	4252	1
37.652513661202185	4226	1
37.67180327868852	1661	1
37.680163934426226	1797	1
37.68950819672131	8749	1
37.70617486338798	3107	1
37.71715846994535	5287	1
37.735136612021854	3470	1
37.77622950819672	4825	1
37.793278688524595	5262	1
37.81377049180328	5288	1
37.8148087431694	4450	1
37.82371584699453	4206	1
37.842185792349724	5979	1
37.85005464480874	9906	1
37.864480874316946	23	1
37.92387978142076	7996	1
37.92688524590164	5640	1
37.92748633879781	708	1
37.94344262295082	9998	1
37.946721311475414	8567	1
37.94775956284153	4878	1
37.950382513661204	9946	1
37.95546448087432	9719	1
37.970273224043716	9678	1
38.036010928961744	9806	1
38.05229508196721	1354	1
38.05781420765027	8507	1
38.09912568306011	6800	1
38.10349726775956	6705	1
38.14300546448087	6861	1
38.14808743169399	6353	1
38.18071038251366	8861	1
38.183114754098355	5218	1
38.183169398907104	8743	1
38.24770491803278	8389	1
38.279781420765026	3865	1
38.30469945355191	7639	1
38.32754098360656	8170	1
38.34453551912568	7385	1
38.3555737704918	7486	1
38.37868852459017	6210	1
38.380382513661196	1067	1
38.387759562841524	3359	1
38.39185792349727	2350	1
38.396830601092894	3627	1
38.44912568306011	9169	1
38.45054644808743	5077	1
38.458251366120216	1719	1
38.47524590163935	2494	1
38.4768306010929	4875	1
38.480327868852456	2100	1
38.524207650273226	8616	1
38.529016393442625	1155	1
38.545136612021864	5274	1
38.56109289617486	5615	1
38.57251366120219	5121	1
38.58087431693989	7618	1
38.62142076502732	1068	1
38.62650273224044	434	1
38.64972677595628	2430	1
38.66213114754098	1906	1
38.68459016393443	6058	1
38.699672131147544	1017	1
38.700327868852455	3244	1
38.70169398907104	2929	1
38.70836065573771	1901	1
38.71628415300547	5428	1
38.74049180327869	5004	1
38.74092896174863	9138	1
38.766393442622956	4245	1
38.787595628415296	862	1
38.79486338797815	7517	1
38.795846994535516	6291	1
38.8027868852459	1766	1
38.81863387978142	8079	1
38.84639344262295	1709	1
38.85180327868853	8994	1
38.8551912568306	8975	1
38.87224043715847	2336	1
38.88650273224044	1697	1
38.89136612021858	3668	1
38.892021857923496	4087	1
38.955519125683054	9273	1
38.96213114754098	4772	1
39.00174863387978	9409	1
39.02606557377049	3111	1
39.0268306010929	7555	1
39.07890710382514	6599	1
39.13032786885246	7014	1
39.147540983606554	5629	1
39.15032786885246	723	1
39.15885245901639	5232	1
39.162185792349725	2175	1
39.16650273224043	5578	1
39.206830601092896	6152	1
39.20737704918032	9398	1
39.222513661202186	3407	1
39.228797814207645	1260	1
39.23174863387978	4776	1
39.26715846994536	4704	1
39.268524590163935	9637	1
39.28819672131147	3049	1
39.30726775956284	6372	1
39.35590163934426	9735	1
39.38497267759563	1878	1
39.39087431693989	9065	1
39.41136612021858	5990	1
39.47901639344262	872	1
39.4868306010929	4470	1
39.52158469945355	8784	1
39.53021857923497	7501	1
39.534918032786884	8377	1
39.53546448087431	4840	1
39.53562841530055	4467	1
39.54825136612022	4030	1
39.557431693989066	6512	1
39.56158469945355	4042	1
39.58601092896175	9732	1
39.59169398907104	7110	1
39.60174863387978	9870	1
39.642459016393445	2156	1
39.65765027322404	2019	1
39.66956284153005	9223	1
39.70836065573771	9364	1
39.74732240437158	8158	1
39.751311475409835	4230	1
39.761748633879776	6297	1
39.76612021857924	8470	1
39.791366120218576	9588	1
39.81857923497268	3792	1
39.82699453551913	1984	1
39.833224043715845	633	1
39.85732240437159	196	1
39.8596174863388	772	1
39.86950819672131	5995	1
39.88262295081967	6071	1
39.885956284153	1728	1
39.89781420765027	5950	1
39.89967213114754	6164	1
39.90945355191256	2454	1
39.91775956284153	4611	1
39.91912568306011	8420	1
39.92918032786885	5931	1
39.973606557377046	9217	1
39.98021857923497	1970	1
39.98081967213115	4960	1
39.99262295081967	3353	1
40.03147540983607	8482	1
40.04387978142077	2146	1
40.04415300546447	3106	1
40.0448087431694	8562	1
40.04606557377049	8176	1
40.07229508196721	7225	1
40.07841530054645	1031	1
40.12535519125683	9483	1
40.13923497267759	3569	1
40.14098360655738	1007	1
40.23612021857924	5756	1
40.25027322404372	3799	1
40.26901639344263	4197	1
40.37049180327869	9017	1
40.38218579234973	9830	1
40.39142076502733	1958	1
40.441475409836066	5722	1
40.45584699453551	7099	1
40.479836065573764	4317	1
40.511092896174866	8640	1
40.53377049180328	1607	1
40.534153005464475	2447	1
40.534644808743174	1919	1
40.56262295081967	7819	1
40.566830601092896	9721	1
40.57251366120219	6670	1
40.58120218579235	7896	1
40.59989071038251	5733	1
40.60169398907104	5883	1
40.61967213114754	827	1
40.658907103825136	5881	1
40.67366120218579	5554	1
40.67808743169399	3575	1
40.69601092896175	1492	1
40.69754098360656	8367	1
40.7107650273224	3330	1
40.721092896174866	6039	1
40.72273224043715	4871	1
40.72710382513661	7751	1
40.782459016393446	1850	1
40.793169398907104	5206	1
40.796939890710384	8931	1
40.820928961748635	2912	1
40.84726775956284	5304	1
40.85961748633879	1238	1
40.868087431693986	3955	1
40.86830601092896	9978	1
40.902131147540985	813	1
40.93213114754098	9317	1
40.938032786885245	9672	1
40.938142076502736	7733	1
40.98907103825136	3302	1
40.997978142076505	3075	1
41.001311475409835	3708	1
41.00666666666667	6768	1
41.06655737704918	8899	1
41.07158469945355	7338	1
41.08612021857923	3035	1
41.08748633879781	6541	1
41.138961748633875	8131	1
41.14185792349726	6323	1
41.14491803278689	9485	1
41.16005464480874	8049	1
41.17027322404371	6980	1
41.191803278688525	9183	1
41.20010928961749	9275	1
41.201530054644806	6382	1
41.226502732240434	3964	1
41.23907103825137	8225	1
41.29147540983607	5846	1
41.304808743169396	6266	1
41.317158469945355	8267	1
41.31972677595628	9331	1
41.327267759562844	7499	1
41.33420765027323	2251	1
41.35092896174863	9257	1
41.35437158469945	8750	1
41.37284153005464	3991	1
41.373661202185794	6565	1
41.395081967213116	1752	1
41.399071038251364	8016	1
41.40098360655738	6633	1
41.43180327868853	841	1
41.492732240437164	8678	1
41.49513661202186	8473	1
41.510382513661206	4969	1
41.519234972677594	3116	1
41.55245901639344	7361	1
41.55803278688524	3677	1
41.59300546448087	1939	1
41.65043715846995	7992	1
41.688360655737704	1991	1
41.72573770491803	7997	1
41.72890710382514	6003	1
41.76431693989071	482	1
41.79	931	1
41.81852459016393	2612	1
41.84693989071039	6019	1
41.857540983606555	6839	1
41.871202185792356	7553	1
41.88546448087431	9529	1
41.90213114754098	8009	1
41.904754098360655	1215	1
41.91092896174863	2867	1
41.990437158469945	1118	1
42.04010928961748	507	1
42.064098360655734	5107	1
42.08535519125683	9601	1
42.12169398907104	4234	1
42.133715846994534	5497	1
42.16754098360656	4590	1
42.170109289617486	6931	1
42.18737704918033	1468	1
42.217322404371586	7066	1
42.25907103825136	3618	1
42.30415300546448	12	1
42.35502732240437	3717	1
42.362459016393444	6841	1
42.394972677595625	686	1
42.39595628415301	4160	1
42.40568306010929	8357	1
42.45054644808743	3171	1
42.45404371584699	8064	1
42.456775956284154	9488	1
42.48874316939891	5866	1
42.533551912568306	3509	1
42.534262295081966	5215	1
42.54224043715847	3044	1
42.56163934426229	6812	1
42.58420765027322	6811	1
42.60366120218579	3231	1
42.63065573770492	6066	1
42.672349726775956	2249	1
42.68229508196721	9256	1
42.68404371584699	8232	1
42.68639344262294	850	1
42.69387978142076	8369	1
42.70131147540984	3722	1
42.70218579234973	3632	1
42.70945355191257	5627	1
42.71655737704918	2321	1
42.725409836065566	2348	1
42.73153005464481	2669	1
42.76169398907104	9794	1
42.768633879781426	8219	1
42.77213114754098	3333	1
42.84885245901639	4112	1
42.878579234972676	4950	1
42.99021857923497	5785	1
42.99273224043716	2387	1
42.993387978142074	5849	1
43.022950819672126	5987	1
43.07185792349727	9003	1
43.08207650273224	257	1
43.09284153005464	6919	1
43.12497267759562	2694	1
43.154043715846996	9477	1
43.174207650273225	622	1
43.18153005464481	6190	1
43.24125683060109	9280	1
43.24191256830601	7840	1
43.25639344262295	8905	1
43.26453551912568	909	1
43.26650273224044	4439	1
43.28688524590164	4605	1
43.31398907103825	5089	1
43.3172131147541	6818	1
43.322841530054646	7448	1
43.33158469945355	2062	1
43.33453551912569	5576	1
43.37065573770492	9782	1
43.4079781420765	457	1
43.41754098360656	6052	1
43.42590163934426	2938	1
43.473606557377046	6081	1
43.48245901639344	7285	1
43.48710382513661	9274	1
43.4931693989071	2842	1
43.49535519125683	4894	1
43.52158469945355	9252	1
43.55289617486339	9246	1
43.56896174863388	5557	1
43.57655737704918	8586	1
43.5779781420765	9108	1
43.60617486338798	9158	1
43.60650273224044	7679	1
43.63967213114754	8959	1
43.664808743169395	206	1
43.667158469945356	4984	1
43.67710382513661	8198	1
43.689562841530055	150	1
43.69415300546448	1227	1
43.704043715847	6401	1
43.705355191256835	5863	1
43.7196174863388	2563	1
43.73245901639344	5203	1
43.73540983606558	3524	1
43.74120218579235	6527	1
43.80289617486339	2389	1
43.8215300546448	7593	0
43.82437158469945	7363	1
43.838907103825136	6274	1
43.86180327868852	7359	1
43.879234972677594	2734	1
43.88393442622951	1474	1
43.90672131147541	6108	1
43.90934426229508	5192	1
43.936174863387976	8561	1
43.94131147540983	0	1
43.94765027322404	6258	1
43.94879781420765	5518	1
43.95590163934426	6576	1
43.956448087431696	8543	1
43.95710382513661	2510	1
43.95737704918033	44	1
43.9751912568306	1388	1
43.977377049180326	3757	1
43.98683060109289	8454	1
43.99273224043716	8962	1
44.00191256830601	6686	1
44.004699453551915	6685	1
44.013333333333335	6175	1
44.013661202185794	8615	1
44.02016393442623	7810	1
44.026666666666664	4685	1
44.02715846994535	1409	1
44.05289617486339	2001	1
44.05420765027323	3183	1
44.05606557377049	8256	1
44.062349726775956	2287	1
44.064316939890716	2317	1
44.06666666666667	6926	1
44.07147540983606	9958	1
44.07934426229509	193	1
44.10502732240437	9729	1
44.111311475409835	7235	1
44.12196721311475	8194	1
44.12382513661202	8726	1
44.12825136612022	5210	1
44.1379781420765	5842	1
44.13846994535519	9871	1
44.14071038251366	7860	1
44.14420765027322	7121	1
44.14825136612021	2327	1
44.16224043715847	8372	1
44.16693989071038	3639	1
44.19803278688524	8511	1
44.199999999999996	4639	1
44.20213114754098	4530	1
44.2372131147541	8839	1
44.23726775956284	432	1
44.2488524590164	9785	1
44.27371584699454	4561	1
44.2827868852459	8973	1
44.29486338797814	8455	1
44.30502732240437	1730	1
44.305245901639346	2237	1
44.32092896174863	6910	1
44.3372131147541	1847	1
44.345245901639345	7845	1
44.35311475409836	6245	1
44.37169398907104	2618	1
44.37174863387978	9758	1
44.37174863387978	3669	1
44.38486338797814	3766	1
44.39262295081967	3540	1
44.40032786885246	5323	1
44.40153005464481	8657	1
44.42262295081967	3512	1
44.44568306010929	4458	1
44.45874316939891	3114	1
44.461530054644804	2676	1
44.4879781420765	1324	1
44.519726775956286	2205	1
44.5287431693989	8855	1
44.55502732240437	5372	1
44.555956284153005	55	1
44.56060109289618	3480	1
44.5624043715847	158	1
44.5883606557377	6310	1
44.59087431693989	9367	1
44.593333333333334	3977	1
44.60158469945355	2904	1
44.60704918032787	3731	1
44.6096174863388	995	1
44.610218579234974	5010	1
44.610218579234974	4531	1
44.62792349726776	9503	1
44.629234972677594	1497	1
44.63109289617486	7832	1
44.64349726775956	654	1
44.66846994535519	3945	1
44.67442622950819	6345	1
44.69513661202186	5470	1
44.69568306010929	1745	1
44.706229508196714	5164	1
44.7107650273224	9199	1
44.71207650273224	6877	1
44.716939890710385	5420	1
44.73568306010929	8913	1
44.80087431693989	1521	1
44.81174863387978	4682	1
44.83748633879782	9436	1
44.84234972677595	4107	1
44.84387978142077	3191	1
44.84426229508197	6904	1
44.86907103825136	4765	1
44.87896174863388	3028	1
44.879617486338795	4921	1
44.88185792349727	5104	1
44.88273224043716	701	1
44.90327868852459	6389	1
44.91098360655737	9667	1
44.93306010928961	6011	1
44.93513661202185	2989	1
44.935464480874316	570	1
44.94699453551913	6965	1
44.95213114754098	404	1
44.957814207650266	4096	1
44.9655737704918	2459	1
44.97191256830601	2542	1
44.98699453551912	1127	1
44.99508196721311	4240	1
45.01142076502732	2537	1
45.01912568306011	4622	1
45.03131147540984	6076	1
45.0344262295082	1032	1
45.08939890710383	8048	1
45.11065573770492	5408	1
45.11923497267759	6237	1
45.12087431693989	15	1
45.12486338797814	3005	1
45.13213114754099	7206	1
45.13633879781421	1928	1
45.1479781420765	7977	1
45.176939890710386	5652	1
45.17743169398907	5598	1
45.184972677595624	5273	1
45.18710382513661	3652	1
45.19530054644809	5745	1
45.20054644808743	7965	1
45.20546448087431	4017	1
45.20803278688525	7590	1
45.21218579234973	9984	1
45.21300546448087	8874	1
45.21327868852459	2221	1
45.21595628415301	6933	1
45.23344262295082	5255	1
45.24672131147541	1331	1
45.25786885245902	1692	1
45.26153005464481	4228	1
45.279398907103825	4601	1
45.2807650273224	6704	1
45.305573770491804	4616	1
45.31136612021858	7559	1
45.33530054644809	9091	1
45.3675956284153	9927	1
45.38284153005465	3192	1
45.386393442622946	1966	1
45.38846994535518	2102	1
45.39	4251	1
45.4075956284153	7963	1
45.419016393442625	962	1
45.43344262295082	9802	1
45.4464480874317	3143	1
45.45322404371585	1062	1
45.45699453551913	3701	1
45.47098360655738	3396	1
45.50475409836066	2406	1
45.51295081967213	1242	1
45.513661202185794	9314	1
45.52071038251366	4346	1
45.525245901639344	1553	1
45.5275956284153	3372	1
45.52765027322405	1911	1
45.53912568306011	9202	1
45.5403825136612	2947	1
45.543169398907104	1792	1
45.57071038251366	9171	1
45.589999999999996	7043	1
45.60524590163935	3907	1
45.616229508196724	2829	1
45.617213114754094	9607	1
45.61901639344262	6750	1
45.62808743169399	2774	1
45.63945355191257	856	1
45.655464480874315	5068	1
45.66043715846994	6270	1
45.66049180327869	5712	1
45.66420765027323	7863	1
45.671584699453554	7710	1
45.688415300546446	5932	1
45.691475409836066	982	1
45.699945355191254	8081	1
45.72032786885246	1240	1
45.722513661202186	4296	1
45.72879781420765	147	1
45.740491803278694	6280	1
45.751639344262294	4170	1
45.759125683060105	1472	1
45.7924043715847	8226	1
45.79885245901639	9499	1
45.80016393442622	1131	1
45.815355191256835	9629	1
45.818688524590165	5005	1
45.823551912568306	8483	1
45.84360655737705	4920	1
45.84502732240437	398	1
45.865409836065574	5096	1
45.872568306010926	363	1
45.886010928961745	8664	1
45.89267759562842	2632	1
45.905956284153	4521	1
45.90704918032787	2476	1
45.90825136612022	5859	1
45.93	2378	1
45.94327868852459	2639	1
45.943606557377045	3147	1
45.964207650273224	2803	1
45.98158469945355	9405	1
45.99464480874317	638	1
45.99617486338798	9910	1
46.00120218579235	4489	1
46.00245901639344	1680	1
46.01267759562842	2481	1
46.014371584699454	9484	1
46.0175956284153	4981	1
46.01852459016393	4347	1
46.0444262295082	7839	1
46.0451912568306	2931	1
46.05377049180328	3902	1
46.063387978142075	9036	1
46.06387978142076	8218	1
46.0648087431694	6968	1
46.069016393442624	4513	1
46.0755737704918	6356	1
46.088196721311476	5835	1
46.10060109289617	8570	1
46.10617486338798	7188	1
46.108688524590164	6235	1
46.11459016393442	6469	1
46.11868852459017	3552	1
46.15158469945355	7388	1
46.15825136612022	1765	1
46.158415300546444	5556	1
46.19950819672131	3254	1
46.2144262295082	1746	1
46.21497267759563	6671	1
46.24486338797814	1892	1
46.28792349726776	2685	1
46.35016393442623	9334	1
46.35551912568306	8936	1
46.39475409836066	9470	1
46.403989071038254	7890	1
46.444863387978145	223	1
46.46819672131147	7768	1
46.49147540983606	8310	1
46.542786885245896	1470	1
46.55693989071038	1877	1
46.561639344262296	9253	1
46.58448087431694	2736	1
46.59655737704918	8673	1
46.59699453551912	6584	1
46.613169398907104	9969	1
46.62306010928962	2722	1
46.64486338797814	9673	1
46.65901639344263	7071	1
46.679672131147534	4037	1
46.68453551912568	1172	1
46.69950819672131	2275	1
46.70579234972677	5535	1
46.717923497267755	3403	1
46.7211475409836	3922	1
46.72338797814208	9347	1
46.727814207650276	5001	1
46.728961748633886	2415	1
46.74213114754099	4422	1
46.77513661202185	9569	1
46.78688524590164	3212	1
46.80191256830601	4412	1
46.80896174863388	6450	1
46.80994535519125	3915	1
46.81344262295082	5829	1
46.845136612021854	4503	1
46.85109289617486	8736	1
46.88213114754098	1934	1
46.90420765027322	5711	1
46.905901639344265	7394	1
46.93551912568306	7596	1
46.960437158469944	8175	1
46.96245901639344	3772	1
46.976885245901634	3810	1
46.98284153005464	4000	1
47.00333333333333	5003	1
47.007267759562836	509	1
47.01568306010929	9142	1
47.016229508196716	7528	1
47.03185792349727	2422	1
47.052185792349725	8886	1
47.08005464480874	8628	1
47.08311475409836	1608	1
47.09967213114754	3428	1
47.113989071038255	4358	1
47.1151912568306	928	1
47.123278688524586	1327	1
47.13989071038251	8500	1
47.14868852459016	8414	1
47.158907103825136	8044	1
47.17218579234973	1101	1
47.18005464480874	5463	1
47.19010928961749	6340	1
47.1924043715847	1288	1
47.194808743169396	3261	1
47.20879781420765	1086	1
47.224371584699455	2394	1
47.2283606557377	9993	1
47.233387978142076	7539	1
47.236065573770496	3830	1
47.25071038251366	8352	1
47.25311475409836	8480	1
47.269945355191254	7337	1
47.2716393442623	1603	1
47.2731693989071	3011	1
47.28666666666667	8504	1
47.30491803278689	1830	1
47.312622950819666	1119	1
47.320218579234975	5656	1
47.34027322404372	8723	1
47.341857923497265	7957	1
47.353060109289615	5513	1
47.35349726775956	9144	1
47.374426229508195	4676	1
47.37551912568306	9203	1
47.37606557377049	6227	1
47.3851912568306	7867	1
47.40639344262295	7973	1
47.42125683060109	6690	1
47.42355191256831	4650	1
47.44229508196722	8073	1
47.44890710382514	8603	1
47.45994535519126	9894	1
47.466120218579235	703	1
47.467322404371586	3218	1
47.4835519125683	9781	1
47.48464480874317	7677	1
47.507431693989076	5153	1
47.51131147540983	1666	1
47.5172131147541	8540	1
47.53710382513661	9541	1
47.542131147540985	8997	1
47.54710382513661	1684	1
47.54907103825137	5492	1
47.55087431693989	1999	1
47.55606557377049	8216	1
47.56169398907104	9615	1
47.57016393442623	8623	1
47.59	3336	1
47.59289617486339	3564	1
47.598907103825134	3484	1
47.623661202185794	4219	1
47.63344262295082	1297	1
47.65437158469945	3634	1
47.66398907103825	4506	1
47.66497267759563	704	1
47.69972677595628	104	1
47.71136612021858	2792	1
47.715355191256826	9505	1
47.71814207650274	5281	0
47.72005464480874	5409	1
47.749398907103824	5417	1
47.76928961748634	8464	1
47.778907103825134	6496	1
47.79650273224044	9197	1
47.8007650273224	3973	1
47.83327868852459	6085	1
47.83453551912568	9040	1
47.844098360655735	7984	1
47.852732240437156	253	1
47.86218579234972	9596	1
47.86333333333333	9683	1
47.86513661202186	8404	1
47.86754098360655	20	1
47.868469945355194	8608	1
47.885245901639344	7891	1
47.88775956284153	1091	1
47.904371584699454	938	1
47.90448087431694	1823	1
47.912568306010925	4678	1
47.91284153005464	6359	1
47.9379781420765	7442	1
47.95836065573771	6665	1
47.960109289617485	4001	1
47.96109289617486	7783	1
47.967540983606554	7848	1
47.97825136612021	6900	1
47.9803825136612	529	1
48.00311475409836	2883	1
48.003825136612015	1960	1
48.00622950819672	3519	1
48.02535519125683	3598	1
48.03562841530055	3466	1
48.039890710382515	845	1
48.04792349726776	9862	1
48.05060109289617	9446	1
48.057431693989066	7494	1
48.058196721311475	342	1
48.05907103825137	3488	1
48.06021857923498	8261	1
48.060437158469945	5828	1
48.06355191256831	8538	1
48.08721311475409	1034	1
48.089562841530054	7456	1
48.10098360655738	5665	1
48.10792349726776	6308	1
48.108360655737705	2666	1
48.109508196721315	1000	1
48.115846994535524	8878	1
48.12650273224043	6043	1
48.135191256830595	2064	1
48.137868852459015	6989	1
48.151311475409834	4235	1
48.15229508196721	5018	1
48.154426229508196	2091	1
48.19469945355191	5784	1
48.20071038251366	2124	1
48.24781420765027	4069	1
48.25169398907104	687	1
48.25967213114754	4218	1
48.263224043715844	9833	1
48.272568306010925	9746	1
48.28825136612022	6405	1
48.289453551912565	3804	1
48.28983606557377	4636	1
48.294972677595624	1103	1
48.31021857923498	6213	1
48.315245901639344	2890	1
48.32639344262295	5439	1
48.33142076502732	5231	1
48.33306010928962	3551	1
48.34590163934426	6895	1
48.3751912568306	2594	1
48.40032786885246	6247	1
48.40825136612022	1326	1
48.410382513661204	4109	1
48.414535519125685	1134	1
48.44234972677596	5993	1
48.443661202185794	7934	1
48.456721311475405	6657	1
48.47306010928962	293	1
48.47393442622951	7427	1
48.4779781420765	2807	1
48.47928961748634	5466	1
48.4811475409836	5907	1
48.51306010928961	2667	1
48.51601092896175	3404	1
48.52016393442623	3121	1
48.52732240437158	4706	1
48.543934426229505	4161	1
48.54601092896174	3442	1
48.54743169398907	6195	1
48.553333333333335	2901	1
48.58371584699454	4853	1
48.58754098360656	2641	1
48.588087431693985	7877	1
48.591147540983606	2818	1
48.59448087431694	4867	1
48.603387978142074	4288	1
48.612459016393444	5148	1
48.62765027322404	8806	1
48.63065573770492	6765	1
48.66054644808743	7782	1
48.68983606557377	3213	1
48.69945355191257	6261	1
48.70732240437159	3164	1
48.732622950819675	8488	1
48.7335519125683	2020	1
48.733770491803284	8589	1
48.736393442622955	6313	1
48.76857923497268	1074	1
48.76896174863388	3925	1
48.76978142076503	5305	1
48.78327868852459	3850	1
48.78983606557377	8322	1
48.80989071038251	8581	1
48.81502732240437	1622	1
48.815245901639344	7248	1
48.81950819672131	6992	1
48.8327868852459	5802	1
48.840655737704914	95	1
48.85699453551912	1681	1
48.859398907103824	1706	1
48.85956284153006	2016	1
48.895792349726776	5207	1
48.9172131147541	8686	1
48.93153005464481	8074	1
48.938032786885245	9443	1
48.95781420765027	1542	1
48.96775956284153	3984	1
48.968360655737705	7630	1
48.96945355191257	2035	1
48.97420765027322	3400	1
49.0183606557377	6688	1
49.020382513661204	5955	1
49.04551912568306	8275	1
49.05978142076503	2650	1
49.06808743169399	3154	1
49.06983606557377	6616	1
49.077978142076496	5015	1
49.07945355191257	738	1
49.08344262295082	230	1
49.09196721311475	7801	1
49.100109289617485	165	1
49.10475409836066	8965	1
49.11191256830601	6526	1
49.11371584699454	6817	1
49.124371584699446	2574	1
49.153114754098354	8776	1
49.15748633879782	7227	1
49.18065573770492	9308	1
49.22387978142076	947	1
49.2283606557377	3012	1
49.23131147540984	9360	1
49.231475409836065	2045	1
49.240109289617486	3538	1
49.2648087431694	1371	1
49.27060109289617	6100	1
49.27781420765027	9765	1
49.27983606557377	265	1
49.28295081967213	9874	1
49.30830601092896	5457	1
49.31005464480874	812	1
49.38672131147541	4396	1
49.392459016393445	4885	1
49.41049180327868	8150	1
49.411530054644814	2322	1
49.43043715846994	7889	1
49.436120218579234	4018	1
49.437213114754094	3374	1
49.445191256830604	5750	1
49.44901639344262	8237	1
49.47273224043715	1738	1
49.4903825136612	1848	1
49.5279781420765	6166	1
49.5351912568306	255	1
49.555136612021855	1910	1
49.585136612021856	9665	1
49.59387978142076	710	1
49.59896174863388	3365	1
49.603169398907106	4484	1
49.621038251366116	7457	1
49.635300546448086	6702	1
49.64251366120219	4077	1
49.64912568306011	1835	1
49.656666666666666	6632	1
49.68486338797814	4024	1
49.693989071038246	393	1
49.70497267759563	5845	1
49.731857923497266	2976	1
49.75169398907104	3783	1
49.75524590163934	2780	1
49.76382513661202	636	1
49.77207650273224	7056	1
49.80005464480874	8165	1
49.807103825136615	579	1
49.82513661202186	9540	1
49.827322404371586	2995	1
49.84699453551912	669	1
49.861639344262294	2527	1
49.875519125683056	5416	1
49.91224043715847	5201	1
49.91590163934426	4906	1
49.943224043715844	1087	1
49.954918032786885	1190	1
49.96174863387978	660	1
49.969453551912565	4258	1
49.97234972677595	7764	1
49.9724043715847	410	1
49.98830601092896	1486	1
50.00087431693989	4898	1
50.00251366120219	2499	1
50.00453551912568	3974	1
50.01540983606557	7478	1
50.040546448087426	7069	1
50.0468306010929	6625	1
50.09010928961748	4738	1
50.097103825136614	6242	1
50.17060109289617	3178	1
50.1720218579235	977	1
50.17508196721311	2593	1
50.180928961748634	9817	1
50.20185792349727	2347	1
50.20234972677596	5834	1
50.20874316939891	5500	1
50.2192349726776	2846	1
50.23366120218579	7623	1
50.240819672131146	8184	1
50.248306010928964	9532	1
50.262568306010934	3968	1
50.28131147540983	3124	1
50.28579234972677	2680	1
50.30650273224044	3908	1
50.34934426229508	6051	1
50.353497267759565	9713	1
50.375573770491805	2051	1
50.38333333333333	246	1
50.38387978142077	2328	1
50.391311475409836	978	1
50.40939890710383	3104	1
50.415846994535514	2875	1
50.42065573770492	5567	1
50.4479781420765	9431	1
50.47715846994536	7011	1
50.51016393442623	7534	1
50.52661202185792	1690	1
50.552513661202184	399	1
50.582185792349726	213	1
50.58901639344263	5402	1
50.59398907103825	1464	1
50.60633879781421	9516	1
50.62754098360656	131	1
50.655081967213114	268	1
50.664863387978144	9394	1
50.700765027322404	2257	1
50.70950819672131	4224	1
50.71814207650273	5632	1
50.74284153005464	2949	1
50.7507650273224	7647	1
50.76387978142077	9433	1
50.7648087431694	5440	1
50.76617486338798	2050	1
50.78289617486338	6228	1
50.78338797814208	9956	1
50.80284153005464	5501	1
50.84622950819672	1658	1
50.86	9251	1
50.860601092896175	2538	1
50.89502732240437	9039	1
50.90672131147541	4758	1
50.909617486338796	8981	1
50.91103825136612	9994	1
50.916338797814205	4059	1
50.91912568306011	5315	1
50.92699453551912	3976	1
50.92928961748633	6218	1
50.94087431693988	6778	1
50.94338797814208	1573	1
50.94601092896175	6292	1
50.953387978142075	9549	1
50.955300546448086	7380	1
50.97617486338798	4334	1
50.986721311475414	6876	1
50.99677595628415	3038	1
50.99677595628415	2848	1
51.01765027322404	9589	1
51.02808743169399	4181	1
51.02841530054645	1249	1
51.028961748633876	1306	1
51.03174863387978	4850	1
51.056666666666665	9574	1
51.07366120218579	3586	1
51.075792349726775	428	1
51.12081967213115	1253	1
51.13273224043716	5581	1
51.145300546448084	2887	1
51.15142076502732	2917	1
51.15655737704918	6459	1
51.162295081967216	1047	1
51.1787431693989	2380	1
51.23841530054644	5360	1
51.24120218579235	5747	1
51.26486338797814	1309	1
51.26677595628416	6999	1
51.27803278688525	6127	1
51.281256830601095	2450	1
51.295464480874315	7531	1
51.33087431693989	6090	1
51.346448087431696	8786	1
51.360273224043716	7158	1
51.36136612021858	8594	1
51.36333333333334	171	1
51.3739344262295	8780	1
51.37726775956284	5851	1
51.3872131147541	3481	1
51.3996174863388	2892	1
51.41633879781421	1890	1
51.425027322404375	1660	1
51.426885245901644	6521	1
51.42819672131148	4315	1
51.43628415300547	7838	1
51.44540983606557	1842	1
51.450874316939895	8409	1
51.46213114754099	6753	1
51.48464480874317	5150	1
51.494590163934426	2903	1
51.49508196721312	8649	1
51.497868852459014	2849	1
51.506120218579234	6208	1
51.51021857923497	4246	1
51.5155737704918	1349	1
51.54715846994536	261	1
51.549945355191255	1374	1
51.55322404371585	4128	1
51.57907103825137	9313	1
51.59043715846994	5742	1
51.59158469945355	3346	1
51.6003825136612	762	1
51.607213114754096	5445	1
51.62639344262295	1704	1
51.644262295081965	313	1
51.647267759562844	2423	1
51.65005464480874	72	1
51.65273224043715	9586	1
51.65644808743169	7678	1
51.6807650273224	6934	1
51.68338797814208	5532	1
51.720601092896175	4295	1
51.741967213114755	8833	1
51.75382513661202	863	1
51.76568306010929	1816	1
51.7679781420765	6059	1
51.772185792349724	6516	1
51.77688524590164	7319	1
51.78300546448087	2646	1
51.82300546448088	5856	1
51.842896174863384	8491	1
51.84770491803279	347	1
51.84989071038252	7980	1
51.865737704918025	5156	1
51.90256830601093	7465	1
51.90852459016393	3833	1
51.924207650273225	6850	1
51.931366120218584	6821	1
51.936502732240434	3156	1
51.9475956284153	9235	1
51.97169398907104	7941	1
51.97551912568306	3776	1
51.97950819672131	1526	1
51.98841530054644	6435	1
52.0048087431694	1100	1
52.042021857923494	6792	1
52.10857923497268	3866	1
52.113606557377054	1650	1
52.12010928961749	5898	1
52.12273224043716	6667	1
52.132622950819666	1787	1
52.15939890710383	21	1
52.173387978142074	7736	1
52.21857923497268	4475	1
52.22907103825137	804	1
52.23989071038252	889	1
52.24502732240437	3684	1
52.28530054644809	2371	1
52.28786885245902	317	1
52.29065573770492	1264	1
52.29448087431694	5811	1
52.30448087431694	905	1
52.30989071038251	1235	1
52.31852459016394	1757	1
52.338196721311476	2402	1
52.34650273224043	7006	1
52.34874316939891	4474	1
52.35224043715847	7915	1
52.37655737704918	5626	1
52.37743169398907	5966	1
52.3879781420765	6515	1
52.39868852459016	8536	1
52.39901639344262	232	1
52.41021857923497	4013	1
52.414808743169395	2474	1
52.42021857923497	2351	1
52.422677595628414	7765	1
52.43486338797814	956	1
52.43633879781421	1402	1
52.439453551912564	2506	1
52.45273224043716	2213	1
52.483825136612026	3749	1
52.49142076502732	3813	1
52.49781420765027	18	1
52.50497267759563	9718	1
52.50841530054645	3640	1
52.51049180327869	2819	1
52.53016393442623	4382	1
52.544644808743165	2386	1
52.54775956284153	763	1
52.569398907103825	9005	1
52.57267759562841	9595	1
52.57666666666667	6361	1
52.58202185792349	6493	1
52.59978142076503	2749	1
52.60218579234973	7981	1
52.611639344262294	9254	1
52.614262295081964	3544	1
52.62267759562841	5487	1
52.626666666666665	1894	1
52.64775956284153	4149	1
52.653224043715845	194	1
52.65650273224043	2297	1
52.65677595628415	3349	1
52.69065573770492	1968	1
52.69792349726776	8446	1
52.71207650273224	2881	1
52.71366120218579	5378	1
52.71710382513661	4896	1
52.71918032786885	8520	1
52.73464480874317	4910	1
52.73770491803278	4507	1
52.75120218579235	7621	1
52.761803278688525	6407	1
52.778251366120216	7131	1
52.78295081967213	4272	1
52.81928961748634	988	1
52.829890710382514	4204	1
52.85393442622951	7416	1
52.8596174863388	7072	1
52.87131147540983	5159	1
52.897540983606554	7551	1
52.89978142076503	904	1
52.91207650273224	6838	1
52.92666666666667	6780	1
52.94918032786885	9238	1
52.96120218579235	4497	1
52.97234972677595	2555	1
52.97431693989071	8358	1
52.97633879781421	6725	1
52.99879781420765	5110	1
53.00868852459017	7052	1
53.04983606557377	4509	1
53.065683060109286	5090	1
53.07639344262295	4383	1
53.085081967213114	5663	1
53.08683060109289	4775	1
53.092295081967215	427	1
53.09622950819672	6748	1
53.10415300546448	6050	1
53.10748633879781	9050	1
53.1155737704918	9576	1
53.11863387978142	7283	1
53.126338797814206	3007	1
53.13584699453551	5649	1
53.14049180327869	1159	1
53.14748633879781	7489	1
53.15677595628415	4725	1
53.15841530054645	4834	1
53.16644808743169	9720	1
53.18021857923497	4298	1
53.187322404371585	5299	1
53.188415300546446	7116	1
53.212349726775955	789	1
53.221748633879784	374	1
53.236775956284156	6559	1
53.240109289617486	1579	1
53.252732240437155	8734	1
53.278688524590166	390	1
53.30617486338798	3082	1
53.31311475409836	6173	1
53.31770491803279	632	1
53.332131147540984	4127	1
53.34398907103825	7726	1
53.38901639344262	4201	1
53.39349726775956	9900	1
53.411420765027316	7744	1
53.42579234972678	4237	1
53.428688524590164	1162	1
53.43737704918033	9467	1
53.45213114754098	6458	1
53.47213114754098	7331	1
53.47573770491803	8578	1
53.47901639344262	801	1
53.4844262295082	896	1
53.494590163934426	7505	1
53.49748633879781	9373	1
53.52584699453552	7692	1
53.525956284153004	5342	1
53.529016393442625	923	1
53.54551912568306	9296	1
53.562677595628415	8318	1
53.571748633879785	5507	1
53.5748087431694	2086	1
53.59098360655738	6335	1
53.59661202185792	5236	1
53.597595628415306	8914	1
53.60999999999999	871	1
53.6168306010929	3860	1
53.6272131147541	8412	1
53.63185792349727	2820	1
53.645355191256826	9208	1
53.64726775956284	1030	1
53.68043715846994	4465	1
53.700765027322404	5248	1
53.71568306010929	5621	1
53.72491803278689	3433	1
53.72754098360656	5014	1
53.73153005464481	2830	1
53.747923497267756	3767	1
53.75262295081967	3914	1
53.761475409836066	2628	1
53.767103825136616	2652	1
53.80043715846994	3615	1
53.803715846994535	9117	1
53.81289617486338	4554	1
53.82256830601092	595	1
53.82338797814207	1724	1
53.86398907103825	4269	1
53.88327868852459	5788	1
53.89628415300547	2014	1
53.903606557377046	7714	1
53.93502732240437	8516	1
53.93584699453552	5604	1
53.94131147540983	7488	1
53.94459016393443	2923	1
53.96486338797814	5277	1
53.98491803278689	9580	1
54.00502732240437	470	1
54.01191256830601	4327	1
54.02617486338797	1044	1
54.02644808743169	1460	1
54.03508196721312	1092	1
54.037650273224045	4864	1
54.04114754098361	9031	1
54.05710382513661	7062	1
54.06595628415301	9450	1
54.082404371584694	3625	1
54.08765027322404	7717	1
54.08950819672131	9828	1
54.0927868852459	6880	1
54.135027322404376	5813	1
54.16491803278688	8702	1
54.198907103825135	6119	1
54.205737704918036	942	1
54.2372131147541	5008	1
54.24956284153005	6399	1
54.25852459016393	9457	1
54.25896174863388	5172	1
54.26420765027323	4046	1
54.283497267759564	6979	1
54.30885245901639	2759	1
54.312349726775956	4540	1
54.31710382513661	3891	1
54.340382513661204	1261	1
54.345245901639345	7502	1
54.36207650273224	8832	1
54.43562841530055	7581	1
54.439453551912564	8932	1
54.44710382513661	5780	1
54.45409836065574	3324	1
54.51579234972677	8014	1
54.53196721311475	2611	1
54.53710382513661	1948	1
54.555519125683055	3305	1
54.57191256830601	1355	1
54.57519125683061	4159	1
54.59508196721311	510	1
54.595245901639345	2088	1
54.60382513661202	1066	1
54.61715846994535	1732	1
54.62398907103825	8437	1
54.63650273224044	6488	1
54.64863387978142	9472	1
54.65683060109289	3943	1
54.657377049180326	1771	1
54.66229508196721	5818	1
54.66775956284153	4040	1
54.6879781420765	7097	1
54.71311475409836	9762	1
54.71693989071038	5033	1
54.72131147540984	9097	1
54.72295081967213	1305	1
54.74371584699454	8941	1
54.76120218579235	6775	1
54.76830601092896	9096	1
54.77377049180328	8961	1
54.780874316939894	878	1
54.781967213114754	8903	1
54.7896174863388	2735	1
54.80437158469945	7689	1
54.81366120218579	481	1
54.831693989071034	2868	1
54.850819672131145	5475	1
54.85136612021858	7910	1
54.86065573770492	6411	1
54.87103825136612	3010	1
54.8775956284153	6532	1
54.884153005464476	8066	1
54.90273224043716	9741	1
54.93333333333334	4279	1
54.93934426229508	874	1
54.96994535519126	9346	1
54.97158469945356	7796	1
54.97213114754098	5031	1
54.973224043715845	1498	1
54.97540983606557	3978	1
55.01311475409836	5779	1
55.01530054644809	4991	1
55.0191256830601	172	1
55.033879781420765	8552	1
55.059016393442626	4669	1
55.0655737704918	9792	1
55.07213114754098	3882	1
55.08087431693989	85	1
55.08196721311475	1959	1
55.08469945355191	8186	1
55.11256830601093	1362	1
55.12950819672131	9145	1
55.13661202185792	423	1
55.16120218579235	876	1
55.16885245901639	9084	1
55.18633879781421	1291	1
55.20273224043716	3074	1
55.20437158469945	2027	1
55.25737704918033	9384	1
55.25792349726776	753	1
55.266666666666666	5705	1
55.26830601092896	2955	1
55.27049180327869	6896	1
55.27431693989071	6719	1
55.27923497267759	8661	1
55.30546448087431	4754	1
55.3103825136612	6252	1
55.31147540983607	8897	1
55.31366120218579	7083	1
55.35245901639344	7661	1
55.35409836065573	2754	1
55.355737704918035	5293	1
55.355737704918035	9048	1
55.367213114754094	1145	1
55.37868852459017	4329	1
55.39890710382513	504	1
55.41202185792349	1180	1
55.4207650273224	43	1
55.424590163934425	8301	1
55.42841530054645	7160	1
55.43661202185792	9603	1
55.443715846994536	2888	1
55.448633879781426	8484	1
55.473224043715845	5885	1
55.494535519125684	9119	1
55.50327868852459	2107	1
55.5191256830601	9619	1
55.58469945355191	5479	1
55.58743169398907	7238	1
55.59453551912568	4156	1
55.608743169398906	4192	1
55.62185792349727	6344	1
55.63169398907103	2623	1
55.63387978142076	7217	1
55.6448087431694	6982	1
55.654644808743164	2312	1
55.69453551912568	8534	1
55.69672131147541	3251	1
55.699999999999996	7760	1
55.70109289617486	2298	1
55.71967213114754	8173	1
55.73224043715847	929	1
55.747540983606555	475	1
55.75081967213115	5208	1
55.75573770491803	9051	1
55.758469945355195	7952	1
55.75901639344262	9745	1
55.7863387978142	3574	1
55.80983606557377	7526	1
55.81475409836065	843	1
55.82513661202186	7264	1
55.8551912568306	2361	1
55.89071038251366	4500	1
55.892349726775954	8445	1
55.90928961748634	4089	1
55.91092896174864	5042	1
55.95846994535519	1015	1
55.96830601092896	8867	1
55.979234972677595	2180	1
55.98306010928962	2219	1
55.99398907103825	3806	1
56.02295081967213	9928	1
56.02513661202186	964	1
56.03060109289618	191	1
56.03770491803279	9855	1
56.039890710382515	6180	1
56.042076502732236	4763	1
56.04918032786885	9809	1
56.057377049180324	5386	1
56.088524590163935	9691	1
56.107650273224046	2579	1
56.10819672131148	4771	1
56.1327868852459	6846	1
56.136065573770495	8342	1
56.136065573770495	3341	1
56.137158469945355	7633	1
56.13879781420765	8265	1
56.1639344262295	6172	1
56.176502732240436	316	1
56.183606557377054	1696	1
56.18415300546448	1372	1
56.18743169398907	6543	1
56.197814207650275	8866	1
56.20327868852459	1663	1
56.209289617486334	6922	1
56.22568306010929	8255	1
56.23989071038251	4560	1
56.25792349726776	7231	1
56.2672131147541	7802	1
56.26830601092896	2690	1
56.269945355191254	2720	1
56.275956284153004	327	1
56.30054644808743	6273	1
56.30163934426229	4158	1
56.3136612021858	955	1
56.33825136612022	4461	1
56.338797814207645	3157	1
56.380874316939895	3650	1
56.38469945355191	7948	1
56.385245901639344	9135	1
56.39180327868852	4904	1
56.39289617486339	7177	1
56.40273224043716	4476	1
56.40382513661202	9873	1
56.4344262295082	5462	1
56.436065573770485	5397	1
56.44098360655738	3641	1
56.45191256830601	7009	1
56.46065573770492	4142	1
56.46448087431694	4869	1
56.46448087431694	7474	1
56.46612021857923	2198	1
56.47158469945355	8029	0
56.503278688524595	5872	1
56.51147540983606	6499	1
56.520765027322405	5261	1
56.52513661202186	52	1
56.52513661202186	4688	1
56.53551912568306	5899	1
56.536065573770486	4792	1
56.55081967213115	9052	1
56.55956284153005	6557	1
56.56338797814208	700	1
56.57923497267759	5551	1
56.59016393442623	8963	1
56.59508196721311	2114	1
56.61748633879781	6544	1
56.62131147540983	176	1
56.64098360655737	5800	1
56.65409836065574	3096	1
56.679781420765025	7000	1
56.70546448087432	5901	1
56.719125683060106	1788	1
56.727322404371584	5049	1
56.72896174863388	83	1
56.73060109289618	3845	1
56.73387978142076	86	1
56.752459016393445	8677	1
56.75573770491803	2395	1
56.758469945355195	3703	1
56.76502732240437	580	1
56.771038251366114	690	1
56.78306010928962	6522	1
56.79672131147541	5191	1
56.79945355191256	485	1
56.80546448087432	1451	1
56.81748633879781	1480	1
56.81967213114754	2068	1
56.83224043715847	9590	1
56.86885245901639	8266	1
56.87650273224043	9178	1
56.87978142076503	7788	1
56.892349726775954	4293	1
56.918579234972675	7797	1
56.937704918032786	6268	1
56.949726775956286	6531	1
56.96229508196721	3263	1
56.965027322404374	161	1
56.97103825136612	7812	1
56.99289617486339	448	1
57.00983606557377	281	1
57.01584699453552	4900	1
57.027868852459015	4717	1
57.032786885245905	5823	1
57.03551912568306	450	1
57.03551912568306	2884	1
57.044262295081964	5530	1
57.053005464480876	8350	1
57.06284153005465	6809	1
57.076502732240435	6550	1
57.0879781420765	5059	1
57.12732240437158	6480	1
57.12786885245902	6708	1
57.13442622950819	8143	1
57.13661202185792	4807	1
57.15464480874317	2000	1
57.15573770491803	4891	1
57.15683060109289	9476	1
57.15901639344262	7853	1
57.16174863387978	5374	1
57.16284153005465	466	1
57.17103825136611	4664	1
57.19562841530055	2383	1
57.204918032786885	6977	1
57.2087431693989	2836	1
57.222950819672135	7894	1
57.22622950819672	6505	1
57.227322404371584	1710	1
57.23497267759563	9337	1
57.24426229508197	2222	1
57.2448087431694	4311	1
57.290710382513666	3659	1
57.29453551912568	6582	1
57.30054644808743	9624	1
57.30601092896175	5165	1
57.31693989071038	2360	1
57.31967213114754	6528	1
57.32513661202186	9372	1
57.33333333333333	6548	1
57.34644808743169	4178	1
57.34863387978142	8083	1
57.36502732240437	8247	1
57.37868852459016	2390	1
57.3896174863388	3297	1
57.39016393442623	8778	1
57.39562841530055	2863	1
57.40273224043716	5071	1
57.42295081967213	9008	1
57.42841530054645	4610	1
57.42950819672131	6651	1
57.439890710382514	4415	1
57.45464480874317	5168	1
57.46174863387978	5039	1
57.48415300546448	3279	1
57.4983606557377	5263	1
57.50601092896174	4398	1
57.5224043715847	1167	1
57.536065573770486	90	1
57.55901639344262	1353	1
57.562295081967214	3250	1
57.5672131147541	8558	1
57.56830601092896	9074	1
57.583606557377045	4118	1
57.5983606557377	3819	1
57.608743169398906	2782	1
57.61311475409836	6383	1
57.6207650273224	163	1
57.622950819672134	1418	1
57.62677595628415	1439	1
57.62786885245902	6869	1
57.63934426229508	6109	1
57.641530054644804	4575	1
57.64972677595628	1445	1
57.650273224043715	7857	1
57.65901639344262	6664	1
57.67158469945355	2291	1
57.679781420765025	5982	1
57.68142076502732	2899	1
57.68306010928962	9563	1
57.70710382513661	2308	1
57.70819672131148	4999	1
57.71584699453552	8395	1
57.71967213114754	6147	1
57.73497267759563	2870	1
57.74098360655737	1239	1
57.76775956284153	6751	1
57.773770491803276	1851	1
57.78415300546448	5776	1
57.79344262295081	5526	1
57.80382513661202	625	1
57.80601092896175	1819	1
57.8224043715847	3068	1
57.824590163934424	5748	1
57.836612021857924	2767	1
57.842622950819674	6571	1
57.84808743169399	6387	1
57.84918032786885	2243	1
57.85628415300546	1493	1
57.88469945355191	267	1
57.89289617486339	9151	1
57.89562841530055	2196	1
57.9087431693989	7446	1
57.91092896174863	3920	1
57.911475409836065	8169	1
57.925683060109286	8268	1
57.92950819672131	4150	1
57.9311475409836	416	1
57.94918032786885	6048	1
57.961202185792345	8156	1
57.97267759562842	8704	1
58.00218579234973	8072	1
58.021857923497265	1639	1
58.03169398907104	3225	1
58.03333333333333	7616	1
58.05245901639344	2983	1
58.060109289617486	1476	1
58.069398907103825	6117	1
58.09180327868852	567	1
58.09562841530055	3935	1
58.11092896174863	2089	1
58.122950819672134	7378	1
58.150273224043715	6843	1
58.15245901639344	4823	1
58.15409836065574	5450	1
58.16612021857923	1014	1
58.22459016393443	8617	1
58.247540983606555	8828	1
58.25081967213114	2267	1
58.296174863387975	3725	1
58.30109289617486	4179	1
58.303278688524586	6743	1
58.30601092896175	9526	1
58.314207650273225	7249	1
58.31748633879781	4970	1
58.34153005464481	9826	1
58.34590163934426	7850	1
58.361202185792344	7229	1
58.40546448087432	7089	1
58.41420765027323	9868	1
58.42622950819672	3928	1
58.4327868852459	3873	1
58.43934426229508	1552	1
58.44754098360656	8338	1
58.449726775956286	3329	1
58.47103825136612	3896	1
58.501639344262294	80	1
58.501639344262294	8645	1
58.50983606557377	8478	1
58.51366120218579	6475	1
58.52732240437159	9778	1
58.52841530054644	8030	1
58.52841530054644	4797	1
58.53333333333333	1540	1
58.569398907103825	6249	1
58.57486338797814	7130	1
58.57704918032787	5123	1
58.59781420765027	2060	1
58.60054644808743	798	1
58.606010928961744	6998	1
58.62131147540983	9979	1
58.62513661202186	6365	1
58.62568306010929	1500	1
58.630054644808745	6924	1
58.63169398907104	6439	1
58.64262295081967	7532	1
58.66010928961749	6122	1
58.6655737704918	7728	1
58.678688524590164	2914	1
58.71530054644809	3118	1
58.725136612021856	6466	1
58.730054644808746	3723	1
58.731147540983606	9816	1
58.74043715846994	6640	1
58.74590163934426	4752	1
58.75027322404372	407	1
58.75846994535519	7830	1
58.77158469945355	276	1
58.78032786885245	1751	1
58.78142076502732	1080	1
58.781967213114754	6259	1
58.79672131147541	3150	1
58.80437158469945	8423	1
58.81584699453552	9689	1
58.824590163934424	7685	1
58.84644808743169	880	1
58.85956284153006	6773	1
58.87049180327868	1158	1
58.87377049180328	5761	1
58.89398907103825	7921	1
58.90273224043716	4762	1
58.918579234972675	2302	1
58.939890710382514	1503	1
58.94043715846994	2323	1
58.96065573770491	7422	1
58.96065573770491	7933	1
58.96939890710382	7803	1
58.975956284153	4557	1
58.9775956284153	5399	1
58.98579234972677	3216	1
59.008743169398905	7724	1
59.033879781420765	2568	1
59.03497267759563	9213	1
59.03715846994535	1677	1
59.089617486338796	6437	1
59.098907103825134	6829	1
59.10819672131147	1019	1
59.10819672131147	6955	1
59.118032786885244	518	1
59.11967213114754	2683	1
59.12459016393443	4680	1
59.13770491803279	175	1
59.16830601092896	8095	1
59.18360655737705	8304	1
59.22459016393443	3743	1
59.22950819672131	1561	1
59.23606557377049	6457	1
59.25027322404371	3363	1
59.27431693989071	9800	1
59.277595628415305	3308	1
59.283060109289615	4629	1
59.28852459016393	27	1
59.28852459016393	7274	1
59.29234972677596	3780	1
59.29672131147541	8330	1
59.31256830601093	6148	1
59.31639344262295	2994	1
59.334426229508196	2140	1
59.34153005464481	7039	1
59.36502732240437	7333	1
59.39234972677596	4785	1
59.397267759562844	5539	0
59.39945355191257	9661	1
59.40655737704918	4832	1
59.40655737704918	183	1
59.41912568306011	8054	1
59.43333333333333	6447	1
59.440983606557374	5047	1
59.4431693989071	624	1
59.450819672131146	4367	1
59.45846994535519	446	1
59.479234972677595	8556	1
59.480327868852456	4994	1
59.4879781420765	3326	1
59.505464480874316	2306	1
59.50765027322404	503	1
59.51420765027322	2367	1
59.51530054644808	5736	1
59.517486338797816	7403	1
59.53497267759563	9408	1
59.546994535519126	2898	1
59.548087431693986	1491	1
59.549180327868854	6570	1
59.550273224043714	5616	1
59.57322404371585	5895	1
59.610928961748634	2119	1
59.61530054644808	7150	1
59.6327868852459	1873	1
59.635519125683054	2825	1
59.65737704918033	9858	1
59.658469945355186	743	1
59.65901639344262	2509	1
59.67103825136612	9342	1
59.676502732240436	3184	1
59.685792349726775	3226	1
59.68852459016393	7727	1
59.69562841530055	8040	1
59.7016393442623	4039	1
59.719125683060106	2751	1
59.735519125683055	6229	1
59.7448087431694	8434	1
59.75191256830601	606	1
59.75628415300547	3247	1
59.75901639344262	4543	1
59.759562841530055	4414	1
59.78087431693989	4377	1
59.7879781420765	8705	1
59.80655737704918	7699	1
59.821311475409836	8850	1
59.827322404371586	9832	1
59.828415300546446	4596	1
59.83114754098361	4741	1
59.86448087431694	8368	1
59.87377049180328	8960	1
59.87868852459016	2665	1
59.90983606557377	6319	1
59.925683060109286	9988	1
59.943715846994536	473	1
59.9655737704918	7730	1
59.97158469945355	2410	1
59.98196721311476	148	1
59.9879781420765	9687	1
59.998360655737706	5954	1
60.015846994535515	4061	1
60.03169398907104	2878	1
60.09672131147541	2092	1
60.10655737704918	8580	1
60.116939890710384	7638	1
60.12240437158469	935	1
60.1431693989071	6022	1
60.144262295081965	6555	1
60.1568306010929	747	1
60.163387978142076	229	1
60.165573770491804	7591	1
60.18032786885246	4031	1
60.185792349726775	2733	1
60.1983606557377	240	1
60.20273224043716	3567	1
60.226229508196724	309	1
60.231147540983606	4436	1
60.25300546448087	4877	1
60.25464480874317	8810	1
60.2568306010929	53	1
60.28142076502732	5468	1
60.30437158469945	7152	1
60.310382513661196	5330	1
60.31147540983606	1273	1
60.314207650273225	4691	1
60.31967213114754	4670	1
60.332240437158475	5496	1
60.34918032786885	1548	1
60.385245901639344	3613	1
60.397267759562844	5685	1
60.41092896174863	2968	1
60.41912568306011	2550	1
60.42131147540984	7343	1
60.445901639344264	8418	1
60.45737704918032	9793	1
60.46994535519125	3712	1
60.479234972677595	181	1
60.491256830601095	4684	1
60.50327868852459	3486	1
60.51693989071038	859	1
60.51803278688524	7669	1
60.52185792349727	5438	1
60.53060109289617	1367	1
60.543169398907104	9740	1
60.54371584699454	6552	1
60.592896174863384	1137	1
60.60218579234973	8989	1
60.60382513661202	4434	1
60.616939890710384	5225	1
60.638251366120215	2404	1
60.649180327868855	9592	1
60.68251366120218	2005	1
60.71256830601092	2364	1
60.76612021857923	4541	1
60.7896174863388	101	1
60.79234972677595	4662	1
60.80983606557377	2677	1
60.84972677595628	5275	1
60.850819672131145	3473	1
60.869945355191255	3563	1
60.875956284153006	4647	1
60.879234972677594	4597	1
60.88251366120218	7705	1
60.88415300546448	5269	1
60.889071038251366	7300	1
60.91967213114754	3501	1
60.923497267759565	1178	1
60.92622950819672	6440	1
60.932786885245896	5971	1
60.94262295081967	6321	1
60.94426229508197	9641	1
60.99398907103825	1157	1
60.995628415300544	8333	1
61.03551912568306	4940	1
61.04153005464481	5521	1
61.048087431693986	239	1
61.05136612021858	5498	1
61.054098360655736	4886	1
61.063387978142075	2340	1
61.0655737704918	5480	1
61.06994535519125	8926	1
61.07158469945355	5213	1
61.09016393442623	6419	1
61.09125683060109	996	1
61.09508196721311	3337	1
61.098907103825134	5332	1
61.15573770491803	9465	1
61.15901639344263	9354	1
61.17213114754099	6932	1
61.18306010928961	3039	1
61.19617486338798	3899	1
61.213114754098356	7855	1
61.214207650273224	3436	1
61.22185792349727	3127	1
61.225136612021856	1565	1
61.2431693989071	185	1
61.24590163934426	7645	1
61.26120218579235	1651	1
61.278688524590166	2713	1
61.32677595628415	3274	1
61.336612021857924	3165	1
61.34699453551913	7348	1
61.4	3048	1
61.479234972677595	7900	1
61.49016393442623	9175	1
61.51092896174863	7919	1
61.53169398907104	794	1
61.54043715846994	2170	1
61.54153005464481	1379	1
61.54426229508197	7580	1
61.55573770491803	6647	1
61.56502732240437	6666	1
61.57103825136612	911	1
61.57103825136612	9211	1
61.58743169398907	4081	1
61.59508196721311	248	1
61.59781420765027	6803	1
61.599999999999994	4321	1
61.60327868852459	7509	1
61.61147540983607	3490	1
61.61967213114754	1485	1
61.63989071038251	6859	1
61.652459016393436	2478	1
61.659562841530054	3193	1
61.67213114754098	1961	1
61.678688524590164	8647	1
61.74098360655738	4518	1
61.74426229508197	4212	1
61.74863387978142	2704	1
61.766666666666666	5182	1
61.778688524590166	3694	1
61.79071038251366	5746	1
61.8	9260	1
61.80327868852459	7426	1
61.815300546448086	2631	1
61.81584699453552	1649	1
61.848633879781424	9122	1
61.87267759562841	6916	1
61.87650273224044	7658	1
61.87650273224044	5251	1
61.88415300546448	7466	1
61.889071038251366	6373	1
61.89617486338798	2745	1
61.90054644808743	7576	1
61.917486338797815	4125	1
61.92295081967213	5735	1
61.93442622950819	8573	1
61.94754098360656	9214	1
61.95683060109289	5390	1
61.95737704918032	2480	1
61.95956284153005	488	1
61.97049180327869	1904	1
61.99398907103825	1629	1
62.0	3889	1
62.005464480874316	7608	1
62.038797814207655	8754	1
62.04699453551912	6709	1
62.05081967213115	582	1
62.054098360655736	4385	1
62.086885245901634	9427	1
62.092896174863384	415	1
62.09344262295082	1035	1
62.10765027322404	2161	1
62.13060109289617	7081	1
62.131147540983605	3098	1
62.13387978142077	9985	1
62.13770491803278	6940	1
62.139344262295076	3906	1
62.13989071038251	884	1
62.14644808743169	1478	1
62.16284153005464	7779	1
62.16502732240437	915	1
62.16612021857924	2772	1
62.16830601092896	2535	1
62.17213114754098	3595	1
62.18306010928961	3227	1
62.18524590163934	5673	1
62.19234972677595	2179	1
62.197814207650275	2653	1
62.20437158469945	5539	1
62.218032786885246	4578	1
62.23169398907104	7371	1
62.283060109289615	4847	1
62.33551912568306	3047	1
62.34262295081967	1869	1
62.35136612021858	628	1
62.36612021857923	8160	1
62.38360655737705	4198	1
62.38469945355191	4654	1
62.38579234972678	9872	1
62.401092896174866	1613	1
62.41092896174863	9022	1
62.43005464480874	4723	1
62.4431693989071	1675	1
62.45245901639344	4364	1
62.474316939890706	2431	1
62.474316939890706	2349	1
62.49508196721311	2258	1
62.51420765027323	3542	1
62.55081967213115	5662	1
62.568306010928964	1969	1
62.5688524590164	7625	1
62.57978142076502	8744	1
62.58196721311475	6347	1
62.58579234972677	9276	1
62.59398907103825	1212	1
62.61693989071038	405	1
62.636065573770495	9662	1
62.63770491803279	6034	1
62.650273224043715	9028	1
62.654644808743164	3983	1
62.66229508196721	2059	1
62.67431693989071	8593	1
62.70327868852459	8200	1
62.72568306010929	5000	1
62.72896174863388	9558	1
62.72896174863388	9815	1
62.743169398907106	6084	1
62.74535519125683	3388	1
62.754644808743166	7135	1
62.75628415300547	8260	1
62.76612021857924	6385	1
62.7775956284153	3340	1
62.78961748633879	1748	1
62.79453551912568	1106	1
62.79453551912568	9981	1
62.81092896174864	4873	1
62.828415300546446	9575	1
62.83934426229508	7196	1
62.84098360655738	7292	1
62.85628415300547	8010	1
62.87978142076503	7650	1
62.88907103825136	4086	1
62.892349726775954	1638	1
62.921857923497264	5133	1
62.94535519125683	8957	1
62.96502732240437	9922	1
62.9655737704918	6736	1
62.97213114754098	7610	1
63.013661202185794	8159	1
63.016393442622956	330	1
63.027868852459015	7464	1
63.05191256830601	3980	1
63.056284153005464	4075	1
63.05683060109289	7124	1
63.0775956284153	4696	1
63.08306010928962	5098	1
63.132240437158465	7401	1
63.1327868852459	922	1
63.137158469945355	8328	1
63.16939890710382	5679	1
63.17486338797814	1138	1
63.20327868852459	6002	1
63.228961748633886	9964	1
63.23770491803278	1763	1
63.240437158469945	9919	1
63.28633879781421	7142	1
63.29180327868852	1926	1
63.30054644808743	4862	1
63.31912568306011	9104	1
63.32185792349726	9231	1
63.337704918032784	9584	1
63.40710382513661	5703	1
63.47540983606557	8753	1
63.50710382513661	184	1
63.51092896174863	7073	1
63.513661202185794	6836	1
63.539890710382515	1932	1
63.550273224043714	9377	1
63.556284153005464	9064	1
63.557377049180324	8120	1
63.55792349726776	2821	1
63.55956284153005	5613	1
63.5672131147541	3764	1
63.58032786885246	4675	1
63.582513661202185	6233	1
63.58524590163935	5084	1
63.588524590163935	8550	1
63.5912568306011	3521	1
63.6	2448	1
63.60218579234972	6911	1
63.602732240437156	3392	1
63.62021857923497	5548	1
63.622950819672134	9089	1
63.62459016393442	5986	1
63.63387978142076	8953	1
63.63770491803279	4366	1
63.64535519125683	3420	1
63.650273224043715	5429	1
63.6551912568306	343	1
63.65901639344262	2616	1
63.663387978142076	5298	1
63.66994535519125	8493	1
63.68142076502732	1615	1
63.69726775956284	2711	1
63.69945355191256	5091	1
63.719125683060106	752	1
63.74207650273224	9722	1
63.7448087431694	6816	1
63.75027322404372	7351	1
63.758469945355195	1585	1
63.76885245901639	7828	1
63.7896174863388	388	1
63.80327868852459	765	1
63.809289617486336	9700	1
63.82131147540983	550	1
63.83224043715847	4617	1
63.83825136612022	9812	1
63.84153005464481	9133	1
63.84426229508196	1475	1
63.84918032786885	2174	1
63.86557377049181	88	1
63.87267759562842	8856	1
63.880874316939895	9847	1
63.89071038251366	9481	1
63.89453551912568	9126	1
63.92021857923497	9381	1
63.92622950819673	2434	1
63.93005464480874	2927	1
63.94262295081967	2133	1
63.956830601092896	1283	1
63.97377049180327	1386	1
63.97978142076503	8822	1
63.998360655737706	4213	1
64.04098360655738	5653	1
64.04207650273224	6460	1
64.05245901639344	5880	1
64.05737704918033	8032	1
64.05846994535518	3123	1
64.07814207650273	2030	1
64.08306010928962	1124	1
64.10109289617486	897	1
64.10819672131147	5162	1
64.10819672131147	9614	1
64.13387978142076	9264	1
64.14098360655737	5728	1
64.1431693989071	387	1
64.16830601092896	3458	1
64.17377049180328	6739	1
64.20491803278689	8687	1
64.21693989071038	3987	1
64.22841530054644	1997	1
64.22896174863388	7008	1
64.23005464480875	9448	1
64.2327868852459	3287	1
64.24043715846994	2025	1
64.24754098360656	9755	1
64.24808743169399	787	1
64.2568306010929	1447	1
64.26010928961749	263	1
64.28087431693989	6131	1
64.28251366120219	6937	1
64.29125683060109	1729	1
64.29180327868852	2240	1
64.29508196721311	8376	1
64.3174863387978	2549	1
64.32513661202185	9656	1
64.34371584699454	2187	1
64.34918032786885	7611	1
64.3535519125683	8053	1
64.35464480874317	9242	1
64.38907103825137	7243	1
64.40437158469946	439	1
64.43005464480873	358	1
64.4344262295082	290	1
64.44371584699454	1443	1
64.45464480874317	9038	1
64.45737704918034	546	1
64.46338797814208	1807	1
64.47377049180328	1072	1
64.49180327868852	1490	1
64.51803278688524	2497	1
64.54863387978142	2259	1
64.56612021857923	75	1
64.57049180327868	8819	1
64.5726775956284	7424	1
64.61584699453552	7753	1
64.6360655737705	5243	1
64.65409836065574	6627	1
64.67431693989072	770	1
64.67814207650272	3204	1
64.70273224043716	6307	1
64.74863387978142	1246	1
64.75027322404371	2920	1
64.7535519125683	6564	1
64.75956284153006	5170	1
64.76994535519125	5876	1
64.78032786885245	107	1
64.79398907103825	6349	1
64.81092896174863	8463	1
64.81803278688524	6477	1
64.8360655737705	3541	1
64.86994535519125	3290	1
64.8808743169399	7207	1
64.91912568306012	6917	1
64.92459016393443	7305	1
64.93169398907104	927	1
64.95136612021858	2342	1
64.96229508196721	992	1
64.97978142076502	234	1
64.97978142076502	1310	1
64.98579234972678	855	1
64.98633879781421	9459	1
65.00983606557377	7583	1
65.03551912568305	8779	1
65.05573770491803	6049	1
65.08415300546449	7979	1
65.0896174863388	7469	1
65.09016393442623	5414	1
65.0912568306011	2996	1
65.09180327868853	3282	1
65.13715846994535	4033	1
65.13770491803278	9534	1
65.1551912568306	9312	1
65.17377049180328	2935	1
65.19781420765027	6267	1
65.20273224043716	6454	1
65.24918032786886	5506	1
65.25792349726775	9361	1
65.30928961748634	6871	1
65.3174863387978	3963	1
65.32732240437159	6509	1
65.34426229508198	2008	1
65.3448087431694	4964	1
65.35792349726776	9859	1
65.36612021857924	1483	1
65.3672131147541	6759	1
65.38907103825137	2	1
