0.09818032786885246	6403	1
0.11759508196721312	9520	1
0.12145409836065574	1635	1
0.18082295081967212	3061	1
0.25458360655737705	6491	1
0.3384879781420765	1127	1
0.41299617486338797	6435	1
0.6295027322404372	4027	1
0.6520983606557377	5129	1
0.6862131147540984	7786	1
0.6878743169398907	2162	1
0.8074480874316939	5281	1
0.8571420765027322	1825	1
1.0012021857923497	7450	1
1.0556775956284152	5143	1
1.2083879781420765	6658	1
1.2223770491803279	3128	1
1.2498032786885245	7867	1
1.4087814207650273	7985	1
1.42527868852459	2694	1
1.4547923497267758	6660	1
1.461191256830601	5780	1
1.468120218579235	5559	1
1.4791967213114754	4722	1
1.4823497267759564	6150	1
1.4923934426229508	4025	1
1.6215081967213114	1561	1
1.6257486338797813	6587	1
1.71175956284153	1584	1
1.7344754098360655	3206	1
1.8287431693989071	6125	1
1.848120218579235	3641	1
1.871912568306011	8064	1
1.8888415300546446	8515	1
1.8901256830601092	4887	1
1.9131639344262295	710	1
1.9283060109289616	2809	1
1.9520819672131147	5244	1
1.9565846994535518	8628	1
2.079792349726776	9046	1
2.1633224043715846	1383	1
2.1807322404371585	1005	1
2.19248087431694	4731	1
2.19624043715847	8527	1
2.271748633879781	4868	1
2.2858032786885247	2307	1
2.2858524590163936	7687	1
2.4129234972677596	5266	1
2.4250109289617483	3168	1
2.4334808743169396	715	1
2.4536885245901643	8609	1
2.4715027322404373	9033	1
2.531163934426229	5899	1
2.5658907103825137	2621	1
2.5967103825136615	7517	1
2.6468524590163933	5667	1
2.6915901639344266	4454	1
2.697032786885246	8474	1
2.7347540983606553	4497	1
2.8150546448087432	9077	1
2.821180327868852	4471	1
2.8585792349726775	1106	1
2.907142076502732	8199	1
2.9447540983606557	2654	1
3.0465081967213115	1305	1
3.0467814207650274	5776	1
3.162486338797814	739	1
3.2569945355191257	374	1
3.268289617486339	1389	1
3.378622950819672	636	1
3.587464480874317	7501	1
3.5886666666666667	2309	1
3.6190601092896175	2360	1
3.6533934426229506	7262	1
3.696775956284153	8765	1
3.736224043715847	3201	1
3.814120218579235	5925	1
3.9240710382513657	2165	1
3.9533606557377046	1752	1
3.975169398907104	9149	1
3.9893661202185795	9592	1
3.9992185792349724	1816	1
4.001262295081967	147	1
4.012754098360656	9346	1
4.019087431693989	7583	1
4.054147540983607	4297	1
4.077316939890711	6229	1
4.254530054644809	6630	1
4.3894754098360655	8926	1
4.417770491803278	3567	1
4.45851912568306	8253	1
4.465584699453552	839	1
4.522737704918033	7682	1
4.569743169398906	2211	1
4.596639344262295	6045	1
4.602961748633879	3125	1
4.608557377049181	1858	1
4.689464480874316	173	1
4.709469945355192	6341	1
4.712524590163935	9862	1
4.76796174863388	3522	1
4.941010928961748	5316	1
4.95411475409836	8898	1
5.026967213114754	4900	1
5.041497267759563	8931	1
5.043103825136612	7988	1
5.0489890710382515	8602	1
5.062027322404372	1293	1
5.074606557377049	2259	1
5.098420765027323	5265	1
5.2623114754098355	8124	1
5.390256830601093	1254	1
5.519508196721311	8818	1
5.632732240437158	9687	1
5.791420765027322	9420	1
5.873934426229508	8169	1
5.92224043715847	1146	1
5.998251366120218	7703	1
6.130437158469945	3480	1
6.143661202185792	2869	1
6.230054644808743	8967	1
6.256338797814208	7426	1
6.345409836065574	2502	1
6.368415300546448	5125	1
6.401748633879781	3911	1
6.47688524590164	8112	1
6.502131147540983	9338	1
6.534426229508196	2185	1
6.743825136612021	4433	1
6.757431693989071	3335	1
6.759125683060109	2329	1
6.802131147540983	2199	1
6.812622950819672	1893	1
6.834207650273224	2114	1
6.8392896174863385	2774	1
6.872349726775956	3327	1
6.87912568306011	9429	1
7.0153005464480875	6485	1
7.0335519125683055	3458	1
7.072841530054644	9072	1
7.077814207650273	8428	1
7.087103825136612	8892	1
7.102021857923497	7580	1
7.104207650273224	4202	1
7.153333333333333	921	1
7.225136612021857	639	1
7.275191256830601	3468	1
7.2757923497267765	8772	1
7.408360655737704	3185	1
7.430163934426229	7537	1
7.477103825136612	2475	1
7.668415300546448	1456	1
7.695628415300546	6276	1
7.736994535519125	7309	1
7.748306010928961	7643	1
7.823169398907104	9014	1
7.884426229508197	7619	1
7.886885245901639	721	1
7.889672131147541	9327	1
7.894153005464481	4662	1
7.909945355191257	6849	1
7.919016393442623	6433	1
7.928360655737705	267	1
7.999289617486339	830	1
8.038306010928961	7505	1
8.09983606557377	6138	1
8.101420765027322	7068	1
8.13207650273224	7328	1
8.18775956284153	7016	1
8.191584699453552	1489	1
8.257978142076503	5810	1
8.321857923497268	5053	1
8.455081967213115	3943	1
8.461420765027322	8014	1
8.506885245901639	1883	1
8.621311475409836	6624	1
8.625409836065574	9831	1
8.73535519125683	1871	1
8.761092896174864	3713	1
8.769508196721311	4714	1
8.769945355191258	6846	1
8.779071038251365	8991	1
8.809016393442622	7054	1
8.86120218579235	3891	1
8.90158469945355	7466	1
9.002131147540982	7362	1
9.036448087431694	5577	1
9.103825136612022	8062	1
9.109071038251367	9946	1
9.177049180327868	8354	1
9.233825136612023	6574	1
9.241420765027323	9861	1
9.245027322404372	3207	1
9.312950819672132	7666	1
9.33262295081967	6298	1
9.351202185792351	1541	1
9.404371584699453	3826	1
9.420983606557376	8165	1
9.427431693989071	7774	1
9.429945355191256	8752	1
9.451147540983607	4163	1
9.458360655737705	5641	1
9.478579234972678	4478	1
9.51398907103825	6133	1
9.651803278688524	2215	1
9.698579234972678	7034	1
9.703497267759563	5044	1
9.715901639344262	757	1
9.73655737704918	4216	1
9.763169398907104	7393	1
9.76879781420765	535	1
9.869180327868852	9154	1
9.88967213114754	4338	1
9.922295081967214	9083	1
9.933715846994534	7874	1
9.95360655737705	7485	1
10.169726775956285	4280	1
10.231256830601092	5270	1
10.300983606557377	7186	1
10.34912568306011	195	1
10.407377049180328	3674	1
10.456502732240438	3051	1
10.46295081967213	7548	1
10.522896174863389	6036	1
10.527978142076503	3537	1
10.574918032786885	8486	1
10.64054644808743	7192	1
10.661803278688524	5303	1
10.736174863387978	5463	1
10.751912568306011	32	1
10.79726775956284	9906	1
10.822131147540983	8792	1
10.822513661202185	6036	0
10.824535519125684	2725	1
10.830491803278688	786	1
10.834371584699454	7956	1
11.01743169398907	7559	1
11.02775956284153	1951	1
11.079453551912568	5183	1
11.09	4499	1
11.132185792349725	7251	1
11.19743169398907	9075	1
11.234262295081967	9451	1
11.26448087431694	1552	1
11.303114754098361	1984	1
11.345464480874318	6608	1
11.351693989071038	3943	0
11.373387978142077	9155	1
11.405081967213114	5773	1
11.408469945355192	7288	1
11.430437158469946	3660	1
11.437377049180327	3824	1
11.445901639344262	5813	1
11.475464480874317	6359	1
11.489071038251366	9971	1
11.520491803278688	7448	1
11.533442622950819	1087	1
11.544480874316939	1200	1
11.585081967213114	2096	1
11.616612021857923	2122	1
11.702513661202186	3846	1
11.724535519125682	3871	1
11.774863387978142	2139	1
11.798688524590164	9828	1
11.813825136612023	8357	1
11.83639344262295	2157	1
11.838524590163933	3661	1
11.901803278688524	7924	1
11.926830601092897	2800	1
11.951147540983607	8363	1
11.974972677595629	385	1
11.99448087431694	6440	1
12.026065573770493	8270	1
12.037650273224044	2273	1
12.091639344262296	2742	1
12.110491803278688	3780	1
12.169999999999998	3441	1
12.188524590163933	8058	1
12.190546448087431	6130	1
12.266502732240438	5844	1
12.288688524590164	4381	1
12.294371584699453	6106	1
12.307650273224045	3941	1
12.33896174863388	8154	1
12.366338797814207	4357	1
12.367267759562841	4856	1
12.477377049180328	8995	1
12.538961748633879	5250	1
12.54896174863388	9892	1
12.553879781420765	8292	1
12.578360655737706	6841	1
12.703879781420765	3372	1
12.73879781420765	8526	1
12.797704918032787	5863	1
12.812295081967212	617	1
12.83551912568306	2495	1
12.85207650273224	8824	1
12.891530054644809	6194	1
12.899562841530054	4388	1
12.916229508196722	7866	1
12.929890710382514	2345	1
13.042185792349727	6807	1
13.066939890710382	3679	1
13.10256830601093	8173	1
13.187267759562841	3078	1
13.217486338797814	8275	1
13.303770491803279	6250	1
13.378251366120217	6424	1
13.443879781420765	1089	1
13.460437158469945	9727	1
13.494699453551913	6302	1
13.51120218579235	9173	1
13.518251366120218	6006	1
13.526612021857924	3929	1
13.54344262295082	4590	1
13.616612021857923	494	1
13.638251366120219	9797	1
13.667650273224044	3285	1
13.686775956284153	7599	1
13.704754098360656	6509	1
13.7148087431694	5978	1
13.72360655737705	4909	1
13.750327868852459	1242	1
13.752295081967214	1550	1
13.803770491803277	8574	1
13.808743169398907	2677	1
13.815300546448087	9620	1
13.853169398907104	5540	1
13.870109289617487	9505	1
13.889344262295081	2046	1
13.896721311475408	4322	1
13.897377049180326	3042	1
13.930218579234971	2837	1
13.975300546448088	7459	1
14.001693989071038	8204	1
14.01535519125683	3068	1
14.067814207650272	7571	1
14.157540983606557	1628	1
14.157650273224045	3101	1
14.179617486338799	1577	1
14.221475409836065	9867	1
14.230655737704916	1781	1
14.253551912568305	8285	1
14.259890710382514	1985	1
14.260928961748633	8412	1
14.402786885245902	8914	1
14.406775956284152	5270	0
14.468743169398907	7301	1
14.473989071038252	8754	1
14.497103825136612	2891	1
14.571530054644809	5701	1
14.601420765027322	5814	1
14.617978142076502	8739	1
14.63311475409836	1488	1
14.648743169398907	5445	1
14.774371584699454	2109	1
14.789398907103825	1096	1
14.910983606557378	5218	1
14.941530054644808	6908	1
14.94448087431694	7185	1
14.975300546448088	4745	1
15.018360655737705	1018	1
15.088907103825136	7325	1
15.098907103825136	8977	1
15.12174863387978	5314	1
15.160382513661203	8302	1
15.248743169398908	6570	1
15.266174863387977	9441	1
15.272786885245901	7386	1
15.2772131147541	6709	1
15.302841530054645	5866	1
15.304754098360656	2453	1
15.322896174863388	9817	1
15.349781420765026	5761	1
15.355355191256832	8951	1
15.41224043715847	704	1
15.420273224043715	8105	1
15.43360655737705	7006	1
15.439125683060109	4845	1
15.46983606557377	9812	1
15.486338797814208	9850	1
15.550218579234972	7846	1
15.60153005464481	8065	1
15.656393442622951	6061	1
15.72896174863388	5052	1
15.73	3551	1
15.745901639344263	1565	1
15.75814207650273	8203	1
15.773333333333333	436	1
15.820928961748633	4802	1
15.852185792349728	8230	1
15.857540983606558	2834	1
15.867868852459017	7470	1
15.882896174863388	9904	1
15.889617486338798	564	1
15.908688524590165	1521	1
15.937814207650273	8379	1
15.9751912568306	5519	1
15.976557377049179	784	1
16.00377049180328	4784	1
16.02431693989071	4349	1
16.071857923497266	2795	1
16.080546448087432	2053	1
16.099562841530055	6108	1
16.39349726775956	7639	1
16.394262295081965	9177	1
16.405628415300544	9782	1
16.451475409836064	5275	1
16.473497267759562	8717	1
16.544098360655738	9296	1
16.54551912568306	9185	1
16.558196721311475	9260	1
16.600109289617485	9216	1
16.619617486338797	6968	1
16.635409836065573	1077	1
16.713934426229507	3417	1
16.727049180327867	6389	1
16.783879781420765	8052	1
16.821420765027323	709	1
16.827486338797815	8144	1
16.848852459016392	9236	1
16.855081967213113	5731	1
16.87497267759563	4495	1
16.890928961748635	7673	1
16.917923497267758	9957	1
16.957158469945355	2224	1
17.005191256830603	8706	1
17.070819672131147	3344	1
17.125355191256833	2664	1
17.14983606557377	9820	1
17.16109289617486	6379	1
17.17628415300546	7300	1
17.21393442622951	3645	1
17.218251366120217	8047	1
17.226721311475412	6584	1
17.306284153005464	7543	1
17.32153005464481	6633	1
17.360710382513663	3867	1
17.38169398907104	2645	1
17.39333333333333	2137	1
17.39688524590164	5299	1
17.41120218579235	9132	1
17.444699453551912	2292	1
17.46775956284153	2318	1
17.5224043715847	6184	1
17.52857923497268	894	1
17.596065573770492	2221	1
17.600109289617485	2747	1
17.65366120218579	4235	1
17.69262295081967	4003	1
17.7103825136612	8118	1
17.733715846994535	2287	1
17.76120218579235	1484	1
17.774808743169398	996	1
17.816666666666666	9856	1
17.83295081967213	1124	1
17.861639344262297	9978	1
17.896065573770493	7890	1
17.91693989071038	5055	1
18.03874316939891	3257	1
18.0896174863388	3827	1
18.099453551912568	1905	1
18.10120218579235	4350	1
18.190382513661202	8170	1
18.218032786885246	3099	1
18.220437158469945	8554	1
18.244043715846995	6942	1
18.252622950819674	8021	1
18.25743169398907	5477	1
18.265300546448085	8970	1
18.29994535519126	7927	1
18.313497267759562	1895	1
18.360983606557376	4100	1
18.368360655737707	8544	1
18.38639344262295	2949	1
18.45174863387978	8712	1
18.45207650273224	3907	1
18.49174863387978	5988	1
18.504371584699452	6264	1
18.516120218579232	2428	1
18.51846994535519	1736	1
18.521147540983605	9882	1
18.578087431693987	7428	1
18.6027868852459	8964	1
18.69448087431694	8744	1
18.7051912568306	8464	1
18.759781420765027	522	1
18.823387978142076	434	1
18.878087431693988	6048	1
18.88398907103825	4212	1
18.884590163934426	1969	1
18.898142076502733	7920	1
18.902021857923497	6343	1
18.985245901639345	2060	1
18.996120218579236	679	1
19.018524590163935	3506	1
19.063224043715845	3585	1
19.082349726775956	29	1
19.089890710382512	6473	1
19.095792349726775	4776	1
19.14142076502732	3629	1
19.146994535519127	7981	1
19.172240437158468	7116	1
19.17584699453552	7932	1
19.21540983606557	7216	1
19.256502732240435	7334	1
19.266612021857924	7149	1
19.267322404371583	6823	1
19.28486338797814	7355	1
19.30918032786885	2678	1
19.315846994535516	1216	1
19.342677595628416	1917	1
19.386338797814208	6104	1
19.388688524590165	7107	1
19.412459016393445	7019	1
19.413387978142076	7358	1
19.415573770491804	6879	1
19.416284153005467	2512	1
19.438087431693987	3455	1
19.45732240437158	7258	1
19.46934426229508	6472	1
19.470437158469945	9526	1
19.474808743169397	802	1
19.54502732240437	5137	1
19.54726775956284	8585	1
19.5903825136612	463	1
19.596612021857922	3703	1
19.608852459016394	4738	1
19.64912568306011	6358	1
19.68918032786885	6759	1
19.695464480874314	752	1
19.73672131147541	2670	1
19.757868852459016	1699	1
19.788196721311476	4576	1
19.788961748633877	1721	1
19.842841530054645	4174	1
19.872677595628414	8182	1
19.877540983606558	4772	1
19.885792349726774	2927	1
19.89469945355191	7695	1
19.941748633879783	9300	1
19.988032786885245	1187	1
20.004535519125685	3313	1
20.029398907103825	1864	1
20.138579234972678	4754	1
20.1568306010929	3819	1
20.204207650273222	223	1
20.212459016393442	723	1
20.224754098360656	9030	1
20.26502732240437	4612	1
20.287704918032787	3066	1
20.297486338797814	2995	1
20.305300546448088	9814	1
20.310273224043716	5165	1
20.34601092896175	7263	1
20.350163934426227	6342	1
20.381092896174863	8046	1
20.450601092896175	6248	1
20.5155737704918	3648	1
20.529180327868854	3284	1
20.560655737704916	7986	1
20.561311475409834	248	1
20.57054644808743	2261	1
20.577595628415303	8427	1
20.582459016393443	6850	1
20.59065573770492	4915	1
20.598688524590166	7210	1
20.629180327868852	3422	1
20.673169398907106	9422	1
20.684371584699456	9107	1
20.753825136612022	4301	1
20.755191256830603	8675	1
20.759890710382514	9756	1
20.774098360655735	1567	1
20.784644808743167	8269	1
20.7851912568306	3988	1
20.81978142076503	9193	1
20.846448087431696	3688	1
20.85950819672131	1031	1
20.869016393442624	6982	1
20.905956284153003	4636	1
20.906775956284154	5854	1
20.953715846994534	1952	1
20.975300546448086	5789	1
20.985846994535517	9713	1
21.01360655737705	6890	1
21.069508196721312	8784	1
21.0731693989071	4486	1
21.087049180327867	9559	1
21.09355191256831	6786	1
21.126939890710382	734	1
21.17426229508197	4114	1
21.180928961748634	9292	1
21.213661202185794	9816	1
21.240382513661203	5983	1
21.263169398907102	3937	1
21.337049180327867	9925	1
21.36256830601093	3420	1
21.373551912568306	5528	1
21.384590163934426	9639	1
21.46775956284153	8195	1
21.472568306010928	6824	1
21.483333333333334	8452	1
21.503224043715846	2082	1
21.503879781420764	4354	1
21.506284153005467	5433	1
21.516939890710383	7997	1
21.5375956284153	6743	1
21.545464480874315	1773	1
21.579836065573772	5655	1
21.599562841530055	719	1
21.613715846994534	1343	1
21.620054644808743	6366	1
21.655628415300544	5396	1
21.65912568306011	4848	1
21.669726775956285	9379	1
21.708743169398907	4977	1
21.733825136612023	8574	0
21.785573770491805	4037	1
21.81	2163	1
21.88590163934426	7125	1
21.91	6862	1
21.9448087431694	8722	1
21.95617486338798	4404	1
21.965901639344263	7451	1
21.96633879781421	3855	1
21.96945355191257	5388	1
21.986284153005464	8213	1
22.00601092896175	2770	1
22.025901639344262	7764	1
22.031693989071037	2691	1
22.055081967213116	2687	1
22.105737704918035	1208	1
22.1403825136612	7123	1
22.14704918032787	9574	1
22.1675956284153	8755	1
22.17420765027322	7232	1
22.19934426229508	9440	1
22.225573770491803	7013	1
22.2351912568306	8882	1
22.25704918032787	6182	1
22.286120218579235	5326	1
22.290874316939888	5755	1
22.292349726775956	2474	1
22.314699453551913	1779	1
22.355464480874318	1960	1
22.363224043715846	6346	1
22.36590163934426	3993	1
22.378907103825135	1319	1
22.392185792349725	6641	1
22.428961748633878	5664	1
22.506338797814205	5032	1
22.525573770491803	8306	1
22.538633879781422	2901	1
22.56213114754098	8333	1
22.588469945355193	2772	1
22.599234972677596	7353	1
22.635300546448086	4179	1
22.678743169398906	7080	1
22.68765027322404	910	1
22.688852459016392	8367	1
22.735901639344263	5128	1
22.73989071038251	7364	1
22.774207650273222	3309	1
22.78180327868852	8080	1
22.806994535519124	1791	1
22.86431693989071	6087	1
22.90808743169399	8625	1
22.93092896174863	8194	1
22.95087431693989	4040	1
22.95224043715847	1972	1
23.003551912568305	6097	1
23.013989071038253	7120	1
23.100928961748632	4683	1
23.13825136612022	8475	1
23.15158469945355	5839	1
23.205409836065574	8873	1
23.207049180327868	7095	1
23.245683060109286	9806	1
23.27879781420765	1203	1
23.315628415300544	9990	1
23.32409836065574	8184	1
23.347923497267757	844	1
23.361202185792347	1839	1
23.405956284153007	2483	1
23.41327868852459	1672	1
23.429945355191258	133	1
23.457267759562843	3413	1
23.480273224043714	4965	1
23.50409836065574	3203	1
23.51628415300546	4242	1
23.525300546448086	3564	1
23.533060109289618	1714	1
23.56065573770492	2860	1
23.56978142076503	3225	1
23.58978142076503	5479	1
23.599562841530055	4707	1
23.604644808743167	6115	1
23.60879781420765	1695	1
23.61207650273224	8081	1
23.660765027322405	417	1
23.66912568306011	3557	1
23.675245901639343	8834	1
23.702185792349724	5632	1
23.780928961748632	1349	1
23.782295081967213	2325	1
23.79590163934426	3494	1
23.79688524590164	1902	1
23.797978142076502	3330	1
23.826393442622948	5049	1
23.8348087431694	188	1
23.83808743169399	6847	1
23.865245901639344	140	1
23.91295081967213	7635	1
23.919071038251367	6354	1
23.931256830601093	9553	1
23.944808743169396	7660	1
23.95918032786885	556	1
23.979890710382513	3718	1
23.986448087431693	5203	1
24.016994535519125	4236	1
24.028524590163936	5610	1
24.05273224043716	217	1
24.055300546448088	9635	1
24.07273224043716	1184	1
24.09825136612022	5475	1
24.105464480874318	8840	1
24.118852459016395	8040	1
24.131311475409834	4775	1
24.13530054644809	8523	1
24.137978142076506	8802	1
24.14092896174863	6595	1
24.159180327868853	467	1
24.160983606557377	5146	1
24.175573770491802	9472	1
24.209234972677596	7359	1
24.21606557377049	4393	1
24.22584699453552	7940	1
24.249453551912566	9686	1
24.271803278688527	4077	1
24.281530054644808	1549	1
24.284535519125683	4697	1
24.356120218579235	9162	1
24.38934426229508	6766	1
24.392677595628417	4846	1
24.404426229508196	6541	1
24.419344262295084	7220	1
24.424699453551913	6960	1
24.448032786885246	2333	1
24.452732240437157	6956	1
24.475737704918032	2337	1
24.504426229508194	2615	1
24.511803278688525	8075	1
24.524207650273222	8495	1
24.5703825136612	8536	1
24.575737704918033	8974	1
24.578360655737704	4390	1
24.59229508196721	675	1
24.59415300546448	7702	1
24.60027322404372	2153	1
24.612622950819674	7418	1
24.617486338797814	4859	1
24.633169398907103	5928	1
24.65360655737705	6940	1
24.671748633879783	9348	1
24.714535519125683	4149	1
24.753879781420768	8264	1
24.766612021857924	6351	1
24.79229508196721	4954	1
24.806229508196722	3381	1
24.839945355191258	970	1
24.84153005464481	2270	1
24.842622950819674	6348	1
24.85448087431694	2279	1
24.8924043715847	8573	1
24.892459016393442	5915	1
24.90065573770492	3770	1
24.903497267759562	6752	1
24.922950819672128	8104	1
24.958196721311474	8491	1
25.00262295081967	9659	1
25.00486338797814	9163	1
25.02071038251366	1206	1
25.028524590163936	7336	1
25.092185792349728	6590	1
25.119617486338797	7539	1
25.14879781420765	3147	1
25.168688524590163	2526	1
25.216502732240436	9934	1
25.25590163934426	9444	1
25.268633879781422	7439	1
25.34185792349727	8651	1
25.3575956284153	5869	1
25.367431693989072	5788	1
25.368852459016395	1591	1
25.384808743169398	5327	1
25.40573770491803	6077	1
25.430710382513663	7119	1
25.452677595628415	3367	1
25.456939890710384	5354	1
25.462349726775958	7332	1
25.4679781420765	7348	1
25.471311475409838	3111	1
25.62830601092896	4525	1
25.630819672131146	4303	1
25.658306010928964	8054	1
25.683169398907104	4299	1
25.69781420765027	6451	1
25.725136612021856	5807	1
25.746994535519125	4879	1
25.757213114754098	2866	1
25.786338797814206	8296	1
25.79174863387978	8033	1
25.858032786885246	831	1
25.85983606557377	5334	1
25.88377049180328	5351	1
25.887486338797814	297	1
25.95622950819672	9246	1
25.965245901639346	1501	1
25.988688524590163	3894	1
25.995792349726774	9415	1
26.005628415300546	3427	1
26.00639344262295	1838	1
26.103333333333335	6188	1
26.10704918032787	8176	1
26.139344262295083	7075	1
26.151311475409837	8854	1
26.172786885245902	4029	1
26.22994535519126	6578	1
26.23120218579235	864	1
26.235628415300546	3346	1
26.335956284153006	1439	1
26.36688524590164	583	1
26.37333333333333	3515	1
26.377377049180325	7784	1
26.422786885245902	7608	1
26.453169398907104	2189	1
26.468633879781418	3074	1
26.52754098360656	7530	1
26.574371584699453	9109	1
26.60792349726776	7992	1
26.616120218579233	2779	1
26.63901639344262	4479	1
26.664371584699452	9586	1
26.69633879781421	7238	1
26.720874316939888	3998	1
26.727978142076505	4013	1
26.73049180327869	9791	1
26.75191256830601	9398	1
26.851475409836066	9325	1
26.857868852459017	4123	1
26.901530054644805	179	1
26.927759562841526	5114	1
27.045901639344265	8094	1
27.049672131147542	6665	1
27.054426229508195	3118	1
27.062677595628415	9098	1
27.071475409836065	2618	1
27.074754098360657	523	1
27.08775956284153	5407	1
27.095300546448087	6888	1
27.112732240437158	5729	1
27.121147540983607	1321	1
27.12710382513661	6871	1
27.145191256830604	6315	1
27.159453551912566	744	1
27.16622950819672	7394	1
27.189398907103822	6441	1
27.199016393442623	9809	1
27.200928961748634	9179	1
27.205956284153007	2946	1
27.239945355191256	4888	1
27.24366120218579	2083	1
27.304098360655736	649	1
27.366065573770488	9762	1
27.37065573770492	5392	1
27.398415300546446	5644	1
27.406393442622953	9760	1
27.413005464480875	1967	1
27.452568306010928	5840	1
27.478196721311473	8416	1
27.48803278688525	9912	1
27.490765027322404	1978	1
27.49136612021858	9696	1
27.561803278688522	9716	1
27.593114754098362	1996	1
27.626174863387977	4758	1
27.649945355191257	4822	1
27.67792349726776	7935	1
27.707868852459015	9158	1
27.75224043715847	5047	1
27.79590163934426	8803	1
27.829781420765027	3316	1
27.831147540983604	1559	1
27.838032786885243	4403	1
27.83846994535519	2048	1
27.83950819672131	7115	1
27.84092896174863	4873	1
27.863715846994534	1162	1
27.91169398907104	1041	1
27.91502732240437	4976	1
27.936885245901642	2682	1
27.958633879781424	9968	1
28.00983606557377	5446	1
28.021256830601093	3370	1
28.12273224043716	3863	1
28.12551912568306	3949	1
28.13770491803279	787	1
28.15584699453552	353	1
28.162131147540983	7296	1
28.197322404371583	1557	1
28.23781420765027	3969	1
28.271256830601093	2923	1
28.277377049180327	6757	1
28.28071038251366	8070	1
28.331311475409834	1119	1
28.396557377049177	5499	1
28.467759562841533	487	1
28.50469945355191	1918	1
28.516010928961748	9332	1
28.519562841530057	2656	1
28.524371584699452	3882	1
28.560928961748633	1022	1
28.572950819672133	8249	1
28.57377049180328	7000	1
28.591256830601093	8149	1
28.682786885245903	9556	1
28.68448087431694	7280	1
28.686120218579237	8796	1
28.724644808743168	1933	1
28.74349726775956	2043	1
28.750437158469946	2547	1
28.78781420765027	6025	1
28.793661202185792	1382	1
28.796284153005463	986	1
28.80207650273224	8867	1
28.8251912568306	8342	1
28.8303825136612	3108	1
28.874535519125683	3019	1
28.89743169398907	1977	1
28.912185792349725	5435	1
28.921639344262292	9645	1
28.93174863387978	1114	1
28.982896174863388	1556	1
28.98918032786885	5630	1
28.99142076502732	1375	1
28.993989071038254	9738	1
29.001256830601093	2294	1
29.028743169398908	8305	1
29.042513661202186	5123	1
29.060491803278687	7188	1
29.070655737704918	7239	1
29.11245901639344	7750	1
29.15661202185792	1426	1
29.19032786885246	7395	1
29.1944262295082	2097	1
29.21726775956284	2723	1
29.248360655737706	8621	1
29.25825136612022	8836	1
29.323934426229506	2955	1
29.32606557377049	8108	1
29.330382513661203	2786	1
29.33103825136612	1611	1
29.34295081967213	5994	1
29.350218579234973	5877	1
29.35349726775956	6062	1
29.39535519125683	5513	1
29.40901639344262	1922	1
29.444043715846995	1660	1
29.4675956284153	810	1
29.483551912568306	7223	1
29.485956284153005	4142	1
29.51398907103825	6953	1
29.516994535519125	5057	1
29.526994535519126	5450	1
29.53726775956284	1448	1
29.55535519125683	3368	1
29.564754098360655	3322	1
29.573278688524592	6355	1
29.603333333333335	3072	1
29.644262295081965	659	1
29.669398907103826	8895	1
29.674754098360655	4470	1
29.6807650273224	7151	1
29.715846994535518	4940	1
29.733387978142076	437	1
29.741475409836067	562	1
29.75863387978142	3527	1
29.76120218579235	8883	1
29.806612021857923	6200	1
29.81360655737705	9056	1
29.841147540983606	3236	1
29.861038251366118	997	1
29.89109289617486	9956	1
29.910655737704918	3351	1
29.919398907103826	5622	1
29.962459016393442	4925	1
29.964918032786883	6774	1
29.970382513661203	2315	1
30.030491803278686	7109	1
30.033169398907106	504	1
30.039945355191254	1849	1
30.04606557377049	9878	1
30.051693989071037	5459	1
30.073715846994535	3776	1
30.092131147540986	3423	1
30.11661202185792	7413	1
30.117978142076502	9345	1
30.129617486338795	3007	1
30.159945355191255	4360	1
30.207540983606556	8505	1
30.267868852459017	9276	1
30.29382513661202	4409	1
30.33808743169399	5573	1
30.391639344262295	33	1
30.427814207650272	9940	1
30.441639344262295	5579	1
30.47021857923497	8994	1
30.494316939890712	3115	1
30.4975956284153	8457	1
30.524754098360656	2112	1
30.529398907103825	4496	1
30.54016393442623	8227	1
30.57633879781421	1586	1
30.576502732240435	5888	1
30.588852459016394	2100	1
30.66710382513661	4503	1
30.708360655737703	3681	1
30.708907103825137	1421	1
30.727486338797814	5048	1
30.736939890710385	3640	1
30.776502732240438	3684	1
30.779890710382514	887	1
30.794699453551914	5541	1
30.849890710382514	5225	1
30.892896174863388	7363	1
30.908415300546448	5269	1
30.913715846994535	9945	1
30.914972677595625	7938	1
30.928852459016394	7948	1
30.940601092896173	7326	1
30.954371584699455	2041	1
30.987158469945356	6282	1
30.993442622950816	5665	1
30.99983606557377	9424	1
31.025956284153004	6036	1
31.064699453551913	1950	1
31.070765027322405	8056	1
31.08431693989071	38	1
31.1055737704918	8776	1
31.112349726775957	3071	1
31.15846994535519	1023	1
31.179945355191258	6364	1
31.214918032786887	8982	1
31.25535519125683	8782	1
31.296775956284154	6165	1
31.299125683060108	4002	1
31.304754098360654	4570	1
31.325464480874317	7423	1
31.33103825136612	1409	1
31.333551912568307	5786	1
31.35907103825137	4468	1
31.36825136612022	9428	1
31.375300546448084	9232	1
31.391092896174865	8986	1
31.416448087431693	746	1
31.433060109289617	5505	1
31.456830601092896	2295	1
31.457049180327868	5162	1
31.492459016393443	8472	1
31.493442622950816	7493	1
31.534590163934425	9500	1
31.553551912568306	9741	1
31.58431693989071	6827	1
31.591639344262294	8146	1
31.60054644808743	5226	1
31.603715846994536	1215	1
31.622841530054643	3366	1
31.623387978142077	650	1
31.636229508196724	3375	1
31.674098360655737	7486	1
31.700928961748634	5180	1
31.710601092896177	2508	1
31.73535519125683	8965	1
31.752021857923495	1136	1
31.757377049180327	5611	1
31.76136612021858	4472	1
31.7931693989071	8707	1
31.811147540983605	484	1
31.8175956284153	1065	1
31.818524590163932	5535	1
31.855792349726773	4932	1
31.874262295081966	9804	1
31.881092896174863	7634	1
31.88863387978142	9955	1
31.9131693989071	4782	1
31.95098360655738	4964	1
31.986065573770492	1085	1
31.986885245901636	8507	1
31.989726775956285	4286	1
32.019617486338795	9355	1
32.03819672131147	8622	1
32.056994535519124	5194	1
32.11349726775956	2380	1
32.11726775956284	8425	1
32.121803278688525	5812	1
32.13803278688525	7026	1
32.14027322404372	9710	1
32.1724043715847	838	1
32.182732240437154	8339	1
32.19338797814208	5873	1
32.20469945355191	8570	1
32.22939890710382	550	1
32.23163934426229	4330	1
32.23393442622951	3015	1
32.23754098360656	5385	1
32.25404371584699	9282	1
32.27256830601093	6736	1
32.28639344262295	7256	1
32.335081967213114	4062	1
32.45153005464481	6237	1
32.47907103825137	259	1
32.57978142076503	1873	1
32.586174863387974	9384	1
32.60344262295082	5724	1
32.62	6119	1
32.63027322404371	4740	1
32.63579234972678	2011	1
32.636338797814204	4747	1
32.646120218579235	901	1
32.66863387978142	1735	1
32.688852459016395	7990	1
32.70666666666667	7226	1
32.74633879781421	8793	1
32.7875956284153	7585	1
32.79666666666667	5835	1
32.79907103825136	6263	1
32.83491803278689	4599	1
32.86726775956284	8673	1
32.87349726775956	2590	1
32.88994535519126	8853	1
32.9120218579235	8759	1
32.916338797814205	7939	1
32.92344262295082	8633	1
32.928360655737706	835	1
32.94234972677595	5083	1
32.943934426229504	9188	1
32.94748633879781	3959	1
32.96524590163934	7674	1
32.98737704918033	9918	1
32.99213114754098	4417	1
32.9955737704918	3858	1
33.044043715846996	9019	1
33.07972677595628	1929	1
33.08054644808743	8039	1
33.08196721311475	4024	1
33.108688524590164	6588	1
33.11595628415301	6551	1
33.12120218579235	5918	1
33.13284153005465	9666	1
33.20092896174863	4750	1
33.21994535519126	1850	1
33.22486338797814	184	1
33.256120218579234	8939	1
33.26983606557377	9664	1
33.27158469945355	5036	1
33.287978142076504	6795	1
33.300054644808746	1210	1
33.314098360655734	2610	1
33.320218579234975	8645	1
33.368469945355194	7062	1
33.37420765027322	3088	1
33.381256830601096	5039	1
33.445519125683056	5142	1
33.48382513661202	8584	1
33.48420765027323	4028	1
33.52841530054645	9750	1
33.55420765027322	8918	1
33.644262295081965	5411	1
33.66950819672131	5961	1
33.67251366120219	7713	1
33.71606557377049	7694	1
33.730710382513664	6453	1
33.730710382513664	4097	1
33.764863387978146	9400	1
33.76617486338798	7857	1
33.78169398907104	7174	1
33.79737704918033	6668	1
33.81355191256831	8572	1
33.819016393442624	9748	1
33.88792349726776	4518	1
33.89136612021858	3249	1
33.893060109289614	8719	1
33.92256830601093	5420	1
33.987868852459016	7696	1
33.99295081967213	5616	1
33.999398907103824	5958	1
34.00890710382514	9090	1
34.02639344262295	3832	1
34.028196721311474	654	1
34.03852459016393	9069	1
34.096666666666664	8389	1
34.12273224043716	9275	1
34.1227868852459	3433	1
34.12808743169399	3617	1
34.14147540983606	6640	1
34.146939890710385	7596	1
34.15229508196721	3396	1
34.20245901639344	4857	1
34.21371584699454	5472	1
34.232240437158474	7884	1
34.2431693989071	4308	1
34.269289617486336	75	1
34.274863387978144	2637	1
34.316065573770494	3974	1
34.33344262295082	6835	1
34.39377049180328	9714	1
34.41387978142077	8473	1
34.424098360655734	257	1
34.42508196721311	34	1
34.4255737704918	7716	1
34.426065573770494	9405	1
34.43054644808743	3965	1
34.43841530054645	164	1
34.44387978142076	4422	1
34.451530054644806	2734	1
34.50601092896174	4444	1
34.51469945355191	7654	1
34.52010928961749	7437	1
34.53371584699453	2500	1
34.54245901639344	486	1
34.55060109289617	6124	1
34.56551912568306	3934	1
34.580655737704916	8927	1
34.62863387978142	7221	1
34.717759562841536	5951	1
34.733387978142076	5857	1
34.74229508196721	7864	1
34.763934426229504	3791	1
34.79573770491803	8906	1
34.81546448087432	8760	1
34.83612021857924	4689	1
34.836393442622956	3456	1
34.83672131147541	5408	1
34.86562841530055	6391	1
34.88792349726776	581	1
35.00366120218579	6615	1
35.01054644808743	4450	1
35.019289617486336	7895	1
35.03672131147541	1452	1
35.06710382513661	4292	1
35.08092896174863	5158	1
35.09923497267759	9057	1
35.10672131147541	2929	1
35.11224043715847	2430	1
35.11846994535519	6838	1
35.1227868852459	5235	1
35.130054644808745	9979	1
35.1431693989071	2446	1
35.14453551912568	8500	1
35.16737704918033	5424	1
35.18300546448087	7436	1
35.20792349726776	4699	1
35.20863387978142	7261	1
35.215956284153	1391	1
35.2172131147541	7838	1
35.22781420765027	319	1
35.22792349726776	6798	1
35.25513661202186	377	1
35.26081967213114	1999	1
35.27546448087432	6628	1
35.277595628415305	6814	1
35.285792349726776	5656	1
35.29147540983607	1304	1
35.33426229508197	3994	1
35.353497267759565	8715	1
35.36377049180328	7400	1
35.367595628415295	2963	1
35.37092896174863	6553	1
35.39234972677596	6972	1
35.40032786885246	1229	1
35.406885245901634	5593	1
35.41426229508196	4157	1
35.42415300546448	7193	1
35.428251366120215	7582	1
35.43049180327869	7903	1
35.437431693989076	7288	0
35.44071038251366	4704	1
35.45333333333333	359	1
35.46939890710382	8493	1
35.48622950819672	6919	1
35.491530054644805	4898	1
35.53628415300547	7777	1
35.54513661202186	383	1
35.560819672131146	3271	1
35.56393442622951	3771	1
35.570491803278685	2062	1
35.58945355191257	2936	1
35.59169398907104	4415	1
35.59497267759563	7488	1
35.61021857923497	9747	1
35.61267759562841	3707	1
35.67213114754099	2844	1
35.68409836065573	7937	1
35.6931693989071	8859	1
35.69781420765027	9322	1
35.71546448087432	3536	1
35.722131147540985	2735	1
35.726502732240434	5116	1
35.73617486338798	6845	1
35.76551912568306	9294	1
35.769289617486336	5898	1
35.81	9894	1
35.82546448087432	3371	1
35.86185792349727	3136	1
35.86371584699453	7496	1
35.865027322404366	5442	1
35.871366120218575	9485	1
35.879234972677594	9739	1
35.90502732240437	862	1
35.92311475409836	8236	1
35.93360655737705	2872	1
35.948907103825135	3220	1
35.96125683060109	4828	1
35.966448087431694	2698	1
35.9787431693989	5719	1
36.00748633879781	8659	1
36.01295081967213	8044	1
36.030546448087435	215	1
36.06065573770491	3156	1
36.0692349726776	3963	1
36.083606557377045	6836	1
36.09677595628415	7852	1
36.09693989071038	6065	1
36.11234972677595	2940	1
36.11907103825136	6009	1
36.12978142076503	9545	1
36.14890710382514	3235	1
36.155081967213114	5148	1
36.1624043715847	6976	1
36.17639344262295	5153	1
36.19185792349727	3025	1
36.20426229508197	8550	1
36.20617486338798	1019	1
36.24950819672131	1356	1
36.256885245901636	6844	1
36.258142076502736	1138	1
36.26939890710383	9448	1
36.2844262295082	9807	1
36.313497267759566	5633	1
36.32939890710382	1685	1
36.33092896174864	4899	1
36.35939890710383	5834	1
36.36431693989071	3083	1
36.369672131147546	8116	1
36.3755737704918	9167	1
36.41841530054645	2322	1
36.441748633879776	110	1
36.45497267759563	7645	1
36.49158469945355	316	1
36.49513661202186	8157	1
36.49524590163935	8089	1
36.51010928961748	572	1
36.52661202185793	3495	1
36.533825136612016	6241	1
36.53513661202186	1207	1
36.59415300546448	9417	1
36.631584699453555	4358	1
36.63453551912568	1859	1
36.643060109289614	8492	1
36.65497267759563	7633	1
36.65786885245902	7072	1
36.6692349726776	3292	1
36.70327868852459	4481	1
36.70459016393443	5357	1
36.7215300546448	9837	1
36.74322404371584	8141	1
36.76207650273224	7994	1
36.7679781420765	4860	1
36.77163934426229	9135	1
36.78371584699454	9991	1
36.78896174863388	2378	1
36.7951912568306	2001	1
36.8255737704918	7818	1
36.82715846994535	8632	1
36.830601092896174	3219	1
36.88218579234972	2726	1
36.88508196721311	4492	1
36.889508196721316	1508	1
36.91934426229508	7410	1
36.9364480874317	707	1
36.967923497267755	9309	1
36.99628415300547	3300	1
36.99748633879781	7131	1
37.033989071038256	4256	1
37.07622950819672	9842	1
37.11005464480874	8799	1
37.11125683060109	2653	1
37.11256830601093	349	1
37.118797814207646	4968	1
37.124480874316944	3568	1
37.163278688524585	7897	1
37.17109289617486	7914	1
37.18267759562841	5809	1
37.22262295081967	8086	1
37.22978142076502	3389	1
37.24251366120219	4500	1
37.24846994535519	8608	1
37.25256830601093	6747	1
37.26295081967213	2403	1
37.31628415300546	9754	1
37.316830601092896	9262	1
37.319071038251366	4566	1
37.328852459016396	6186	1
37.37284153005464	8225	1
37.38885245901639	1609	1
37.39781420765027	3893	1
37.41830601092896	441	1
37.42021857923497	534	1
37.421202185792346	4014	1
37.441748633879776	1896	1
37.45502732240437	5605	1
37.47693989071038	2672	1
37.509945355191256	1470	1
37.52415300546448	4936	1
37.53584699453552	9624	1
37.53786885245901	5264	1
37.55010928961749	8214	1
37.556994535519124	2015	1
37.56174863387978	3168	0
37.572349726775954	799	1
37.57639344262295	7532	1
37.60065573770492	5096	1
37.60409836065574	1867	1
37.64775956284153	4805	1
37.66502732240437	3324	1
37.67628415300546	4877	1
37.67912568306011	8714	1
37.71366120218579	7830	1
37.71469945355191	2376	1
37.74972677595628	5732	1
37.77459016393442	1009	1
37.7775956284153	4005	1
37.8016393442623	2439	1
37.811202185792354	9382	1
37.88284153005465	4605	1
37.883060109289616	7661	1
37.939562841530055	912	1
37.95027322404371	2040	1
37.95071038251366	4227	1
37.98945355191257	253	1
37.99060109289617	9148	1
38.00147540983606	4620	1
38.00825136612021	1493	1
38.018852459016394	2315	0
38.031530054644804	1118	1
38.0327868852459	5582	1
38.04524590163934	8639	1
38.08617486338798	7440	1
38.115081967213115	7564	1
38.118142076502735	41	1
38.12382513661202	6363	1
38.136065573770495	8382	1
38.143825136612016	7869	1
38.18191256830601	961	1
38.21131147540983	7916	1
38.21912568306011	4211	1
38.276393442622954	4287	1
38.28174863387978	4935	1
38.28174863387978	4624	1
38.31934426229508	8935	1
38.32442622950819	6387	1
38.33459016393443	2620	1
38.39655737704918	9902	1
38.43934426229508	6356	1
38.45245901639344	9433	1
38.46628415300547	8678	1
38.491584699453554	7967	1
38.50338797814208	3709	1
38.511912568306016	2741	1
38.5135519125683	3003	1
38.51863387978142	9630	1
38.52322404371585	5684	1
38.52551912568306	3549	1
38.57590163934426	1879	1
38.58765027322404	7553	1
38.5879781420765	1282	1
38.627704918032784	2437	1
38.648469945355195	4971	1
38.65349726775956	9626	1
38.67355191256831	4023	1
38.68377049180328	2924	1
38.6931693989071	182	1
38.775355191256835	2370	1
38.793934426229505	9378	1
38.809234972677594	7384	1
38.82978142076502	4459	1
38.83114754098361	4162	1
38.84661202185792	3897	1
38.897322404371586	716	1
38.91229508196721	1613	1
38.9348087431694	1170	1
38.94174863387978	3011	1
38.97010928961748	6120	1
38.98622950819672	9418	1
38.993060109289615	7124	1
39.024918032786886	7894	1
39.0575956284153	4724	1
39.094098360655735	1194	1
39.13131147540984	2250	1
39.13879781420765	3793	1
39.14256830601093	8650	1
39.147540983606554	5576	1
39.14918032786885	5376	1
39.16169398907104	758	1
39.16956284153005	876	1
39.23486338797814	2030	1
39.2368306010929	3876	1
39.28453551912568	2650	1
39.321748633879785	9458	1
39.33349726775956	867	1
39.34	2954	1
39.40333333333333	8868	1
39.44612021857923	3693	1
39.453114754098365	2175	1
39.46950819672131	60	1
39.48765027322405	500	1
39.5103825136612	7461	1
39.531530054644804	2626	1
39.54054644808743	6809	1
39.54256830601093	8332	1
39.56322404371585	6228	1
39.596010928961746	8373	1
39.59704918032787	7840	1
39.60415300546448	9321	1
39.60464480874317	2198	1
39.625573770491805	4282	1
39.6268306010929	3967	1
39.650273224043715	5932	1
39.6664480874317	8983	1
39.66743169398907	633	1
39.689890710382514	5575	1
39.70453551912568	4457	1
39.71054644808743	5990	1
39.717322404371586	4233	1
39.72715846994535	8768	1
39.74666666666667	5524	1
39.756502732240435	5069	1
39.76786885245902	825	1
39.76792349726776	5377	1
39.77677595628415	9410	1
39.79683060109289	4702	1
39.797814207650276	6197	1
39.80306010928962	683	1
39.84087431693989	8314	1
39.84994535519126	1570	1
39.85874316939891	824	1
39.865464480874316	9125	1
39.868142076502735	9579	1
39.92142076502732	9326	1
39.9307650273224	8933	1
39.95497267759563	9709	1
39.95770491803278	3721	1
39.970874316939884	4445	1
39.97721311475409	5723	1
40.00098360655738	2426	1
40.01693989071038	5960	1
40.01754098360655	6324	1
40.025191256830595	39	1
40.03737704918033	2344	1
40.0388524590164	9923	1
40.04273224043716	1469	1
40.07704918032787	9094	1
40.106830601092895	898	1
40.10732240437159	7943	1
40.13437158469945	5268	1
40.13551912568306	1231	1
40.135956284153	7490	1
40.14453551912568	361	1
40.148360655737704	9483	1
40.15273224043716	5596	1
40.16344262295082	5389	1
40.174918032786884	5209	1
40.179398907103824	1647	1
40.20027322404372	1425	1
40.31688524590164	4789	1
40.3335519125683	6815	1
40.341475409836065	4627	1
40.35808743169399	7375	1
40.40087431693989	4274	1
40.420437158469944	8563	1
40.4224043715847	3260	1
40.433606557377054	1759	1
40.44726775956284	9343	1
40.48797814207651	3229	1
40.49693989071039	315	1
40.50448087431694	6134	1
40.52098360655737	1602	1
40.53284153005464	161	1
40.54453551912568	8267	1
40.546174863387975	1113	1
40.55360655737705	4144	1
40.558579234972676	338	1
40.56540983606558	8181	1
40.56972677595628	537	1
40.58131147540984	1012	1
40.60972677595628	7234	1
40.610601092896175	602	1
40.61448087431694	9473	1
40.64551912568306	5301	1
40.65196721311476	4213	1
40.657322404371584	9170	1
40.67579234972677	2092	1
40.676120218579236	6687	1
40.68087431693989	4497	0
40.717322404371586	8043	1
40.71814207650273	1498	1
40.72530054644809	8558	1
40.73502732240437	3436	1
40.75043715846994	3559	1
40.75562841530055	3875	1
40.770765027322405	8704	1
40.77693989071038	9081	1
40.78071038251366	9263	1
40.80382513661202	2932	1
40.81180327868853	9136	1
40.827267759562844	5336	1
40.85360655737705	2603	1
40.86819672131148	2072	1
40.870655737704915	9389	1
40.88622950819672	6643	1
40.886448087431695	5009	1
40.89191256830601	686	1
40.91169398907104	2970	1
40.916666666666664	4996	1
40.95327868852459	4140	1
40.95333333333333	4708	1
40.966120218579235	2264	1
40.96885245901639	6719	1
40.9975956284153	9976	1
41.012185792349726	6221	1
41.02360655737705	4497	1
41.03327868852459	2743	1
41.040273224043716	5391	1
41.05639344262295	1486	1
41.06874316939891	3446	1
41.07754098360655	8511	1
41.08196721311475	7135	1
41.08207650273224	5669	1
41.0879781420765	1799	1
41.09748633879781	9288	1
41.103825136612016	7709	1
41.121748633879776	1275	1
41.1283606557377	3252	1
41.15978142076503	8643	1
41.19983606557377	6680	1
41.20360655737705	1606	1
41.20918032786885	8501	1
41.22453551912569	2548	1
41.242240437158465	8223	1
41.25568306010929	796	1
41.25622950819672	1223	1
41.27278688524591	8636	1
41.27546448087432	7888	1
41.28808743169399	5481	1
41.328415300546446	7842	1
41.33633879781421	2075	1
41.34666666666667	3576	1
41.38737704918032	8929	1
41.412950819672126	1063	1
41.44267759562841	3384	1
41.44273224043716	5053	0
41.4772131147541	9413	1
41.486284153005464	5751	1
41.488579234972676	3798	1
41.49060109289618	5726	1
41.492349726775956	3057	1
41.494098360655734	1764	1
41.52469945355191	1668	1
41.53590163934426	2690	1
41.53863387978142	8589	1
41.554426229508195	9143	1
41.564590163934426	5962	1
41.5696174863388	7826	1
41.57896174863388	7828	1
41.62043715846994	8107	1
41.65420765027322	2213	1
41.66049180327869	321	1
41.67409836065574	8153	1
41.674699453551916	5874	1
41.68234972677596	8524	1
41.70256830601093	7667	1
41.70612021857924	2139	0
41.711311475409836	8599	1
41.76382513661202	7886	1
41.769999999999996	9891	1
41.77349726775956	4890	1
41.805628415300546	846	1
41.818579234972674	6971	1
41.84502732240437	8780	1
41.855683060109286	2898	1
41.856174863387984	1292	1
41.88879781420765	7906	1
41.89229508196721	3315	1
41.89939890710383	4342	1
41.915573770491804	1589	1
41.97765027322404	7515	1
41.98196721311476	7845	1
42.002786885245904	7336	0
42.019180327868845	8002	1
42.02765027322404	6172	1
42.04349726775956	1630	1
42.100491803278686	5010	1
42.10114754098361	465	1
42.12191256830601	6991	1
42.13513661202186	8191	1
42.14005464480874	1982	1
42.148743169398905	4723	1
42.19633879781421	185	1
42.22163934426229	3921	1
42.23147540983606	5413	1
42.25420765027322	6804	1
42.26907103825137	6411	1
42.30732240437158	3048	1
42.336284153005465	895	1
42.34540983606557	999	1
42.36825136612022	6649	1
42.38464480874317	3605	1
42.39213114754098	7681	1
42.39928961748634	3159	1
42.41918032786885	9258	1
42.43819672131148	5461	1
42.47420765027322	6817	1
42.49584699453552	3520	1
42.5524043715847	808	1
42.56437158469945	4126	1
42.56934426229508	6004	1
42.572021857923495	4310	1
42.58907103825136	6754	1
42.62907103825137	8562	1
42.64601092896175	77	1
42.67245901639344	3345	1
42.68142076502732	4022	1
42.70633879781421	1156	1
42.706775956284154	8525	1
42.713497267759564	6490	1
42.715027322404374	2623	1
42.71786885245901	6753	1
42.743387978142074	9333	1
42.74661202185792	9257	1
42.771967213114756	9303	1
42.77885245901639	1283	1
42.779726775956284	6801	1
42.78136612021858	4998	1
42.807814207650274	7383	1
42.852295081967206	8833	1
42.89672131147541	3608	1
42.90639344262295	7032	1
42.90879781420765	7536	1
42.938360655737704	445	1
42.93885245901639	9901	1
42.959836065573775	7331	1
42.966448087431694	7863	1
42.97710382513661	9523	1
43.004972677595624	2563	1
43.02158469945355	5318	1
43.02901639344262	2460	1
43.03103825136612	5077	1
43.04327868852459	4630	1
43.06065573770491	1506	1
43.06622950819672	8574	1
43.078415300546446	4544	1
43.08754098360655	7595	1
43.09207650273224	1495	1
43.16213114754099	5991	1
43.17732240437159	25	1
43.182021857923495	2067	1
43.21032786885246	9648	1
43.218032786885246	9888	1
43.228087431693986	2578	1
43.2296174863388	6215	1
43.233333333333334	8646	1
43.24120218579235	5115	1
43.24191256830601	5503	1
43.247923497267756	6275	1
43.25535519125683	4088	1
43.300655737704915	1994	1
43.30639344262295	7813	1
43.37065573770492	584	1
43.38475409836065	6179	1
43.38743169398907	26	1
43.40371584699453	3281	1
43.42546448087432	9601	1
43.44010928961748	4733	1
43.442513661202184	7152	1
43.45765027322405	9783	1
43.471092896174866	390	1
43.48967213114754	8437	1
43.493387978142074	521	1
43.504371584699456	7848	1
43.579945355191256	3325	1
43.58562841530055	1740	1
43.585901639344264	9172	1
43.61983606557377	7827	1
43.63546448087432	5042	1
43.63874316939891	3905	1
43.67027322404372	6764	1
43.70677595628415	517	1
43.71781420765027	2382	1
43.76765027322404	3582	1
43.77333333333333	3183	1
43.774207650273226	9700	1
43.822021857923495	8614	1
43.84928961748634	461	1
43.86081967213114	1539	1
43.88469945355192	9235	1
43.896502732240435	3946	1
43.89786885245902	2562	1
43.9011475409836	9951	1
43.91601092896175	4835	1
43.936612021857925	6297	1
43.93704918032787	4535	1
43.946393442622956	6619	1
43.948524590163935	6003	1
43.96606557377049	8963	1
43.97163934426229	7618	1
43.97765027322404	607	1
43.99551912568305	4371	1
43.99781420765027	4296	1
44.00147540983607	8289	1
44.01918032786885	7803	1
44.039836065573766	8290	1
44.04234972677596	2640	1
44.06284153005464	8897	1
44.06732240437158	2277	1
44.073497267759564	7295	1
44.07699453551912	3038	1
44.08918032786885	8177	1
44.11983606557377	9734	1
44.15295081967213	94	1
44.18540983606557	4947	1
44.20672131147541	416	1
44.21322404371585	8011	1
44.23043715846995	1418	1
44.245300546448085	7240	1
44.26901639344262	4319	1
44.280218579234976	6821	1
44.28349726775956	2708	1
44.307759562841525	8735	1
44.31502732240437	3176	1
44.321311475409836	6242	1
44.34590163934426	1175	1
44.34863387978142	3162	1
44.384098360655734	2444	1
44.391311475409836	4958	1
44.39819672131147	783	1
44.43371584699454	120	1
44.434972677595624	2088	1
44.44661202185792	5514	1
44.448142076502734	6271	1
44.46825136612022	4372	1
44.47415300546448	7087	1
44.49180327868853	3317	1
44.50311475409836	3290	1
44.5155737704918	6085	1
44.532349726775955	6898	1
44.536393442622945	531	1
44.575081967213116	9638	1
44.58125683060109	9060	1
44.5920218579235	7995	1
44.594535519125685	3743	1
44.60551912568306	3105	1
44.61661202185792	4145	1
44.63808743169399	1937	1
44.64672131147541	9598	1
44.64808743169399	8816	1
44.66469945355191	4506	1
44.67743169398907	3503	1
44.69601092896175	2482	1
44.69803278688525	9181	1
44.71568306010929	2559	1
44.7172131147541	6529	1
44.75377049180327	1753	1
44.75377049180327	1021	1
44.7807650273224	6638	1
44.78207650273224	9708	1
44.79448087431694	3795	1
44.80726775956284	6534	1
44.81661202185792	1217	1
44.824262295081965	6741	1
44.84125683060109	5112	1
44.884590163934426	4785	1
44.888251366120215	2013	1
44.89781420765027	3075	1
44.90306010928962	2651	1
44.91721311475409	1766	1
44.93153005464481	8506	1
44.963114754098356	1592	1
45.0448087431694	992	1
45.04748633879781	1036	1
45.099999999999994	6659	1
45.12049180327869	4806	1
45.128579234972676	8689	1
45.139398907103825	4993	1
45.1616393442623	8005	1
45.17748633879782	1322	1
45.18136612021858	2374	1
45.20579234972677	7648	1
45.23344262295082	95	1
45.238961748633876	7744	1
45.241912568306006	3060	1
45.243770491803275	6775	1
45.27256830601093	9480	1
45.275245901639344	8466	1
45.28737704918033	2334	1
45.295792349726774	2538	1
45.3024043715847	4410	1
45.315956284153	3779	1
45.39169398907104	6904	1
45.3944262295082	4795	1
45.41628415300546	3245	1
45.44775956284153	9331	1
45.44786885245902	7579	1
45.47349726775956	4096	1
45.49142076502732	4807	1
45.49213114754098	2022	1
45.496065573770494	1180	1
45.507978142076496	8626	1
45.55245901639344	6280	1
45.553606557377044	7382	1
45.567267759562846	3091	1
45.57043715846995	1847	1
45.58415300546448	270	1
45.59049180327868	2343	1
45.59901639344262	2692	1
45.602076502732245	2496	1
45.61748633879781	6460	1
45.62092896174863	6895	1
45.645409836065575	7586	1
45.64688524590164	8851	1
45.66841530054645	4185	1
45.7048087431694	5585	1
45.72103825136612	5393	1
45.730327868852456	8387	1
45.7372131147541	4316	1
45.76535519125683	5489	1
45.78983606557377	7760	1
45.817049180327864	9498	1
45.818688524590165	3926	1
45.83628415300546	6406	1
45.837377049180326	129	1
45.86486338797814	1844	1
45.87754098360656	2473	1
45.88497267759563	5027	1
45.90710382513661	741	1
45.913715846994535	5151	1
45.92573770491803	3555	1
45.976284153005466	7881	1
45.99535519125683	5838	1
45.996065573770494	5188	1
46.035737704918034	433	1
46.03846994535519	1659	1
46.054535519125686	5444	1
46.07868852459016	3622	1
46.083278688524594	9328	1
46.08765027322404	979	1
46.098961748633876	6421	1
46.13879781420765	5434	1
46.14065573770492	351	1
46.1503825136612	8449	1
46.15448087431694	6657	1
46.18338797814207	9312	1
46.19185792349727	3287	1
46.19743169398907	462	1
46.259945355191256	3578	1
46.262950819672135	3126	1
46.29158469945355	8638	1
46.2983606557377	2746	1
46.30874316939891	3677	1
46.36595628415301	3687	1
46.38699453551912	9301	1
46.40972677595629	9145	1
46.41213114754098	3161	1
46.41295081967213	242	1
46.42213114754098	3338	1
46.43486338797814	2882	1
46.43606557377049	4418	1
46.44180327868852	1642	1
46.51612021857924	4592	1
46.524918032786886	3006	1
46.54043715846994	3699	1
46.56262295081967	6109	1
46.57366120218579	1927	1
46.60535519125683	6144	1
46.62721311475409	7815	1
46.6327868852459	355	1
46.64251366120218	6368	1
46.66377049180328	8972	1
46.697814207650275	8197	1
46.728797814207645	9889	1
46.728797814207645	4903	1
46.74366120218579	9054	1
46.74737704918033	1123	1
46.75333333333333	2819	1
46.75967213114754	5168	1
46.76568306010929	7577	1
46.78442622950819	1492	1
46.80114754098361	7320	1
46.841530054644814	9555	1
46.888579234972674	1330	1
46.89710382513661	5654	1
46.90535519125683	5922	1
46.9124043715847	2148	1
46.94005464480874	6536	1
46.94743169398907	6662	1
46.956338797814205	8519	1
46.95792349726776	2712	1
46.97087431693989	1067	1
46.97841530054645	2123	1
47.01726775956284	5884	1
47.03016393442623	8355	1
47.04989071038251	2310	1
47.0951912568306	246	1
47.097868852459015	1615	1
47.11606557377049	8350	1
47.12054644808743	7472	1
47.142459016393445	8196	1
47.14256830601093	4608	1
47.15617486338798	4327	1
47.1763387978142	7808	1
47.184972677595624	9048	1
47.219071038251364	3584	1
47.25426229508197	4171	1
47.289781420765024	3414	1
47.29710382513661	4193	1
47.31021857923497	4181	1
47.318306010928964	4494	1
47.334754098360655	6428	1
47.343005464480875	9793	1
47.352021857923496	177	1
47.35327868852459	493	1
47.36453551912569	388	1
47.37092896174863	6259	1
47.38049180327869	1481	1
47.385956284153	9469	1
47.395027322404374	8912	1
47.407267759562835	2494	1
47.41349726775956	5412	1
47.4224043715847	6482	1
47.458196721311474	4710	1
47.463879781420765	7968	1
47.46562841530054	4920	1
47.52049180327869	19	1
47.531967213114754	7184	1
47.53688524590164	2568	1
47.54163934426229	9183	1
47.54918032786885	6521	1
47.5507650273224	9102	1
47.580273224043715	9320	1
47.59568306010929	3777	1
47.607540983606555	6374	1
47.61262295081967	7546	1
47.62945355191257	9430	1
47.635956284153	3123	1
47.64218579234973	6902	1
47.67710382513661	6039	1
47.720218579234974	2364	1
47.724699453551914	3997	1
47.73311475409836	8059	1
47.740054644808744	5371	1
47.74060109289618	9969	1
47.76010928961749	7747	1
47.77426229508197	6042	1
47.78207650273224	6337	1
47.80497267759562	1178	1
47.833224043715845	610	1
47.839945355191254	5074	1
47.84584699453551	5628	1
47.86338797814208	5482	1
47.86377049180327	4455	1
47.90639344262295	613	1
47.92803278688525	5875	1
47.9412568306011	8899	1
47.948524590163935	1673	1
47.966830601092894	8781	1
47.99016393442623	2729	1
48.01710382513661	3030	1
48.027158469945356	5833	1
48.041256830601085	6322	1
48.08830601092896	178	1
48.103770491803274	3828	1
48.11387978142076	785	1
48.116994535519126	1596	1
48.15005464480874	5971	1
48.17021857923497	3565	1
48.17415300546448	3304	1
48.192568306010934	6957	1
48.19448087431694	4581	1
48.2024043715847	7276	1
48.20251366120218	2456	1
48.23398907103825	2576	1
48.23486338797814	2433	1
48.25617486338798	3834	1
48.27661202185792	5778	1
48.28568306010929	1157	1
48.31868852459016	4493	1
48.356448087431694	1869	1
48.36032786885246	3065	1
48.37530054644809	2895	1
48.391530054644804	3621	1
48.403989071038254	1102	1
48.40765027322404	7832	1
48.47677595628415	3715	1
48.49562841530055	6887	1
48.50808743169399	8462	1
48.518579234972684	512	1
48.55759562841531	4158	1
48.56054644808743	5533	1
48.56251366120219	5382	1
48.56289617486338	5058	1
48.59311475409836	278	1
48.6203825136612	83	1
48.64907103825137	8616	1
48.65256830601093	8943	1
48.690546448087424	2147	1
48.69885245901639	6785	1
48.71016393442623	5304	1
48.719016393442615	5795	1
48.747650273224046	5598	1
48.780163934426234	9655	1
48.78994535519126	1832	1
48.79530054644808	4000	1
48.82781420765027	7047	1
48.82857923497268	5770	1
48.834426229508196	4267	1
48.84054644808743	7977	1
48.86885245901639	9240	1
48.9007650273224	9981	1
48.91158469945355	6770	1
48.93781420765028	9045	1
48.96349726775956	2442	1
48.97207650273224	2577	1
48.988251366120224	879	1
48.993387978142074	7414	1
49.02251366120219	893	1
49.04087431693989	2017	1
49.05120218579235	8185	1
49.06071038251366	1082	1
49.07710382513661	5681	1
49.09469945355191	3812	1
49.0948087431694	5819	1
49.106120218579235	8736	1
49.15830601092896	7376	1
49.172622950819665	7179	1
49.19120218579235	8858	1
49.202185792349724	9043	1
49.2279781420765	8120	1
49.25185792349727	596	1
49.32513661202186	9133	1
49.346721311475406	7759	1
49.35065573770491	4064	1
49.35136612021858	4090	1
49.3548087431694	4737	1
49.398852459016396	2939	1
49.40420765027322	7603	1
49.420109289617486	7554	1
49.45617486338798	1991	1
49.475081967213114	5570	1
49.505081967213115	5033	1
49.52087431693989	9182	1
49.538032786885246	6437	1
49.562240437158465	167	1
49.56693989071038	2243	1
49.58497267759563	2068	1
49.589945355191254	3098	1
49.6239344262295	9029	1
49.63945355191257	5815	1
49.65300546448088	1840	1
49.66251366120218	8299	1
49.68071038251366	9492	1
49.685409836065574	2514	1
49.698196721311476	1843	1
49.70120218579235	1247	1
49.71792349726776	5552	1
49.718360655737705	4066	1
49.7192349726776	3412	1
49.75224043715847	7200	1
49.79825136612022	4085	1
49.80497267759563	3575	1
49.806338797814206	1693	1
49.81486338797814	2799	1
49.84136612021858	5211	1
49.84180327868852	8458	1
49.842622950819674	4834	1
49.858688524590164	5500	1
49.86469945355191	1903	1
49.8679781420765	849	1
49.87612021857924	2722	1
49.87639344262295	7718	1
49.90983606557377	6780	1
49.91590163934426	6360	1
49.92251366120219	1387	1
49.936174863387976	6811	1
49.956775956284154	8734	1
49.95704918032787	7209	1
49.963497267759564	6620	1
50.01431693989071	4679	1
50.02584699453552	9656	1
50.04191256830601	3305	1
50.056775956284156	3580	1
50.07491803278688	5555	1
50.08459016393442	5627	1
50.09885245901639	3340	1
50.11459016393443	3112	1
50.1148087431694	4537	1
50.11633879781421	5132	1
50.12540983606558	2904	1
50.1283606557377	2152	1
50.138633879781416	6094	1
50.14934426229508	4984	1
50.23355191256831	8069	1
50.250601092896176	2549	1
50.254043715847	2515	1
50.26180327868852	2	1
50.26355191256831	4673	1
50.26431693989071	8257	1
50.27497267759562	1126	1
50.28109289617486	706	1
50.28814207650274	3910	1
50.29967213114754	9554	1
50.307868852459016	7723	1
50.31601092896175	2938	1
50.3203825136612	9608	1
50.33142076502732	4394	1
50.33256830601093	8077	1
50.33825136612022	7312	1
50.34	8061	1
50.35409836065573	2220	1
50.35464480874317	7851	1
50.35486338797814	3084	1
50.36814207650273	3983	1
50.37114754098361	8551	1
50.389398907103825	7341	1
50.395081967213116	6190	1
50.399890710382515	4766	1
50.40191256830601	6851	1
50.410327868852455	3386	1
50.417868852459016	8656	1
50.42065573770492	5406	1
50.42136612021858	9992	1
50.421584699453554	2323	1
50.433224043715846	608	1
50.43693989071038	3197	1
50.45366120218579	1091	1
50.45377049180328	7180	1
50.46081967213115	7971	1
50.46256830601093	2813	1
50.465737704918034	3029	1
50.46655737704918	4825	1
50.47114754098361	3231	1
50.4779781420765	8658	1
50.479617486338796	4399	1
50.48049180327869	5070	1
50.49628415300546	8533	1
50.50224043715847	5451	1
50.513224043715844	8325	1
50.53732240437159	8359	1
50.54612021857923	9984	1
50.562349726775956	8596	1
50.56322404371584	8909	1
50.5751912568306	4386	1
50.58306010928961	1227	1
50.586666666666666	5309	1
50.587431693989075	6800	1
50.59153005464481	4110	1
50.593005464480875	1179	1
50.6007650273224	5520	1
50.60185792349727	5657	1
50.60218579234973	8670	1
50.664098360655736	16	1
50.67983606557377	5671	1
50.69568306010929	9676	1
50.70251366120218	634	1
50.70311475409836	9998	1
50.70874316939891	1453	1
50.729890710382506	994	1
50.73475409836065	6698	1
50.75655737704918	9095	1
50.75781420765028	9253	1
50.76196721311475	2149	1
50.79415300546448	7947	1
50.80092896174863	6053	1
50.80338797814208	56	1
50.805901639344256	3734	1
50.80633879781421	7278	1
50.80726775956284	4397	1
50.807759562841525	1472	1
50.8151912568306	4165	1
50.82229508196721	3666	1
50.83071038251366	911	1
50.860983606557376	8877	1
50.86415300546448	1379	1
50.87338797814207	1120	1
50.90590163934426	7976	1
50.91885245901639	3712	1
50.9344262295082	322	1
50.949617486338795	212	1
50.95398907103825	8092	1
50.96841530054645	6545	1
51.00158469945355	7806	1
51.00409836065574	6686	1
51.00928961748634	4208	1
51.021147540983605	9191	1
51.0375956284153	8727	1
51.04338797814208	9111	1
51.05814207650273	5860	1
51.09508196721312	2304	1
51.11814207650273	8274	1
51.1444262295082	843	1
51.153551912568304	2120	1
51.16754098360656	9872	1
51.18322404371585	6340	1
51.187431693989076	1812	1
51.18825136612021	3596	1
51.210819672131144	7053	1
51.21907103825137	5360	1
51.22748633879782	6401	1
51.230327868852456	3704	1
51.24060109289618	7148	1
51.253442622950814	3113	1
51.261475409836066	4543	1
51.26158469945355	5356	1
51.2787431693989	2763	1
51.2948087431694	1842	1
51.30754098360656	2859	1
51.32109289617487	5457	1
51.32540983606557	1509	1
51.32901639344262	4869	1
51.329071038251364	1649	1
51.329945355191256	7336	1
51.33234972677595	5363	1
51.38092896174864	5215	1
51.42677595628415	4573	1
51.43185792349727	9619	1
51.44612021857924	4119	1
51.46983606557377	2477	1
51.47612021857923	6370	1
51.49868852459016	396	1
51.50289617486339	1514	1
51.508360655737704	1331	1
51.51109289617486	2099	1
51.526338797814205	451	1
51.54262295081968	4491	1
51.54568306010929	941	1
51.563442622950824	210	1
51.56912568306011	1401	1
51.57065573770491	5522	1
51.57081967213115	8150	1
51.57715846994535	6203	1
51.578032786885245	9936	1
51.59306010928961	6523	1
51.597814207650266	7499	1
51.601530054644805	5251	1
51.602677595628414	7224	1
51.6048087431694	6427	1
51.60732240437158	6017	1
51.609781420765025	5246	1
51.619672131147546	8377	1
51.62169398907104	3081	1
51.65841530054645	9576	1
51.67404371584699	2885	1
51.67475409836066	6136	1
51.67530054644809	5820	1
51.678251366120215	3016	1
51.69830601092896	4609	1
51.698907103825135	5216	1
51.70928961748634	5936	1
51.714316939890715	1002	1
51.71453551912568	7307	1
51.71939890710382	6978	1
51.7339344262295	5995	1
51.74595628415301	6245	1
51.75431693989071	1904	1
51.76081967213114	2595	1
51.774153005464484	9558	1
51.78480874316939	7748	1
51.799234972677596	6410	1
51.80426229508197	6503	1
51.808087431693984	8498	1
51.80885245901639	9995	1
51.81819672131147	7003	1
51.83601092896175	3169	1
51.836612021857924	3750	1
51.85431693989071	9538	1
51.858087431693995	2327	1
51.87688524590164	9070	1
51.882622950819666	5293	1
51.89928961748634	3259	1
51.91360655737705	513	1
51.91699453551912	8672	1
51.92989071038251	7945	1
51.93185792349727	1720	1
51.94846994535519	9777	1
51.95295081967213	7446	1
51.954043715847	3199	1
51.97103825136612	1016	1
51.98060109289617	7902	1
51.98327868852459	3408	1
51.99355191256831	9725	1
52.003224043715846	4122	1
52.009890710382514	1360	1
52.01109289617486	9088	1
52.02005464480874	3258	1
52.034535519125676	2914	1
52.036448087431694	2588	1
52.039890710382515	629	1
52.04333333333333	8450	1
52.066721311475405	2519	1
52.06688524590164	3392	1
52.06770491803279	4520	1
52.06792349726776	8738	1
52.08021857923497	5601	1
52.08273224043716	7691	1
52.10890710382513	3087	1
52.12163934426229	7100	1
52.127486338797816	5805	1
52.132622950819666	8206	1
52.13622950819672	2572	1
52.14098360655738	7064	1
52.153224043715845	9629	1
52.15420765027323	6965	1
52.16743169398907	174	1
52.18311475409836	9847	1
52.188415300546446	5416	1
52.19169398907104	9330	1
52.19420765027322	1827	1
52.21852459016394	6520	1
52.22420765027322	9092	1
52.236338797814206	1558	1
52.24032786885246	9690	1
52.254590163934424	5080	1
52.255027322404366	4108	1
52.2679781420765	9186	1
52.28748633879781	5602	1
52.293989071038254	1663	1
52.30606557377049	9093	1
52.33049180327868	8410	1
52.337377049180326	5712	1
52.34803278688525	1698	1
52.355300546448085	7591	1
52.3575956284153	7491	1
52.384590163934426	283	1
52.39065573770492	8685	1
52.396502732240435	5668	1
52.41497267759563	4967	1
52.416775956284155	4862	1
52.421202185792346	8130	1
52.45158469945355	9249	1
52.45469945355191	5549	1
52.47644808743169	3751	1
52.48437158469945	6253	1
52.4844262295082	1461	1
52.4851912568306	1458	1
52.4864480874317	6278	1
52.500874316939885	5229	1
52.52836065573771	7408	1
52.52852459016393	4778	1
52.534918032786884	4556	1
52.56289617486339	1750	1
52.567213114754104	2521	1
52.57005464480874	2546	1
52.59234972677595	4892	1
52.59251366120219	5337	1
52.59661202185792	7796	1
52.60852459016393	7714	1
52.62535519125683	9637	1
52.62786885245902	5035	1
52.63131147540984	2560	1
52.63398907103825	3809	1
52.661475409836065	9525	1
52.67092896174863	3481	1
52.67617486338798	4116	1
52.68229508196721	6682	1
52.68989071038251	128	1
52.695464480874314	5821	1
52.71737704918033	2087	1
52.717650273224045	8015	1
52.73617486338798	8724	1
52.74622950819672	8612	1
52.771475409836064	594	1
52.77333333333333	7946	1
52.78338797814207	5679	1
52.796612021857925	3811	1
52.80207650273224	4515	1
52.80830601092896	8000	1
52.81393442622951	2793	1
52.83081967213115	3895	1
52.838524590163935	5237	1
52.84295081967213	7570	1
52.843825136612026	9465	1
52.84612021857924	4395	1
52.85420765027322	9403	1
52.88732240437159	5272	1
52.89524590163935	5105	1
52.90524590163935	2481	1
52.909234972677595	1928	1
52.9175956284153	4315	1
52.91896174863388	7604	1
52.92333333333333	4215	1
52.938360655737704	868	1
52.951530054644806	364	1
52.973333333333336	7476	1
52.98131147540983	1308	1
52.981803278688524	8431	1
52.98245901639344	3652	1
52.986775956284156	9358	1
52.992349726775956	7507	1
52.99546448087432	6339	1
53.001311475409835	6326	1
53.00923497267759	1643	1
53.010601092896174	2385	1
53.01857923497268	2536	1
53.03617486338798	181	1
53.03666666666666	8460	1
53.046502732240434	628	1
53.07262295081967	9461	1
53.08535519125683	3274	1
53.09273224043716	280	1
53.11786885245902	928	1
53.125956284153006	4534	1
53.140109289617484	1581	1
53.15153005464481	250	1
53.180491803278684	6093	1
53.188360655737704	1467	1
53.189617486338804	4680	1
53.19065573770492	8865	1
53.20245901639344	6527	1
53.20344262295082	8451	1
53.22775956284153	780	1
53.2312568306011	2298	1
53.24224043715847	9341	1
53.246338797814204	3918	1
53.24770491803278	7205	1
53.25568306010929	2246	1
53.28415300546448	8716	1
53.28475409836066	1667	1
53.28978142076503	7160	1
53.292513661202186	6728	1
53.29306010928961	9176	1
53.304426229508195	1001	1
53.31327868852459	9578	1
53.31508196721312	8682	1
53.32748633879782	3143	1
53.34622950819672	2523	1
53.35251366120219	46	1
53.35420765027322	3719	1
53.35584699453552	5212	1
53.36103825136612	9299	1
53.36808743169399	7333	1
53.376284153005464	1196	1
53.38879781420765	8919	1
53.39060109289617	2870	1
53.39508196721311	7150	1
53.402841530054644	6058	1
53.41103825136612	2073	1
53.41224043715847	2600	1
53.42131147540984	4934	1
53.42185792349727	543	1
53.43939890710382	6693	1
53.45393442622951	5172	1
53.48322404371584	3654	1
53.493770491803275	8852	1
53.51644808743169	2753	1
53.51693989071038	3637	1
53.533169398907106	2464	1
53.604918032786884	8874	1
53.6144262295082	6893	1
53.617213114754094	3085	1
53.617322404371585	9669	1
53.62098360655738	9271	1
53.6292349726776	5546	1
53.635737704918036	9560	1
53.66879781420765	7820	1
53.69650273224043	5529	1
53.72158469945355	7098	1
53.721803278688526	4452	1
53.73054644808743	8775	1
53.73256830601093	7762	1
53.748306010928964	5022	1
53.756612021857926	1072	1
53.757704918032786	4678	1
53.76387978142076	2977	1
53.7675956284153	9190	1
53.7703825136612	1013	1
53.777540983606556	6501	1
53.84540983606558	6408	1
53.84540983606558	7122	1
53.84650273224044	9237	1
53.87021857923497	1257	1
53.88710382513661	6787	1
53.9	6792	1
53.9016393442623	4244	1
53.90530054644809	5544	1
53.925355191256834	8202	1
53.93398907103825	5864	1
53.93748633879782	3558	1
53.93907103825137	8948	1
53.94617486338798	5558	1
53.955245901639344	2080	1
53.98459016393443	5467	1
53.98945355191257	4232	1
53.99486338797814	5308	1
53.996393442622946	1510	1
53.99896174863388	4884	1
54.000163934426226	7038	1
54.01021857923497	4871	1
54.02382513661202	1935	1
54.03978142076503	5881	1
54.057486338797816	3507	1
54.08644808743169	3879	1
54.098196721311474	5578	1
54.12081967213115	4511	1
54.12459016393442	5239	1
54.127103825136615	3543	1
54.131147540983605	55	1
54.13661202185793	6446	1
54.13808743169399	8172	1
54.14874316939891	5016	1
54.17486338797814	4385	1
54.17562841530055	3195	1
54.17972677595628	1037	1
54.1851912568306	6550	1
54.19606557377049	5545	1
54.20311475409836	7175	1
54.2039344262295	907	1
54.21704918032787	6467	1
54.21967213114754	8143	1
54.233989071038245	5935	1
54.24153005464481	5	1
54.27387978142076	873	1
54.295464480874315	2227	1
54.31109289617486	1925	1
54.34672131147541	8271	1
54.348251366120216	5742	1
54.38284153005464	5876	1
54.390218579234975	9528	1
54.39475409836066	3961	1
54.39737704918033	3530	1
54.39983606557377	8398	1
54.400983606557375	5781	1
54.40120218579234	508	1
54.408524590163935	6892	1
54.41098360655737	2102	1
54.42994535519125	3611	1
54.43442622950819	4148	1
54.43726775956284	4131	1
54.43825136612022	3383	1
54.44617486338798	6899	1
54.46136612021858	4880	1
54.473333333333336	5034	1
54.47497267759563	6987	1
54.475191256830605	7268	1
54.47573770491803	1248	1
54.48120218579235	1416	1
54.482131147540976	8262	1
54.51387978142076	6891	1
54.542459016393444	1025	1
54.54978142076503	4930	1
54.56295081967213	7942	1
54.57016393442623	1639	1
54.57524590163934	4501	1
54.57573770491803	6000	1
54.59027322404371	3633	1
54.59180327868852	7587	1
54.60453551912568	4962	1
54.60601092896175	7266	1
54.61989071038251	6675	1
54.62573770491803	4065	1
54.632677595628415	6830	1
54.63398907103825	3631	1
54.659562841530054	5779	1
54.66120218579235	368	1
54.664480874316936	2135	1
54.68087431693989	6230	1
54.68907103825137	7706	1
54.690710382513664	8693	1
54.724043715846996	5621	1
54.7327868852459	6256	1
54.74808743169399	2890	1
54.75300546448087	5768	1
54.75300546448087	1450	1
54.75792349726776	5743	1
54.760655737704916	3738	1
54.767759562841526	3497	1
54.780874316939894	1785	1
54.78360655737705	7207	1
54.79180327868852	1546	1
54.823497267759564	8778	1
54.83005464480874	7727	1
54.83224043715847	6208	1
54.84207650273224	2253	1
54.85245901639344	4786	1
54.87103825136612	6655	1
54.883060109289616	803	1
54.88469945355191	7783	1
54.895081967213116	2906	1
54.89562841530055	8860	1
54.899453551912565	2352	1
54.911475409836065	3947	1
54.911475409836065	3240	1
54.921857923497264	1058	1
54.92513661202186	3394	1
54.92896174863388	7898	1
54.937704918032786	7541	1
54.93825136612022	4666	1
54.94098360655738	3002	1
54.9431693989071	6661	1
54.94754098360656	5043	1
54.95355191256831	5425	1
54.95956284153005	3952	1
54.960109289617485	7374	1
54.999453551912566	2553	1
55.00819672131148	5704	1
55.0191256830601	2326	1
55.0191256830601	8190	1
55.01967213114754	6207	1
55.023497267759566	7452	1
55.046994535519126	9580	1
55.04754098360655	9026	1
55.04754098360655	2551	1
55.05464480874317	3794	1
55.10601092896175	872	1
55.1327868852459	1133	1
55.13497267759563	8334	1
55.14262295081967	3213	1
55.14371584699454	7015	1
55.144262295081965	7229	1
55.1448087431694	4881	1
55.15355191256831	2026	1
55.16010928961749	1163	1
55.1672131147541	7700	1
55.16939890710382	8879	1
55.1775956284153	5981	1
55.18087431693989	6735	1
55.19726775956284	8878	1
55.20983606557377	6099	1
55.210928961748635	5228	1
55.215300546448084	5532	1
55.21967213114754	9174	1
55.220218579234974	6731	1
55.22295081967213	4762	1
55.23661202185792	4061	1
55.27322404371585	6782	1
55.29453551912568	6761	1
55.29726775956284	9089	1
55.30054644808743	1252	1
55.30983606557377	1288	1
55.3207650273224	3004	1
55.323497267759564	3705	1
55.32896174863387	6611	1
55.333333333333336	3080	1
55.334426229508196	8518	1
55.355737704918035	176	1
55.39562841530055	2688	1
55.423497267759565	3184	1
55.4431693989071	1848	1
55.4688524590164	3256	1
55.47595628415301	7960	1
55.478142076502735	7665	1
55.489617486338794	5041	1
55.49016393442623	1993	1
55.498360655737706	1507	1
55.50109289617487	9722	1
55.501639344262294	6998	1
55.50601092896175	3691	1
55.5191256830601	4482	1
55.5191256830601	4265	1
55.52295081967213	3151	1
55.53770491803279	1392	1
55.555191256830604	8911	1
55.56065573770492	1443	1
55.564480874316935	6789	1
55.56994535519126	8034	1
55.58469945355191	2915	1
55.59781420765027	4767	1
55.607650273224046	9512	1
55.63770491803279	4375	1
55.64863387978142	6060	1
55.64972677595628	655	1
55.654644808743164	2840	1
55.661748633879775	8751	1
55.6863387978142	2589	1
55.68852459016394	7678	1
55.6912568306011	2438	1
55.691803278688525	9785	1
55.69344262295082	8432	1
55.70710382513661	4057	1
55.73060109289617	9810	1
55.753551912568305	4253	1
55.763934426229504	4929	1
55.7672131147541	6977	1
55.76830601092896	8209	1
55.77158469945355	4333	1
55.77213114754098	7105	1
55.78524590163934	9742	1
55.79398907103825	3489	1
55.8120218579235	637	1
55.84699453551912	6803	1
55.848633879781424	3698	1
55.858469945355196	4464	1
55.86229508196721	3651	1
55.87267759562842	9757	1
55.87322404371585	9970	1
55.89125683060109	5113	1
55.89726775956284	4804	1
55.89890710382513	5752	1
55.90928961748634	3566	1
55.92021857923497	9286	1
55.92732240437158	9126	1
55.9327868852459	8930	1
55.9655737704918	6600	1
55.980327868852456	4894	1
55.98579234972678	8074	1
55.992349726775956	3678	1
56.01256830601093	3342	1
56.03551912568306	6701	1
56.04262295081967	2305	1
56.04918032786885	4647	1
56.05245901639344	9518	1
56.05245901639344	8037	1
56.09726775956284	4260	1
56.10983606557377	6191	1
56.10983606557377	7934	1
56.11530054644809	9808	1
56.13442622950819	5868	1
56.13551912568306	4849	1
56.13661202185792	1276	1
56.137158469945355	3107	1
56.13825136612022	9980	1
56.14043715846994	964	1
56.16229508196721	3426	1
56.163387978142076	4584	1
56.17486338797814	2038	1
56.1896174863388	8254	1
56.20765027322404	4042	1
56.2103825136612	410	1
56.225136612021856	2432	1
56.23989071038251	9387	1
56.24590163934426	5718	1
56.284153005464475	9764	1
56.296174863387975	3116	1
56.301092896174865	3114	1
56.30382513661202	5094	1
56.30765027322404	4911	1
56.334426229508196	5372	1
56.334426229508196	7566	1
56.344808743169395	8110	1
56.36830601092896	883	1
56.38852459016394	4314	1
56.39617486338798	2299	1
56.40382513661202	7717	1
56.40928961748634	5037	1
56.424590163934425	5806	1
56.43661202185792	9062	1
56.44153005464481	8482	1
56.46448087431694	5335	1
56.4655737704918	7658	1
56.474316939890706	701	1
56.47486338797814	4240	1
56.48415300546448	8831	1
56.49180327868852	4407	1
56.496721311475405	6729	1
56.50491803278688	408	1
56.520765027322405	9561	1
56.53387978142076	4798	1
56.553005464480876	8631	1
56.55846994535519	1889	1
56.55901639344262	5343	1
56.583606557377045	7143	1
56.59016393442623	6481	1
56.59836065573771	8438	1
56.604918032786884	6479	1
56.61311475409836	1614	1
56.622950819672134	4891	1
56.63060109289618	3189	1
56.63387978142076	8503	1
56.67595628415301	5107	1
56.698907103825135	5651	1
56.71256830601093	404	1
56.7224043715847	1751	1
56.7327868852459	1480	1
56.73989071038251	2055	1
56.73989071038251	6055	1
56.7448087431694	1739	1
56.752459016393445	6484	1
56.78032786885246	7670	1
56.79016393442623	132	1
56.795081967213115	4026	1
56.79562841530055	2636	1
56.822404371584696	183	1
56.83606557377049	7767	1
56.843715846994535	2606	1
56.84808743169399	3402	1
56.88579234972678	7802	1
56.910382513661204	1239	1
56.91475409836065	9795	1
56.91639344262295	2466	1
56.92131147540983	1365	1
56.96666666666666	2129	1
56.97704918032787	8881	1
56.983606557377044	7419	1
56.99562841530055	7130	1
57.01366120218579	6929	1
57.01693989071038	108	1
57.03005464480874	1405	1
57.03005464480874	3308	1
57.034972677595626	3326	1
57.058469945355185	9353	1
57.06994535519126	8459	1
57.07103825136612	5592	1
57.07213114754098	1035	1
57.08032786885246	9151	1
57.08196721311475	5306	1
57.082513661202185	4907	1
57.09617486338797	7442	1
57.09836065573771	2493	1
57.10218579234973	903	1
57.106010928961744	8371	1
57.11092896174863	4188	1
57.13387978142076	2733	1
57.1896174863388	2913	1
57.19836065573771	6008	1
57.20163934426229	9120	1
57.206010928961746	471	1
57.20819672131148	8957	1
57.215846994535525	8391	1
57.225136612021856	1280	1
57.22896174863388	9031	1
57.230054644808746	50	1
57.24808743169399	4916	1
57.25027322404372	3885	1
57.25300546448088	1243	1
57.26010928961749	836	1
57.27322404371585	4078	1
57.27923497267759	7899	1
57.297814207650276	625	1
57.3087431693989	677	1
57.316393442622946	9551	1
57.320218579234975	306	1
57.327322404371586	6147	1
57.331693989071034	9952	1
57.34426229508197	3332	1
57.361202185792344	1173	1
57.38743169398907	722	1
57.39125683060109	6773	1
57.40163934426229	3482	1
57.42131147540983	6465	1
57.45027322404372	5348	1
57.453005464480874	768	1
57.455737704918036	8016	1
57.49726775956284	7729	1
57.50601092896174	2781	1
57.517486338797816	1094	1
57.52950819672131	2643	1
57.54590163934426	9146	1
57.55464480874317	1576	1
57.555191256830604	2796	1
57.5775956284153	8610	1
57.58415300546448	904	1
57.61256830601093	3761	1
57.61366120218579	8692	1
57.626229508196715	81	1
57.626229508196715	5769	1
57.631147540983605	7508	1
57.63387978142076	2585	1
57.648087431693995	1432	1
57.67103825136612	6928	1
57.673770491803275	6990	1
57.675409836065576	7292	1
57.678688524590164	3496	1
57.68907103825136	2579	1
57.690710382513664	6605	1
57.69508196721311	7754	1
57.703278688524584	7779	1
57.71584699453552	687	1
57.72349726775956	6452	1
57.725136612021856	9907	1
57.73060109289618	4591	1
57.73169398907104	4606	1
57.73551912568306	3923	1
57.73770491803279	3870	1
57.7775956284153	8216	1
57.78524590163934	1335	1
57.78688524590164	9112	1
57.80163934426229	1946	1
57.80655737704918	7432	1
57.834426229508196	4138	1
57.8551912568306	4902	1
57.8551912568306	2986	1
57.87978142076503	5569	1
57.898360655737704	1455	1
57.898360655737704	5312	1
57.9120218579235	4443	1
57.91420765027322	1897	1
57.935519125683065	2583	1
57.944808743169396	4986	1
57.94590163934426	1355	1
57.950819672131146	3623	1
57.954098360655735	8635	1
57.960109289617485	450	1
57.96994535519126	117	1
57.97377049180328	8681	1
57.98032786885246	6621	1
57.98032786885246	948	1
57.993442622950816	1916	1
58.01256830601093	2160	1
58.03770491803279	3356	1
58.05081967213114	8499	1
58.054098360655736	5177	1
58.08306010928961	3603	1
58.08633879781421	9542	1
58.090710382513656	2639	1
58.09562841530055	8168	1
58.09945355191257	8266	1
58.11366120218579	7589	1
58.12513661202186	1295	1
58.132786885245906	6537	1
58.13606557377049	2706	1
58.15464480874317	5056	1
58.16174863387978	7854	1
58.16830601092896	7155	1
58.17814207650273	2435	1
58.202185792349724	713	1
58.20928961748634	842	1
58.25792349726776	3401	1
58.26612021857923	2235	1
58.28087431693989	3728	1
58.292896174863394	499	1
58.30819672131147	1482	1
58.33825136612022	5737	1
58.3448087431694	5919	1
58.34863387978142	7456	1
58.381967213114756	4336	1
58.400546448087425	8896	1
58.4224043715847	1878	1
58.44754098360656	6566	1
58.46065573770491	9589	1
58.46666666666667	2476	1
58.4775956284153	5374	1
58.49672131147541	3970	1
58.50491803278689	1177	1
58.51092896174863	308	1
58.5207650273224	5927	1
58.52786885245902	8402	1
58.54863387978142	8968	1
58.587431693989075	9118	1
58.588524590163935	3938	1
58.59289617486339	4133	1
58.59617486338798	8113	1
58.60819672131147	8085	1
58.61584699453552	3880	1
58.635519125683054	8922	1
58.64098360655738	4366	1
58.65081967213114	6524	1
58.664480874316936	902	1
58.66885245901639	4488	1
58.672677595628414	3636	1
58.67486338797814	2089	1
58.687978142076496	1362	1
58.69398907103825	8849	1
58.6983606557377	2894	1
58.70437158469945	397	1
58.71530054644809	8952	1
58.72950819672131	9380	1
58.73770491803279	4257	1
58.766666666666666	7081	1
58.775956284153004	8512	1
58.78032786885245	2492	1
58.78743169398907	1957	1
58.79016393442623	7399	1
58.79125683060109	190	1
58.80109289617486	8586	1
58.81256830601093	3380	1
58.81311475409836	9587	1
58.829508196721314	6279	1
58.83934426229508	5861	1
58.84153005464481	9846	1
58.85136612021858	8779	1
58.85300546448087	7870	1
58.85300546448087	4272	1
58.86120218579235	6961	1
58.88469945355191	4441	1
58.889071038251366	4370	1
58.898360655737704	4221	1
58.905464480874315	3248	1
58.925683060109286	3018	1
58.93224043715847	1525	1
58.93333333333333	343	1
58.933879781420764	2849	1
58.95300546448087	3469	1
58.9535519125683	4384	1
58.9655737704918	909	1
58.967759562841536	2980	1
58.968306010928956	6474	1
58.976502732240434	9864	1
58.97704918032787	8151	1
59.00218579234973	7567	1
59.00819672131147	745	1
59.01092896174863	4995	1
59.0120218579235	3841	1
59.02459016393443	9295	1
59.02513661202186	6018	1
59.02622950819672	526	1
59.05191256830601	6198	1
59.05901639344262	698	1
59.07377049180328	5284	1
59.092896174863384	421	1
59.124043715846994	3711	1
59.13661202185792	4953	1
59.14262295081967	6376	1
59.15573770491803	6772	1
59.192896174863385	7825	1
59.19672131147541	4369	1
59.2016393442623	6067	1
59.224043715846996	9640	1
59.23989071038252	4838	1
59.25519125683061	7357	1
59.25901639344262	5252	1
59.26448087431694	5017	1
59.27267759562841	7816	1
59.27540983606557	1629	1
59.300000000000004	2957	1
59.302185792349725	7281	1
59.31803278688524	3873	1
59.318579234972674	3597	1
59.32185792349727	6738	1
59.33770491803279	3424	1
59.33934426229508	4674	1
59.33989071038251	2182	1
59.352459016393446	3429	1
59.35573770491803	2833	1
59.36502732240437	4719	1
59.37868852459016	285	1
59.39398907103825	9421	1
59.43224043715847	6015	1
59.438797814207646	2025	1
59.46174863387978	9740	1
59.465027322404374	7628	1
59.466120218579235	5384	1
59.47267759562841	8443	1
59.490163934426235	2458	1
59.498360655737706	3036	1
59.51311475409836	8725	1
59.514754098360655	7420	1
59.52568306010929	2657	1
59.528961748633876	8041	1
59.53060109289617	533	1
59.53224043715847	7489	1
59.53497267759563	5913	1
59.540983606557376	3239	1
59.54644808743169	3630	1
59.562295081967214	7165	1
59.58196721311476	403	1
59.588524590163935	1533	1
59.59617486338798	7679	1
59.5983606557377	5747	1
59.598907103825134	5997	1
59.60655737704918	1121	1
59.6120218579235	2331	1
59.63661202185792	6493	1
59.6431693989071	2534	1
59.64808743169399	4074	1
59.64863387978142	9768	1
59.651366120218576	9899	1
59.65245901639344	8487	1
59.65573770491803	1908	1
59.65792349726775	9076	1
59.65901639344262	6180	1
59.6655737704918	9583	1
59.667759562841525	4875	1
59.676502732240436	6236	1
59.68251366120219	2401	1
59.687431693989076	7467	1
59.69672131147541	606	1
59.70054644808743	8364	1
59.70109289617486	2953	1
59.706010928961746	5233	1
59.71147540983606	7434	1
59.73169398907104	7755	1
59.735519125683055	8978	1
59.74207650273224	1261	1
59.74972677595628	5794	1
59.752459016393445	674	1
59.76010928961748	1530	1
59.781967213114754	8513	1
59.79726775956284	2630	1
59.81311475409836	8328	1
59.81475409836066	5799	1
59.81584699453552	1722	1
59.825683060109284	5583	1
59.830601092896174	3896	1
59.846448087431696	9279	1
59.849726775956285	3787	1
59.85573770491803	3222	1
59.856830601092895	3280	1
59.857923497267755	8953	1
59.87049180327868	7157	1
59.87267759562841	4031	1
59.88087431693989	559	1
59.88360655737705	2139	1
59.89672131147541	8998	1
59.904371584699454	7999	1
59.938797814207646	7534	1
59.948087431693985	5725	1
59.94918032786885	7014	1
59.95737704918033	4006	1
59.959016393442624	4562	1
59.96666666666667	6944	1
59.96830601092896	6626	1
59.98142076502732	6002	1
60.021857923497265	9729	1
60.02349726775956	2960	1
60.02841530054645	2707	1
60.02896174863388	1689	1
60.03551912568306	9667	1
60.04043715846994	9597	1
60.046994535519126	753	1
60.05846994535519	6329	1
60.076502732240435	8261	1
60.097814207650266	6287	1
60.097814207650266	1834	1
60.10710382513661	2404	1
60.1207650273224	8217	1
60.131147540983605	3857	1
60.13224043715847	2685	1
60.13551912568306	9502	1
60.138251366120215	5517	1
60.14863387978142	2054	1
60.15191256830601	7252	1
60.1551912568306	673	1
60.15901639344262	566	1
60.16010928961748	1047	1
60.163387978142076	9668	1
60.1672131147541	2207	1
60.16885245901639	4956	1
60.20710382513661	8839	1
60.21967213114754	8869	1
60.23661202185792	2570	1
60.24590163934426	5120	1
60.24699453551913	6915	1
60.269945355191254	635	1
60.30054644808743	6705	1
60.31311475409836	115	1
60.314207650273225	7074	1
60.357923497267755	6695	1
60.3672131147541	5340	1
60.37158469945355	9462	1
60.375956284153006	5785	1
60.39890710382514	7953	1
60.40218579234973	8050	1
60.40765027322404	7002	1
60.40765027322404	3915	1
60.411475409836065	738	1
60.432786885245896	2136	1
60.460109289617485	21	1
60.462295081967206	5174	1
60.48360655737705	5554	1
60.48579234972677	9653	1
60.488524590163934	3586	1
60.513661202185794	1463	1
60.52185792349727	7558	1
60.53551912568306	2964	1
60.5535519125683	5526	1
60.554098360655736	9737	1
60.56775956284152	1028	1
60.58743169398907	2851	1
60.59344262295082	6216	1
60.594535519125685	1129	1
60.610928961748634	1593	1
60.61366120218579	9335	1
60.62131147540983	6530	1
60.64863387978142	995	1
60.66830601092896	8999	1
60.68196721311475	1007	1
60.68524590163934	1143	1
60.6896174863388	7294	1
60.69453551912569	9035	1
60.703825136612025	7057	1
60.70765027322404	8684	1
60.70983606557377	3904	1
60.72021857923497	1471	1
60.75191256830601	6672	1
60.75191256830601	7516	1
60.757923497267754	8229	1
60.76721311475409	2861	1
60.76830601092896	1564	1
60.77049180327869	4224	1
60.80928961748634	7644	1
60.828415300546446	9596	1
60.83387978142076	284	1
60.83551912568306	8007	1
60.867213114754094	3671	1
60.87486338797814	5361	1
60.8775956284153	4474	1
60.891256830601094	1989	1
60.898360655737704	1277	1
60.90928961748634	4695	1
60.92896174863388	5702	1
60.93606557377049	5954	1
60.946994535519124	7544	1
60.955191256830595	3398	1
60.966120218579235	8192	1
60.96775956284153	2320	1
60.9688524590164	3353	1
60.977049180327874	5491	1
60.995628415300544	6235	1
60.99617486338798	1150	1
61.00327868852459	6398	1
61.01693989071038	1890	1
61.03879781420765	1705	1
61.04972677595628	2251	1
61.07704918032787	3740	1
61.08524590163934	943	1
61.09071038251366	5515	1
61.118032786885244	6291	1
61.12349726775956	4136	1
61.13551912568306	9964	1
61.15136612021858	2293	1
61.15300546448087	5369	1
61.176502732240436	9495	1
61.18032786885246	2775	1
61.18251366120218	5970	1
61.192896174863385	1423	1
61.1983606557377	5556	1
61.20273224043716	2827	1
61.22349726775956	414	1
61.226229508196724	5176	1
61.22677595628416	7482	1
61.23770491803278	4466	1
61.24426229508197	9270	1
61.24808743169399	6974	1
61.25737704918033	5040	1
61.26174863387978	691	1
61.26612021857923	1717	1
61.28469945355191	8817	1
61.291803278688526	87	1
61.29234972677595	9617	1
61.3016393442623	2058	1
61.32896174863388	3052	1
61.36393442622951	2232	1
61.36393442622951	7737	1
61.373224043715844	1677	1
61.40491803278688	3999	1
61.41912568306011	4076	1
61.44699453551913	9510	1
61.44863387978142	4610	1
61.45792349726776	1197	1
61.46994535519126	6177	1
61.47814207650273	5122	1
61.498360655737706	5198	1
61.51092896174863	5493	1
61.520765027322405	7318	1
61.5224043715847	3570	1
61.550273224043714	5283	1
61.55792349726776	8300	1
61.57213114754098	314	1
61.57322404371585	5920	1
61.5792349726776	8291	1
61.5792349726776	7781	1
61.589617486338796	2115	1
61.59016393442623	7843	1
61.592896174863384	4392	1
61.60983606557377	9610	1
61.61311475409836	5760	1
61.62841530054645	9234	1
61.63989071038251	8508	1
61.65901639344263	7964	1
61.659562841530054	3805	1
61.679781420765025	2647	1
61.68306010928961	6580	1
61.68306010928961	3212	1
61.68524590163934	2411	1
61.68688524590164	2074	1
61.69234972677595	2308	1
61.698907103825135	4589	1
61.708196721311474	6168	1
61.71639344262295	6499	1
61.72459016393442	6525	1
61.7327868852459	9438	1
61.76338797814208	4180	1
61.76721311475409	8100	1
61.7792349726776	8973	1
61.795081967213115	1623	1
61.81639344262295	7350	1
61.81748633879781	2296	1
61.819672131147534	9695	1
61.82185792349727	3909	1
61.824590163934424	1497	1
61.84754098360656	4070	1
61.85027322404371	4328	1
61.88415300546448	630	1
61.88469945355191	952	1
61.901092896174866	4533	1
61.90874316939891	6300	1
61.911475409836065	2541	1
61.923497267759565	3307	1
61.925683060109286	6078	1
61.94972677595628	9466	1
61.98360655737705	7056	1
61.992349726775956	7306	1
62.008743169398905	9845	1
62.01803278688524	4246	1
62.02950819672131	759	1
62.03770491803279	5589	1
62.05136612021858	1413	1
62.0551912568306	6101	1
62.0655737704918	1449	1
62.09726775956284	8152	1
62.10218579234972	1188	1
62.10327868852459	4447	1
62.10928961748633	6685	1
62.11147540983607	7182	1
62.11967213114754	6885	1
62.132240437158465	3485	1
62.138251366120215	5614	1
62.143169398907105	3866	1
62.14426229508197	7822	1
62.16502732240437	8615	1
62.19016393442623	5634	1
62.199999999999996	9003	1
62.2016393442623	6568	1
62.20655737704918	2366	1
62.208196721311474	7044	1
62.21366120218579	6914	1
62.21639344262295	7343	1
62.21693989071038	5885	1
62.21748633879781	8375	1
62.21912568306011	5240	1
62.22076502732241	7036	1
62.23551912568306	2992	1
62.23825136612022	3898	1
62.251912568306004	1868	1
62.272677595628416	2836	1
62.28196721311475	7153	1
62.31803278688525	104	1
62.32513661202186	8125	1
62.32568306010929	1634	1
62.33169398907104	4084	1
62.33387978142077	1128	1
62.3431693989071	6951	1
62.356830601092895	641	1
62.36939890710382	2693	1
62.3775956284153	3035	1
62.383060109289616	2776	1
62.38415300546448	7711	1
62.398360655737704	3714	1
62.40218579234973	8652	1
62.40765027322404	7574	1
62.41202185792349	8316	1
62.42295081967213	208	1
62.45464480874317	333	1
62.45792349726776	5079	1
62.46120218579235	5661	1
62.47049180327869	9772	1
62.47978142076502	2745	1
62.49071038251366	6872	1
62.5	7746	1
62.50109289617487	3874	1
62.502732240437155	708	1
62.516393442622956	3319	1
62.516393442622956	7531	1
62.53989071038251	9297	1
62.550273224043714	938	1
62.55136612021858	2807	1
62.557377049180324	6903	1
62.56502732240437	7970	1
62.57377049180328	5199	1
62.582513661202185	7092	1
62.5912568306011	749	1
62.59726775956284	9953	1
62.59945355191257	7208	1
62.60382513661202	5607	1
62.61530054644808	4653	1
62.61639344262295	5827	1
62.62732240437158	356	1
62.632240437158465	68	1
62.63387978142077	6970	1
62.66666666666667	8224	1
62.66775956284153	9571	1
62.678688524590164	8581	1
62.68251366120219	3175	1
62.686885245901635	1959	1
62.69672131147541	8856	1
62.708196721311474	6239	1
62.718032786885246	8121	1
62.72295081967213	7273	1
62.73060109289617	2369	1
62.73497267759563	7719	1
62.736612021857916	6647	1
62.753551912568305	6926	1
62.767759562841526	1204	1
62.775956284153004	9395	1
62.79071038251366	5685	1
62.79945355191256	7073	1
62.80327868852459	5709	1
62.82513661202186	3031	1
62.83934426229508	3547	1
62.85245901639344	4654	1
62.86229508196721	1874	1
62.86338797814208	9119	1
62.86502732240437	7161	1
62.86666666666666	1538	1
62.88142076502732	6201	1
62.8967213114754	5469	1
62.90491803278688	3409	1
62.90928961748634	7911	1
62.90983606557377	9715	1
62.91092896174863	8142	1
62.92896174863388	3377	1
62.946994535519124	4032	1
62.9551912568306	5015	1
62.95846994535519	150	1
62.95846994535519	3836	1
62.9655737704918	854	1
62.9655737704918	9602	1
62.96775956284153	5230	1
62.987431693989066	2761	1
62.99398907103826	8268	1
62.996721311475405	6301	1
62.999453551912566	563	1
63.00327868852459	6222	1
63.01967213114754	9225	1
63.02513661202185	4635	1
63.02513661202185	4523	1
63.02622950819672	4836	1
63.033879781420765	7099	1
63.03825136612022	4746	1
63.04043715846994	9731	1
63.06393442622951	4043	1
63.07322404371585	3445	1
63.07923497267759	9926	1
63.12131147540984	5867	1
63.12185792349727	7227	1
63.12185792349727	874	1
63.12841530054645	760	1
63.130054644808745	5419	1
63.13387978142077	6854	1
63.14863387978142	2061	1
63.15245901639344	8870	1
63.18251366120219	7416	1
63.18743169398907	5234	1
63.20109289617486	4220	1
63.20655737704919	7749	1
63.23879781420765	2358	1
63.24590163934426	8545	1
63.24808743169399	8786	1
63.24972677595628	2631	1
63.25300546448087	5502	1
63.25628415300547	7631	1
63.26120218579235	956	1
63.261748633879776	4284	1
63.27213114754098	7969	1
63.28688524590164	9765	1
63.29617486338798	9853	1
63.309289617486336	2941	1
63.322404371584696	1828	1
63.32786885245902	6320	1
63.33661202185792	2077	1
63.33715846994535	7590	1
63.337704918032784	3662	1
63.35027322404372	144	1
63.3551912568306	5452	1
63.355737704918035	9319	1
63.401092896174866	5133	1
63.405464480874315	4191	1
63.405464480874315	5328	1
63.43114754098361	9929	1
63.444808743169396	7526	1
63.44972677595628	294	1
63.45464480874317	1725	1
63.45792349726776	7919	1
63.463934426229514	2711	1
63.48196721311475	3842	1
63.488524590163934	5217	1
63.49071038251366	9377	1
63.50983606557377	9865	1
63.50983606557377	711	1
63.51092896174863	2900	1
63.52459016393443	2489	1
63.52459016393443	3177	1
63.5327868852459	9128	1
63.551366120218574	2862	1
63.55191256830601	5378	1
63.5688524590164	4285	1
63.58142076502732	5276	1
63.59180327868852	5332	1
63.593989071038244	4908	1
63.60928961748633	2020	1
63.615846994535524	106	1
63.646448087431686	317	1
63.65409836065573	9028	1
63.663387978142076	6610	1
63.666666666666664	6019	1
63.668306010928966	7387	1
63.6896174863388	7409	1
63.693989071038246	4829	1
63.69726775956284	7625	1
63.70327868852459	9631	1
63.73060109289617	7269	1
63.74972677595628	6383	1
63.769945355191254	5972	1
63.78142076502732	1388	1
63.78688524590164	4981	1
63.78743169398907	159	1
63.79234972677595	3847	1
63.81147540983606	2237	1
63.8120218579235	8561	1
63.820218579234975	4153	1
63.83114754098361	4196	1
63.842622950819674	3590	1
63.842622950819674	3359	1
63.86229508196721	7484	1
63.874316939890704	7602	1
63.88469945355191	5855	1
63.88469945355191	9383	1
63.887978142076506	3434	1
63.890163934426226	4700	1
63.90273224043716	8103	1
63.91202185792349	4808	1
63.91475409836065	6353	1
63.91803278688525	3989	1
63.92622950819673	3238	1
63.93934426229508	4019	1
63.945901639344264	6632	1
63.96229508196721	6921	1
64.01857923497268	5169	1
64.0224043715847	4111	1
64.02295081967213	958	1
64.06010928961749	3886	1
64.07650273224044	4843	1
64.10819672131147	2348	1
64.11092896174863	262	1
64.1431693989071	3672	1
64.14590163934426	4692	1
64.14754098360655	789	1
64.15737704918033	5553	1
64.17759562841529	6054	1
64.1879781420765	8731	1
64.21584699453551	328	1
64.21584699453551	8372	1
64.23060109289617	9478	1
64.2311475409836	2116	1
64.24644808743169	5959	1
64.25027322404371	6392	1
64.25737704918033	5649	1
64.27322404371584	3653	1
64.27322404371584	9650	1
64.275956284153	9445	1
64.29398907103825	1487	1
64.3120218579235	4073	1
64.31530054644809	6464	1
64.32349726775956	9693	1
64.32677595628415	6635	1
64.32841530054645	1854	1
64.32841530054645	8053	1
64.34535519125683	6167	1
64.35027322404372	1369	1
64.35081967213115	54	1
64.3688524590164	1601	1
64.40163934426229	9078	1
64.4256830601093	5423	1
64.43387978142077	7561	1
64.43879781420765	4429	1
64.44426229508197	1856	1
64.45409836065573	8601	1
64.45901639344262	3303	1
64.47377049180328	2479	1
64.4983606557377	2027	1
64.49945355191257	1500	1
64.52732240437157	4201	1
64.52896174863388	5608	1
64.53224043715848	9315	1
64.5327868852459	6024	1
64.54153005464481	5325	1
64.57213114754099	6703	1
64.57650273224044	8862	1
64.58087431693988	5439	1
64.58306010928962	8571	1
64.5896174863388	6654	1
64.59562841530054	8315	1
64.61584699453552	5018	1
64.62622950819672	3444	1
64.62677595628415	4348	1
64.62732240437158	6843	1
64.63661202185793	947	1
64.63715846994536	4015	1
64.6464480874317	4603	1
64.6464480874317	7289	1
64.64754098360655	8588	1
64.67213114754098	7460	1
64.69617486338798	9239	1
64.70273224043716	4018	1
64.7103825136612	9416	1
64.71256830601092	119	1
64.72021857923497	8243	1
64.7224043715847	5192	1
64.72295081967214	3021	1
64.72404371584699	4275	1
64.72622950819672	7237	1
64.73715846994536	9039	1
64.73989071038251	6041	1
64.74426229508197	7640	1
64.75956284153006	1326	1
64.77267759562841	7889	1
64.77978142076502	8158	1
64.78251366120219	1898	1
64.78743169398906	3639	1
64.7879781420765	7396	1
64.80382513661202	9137	1
64.82677595628415	982	1
64.83169398907104	5521	1
64.83387978142076	5964	1
64.83934426229509	3355	1
64.86612021857924	6032	1
64.8688524590164	2717	1
64.87049180327868	8148	1
64.89071038251366	4938	1
64.89999999999999	446	1
64.91366120218579	3802	1
64.91803278688525	2905	1
64.93387978142077	6293	1
64.96338797814208	2565	1
64.98579234972678	5195	1
64.98579234972678	8323	1
65.0	6538	1
65.02950819672131	9599	1
65.04918032786885	9657	1
65.05355191256831	726	1
65.06174863387979	9950	1
65.0622950819672	1553	1
65.07704918032788	3264	1
65.08633879781421	4596	1
65.08633879781421	2933	1
65.1	8106	1
65.1016393442623	3202	1
65.11147540983606	4306	1
65.11420765027323	4893	1
65.11584699453552	27	1
65.12131147540984	1110	1
65.12568306010928	7177	1
65.13169398907104	4222	1
65.13770491803278	9972	1
65.14098360655737	6126	1
65.14426229508197	1719	1
65.14480874316939	5564	1
65.15027322404372	9197	1
65.18524590163935	8294	1
65.21311475409836	9726	1
65.21748633879781	326	1
65.22459016393442	1708	1
65.22568306010929	5167	1
65.23497267759562	9010	1
65.23551912568306	5847	1
65.25792349726775	7197	1
65.26120218579236	2864	1
65.26338797814208	3153	1
65.26666666666667	4970	1
65.28524590163934	9767	1
65.29398907103825	138	1
65.30710382513661	2351	1
65.31912568306011	765	1
65.32131147540984	6038	1
65.32896174863389	4948	1
65.3344262295082	4428	1
65.33770491803278	6519	1
65.34918032786885	9141	1
65.35027322404372	662	1
65.35409836065574	2469	1
65.36994535519125	413	1
65.38688524590164	5675	1
65.3912568306011	9457	1
65.43989071038251	826	1
65.43989071038251	9913	1
65.44426229508197	2587	1
65.46612021857923	3191	1
65.46885245901639	4069	1
65.47322404371585	6540	1
65.47486338797813	6063	1
65.49180327868852	2822	1
65.51311475409835	2233	1
65.52732240437157	9221	1
65.52950819672131	5339	1
65.53387978142077	742	1
65.53551912568305	5227	1
65.54153005464481	9939	1
65.54808743169399	933	1
65.56939890710383	9367	1
65.57868852459016	5816	1
65.60054644808743	4510	1
65.60819672131147	4104	1
65.6120218579235	4200	1
65.62513661202186	9049	1
65.64699453551913	5298	1
65.66885245901639	7752	1
65.675956284153	3683	1
65.67978142076502	1579	1
65.68251366120218	1447	1
65.68469945355191	3450	1
65.69672131147541	8642	1
65.71092896174864	6327	1
65.71092896174864	7254	1
65.71202185792349	6831	1
65.71366120218579	4824	1
65.72841530054644	8032	1
65.72896174863388	2571	1
65.74535519125683	9854	1
65.75409836065575	5796	1
65.75464480874317	4912	1
65.77595628415301	3498	1
65.7792349726776	4446	1
65.79071038251367	4502	1
65.79453551912567	2465	1
65.82076502732241	8440	1
65.82131147540984	9552	1
65.82677595628415	5680	1
65.83114754098361	8835	1
65.83715846994535	860	1
65.84808743169398	1778	1
65.85027322404372	696	1
65.85628415300546	2529	1
65.85901639344263	2078	1
65.86120218579235	3563	1
65.8639344262295	9565	1
65.8688524590164	9743	1
65.88579234972677	291	1
65.8863387978142	6750	1
65.89289617486338	9796	1
65.89890710382514	7733	1
65.90382513661203	7077	1
65.92295081967212	3443	1
65.93551912568306	6765	1
65.93879781420765	7770	1
65.94098360655738	9402	1
65.94207650273223	560	1
65.9431693989071	0	1
