0.19804590163934427	9450	1
0.3239688524590164	9263	1
0.35038360655737705	321	1
0.4720934426229508	1962	1
0.6559289617486339	5854	1
0.6921639344262295	8430	1
0.7718415300546448	1347	1
1.0790109289617487	9215	1
1.1136010928961748	4334	1
1.2311857923497267	8216	1
1.2855573770491804	1788	1
1.3975956284153006	712	1
1.500262295081967	6082	1
1.5091147540983605	8310	1
1.5102513661202186	8127	1
1.515808743169399	4579	1
1.5356338797814209	3618	1
1.5719289617486338	8894	1
1.6069890710382513	9605	1
1.624551912568306	9654	1
1.6271639344262296	1144	1
1.6372950819672132	9856	1
1.8575136612021856	4294	1
1.8751803278688524	9412	1
1.8880054644808741	3595	1
1.9272841530054645	4227	1
1.935032786885246	8654	1
1.9494426229508197	6193	1
1.9732950819672133	7756	1
1.9791475409836063	890	1
2.2535956284153005	6780	1
2.273377049180328	2734	1
2.2867158469945355	7700	1
2.324453551912568	7533	1
2.3636775956284155	2884	1
2.478775956284153	227	1
2.527928961748634	1343	1
2.531005464480874	2355	1
2.60448087431694	629	1
2.6326666666666667	3350	1
2.7075136612021855	8673	1
2.742912568306011	6731	1
2.8742568306010927	9232	1
2.9175956284153	9990	1
2.9618469945355193	4274	1
2.9710218579234975	1227	1
3.0264699453551915	6259	1
3.1979289617486337	7751	1
3.435863387978142	585	1
3.445136612021858	1750	1
3.6930109289617485	8845	1
3.717437158469945	4042	1
3.7480273224043716	2639	1
3.808349726775956	9772	1
3.8314535519125683	1238	1
3.864196721311475	4904	1
3.910087431693989	1940	1
3.9431639344262295	73	1
3.987568306010929	9824	1
4.0384699453551915	6732	1
4.081579234972677	5878	1
4.097234972677596	9652	1
4.176562841530054	7536	1
4.263765027322404	816	1
4.2851693989071045	7183	1
4.335071038251366	5587	1
4.33951912568306	7349	1
4.370852459016393	5470	1
4.383065573770492	7018	1
4.500983606557377	1753	1
4.5166939890710385	7917	1
4.584207650273224	9752	1
4.5995956284153	4813	1
4.63355737704918	2948	1
4.667387978142076	4388	1
4.689125683060109	2770	1
4.702972677595628	6577	1
4.711770491803279	5314	1
4.713010928961749	9480	1
4.717207650273224	920	1
4.727846994535519	9886	1
4.737142076502732	2686	1
4.770371584699453	709	1
4.77220218579235	4154	1
4.869781420765027	9872	1
4.915907103825137	2288	1
4.978273224043716	6371	1
5.012508196721311	1597	1
5.015114754098361	6488	1
5.0782568306010925	9034	1
5.083551912568305	6300	1
5.096426229508197	6887	1
5.2104043715846995	1742	1
5.226655737704918	7359	1
5.258437158469945	5159	1
5.278251366120219	5438	1
5.362792349726776	9641	1
5.364956284153005	7320	1
5.373819672131147	1023	1
5.381524590163934	9064	1
5.383972677595628	3561	1
5.432459016393442	6062	1
5.442874316939891	7697	1
5.457005464480874	7115	1
5.460513661202186	8095	1
5.468907103825137	933	1
5.4838797814207645	2489	1
5.484098360655738	9355	1
5.492622950819672	1834	1
5.5401639344262295	2890	1
5.567158469945355	5505	1
5.6014207650273224	2404	1
5.627704918032786	6248	1
5.696284153005465	7274	1
5.772295081967212	5967	1
5.809125683060109	4821	1
5.819234972677595	9539	1
5.887322404371584	3620	1
5.901857923497268	7693	1
5.908852459016393	8585	1
5.910109289617487	652	1
6.052513661202186	9676	1
6.068251366120218	8644	1
6.072786885245901	6997	1
6.123387978142077	7868	1
6.124098360655737	4770	1
6.1496721311475415	8026	1
6.28	5747	1
6.294699453551912	7446	1
6.339453551912569	2488	1
6.440327868852459	3957	1
6.490601092896175	7790	1
6.527267759562841	7803	1
6.537868852459017	9816	1
6.555683060109289	9369	1
6.557868852459016	2666	1
6.564644808743169	2395	1
6.5922950819672135	6268	1
6.629344262295082	3313	1
6.663551912568306	6538	1
6.741693989071038	8568	1
6.814043715846995	7006	1
6.8351912568306	866	1
6.8409289617486335	3614	1
6.935464480874317	6918	1
6.990928961748634	1004	1
7.04551912568306	7579	1
7.086174863387979	8298	1
7.089726775956284	3528	1
7.124426229508196	8951	1
7.206174863387979	640	1
7.221748633879781	2123	1
7.223497267759563	7570	1
7.237923497267759	1359	1
7.300710382513661	4740	1
7.301639344262295	5336	1
7.306010928961748	6994	1
7.326666666666666	9788	1
7.334918032786885	2138	1
7.403060109289617	6278	1
7.407377049180328	3327	1
7.449617486338798	6640	1
7.459071038251366	9125	1
7.5125683060109285	9157	1
7.551639344262295	3063	1
7.579016393442623	2482	1
7.580928961748634	1683	1
7.6359016393442625	3662	1
7.655737704918033	8527	1
7.659836065573771	4402	1
7.708251366120218	7381	1
7.7642076502732245	7096	1
7.773551912568306	2956	1
7.840819672131148	8106	1
7.854426229508197	6868	1
7.8624043715847	6793	1
7.870273224043715	8056	1
7.95743169398907	417	1
8.009398907103826	9835	1
8.02191256830601	4287	1
8.046338797814208	1089	1
8.060437158469945	1562	1
8.111256830601093	4638	1
8.11377049180328	3857	1
8.14071038251366	4939	1
8.170546448087432	4648	1
8.315464480874317	1972	1
8.337540983606557	4848	1
8.341803278688523	7103	1
8.412021857923497	4664	1
8.424207650273225	5713	1
8.43327868852459	498	1
8.43672131147541	2939	1
8.444535519125683	8397	1
8.471639344262295	7890	1
8.492295081967212	9538	1
8.494426229508196	4940	1
8.535901639344262	8596	1
8.55704918032787	9953	1
8.561475409836065	1862	1
8.56295081967213	7683	1
8.621693989071037	3496	1
8.622185792349727	3486	1
8.625081967213115	7208	1
8.627540983606558	7626	1
8.641256830601094	3812	1
8.658306010928962	7645	1
8.69639344262295	5911	1
8.771256830601093	3097	1
8.772896174863387	3333	1
8.77846994535519	4496	1
8.94087431693989	3265	1
8.951748633879781	6241	1
9.007486338797815	1798	1
9.01672131147541	4263	1
9.079344262295082	3274	1
9.09983606557377	7877	1
9.130163934426228	2208	1
9.17775956284153	1399	1
9.19120218579235	9586	1
9.239617486338798	2615	1
9.324535519125682	5668	1
9.350546448087432	9524	1
9.38071038251366	8854	1
9.406338797814207	6213	1
9.408196721311475	4808	1
9.490655737704918	6552	1
9.535737704918033	7026	1
9.566065573770492	361	1
9.636939890710384	8470	1
9.642513661202186	5938	1
9.708142076502734	9736	1
9.826612021857924	9472	1
9.873825136612023	9209	1
9.88032786885246	1536	1
9.910546448087432	9836	1
9.913005464480873	659	1
9.967704918032787	8084	1
10.051475409836065	5901	1
10.069781420765029	2604	1
10.102896174863387	726	1
10.127322404371585	5388	1
10.148907103825136	9787	1
10.214207650273224	5872	1
10.270655737704919	818	1
10.279344262295082	9240	1
10.281256830601093	261	1
10.36071038251366	8047	1
10.384754098360656	3247	1
10.43743169398907	2442	1
10.499508196721312	3280	1
10.533551912568305	885	1
10.5975956284153	6095	1
10.602349726775957	2828	1
10.616666666666667	4076	1
10.661092896174864	6203	1
10.710546448087433	7000	1
10.731639344262295	7404	1
10.789890710382513	4321	1
10.800163934426228	5165	1
10.990546448087432	105	1
10.990874316939891	9820	1
11.048579234972678	7949	1
11.051256830601092	6186	1
11.117540983606558	8259	1
11.118907103825137	7982	1
11.12	3646	1
11.144754098360655	8361	1
11.15415300546448	8109	1
11.175245901639343	5524	1
11.21377049180328	2128	1
11.220054644808744	9334	1
11.222459016393442	1100	1
11.223770491803277	2302	1
11.241803278688524	450	1
11.346174863387978	3064	1
11.365737704918033	1445	1
11.367923497267759	10	1
11.440382513661202	6708	1
11.454426229508197	808	1
11.460928961748634	1306	1
11.47846994535519	9722	1
11.503661202185793	2219	1
11.531857923497267	5843	1
11.543879781420765	6822	1
11.54704918032787	8759	1
11.554426229508197	584	1
11.559781420765027	5273	1
11.572513661202185	5706	1
11.57710382513661	1329	1
11.588251366120218	9942	1
11.593060109289617	9302	1
11.595737704918033	5147	1
11.602677595628414	7880	1
11.61049180327869	8017	1
11.615628415300547	5454	1
11.619945355191255	7481	1
11.649508196721312	2584	1
11.659890710382514	6244	1
11.676502732240438	9289	1
11.687650273224042	1132	1
11.691202185792351	9017	1
11.719617486338798	3998	1
11.741639344262296	7906	1
11.746120218579236	7285	1
11.798524590163934	9625	1
11.82016393442623	7988	1
11.839945355191258	2211	1
11.907431693989071	8946	1
11.935464480874318	6575	1
11.94207650273224	7265	1
11.946448087431694	8408	1
11.958907103825137	7488	1
11.975245901639344	1257	1
12.014808743169398	219	1
12.08158469945355	1898	1
12.091147540983606	3480	1
12.097158469945354	8028	1
12.097486338797813	1909	1
12.105792349726775	7263	1
12.136666666666667	6962	1
12.194863387978142	2830	1
12.197650273224044	1980	1
12.200765027322404	9920	1
12.229999999999999	1624	1
12.253005464480873	3527	1
12.258032786885245	9030	1
12.307431693989072	8182	1
12.342950819672131	7323	1
12.384699453551912	7520	1
12.393825136612023	249	1
12.426229508196721	8086	1
12.466830601092896	4722	1
12.468142076502732	5753	1
12.475573770491804	9698	1
12.492622950819673	3538	1
12.49775956284153	8212	1
12.501803278688525	1859	1
12.56464480874317	9584	1
12.594590163934425	2462	1
12.615136612021859	2837	1
12.650655737704918	8097	1
12.65688524590164	4755	1
12.659453551912568	5275	1
12.66016393442623	7377	1
12.660218579234973	9311	1
12.669890710382512	5949	1
12.689071038251365	9572	1
12.725081967213114	1935	1
12.772568306010928	8489	1
12.803060109289616	3803	1
12.873934426229507	7194	1
12.946338797814207	255	1
12.97087431693989	7843	1
12.993114754098361	5820	1
13.00431693989071	3180	1
13.035628415300547	1733	1
13.053387978142077	7408	1
13.082021857923497	1438	1
13.082786885245902	8562	1
13.096994535519125	1193	1
13.128579234972676	6189	1
13.157486338797815	6983	1
13.21551912568306	3248	1
13.232295081967212	7748	1
13.240491803278688	644	1
13.253169398907103	4038	1
13.261857923497269	5750	1
13.275628415300547	7216	1
13.303114754098361	9446	1
13.326612021857922	6654	1
13.346338797814207	5381	1
13.360983606557376	6491	1
13.411530054644809	5735	1
13.469180327868852	656	1
13.470983606557377	4052	1
13.473934426229508	6522	1
13.498688524590165	7106	1
13.502950819672131	1079	1
13.508907103825138	3380	1
13.516775956284153	1700	1
13.520054644808742	9374	1
13.52191256830601	1278	1
13.531639344262295	9840	1
13.534043715846995	4478	1
13.547868852459017	3718	1
13.562185792349725	9108	1
13.562295081967214	3471	1
13.599398907103826	9723	1
13.610765027322405	8904	1
13.616502732240438	6845	1
13.649726775956285	998	1
13.67655737704918	8501	1
13.686939890710383	4245	1
13.721857923497268	1606	1
13.728142076502731	8679	1
13.7424043715847	578	1
13.801311475409834	9463	1
13.802622950819673	8382	1
13.822185792349726	2018	1
13.868688524590164	6011	1
13.877158469945355	8100	1
13.90655737704918	8614	1
13.90672131147541	8609	1
13.959617486338797	7758	1
13.960819672131146	2983	1
13.975519125683059	8923	1
13.98191256830601	6483	1
13.998306010928962	7765	1
14.007540983606559	3118	1
14.013060109289619	6468	1
14.028306010928963	7321	1
14.048360655737705	2573	1
14.144699453551912	4870	1
14.173715846994535	9773	1
14.1827868852459	3617	1
14.216994535519126	4432	1
14.25879781420765	1734	1
14.261092896174864	8772	1
14.261311475409835	4754	1
14.299726775956284	704	1
14.307431693989072	3149	1
14.399234972677595	2190	1
14.453333333333333	7352	1
14.482240437158469	8474	1
14.484972677595628	6409	1
14.49360655737705	5320	1
14.499234972677597	7150	1
14.508524590163935	5920	1
14.526994535519126	4253	1
14.551092896174863	5659	1
14.554153005464482	610	1
14.55846994535519	3852	1
14.615081967213115	7934	1
14.638415300546448	3022	1
14.652349726775956	9686	1
14.674207650273225	4790	1
14.690546448087431	3855	1
14.711256830601092	6543	1
14.734972677595628	7677	1
14.791256830601093	809	1
14.824808743169399	2801	1
14.857923497267759	2908	1
14.88535519125683	7835	1
14.889672131147542	1732	1
14.93224043715847	1646	1
14.940491803278688	2966	1
14.945683060109289	1479	1
14.948688524590164	300	1
14.965245901639346	4225	1
15.007431693989071	5041	1
15.009945355191258	6800	1
15.05830601092896	1903	1
15.088743169398906	2807	1
15.101420765027322	9456	1
15.124754098360656	3350	0
15.13928961748634	6499	1
15.140874316939891	4931	1
15.154043715846994	2485	1
15.186284153005465	8073	1
15.210546448087431	8285	1
15.211202185792349	7236	1
15.22032786885246	550	1
15.25606557377049	8824	1
15.282841530054643	620	1
15.325956284153005	4416	1
15.33295081967213	5593	1
15.426775956284152	7607	1
15.450601092896175	7789	1
15.461202185792349	4942	1
15.470109289617486	762	1
15.471311475409836	1203	1
15.500491803278688	2504	1
15.504863387978142	8643	1
15.51415300546448	1341	1
15.520109289617487	722	1
15.526885245901639	4899	1
15.540273224043716	1488	1
15.569890710382515	6531	1
15.574262295081967	1594	1
15.584535519125682	198	1
15.62431693989071	3294	1
15.671857923497267	3606	1
15.687540983606556	7721	1
15.687814207650273	1246	1
15.709945355191255	7117	1
15.723278688524589	2906	1
15.742896174863386	7604	1
15.755300546448087	4153	1
15.785737704918033	8755	1
15.82568306010929	8113	1
15.829562841530054	8945	1
15.849234972677596	4307	1
15.86	5212	1
15.876612021857923	6507	1
15.899617486338796	2533	1
15.95983606557377	98	1
15.973333333333333	9466	1
16.004754098360657	7864	1
16.030983606557378	3011	1
16.036065573770493	5042	1
16.039781420765028	472	1
16.080491803278687	4247	1
16.08098360655738	3141	1
16.1096174863388	6827	1
16.14071038251366	3742	1
16.163060109289617	6260	1
16.170273224043715	5608	1
16.17464480874317	8153	1
16.204754098360656	8913	1
16.223169398907103	9758	1
16.25032786885246	8988	1
16.26295081967213	3568	1
16.276338797814205	7149	1
16.286666666666665	6100	1
16.295573770491803	8782	1
16.336502732240437	8011	1
16.358852459016394	2520	1
16.36688524590164	1978	1
16.378251366120217	6820	1
16.510437158469944	8655	1
16.521803278688523	7695	1
16.538196721311476	2617	1
16.548579234972678	1738	1
16.56688524590164	8371	1
16.567049180327867	4662	1
16.56754098360656	9169	1
16.572896174863388	7076	1
16.573825136612022	5862	1
16.61950819672131	1608	1
16.633333333333333	9831	1
16.634644808743168	8565	1
16.65983606557377	4015	1
16.677540983606555	888	1
16.695956284153006	7282	1
16.705901639344262	6764	1
16.716775956284152	2207	1
16.716939890710382	8801	1
16.727486338797814	4100	1
16.731967213114753	8520	1
16.74792349726776	2616	1
16.756994535519127	8320	1
16.76256830601093	3282	1
16.802677595628413	3329	1
16.834918032786884	567	1
16.846830601092897	8551	1
16.865628415300545	9210	1
16.87934426229508	6498	1
16.883169398907103	5683	1
16.89792349726776	7622	1
16.924262295081967	4434	1
16.941420765027324	9395	1
16.97814207650273	6486	1
16.98743169398907	5846	1
17.006120218579234	6365	1
17.027704918032786	3131	1
17.053934426229507	4409	1
17.071803278688524	5500	1
17.08360655737705	3417	1
17.10081967213115	305	1
17.10311475409836	9530	1
17.169890710382514	6806	1
17.1807650273224	2797	1
17.197868852459017	1239	1
17.248688524590165	2709	1
17.258688524590163	5062	1
17.303825136612023	3213	1
17.320273224043714	2284	1
17.332021857923497	7094	1
17.38846994535519	6288	1
17.40087431693989	7583	1
17.408306010928964	1752	1
17.40901639344262	6264	1
17.420546448087432	8878	1
17.429726775956283	5602	1
17.456994535519122	2195	1
17.461693989071037	9498	1
17.53273224043716	6504	1
17.5672131147541	1460	1
17.5796174863388	7105	1
17.592677595628412	3674	1
17.602841530054643	2701	1
17.605846994535522	4397	1
17.623606557377048	9269	1
17.635300546448086	9072	1
17.652622950819673	8005	1
17.658743169398907	590	1
17.694863387978145	1036	1
17.727267759562842	8915	1
17.73672131147541	4484	1
17.741475409836067	7866	1
17.753060109289617	3566	1
17.774207650273226	2165	1
17.843333333333334	5451	1
17.873934426229507	7624	1
17.88382513661202	1836	1
17.911639344262298	3510	1
17.927978142076505	2396	1
17.944043715846995	2271	1
17.97081967213115	7294	1
17.99120218579235	8105	1
18.018360655737705	9495	1
18.02841530054645	5199	1
18.06743169398907	5827	1
18.11300546448087	8514	1
18.14710382513661	4418	1
18.17590163934426	4572	1
18.19398907103825	4471	1
18.20071038251366	763	1
18.216994535519127	166	1
18.275792349726775	6140	1
18.310382513661203	8091	1
18.316939890710383	1813	1
18.320109289617488	3136	1
18.339071038251365	1095	1
18.36382513661202	7078	1
18.377759562841533	8738	1
18.39775956284153	4075	1
18.40016393442623	5216	1
18.42049180327869	3077	1
18.441693989071037	3075	1
18.44213114754098	2075	1
18.491803278688526	3146	1
18.493005464480877	5684	1
18.620765027322406	9742	1
18.637868852459015	4241	1
18.648524590163934	2655	1
18.65207650273224	1093	1
18.710765027322402	6867	1
18.738360655737704	7546	1
18.750109289617487	1731	1
18.771420765027322	7723	1
18.776775956284155	5546	1
18.806502732240435	2699	1
18.873060109289614	7522	1
18.909016393442624	9092	1
18.931967213114756	9234	1
18.95568306010929	3902	1
18.99049180327869	3023	1
19.062349726775956	8604	1
19.06901639344262	5680	1
19.073661202185793	4103	1
19.11191256830601	6604	1
19.115464480874316	929	1
19.169781420765027	9229	1
19.203497267759563	9609	1
19.207049180327868	5675	1
19.208852459016395	6857	1
19.235737704918034	7937	1
19.242841530054644	4334	0
19.245628415300548	3199	1
19.2696174863388	4334	1
19.29841530054645	3473	1
19.389234972677595	3525	1
19.419836065573772	1044	1
19.460983606557377	7030	1
19.473060109289616	8569	1
19.50071038251366	8921	1
19.518360655737705	8280	1
19.535846994535518	4923	1
19.57464480874317	5572	1
19.580109289617486	6113	1
19.583333333333332	4267	1
19.593114754098362	3135	1
19.66153005464481	9471	1
19.700491803278688	1310	1
19.719617486338798	7240	1
19.7675956284153	7745	1
19.774918032786886	3196	1
19.78431693989071	8000	1
19.824043715846994	6001	1
19.835245901639343	6651	1
19.871693989071037	815	1
19.876666666666665	5373	1
19.88174863387978	7166	1
19.89928961748634	9273	1
19.922841530054644	6974	1
19.949781420765028	810	1
19.951530054644806	7182	1
19.962677595628413	7061	1
19.976557377049183	344	1
19.979125683060108	8770	1
19.97950819672131	7190	1
20.011256830601095	1015	1
20.049289617486338	3960	1
20.07928961748634	9956	1
20.080765027322403	1416	1
20.103387978142077	4223	1
20.104207650273224	5085	1
20.12934426229508	9344	1
20.14863387978142	9908	1
20.170819672131145	872	1
20.185628415300545	7495	1
20.20377049180328	8205	1
20.213661202185794	2231	1
20.228032786885247	4536	1
20.251475409836065	4772	1
20.275081967213115	6894	1
20.329945355191256	1575	1
20.339180327868853	8274	1
20.365409836065574	4745	1
20.45584699453552	3898	1
20.477540983606556	9354	1
20.494098360655737	4420	1
20.496284153005462	9801	1
20.504426229508194	7542	1
20.510928961748633	8191	1
20.528579234972675	8747	1
20.53273224043716	112	1
20.534043715846995	2252	1
20.568579234972677	908	1
20.57032786885246	3877	1
20.581475409836063	7039	1
20.596666666666668	8539	1
20.61655737704918	7787	1
20.640601092896176	8630	1
20.66409836065574	3162	1
20.67125683060109	8813	1
20.6775956284153	1313	1
20.690874316939887	9969	1
20.708743169398907	3241	1
20.713497267759564	8036	1
20.741967213114755	9869	1
20.751202185792348	9658	1
20.777158469945356	146	1
20.80016393442623	1168	1
20.808688524590163	8347	1
20.86060109289617	6016	1
20.922568306010927	386	1
20.985792349726776	2881	1
21.004043715846993	6210	1
21.00896174863388	2739	1
21.04530054644809	8179	1
21.04568306010929	5694	1
21.067158469945355	7275	1
21.079726775956285	4315	1
21.085409836065573	7567	1
21.099562841530055	2745	1
21.123551912568306	1366	1
21.1303825136612	1816	1
21.14393442622951	4573	1
21.200928961748634	2286	1
21.222131147540985	7793	1
21.240765027322404	7772	1
21.271147540983605	8357	1
21.274972677595628	4587	1
21.2872131147541	7471	1
21.305792349726776	3172	1
21.316830601092896	4691	1
21.354808743169396	5425	1
21.357704918032784	9362	1
21.386120218579237	459	1
21.397322404371586	6590	1
21.455901639344262	3214	1
21.474098360655738	6858	1
21.47792349726776	7375	1
21.496612021857924	9957	1
21.509234972677593	1029	1
21.577213114754098	9614	1
21.587322404371584	2790	1
21.634644808743168	6940	1
21.639180327868853	6386	1
21.660601092896172	1232	1
21.676393442622953	346	1
21.69743169398907	9678	1
21.720163934426232	7621	1
21.800218579234972	817	1
21.80382513661202	3717	1
21.812513661202185	319	1
21.835027322404372	8044	1
21.841475409836068	8424	1
21.84409836065574	8059	1
21.87743169398907	2250	1
21.877540983606558	8911	1
21.891256830601094	277	1
21.89792349726776	1429	1
21.902131147540985	1206	1
21.911420765027323	1943	1
21.930710382513663	6107	1
21.94256830601093	2803	1
21.957704918032785	548	1
21.961530054644808	3478	1
21.982349726775954	2405	1
21.986065573770492	3378	1
22.010382513661202	1470	1
22.031857923497267	8578	1
22.06868852459016	3610	1
22.106721311475408	5816	1
22.125136612021855	3700	1
22.13103825136612	8884	1
22.15584699453552	427	1
22.174043715846995	7804	1
22.18726775956284	6571	1
22.22546448087432	4461	1
22.23103825136612	1860	1
22.239453551912565	2622	1
22.26726775956284	5302	1
22.287322404371583	9808	1
22.341967213114753	3110	1
22.34994535519126	2523	1
22.371038251366123	4500	1
22.37273224043716	8366	1
22.409562841530054	6157	1
22.445956284153002	6465	1
22.468306010928963	4363	1
22.480109289617484	1382	1
22.50841530054645	6518	1
22.520109289617487	5617	1
22.528524590163933	9074	1
22.531912568306012	2198	1
22.55989071038251	6625	1
22.583005464480873	9848	1
22.58754098360656	4427	1
22.59633879781421	9695	1
22.599234972677596	5222	1
22.618688524590162	2959	1
22.6255737704918	1592	1
22.636830601092896	3968	1
22.643606557377048	2629	1
22.643989071038252	2257	1
22.650546448087432	1620	1
22.691147540983607	5063	1
22.692459016393443	5052	1
22.705136612021857	7546	0
22.707049180327868	5693	1
22.740273224043715	3964	1
22.752021857923495	4030	1
22.767049180327867	6393	1
22.769562841530053	3790	1
22.830273224043715	6000	1
22.835628415300544	7654	1
22.838688524590165	2014	1
22.84	6785	1
22.849672131147543	9852	1
22.85071038251366	7849	1
22.85792349726776	3214	0
22.884098360655738	7243	1
22.924535519125683	9691	1
22.934863387978144	7851	1
22.939453551912568	2738	1
22.959508196721313	5076	1
22.989234972677593	8831	1
23.002349726775957	3772	1
23.043005464480874	5235	1
23.0896174863388	8335	1
23.090655737704918	6754	1
23.0948087431694	7370	1
23.18901639344262	4706	1
23.192568306010926	4532	1
23.226775956284154	2089	1
23.279016393442625	5471	1
23.301147540983607	6720	1
23.305300546448088	280	1
23.31453551912568	6455	1
23.315628415300544	8217	1
23.33912568306011	8096	1
23.362185792349727	7169	1
23.373715846994532	5252	1
23.393825136612023	6618	1
23.435846994535517	2517	1
23.448415300546447	6293	1
23.45382513661202	4219	1
23.519781420765028	9296	1
23.628142076502733	8221	1
23.633224043715845	6146	1
23.63792349726776	7547	1
23.686010928961746	5656	1
23.691475409836066	2394	1
23.767814207650275	2434	1
23.839180327868853	9573	1
23.861475409836064	9753	1
23.898196721311475	3209	1
23.899071038251364	8542	1
23.9996174863388	3988	1
24.01032786885246	4732	1
24.03868852459016	9707	1
24.044207650273226	7861	1
24.054754098360657	6826	1
24.056065573770493	2529	1
24.06103825136612	5186	1
24.079453551912568	7361	1
24.125245901639342	8907	1
24.13169398907104	4268	1
24.141366120218578	2618	1
24.148579234972676	3204	1
24.206666666666667	9693	1
24.221967213114755	1062	1
24.227486338797814	5752	1
24.228579234972674	6948	1
24.338907103825136	1881	1
24.341366120218577	4057	1
24.378688524590164	6137	1
24.41333333333333	870	1
24.43710382513661	9711	1
24.472622950819673	5262	1
24.48174863387978	2336	1
24.482131147540986	65	1
24.495464480874315	7343	1
24.508688524590163	9941	1
24.512295081967213	5424	1
24.515081967213117	7217	1
24.527704918032786	3227	1
24.52841530054645	4314	1
24.555792349726776	6701	1
24.596612021857922	2902	1
24.62639344262295	9671	1
24.644754098360654	8868	1
24.654098360655738	3515	1
24.678360655737702	2161	1
24.71344262295082	6919	1
24.733606557377048	46	1
24.757431693989073	7911	1
24.773333333333333	3529	1
24.775355191256832	5247	1
24.794972677595627	5027	1
24.824918032786886	3271	1
24.83049180327869	4709	1
24.844426229508198	8491	1
24.845136612021857	3038	1
24.863661202185792	4475	1
24.88322404371585	5866	1
24.905792349726777	6576	1
24.908688524590165	3532	1
24.91371584699454	6485	1
24.93633879781421	4843	1
24.937759562841528	6843	1
24.93792349726776	2451	1
24.956284153005466	2126	1
24.956448087431692	3085	1
24.95726775956284	562	1
25.00224043715847	2765	1
25.013278688524586	2316	1
25.014043715846995	1999	1
25.0375956284153	8229	1
25.049617486338796	7990	1
25.167377049180327	8099	1
25.23431693989071	8847	1
25.259945355191256	9377	1
25.279890710382514	5540	1
25.336885245901637	81	1
25.348743169398904	6099	1
25.34879781420765	2632	1
25.384316939890713	5243	1
25.419234972677597	9677	1
25.433442622950817	6408	1
25.43622950819672	6935	1
25.459726775956284	4747	1
25.50092896174863	3867	1
25.50360655737705	3913	1
25.527158469945352	9156	1
25.57622950819672	4440	1
25.584699453551913	7596	1
25.609180327868852	9312	1
25.656612021857924	5595	1
25.69174863387978	7070	1
25.756338797814205	2140	1
25.8024043715847	1184	1
25.83295081967213	4164	1
25.857486338797813	1402	1
25.85808743169399	9124	1
25.863060109289616	8888	1
25.880437158469945	9783	1
25.912513661202187	8456	1
25.916830601092894	9259	1
25.92825136612022	5550	1
25.933497267759563	1376	1
25.945519125683063	4707	1
25.98726775956284	7473	1
26.022131147540986	6953	1
26.033224043715844	1151	1
26.044153005464484	5722	1
26.054535519125682	7837	1
26.105628415300544	7500	1
26.152513661202185	4860	1
26.181038251366118	2726	1
26.186830601092897	7791	1
26.18786885245902	5131	1
26.235628415300546	5178	1
26.266065573770494	9556	1
26.288852459016393	4313	1
26.290491803278687	1975	1
26.298688524590162	6494	1
26.310163934426228	2786	1
26.324207650273223	4671	1
26.32879781420765	5590	1
26.332732240437156	6856	1
26.40245901639344	8577	1
26.409617486338796	9726	1
26.41103825136612	2612	1
26.44655737704918	5877	1
26.478852459016395	1396	1
26.515464480874314	3213	0
26.517103825136612	7310	1
26.601912568306012	5964	1
26.62087431693989	8203	1
26.624699453551912	2740	1
26.658961748633878	4716	1
26.674371584699454	20	1
26.69497267759563	8471	1
26.709071038251366	3295	1
26.76688524590164	2910	1
26.80622950819672	3332	1
26.81366120218579	4428	1
26.836830601092895	3810	1
26.85087431693989	7641	1
26.857158469945354	6650	1
26.860874316939892	9996	1
26.872841530054643	608	1
26.91672131147541	4002	1
26.942677595628414	3728	1
26.97655737704918	7886	1
26.98218579234973	914	1
27.027868852459015	6152	1
27.03087431693989	187	1
27.03245901639344	3599	1
27.033934426229507	7871	1
27.051256830601094	683	1
27.071748633879782	6267	1
27.075628415300546	2811	1
27.077377049180328	9598	1
27.122677595628414	6519	1
27.124262295081966	8889	1
27.14054644808743	5909	1
27.158415300546448	477	1
27.171639344262296	3693	1
27.19590163934426	3213	1
27.196612021857923	8492	1
27.203169398907104	8048	1
27.237868852459016	7219	1
27.27322404371585	9174	1
27.302295081967213	9048	1
27.303005464480876	9904	1
27.315409836065573	9418	1
27.32103825136612	8657	1
27.34704918032787	9543	1
27.381475409836067	1312	1
27.402513661202185	545	1
27.406338797814207	3158	1
27.409508196721312	3190	1
27.411639344262294	1208	1
27.428797814207652	4883	1
27.442841530054643	2380	1
27.448032786885246	8180	1
27.463497267759564	4085	1
27.48781420765027	4240	1
27.49054644808743	4599	1
27.50049180327869	526	1
27.510491803278686	3514	1
27.537868852459017	7965	1
27.58590163934426	9033	1
27.626284153005464	4232	1
27.630655737704917	3181	1
27.650273224043715	1219	1
27.658032786885244	6111	1
27.726830601092896	7659	1
27.73431693989071	2483	1
27.765956284153006	1723	1
27.845956284153004	7909	1
27.892349726775954	2468	1
27.904043715846996	5638	1
27.942622950819672	9806	1
27.94792349726776	1499	1
27.981967213114753	756	1
28.0	2769	1
28.049289617486338	403	1
28.061967213114755	9491	1
28.07469945355191	1482	1
28.08207650273224	1838	1
28.083005464480873	1917	1
28.093278688524588	3809	1
28.123387978142077	9367	1
28.1424043715847	4690	1
28.161366120218577	8361	0
28.173224043715845	6689	1
28.1875956284153	6255	1
28.23311475409836	8618	1
28.244699453551913	336	1
28.249453551912566	354	1
28.252950819672133	1657	1
28.29590163934426	3005	1
28.346666666666668	6397	1
28.361530054644806	5494	1
28.365792349726775	7010	1
28.37016393442623	4593	1
28.399016393442622	9096	1
28.4155737704918	5561	1
28.437650273224044	2866	1
28.453551912568305	1825	1
28.48431693989071	6250	1
28.48710382513661	4825	1
28.49825136612022	1924	1
28.508251366120216	6093	1
28.674262295081967	5741	1
28.684535519125685	8202	1
28.702677595628415	1451	1
28.716721311475407	2350	1
28.71863387978142	2841	1
28.71863387978142	3437	1
28.720273224043716	3004	1
28.73049180327869	2215	1
28.733005464480875	6823	1
28.733715846994535	4914	1
28.734590163934428	7556	1
28.7355737704918	9679	1
28.743715846994537	7573	1
28.764754098360655	3462	1
28.765409836065572	832	1
28.873934426229507	4833	1
28.916010928961747	3398	1
28.921092896174866	4627	1
28.930765027322405	6298	1
28.94366120218579	7938	1
28.983169398907105	1619	1
29.01311475409836	429	1
29.02169398907104	428	1
29.03224043715847	1876	1
29.053825136612023	6067	1
29.083551912568304	5135	1
29.101693989071038	4380	1
29.188032786885245	7467	1
29.190109289617485	8637	1
29.19781420765027	2564	1
29.23431693989071	3727	1
29.274972677595628	688	1
29.35415300546448	3217	1
29.355081967213113	3315	1
29.357049180327866	4715	1
29.36486338797814	7577	1
29.389617486338796	5207	1
29.436775956284155	6336	1
29.46431693989071	7913	1
29.492841530054648	2118	1
29.52726775956284	9152	1
29.53448087431694	9198	1
29.546448087431692	1974	1
29.550109289617485	4056	1
29.564043715846996	2112	1
29.60005464480874	2646	1
29.60054644808743	9217	1
29.628469945355192	6755	1
29.662295081967212	8686	1
29.714043715846994	8494	1
29.755300546448087	8710	1
29.761857923497267	307	1
29.80158469945355	8684	1
29.811857923497268	9388	1
29.829726775956285	4802	1
29.858852459016394	8601	1
29.871803278688525	2029	1
29.880382513661203	2246	1
29.88311475409836	2528	1
29.887704918032785	5904	1
29.89256830601093	8174	1
29.893005464480876	4676	1
29.89469945355191	7661	1
29.898032786885246	8744	1
29.928852459016394	8105	0
29.969234972677597	7778	1
30.00453551912568	9936	1
30.052295081967213	9828	1
30.1027868852459	1487	1
30.117213114754097	2975	1
30.13169398907104	9237	1
30.169562841530052	7739	1
30.215081967213113	7762	1
30.28142076502732	6635	1
30.290874316939888	5845	1
30.305136612021855	2014	0
30.315081967213114	3511	1
30.32415300546448	6524	1
30.328907103825134	1078	1
30.330983606557375	8311	1
30.34174863387978	3647	1
30.392459016393442	3897	1
30.419890710382514	2546	1
30.428961748633878	8547	1
30.45169398907104	1895	1
30.46273224043716	2878	1
30.504590163934427	6825	1
30.516885245901637	7485	1
30.571803278688524	1893	1
30.5748087431694	7324	1
30.576229508196718	3761	1
30.62207650273224	6282	1
30.63153005464481	7829	1
30.69737704918033	2559	1
30.701639344262293	8438	1
30.70393442622951	7879	1
30.709453551912567	3490	1
30.727213114754097	7157	1
30.8024043715847	9256	1
30.80644808743169	6401	1
30.819945355191255	4577	1
30.852841530054647	7353	1
30.871475409836062	9813	1
30.90918032786885	1560	1
30.92360655737705	4857	1
30.979234972677595	7638	1
31.11295081967213	2764	1
31.122404371584697	4102	1
31.144043715846994	7881	1
31.15644808743169	9327	1
31.17196721311475	1555	1
31.189289617486338	9436	1
31.198524590163935	3925	1
31.201530054644806	7053	1
31.208032786885244	6328	1
31.236338797814206	8733	1
31.25071038251366	3762	1
31.336120218579236	2318	1
31.341092896174864	2653	1
31.368087431693986	862	1
31.439617486338797	4094	1
31.474098360655738	733	1
31.48153005464481	9514	1
31.511967213114755	4011	1
31.530765027322403	4340	1
31.54786885245902	6549	1
31.557704918032787	2601	1
31.56366120218579	2706	1
31.568415300546448	8525	1
31.57464480874317	6433	1
31.58071038251366	1441	1
31.581475409836067	5980	1
31.58382513661202	3001	1
31.5920218579235	4620	1
31.62125683060109	5912	1
31.63863387978142	8707	1
31.659180327868853	358	1
31.66191256830601	8950	1
31.66256830601093	7899	1
31.665355191256833	6366	1
31.670054644808744	3007	1
31.69289617486339	844	1
31.73606557377049	5610	1
31.747814207650272	6381	1
31.761693989071038	5296	1
31.787486338797816	2870	1
31.789180327868852	8293	1
31.828251366120217	1959	1
31.8403825136612	8092	1
31.8451912568306	1648	1
31.871475409836066	8303	1
31.877486338797812	9188	1
31.898852459016393	8886	1
31.913005464480875	4751	1
31.931147540983606	8986	1
31.933715846994538	5447	1
31.942677595628417	2416	1
31.952131147540985	622	1
31.97273224043716	9841	1
31.97885245901639	6591	1
31.999890710382513	7383	1
32.03054644808743	1600	1
32.04573770491803	5521	1
32.053606557377044	7908	1
32.06874316939891	1150	1
32.11792349726776	6619	1
32.134918032786885	6165	1
32.13699453551912	8493	1
32.196994535519124	5567	1
32.252786885245904	9978	1
32.282459016393446	1504	1
32.29120218579235	8802	1
32.29601092896175	5788	1
32.29715846994535	1033	1
32.3175956284153	5629	1
32.33010928961748	9670	1
32.35590163934426	9651	1
32.391256830601094	349	1
32.45775956284153	1413	1
32.52469945355191	9821	1
32.53710382513661	390	1
32.54551912568306	2958	1
32.57136612021858	641	1
32.57857923497268	9950	1
32.580983606557375	7085	1
32.58945355191257	6834	1
32.612076502732236	970	1
32.623715846994536	5783	1
32.6324043715847	5191	1
32.649562841530056	7850	1
32.66814207650273	500	1
32.66994535519125	337	1
32.67371584699454	9653	1
32.686174863387976	9727	1
32.70087431693989	8204	1
32.72338797814208	5045	1
32.731147540983606	457	1
32.743387978142074	3880	1
32.749453551912566	6738	1
32.765136612021855	3214	1
32.77513661202185	883	1
32.779781420765026	4699	1
32.79748633879782	1519	1
32.83535519125683	5411	1
32.85360655737705	2796	1
32.87344262295082	5355	1
32.884480874316935	9876	1
32.93207650273224	7571	1
32.9379781420765	8504	1
32.94426229508197	1894	1
32.94907103825136	9532	1
32.96147540983606	4168	1
32.9651912568306	8969	1
32.993169398907106	4106	1
32.99808743169399	3244	1
33.00704918032787	9305	1
33.03060109289618	4344	1
33.065245901639344	3846	1
33.12644808743169	9647	1
33.161584699453556	7678	1
33.18245901639344	2990	1
33.18557377049181	306	1
33.189234972677596	1719	1
33.21939890710382	1189	1
33.24918032786885	7609	1
33.28513661202186	257	1
33.289836065573766	7130	1
33.33426229508196	2737	1
33.338852459016394	7656	1
33.368415300546445	6667	1
33.411803278688524	8399	1
33.41420765027323	5396	1
33.48885245901639	1426	1
33.50420765027322	5581	1
33.509180327868854	4571	1
33.52639344262295	2683	1
33.54311475409836	9345	1
33.566775956284154	2383	1
33.6344262295082	6770	1
33.67737704918033	5592	1
33.699289617486336	2921	1
33.710928961748635	4511	1
33.71852459016393	7279	1
33.7331693989071	894	1
33.74098360655738	3055	1
33.753661202185796	9790	1
33.75863387978142	1394	1
33.78109289617486	9267	1
33.81366120218579	5403	1
33.83092896174863	5089	1
33.831803278688525	3292	1
33.9027868852459	2519	1
33.91251366120218	7655	1
33.9183606557377	8918	1
33.93584699453552	8289	1
33.93666666666667	9204	1
33.98950819672131	1586	1
34.02142076502732	432	1
34.08153005464481	5691	1
34.08191256830601	849	1
34.094207650273226	2915	1
34.17857923497267	6493	1
34.190765027322406	5187	1
34.19737704918033	2687	1
34.25185792349727	4055	1
34.257650273224044	4066	1
34.274153005464484	1789	1
34.2751912568306	9459	1
34.292404371584695	3663	1
34.31978142076503	6621	1
34.33103825136612	3109	1
34.34540983606557	5397	1
34.39393442622951	6331	1
34.4424043715847	7782	1
34.45508196721312	4270	1
34.48333333333333	7334	1
34.55338797814208	4991	1
34.56497267759563	9517	1
34.573879781420764	331	1
34.5851912568306	7107	1
34.609890710382516	5053	1
34.639726775956284	2460	1
34.65994535519126	3519	1
34.68819672131148	6836	1
34.69868852459017	1846	1
34.70885245901639	8361	1
34.75530054644808	6824	1
34.76644808743169	2613	1
34.805136612021855	8794	1
34.87398907103825	4608	1
34.896120218579235	2205	1
34.930983606557376	6204	1
34.932021857923495	5153	1
34.94273224043715	8495	1
34.94863387978142	3317	1
34.9748087431694	9960	1
34.97715846994536	8271	1
35.017049180327874	1654	1
35.040218579234974	1639	1
35.057103825136615	2127	1
35.06366120218579	4429	1
35.086229508196716	4978	1
35.093387978142076	2061	1
35.113224043715846	3248	0
35.176830601092895	442	1
35.17737704918033	2563	1
35.214207650273224	5082	1
35.22530054644809	5306	1
35.225846994535516	4053	1
35.22710382513661	3806	1
35.231857923497266	4901	1
35.24032786885246	5751	1
35.30316939890711	3092	1
35.30650273224044	8709	1
35.32989071038251	7371	1
35.37622950819672	6872	1
35.39076502732241	6340	1
35.407704918032785	6525	1
35.44584699453552	3611	1
35.56147540983606	7496	1
35.59327868852459	7231	1
35.636557377049186	8094	1
35.700819672131146	3269	1
35.71546448087432	1690	1
35.72092896174863	1216	1
35.72748633879782	9749	1
35.730327868852456	708	1
35.73622950819672	2591	1
35.7451912568306	6205	1
35.75147540983607	5287	1
35.75256830601093	8584	1
35.768907103825136	169	1
35.782021857923496	3583	1
35.782349726775955	9636	1
35.78612021857923	5294	1
35.78852459016393	1337	1
35.82677595628415	5164	1
35.85355191256831	8500	1
35.897267759562844	1951	1
35.89857923497268	9143	1
35.93666666666667	8172	1
35.948907103825135	6890	1
35.95808743169398	4541	1
35.95928961748634	4293	1
35.963551912568306	9506	1
35.96655737704918	891	1
35.96934426229508	8306	1
35.98912568306011	977	1
36.06928961748634	3534	1
36.071256830601094	5674	1
36.09387978142076	4827	1
36.095683060109295	3352	1
36.130327868852454	9122	1
36.142076502732245	6458	1
36.1455737704918	1135	1
36.15677595628415	6337	1
36.162622950819674	1485	1
36.18005464480874	947	1
36.19825136612022	1850	1
36.22158469945355	1790	1
36.23912568306011	7524	1
36.265027322404364	4663	1
36.268524590163935	8942	1
36.31469945355191	6198	1
36.33928961748634	7341	1
36.366885245901635	4258	1
36.38322404371584	6194	1
36.426939890710386	6021	1
36.435901639344266	5808	1
36.43825136612022	3096	1
36.45393442622951	5945	1
36.490327868852454	1547	1
36.516338797814214	1988	1
36.51677595628416	6474	1
36.526721311475406	4769	1
36.5375956284153	8369	1
36.55284153005464	8838	1
36.559016393442626	5512	1
36.6048087431694	2192	1
36.60546448087432	1815	1
36.6096174863388	2968	1
36.62158469945355	2344	1
36.63612021857923	3923	1
36.65672131147541	1408	1
36.81655737704918	1574	1
36.81732240437158	9915	1
36.83005464480874	5380	1
36.83688524590164	37	1
36.849398907103826	6385	1
36.86349726775956	4630	1
36.864262295081964	1214	1
36.868743169398904	4953	1
36.88918032786886	727	1
36.91469945355191	8463	1
36.937704918032786	4794	1
36.95508196721312	4910	1
36.99060109289617	5476	1
36.991912568306006	3648	1
37.029398907103825	5132	1
37.02945355191257	3129	1
37.04978142076503	3128	1
37.052950819672134	3777	1
37.06918032786885	1147	1
37.08049180327868	1701	1
37.100491803278686	7004	1
37.13142076502732	2453	1
37.13633879781421	4162	1
37.14213114754099	1637	1
37.15393442622951	666	1
37.160655737704914	729	1
37.161092896174864	7147	1
37.164918032786886	5031	1
37.17792349726776	6117	1
37.18338797814207	4300	1
37.18699453551912	4686	1
37.18710382513661	6864	1
37.25415300546448	6097	1
37.274426229508194	8677	1
37.332513661202185	2532	1
37.334754098360655	512	1
37.37207650273224	2335	1
37.39415300546448	1052	1
37.40655737704918	5551	1
37.41158469945355	9496	1
37.42857923497267	700	1
37.44398907103825	3330	1
37.44415300546448	1558	1
37.451912568306014	7612	1
37.480273224043714	7335	1
37.51120218579235	8732	1
37.51639344262295	6066	1
37.54147540983606	24	1
37.55060109289617	9874	1
37.59699453551913	3451	1
37.61224043715847	7470	1
37.65153005464481	1254	1
37.709999999999994	9526	1
37.72983606557377	7057	1
37.73775956284153	9618	1
37.762131147540984	5498	1
37.773278688524584	7730	1
37.78748633879781	2704	1
37.80213114754098	5427	1
37.80306010928961	3386	1
37.82448087431694	6286	1
37.896120218579235	287	1
37.93857923497268	5643	1
37.95027322404371	1319	1
37.967322404371586	9954	1
37.999398907103824	2743	1
38.00819672131148	9759	1
38.03437158469945	8594	1
38.04344262295082	4749	1
38.06693989071038	8909	1
38.11398907103825	854	1
38.115519125683065	4069	1
38.11590163934426	3763	1
38.17180327868852	9729	1
38.225081967213114	1369	1
38.24590163934426	7128	1
38.24994535519126	2771	1
38.26622950819672	9449	1
38.27896174863388	8723	1
38.280546448087435	5386	1
38.29633879781421	7830	1
38.2996174863388	6665	1
38.302240437158474	8418	1
38.307049180327866	5058	1
38.32147540983607	749	1
38.323442622950814	6096	1
38.33497267759562	5485	1
38.34568306010929	5670	1
38.395027322404374	6722	1
38.41459016393443	6030	1
38.415191256830596	5059	1
38.42114754098361	5613	1
38.424153005464476	2144	1
38.449234972677594	6603	1
38.47398907103825	5175	1
38.54814207650273	6609	1
38.56355191256831	4365	1
38.621092896174865	3376	1
38.629234972677594	9023	1
38.641202185792345	1056	1
38.661475409836065	7132	1
38.7027868852459	5829	1
38.71322404371585	4961	1
38.71617486338798	1771	1
38.72387978142076	9754	1
38.74327868852459	2967	1
38.753989071038255	9940	1
38.759890710382514	3234	1
38.78289617486339	8230	1
38.79010928961749	1098	1
38.817158469945355	63	1
38.824043715847	7513	1
38.827923497267754	3277	1
38.837814207650275	6368	1
38.86590163934426	8275	1
38.86677595628415	9704	1
38.87284153005464	5821	1
38.87967213114754	2747	1
38.9224043715847	6832	1
38.92546448087431	9042	1
38.94191256830601	6839	1
38.95021857923498	694	1
38.96005464480874	5644	1
38.968415300546454	6537	1
39.010163934426224	6540	1
39.04934426229509	3469	1
39.07366120218579	8596	0
39.07868852459016	9022	1
39.099289617486335	4198	1
39.107158469945354	4499	1
39.15306010928961	6683	1
39.17207650273224	5075	1
39.18546448087432	6568	1
39.18781420765028	4590	1
39.18825136612022	1809	1
39.20109289617486	4963	1
39.21284153005465	7569	1
39.214590163934425	9010	1
39.240109289617486	4734	1
39.26710382513661	3443	1
39.27213114754098	4738	1
39.2775956284153	1936	1
39.284207650273224	1891	1
39.29289617486339	9341	1
39.307377049180324	8806	1
39.31371584699453	8521	1
39.32338797814208	3842	1
39.34765027322405	2001	1
39.353114754098364	5286	1
39.35355191256831	8662	1
39.35590163934426	4041	1
39.36726775956284	6086	1
39.38	8048	0
39.399453551912565	7074	1
39.40868852459016	9563	1
39.43644808743169	4929	1
39.45224043715847	6925	1
39.4668306010929	1628	1
39.495956284153	2768	1
39.514754098360655	7685	1
39.519726775956286	2586	1
39.546557377049176	1422	1
39.582185792349726	5457	1
39.598469945355184	1918	1
39.62655737704918	3147	1
39.661857923497266	5392	1
39.6631693989071	6791	1
39.66535519125683	2109	1
39.677158469945354	7286	1
39.68	7235	1
39.72901639344262	8899	1
39.80464480874317	6691	1
39.81666666666666	1397	1
39.826557377049184	1643	1
39.84196721311475	2798	1
39.843989071038244	9050	1
39.851256830601095	522	1
39.891693989071044	2840	1
39.92125683060109	6965	1
39.945519125683056	8714	1
39.95191256830601	4945	1
39.9848087431694	2343	1
39.98584699453552	4281	1
39.994098360655734	4935	1
39.99928961748634	1032	1
40.09431693989071	9570	1
40.10262295081967	4381	1
40.1507650273224	7644	1
40.16606557377049	7551	1
40.18464480874317	3492	1
40.18868852459016	2824	1
40.25043715846994	9632	1
40.25754098360655	5321	1
40.287213114754095	1998	1
40.291311475409834	6797	1
40.33191256830601	30	1
40.371912568306016	9743	1
40.37207650273224	4972	1
40.37814207650273	4641	1
40.40830601092896	3748	1
40.420109289617486	847	1
40.426120218579236	9300	1
40.43983606557377	2232	1
40.444371584699454	1902	1
40.5283606557377	5652	1
40.54005464480874	18	1
40.540710382513666	2636	1
40.55387978142077	3433	1
40.57748633879781	4169	1
40.58715846994535	8528	1
40.59306010928962	9510	1
40.62540983606557	2452	1
40.626666666666665	5513	1
40.63311475409836	4612	1
40.64344262295082	9970	1
40.718469945355196	6536	1
40.764371584699454	1199	1
40.76989071038252	4318	1
40.791311475409834	4160	1
40.80234972677596	6548	1
40.83087431693989	725	1
40.83721311475409	5818	1
40.84928961748634	3731	1
40.88021857923497	6070	1
40.891311475409836	6901	1
40.91273224043716	1807	1
40.91994535519126	9550	1
40.938743169398904	2430	1
40.938797814207646	5435	1
40.94229508196722	7291	1
40.945245901639346	4873	1
41.02016393442623	3673	1
41.067540983606555	2961	1
41.104863387978135	4097	1
41.10661202185793	9730	1
41.12710382513661	1205	1
41.189945355191256	517	1
41.27158469945355	9486	1
41.278251366120216	8253	1
41.294262295081964	2914	1
41.31251366120218	2003	1
41.313387978142075	289	1
41.319398907103825	7972	1
41.34765027322405	5028	1
41.38732240437158	3311	1
41.396885245901636	3358	1
41.40524590163934	4101	1
41.414153005464485	7073	1
41.42972677595629	9483	1
41.46885245901639	2471	1
41.486284153005464	1373	1
41.50349726775956	9061	1
41.50846994535519	4644	1
41.51229508196721	3336	1
41.608743169398906	7428	1
41.62114754098361	6228	1
41.644972677595625	8713	1
41.66497267759563	8067	1
41.68136612021858	7507	1
41.74021857923497	122	1
41.74327868852459	9168	1
41.764426229508196	4866	1
41.769289617486336	1638	1
41.77016393442623	4446	1
41.7927868852459	2079	1
41.79748633879781	7504	1
41.80049180327869	856	1
41.81901639344262	6338	1
41.84573770491803	1472	1
41.84923497267759	6970	1
41.865792349726775	4936	1
41.870327868852456	9826	1
41.87579234972677	2640	1
41.877049180327866	8215	1
41.89551912568306	1899	1
41.913333333333334	6942	1
41.92775956284153	2531	1
41.94273224043715	7270	1
41.94743169398907	6695	1
41.960437158469944	2149	1
41.97196721311475	1431	1
42.026775956284155	9084	1
42.03076502732241	4196	1
42.05224043715847	298	1
42.064207650273225	6391	1
42.0875956284153	2592	1
42.10846994535519	845	1
42.11617486338798	6317	1
42.14923497267759	7318	1
42.228415300546445	8499	1
42.24628415300546	8718	1
42.24994535519125	3702	1
42.2631693989071	3369	1
42.307103825136615	744	1
42.31584699453552	2169	1
42.32098360655738	5715	1
42.3596174863388	9833	1
42.36639344262295	6359	1
42.39672131147541	9932	1
42.39934426229508	4819	1
42.40989071038251	4852	1
42.4120218579235	2724	1
42.42163934426229	2783	1
42.44021857923497	5558	1
42.45568306010929	7164	1
42.46841530054645	5282	1
42.50398907103825	3254	1
42.52683060109289	5651	1
42.5279781420765	2795	1
42.54120218579235	3926	1
42.57530054644809	6934	1
42.60546448087431	9362	0
42.60672131147541	6704	1
42.65994535519126	7479	1
42.661366120218574	4071	1
42.66508196721311	6914	1
42.681912568306004	7673	1
42.72349726775956	2503	1
42.76262295081967	2199	1
42.797814207650276	5417	1
42.809726775956285	3159	1
42.83344262295082	8567	1
42.83781420765027	6348	1
42.856502732240436	5238	1
42.88803278688525	4167	1
42.89814207650274	3726	1
42.926830601092895	1421	1
42.94049180327869	281	1
42.94185792349727	6355	1
42.95497267759563	1911	1
42.97693989071038	5772	1
43.014153005464486	9276	1
43.017814207650275	4820	1
43.068251366120215	6500	1
43.095956284153004	2875	1
43.11218579234973	6461	1
43.12382513661202	1401	1
43.14584699453552	1679	1
43.14890710382514	6415	1
43.15639344262295	6781	1
43.16732240437158	5408	1
43.20207650273224	907	1
43.2107650273224	3089	1
43.256939890710385	5857	1
43.26502732240437	731	1
43.26939890710383	3508	1
43.274808743169395	9440	1
43.2768306010929	9381	1
43.28704918032787	2746	1
43.29775956284153	5919	1
43.298087431693986	4067	1
43.301857923497266	4724	1
43.33338797814208	2083	1
43.370327868852456	1534	1
43.381967213114756	8032	1
43.38338797814208	8731	1
43.400546448087425	1176	1
43.40743169398907	9967	1
43.42016393442623	1113	1
43.43371584699454	6214	1
43.450874316939895	5077	1
43.49103825136612	7163	1
43.49524590163934	7133	1
43.496775956284154	3001	0
43.50907103825136	4862	1
43.51185792349727	2498	1
43.51672131147541	6253	1
43.53945355191257	6728	1
43.57677595628415	6956	1
43.5772131147541	4679	1
43.58617486338798	7525	1
43.58639344262295	6678	1
43.60098360655737	547	1
43.603497267759565	2034	1
43.604207650273224	4731	1
43.60590163934426	3025	1
43.61732240437158	6206	1
43.6179781420765	163	1
43.62213114754098	8867	1
43.62868852459016	8436	1
43.62950819672131	31	1
43.641311475409836	7295	1
43.65639344262295	7895	1
43.669289617486335	2587	1
43.67426229508197	1687	1
43.685846994535524	7689	1
43.71546448087432	5496	1
43.727322404371584	912	1
43.75907103825136	3768	1
43.763661202185794	2874	1
43.7855737704918	7311	1
43.786502732240436	1984	1
43.79125683060109	379	1
43.80737704918033	7968	1
43.80797814207651	415	1
43.818797814207656	3481	1
43.84054644808743	6119	1
43.841857923497265	4697	1
43.857158469945354	6342	1
43.85841530054645	9764	1
43.86409836065574	6600	1
43.864972677595624	7047	1
43.91475409836066	6705	1
43.92852459016393	6790	1
43.942131147540984	5766	1
43.9431693989071	6428	1
43.96437158469946	5779	1
43.975081967213114	1085	1
43.97830601092896	2158	1
43.97896174863388	4744	1
43.98502732240437	7293	1
43.98710382513661	1650	1
44.012185792349726	8193	1
44.01234972677596	1882	1
44.032349726775955	3286	1
44.03945355191257	3911	1
44.04174863387978	6049	1
44.04781420765027	6998	1
44.060874316939895	9687	1
44.08366120218579	3236	1
44.10879781420765	7421	1
44.11628415300546	5327	1
44.12868852459016	2635	1
44.12901639344262	4403	1
44.138579234972674	7415	1
44.139781420765026	4049	1
44.15081967213115	8256	1
44.15497267759563	9995	1
44.18196721311475	1014	1
44.2124043715847	4658	1
44.226994535519125	3539	1
44.229234972677595	1777	1
44.238579234972676	32	1
44.23885245901639	8506	1
44.25147540983607	3394	1
44.34508196721311	6492	1
44.34978142076503	3339	1
44.36650273224044	4158	1
44.40196721311475	2242	1
44.40327868852459	4297	1
44.40704918032787	5986	1
44.425683060109286	9850	1
44.42748633879781	7883	1
44.45590163934426	78	1
44.45688524590164	6644	1
44.486010928961754	619	1
44.51590163934426	6932	1
44.52502732240438	1296	1
44.57469945355191	3836	1
44.59060109289617	1222	1
44.59743169398907	973	1
44.609398907103824	4362	1
44.61	1235	1
44.6275956284153	5905	1
44.6396174863388	8199	1
44.68426229508197	4946	1
44.68786885245901	4992	1
44.73377049180328	8337	1
44.739398907103826	6150	1
44.74819672131147	8555	1
44.78890710382514	3086	1
44.814098360655734	3833	1
44.81967213114754	5106	1
44.84415300546448	9945	1
44.84863387978142	6279	1
44.85469945355191	2595	1
44.900655737704916	6931	1
44.90584699453552	5202	1
44.92229508196721	2266	1
44.92808743169399	4248	1
44.92814207650273	6273	1
44.93158469945355	8957	1
44.93420765027322	2423	1
44.9348087431694	3706	1
44.96103825136612	6322	1
44.96666666666667	4719	1
44.967978142076504	5839	1
44.97344262295082	1025	1
44.99289617486338	3682	1
44.995409836065576	318	1
44.99857923497268	3729	1
45.010601092896174	8631	1
45.02049180327869	7024	1
45.03218579234972	7430	1
45.04136612021858	1463	1
45.04672131147541	4364	1
45.05092896174863	1048	1
45.0531693989071	6151	1
45.06218579234973	2007	1
45.065355191256835	5441	1
45.12814207650273	2904	1
45.14808743169399	3522	1
45.15054644808743	3856	1
45.15530054644809	8675	1
45.17103825136612	5101	1
45.174098360655734	4779	1
45.175300546448085	6109	1
45.22890710382514	4202	1
45.25185792349727	2869	1
45.255409836065574	7978	1
45.262513661202185	339	1
45.3027868852459	5259	1
45.30907103825137	4028	1
45.33601092896174	1022	1
45.34464480874317	3163	1
45.34639344262295	1417	1
45.36398907103825	8821	1
45.36573770491803	389	1
45.399071038251364	7647	1
45.42366120218579	6786	1
45.42393442622951	140	1
45.448907103825135	8171	1
45.537213114754095	5103	1
45.54234972677595	3829	1
45.552568306010926	8102	1
45.563005464480874	4721	1
45.56825136612022	6852	1
45.56879781420765	8061	1
45.56956284153006	1851	1
45.62027322404372	6238	1
45.63584699453551	3951	1
45.638579234972674	1096	1
45.64633879781421	9147	1
45.64852459016393	5530	1
45.74994535519126	3543	1
45.783060109289615	574	1
45.78415300546448	7696	1
45.80497267759563	764	1
45.83295081967213	861	1
45.84092896174864	9212	1
45.85950819672131	5366	1
45.90267759562842	9531	1
45.905464480874315	3353	1
45.947377049180325	540	1
45.978415300546445	1502	1
45.985628415300546	5004	1
45.98994535519126	9275	1
46.008032786885245	6694	1
46.01939890710382	7659	0
46.0272131147541	279	1
46.02879781420764	3439	1
46.061967213114755	162	1
46.062568306010924	9393	1
46.06491803278688	9594	1
46.09163934426229	2306	1
46.0924043715847	5372	1
46.11229508196721	3447	1
46.12661202185792	3994	1
46.18459016393443	6466	1
46.23131147540984	4005	1
46.232295081967216	7110	1
46.23540983606557	6400	1
46.27448087431694	155	1
46.281693989071044	9336	1
46.28327868852458	1301	1
46.28415300546448	5822	1
46.31021857923497	7005	1
46.3835519125683	679	1
46.3835519125683	6306	1
46.391256830601094	3483	1
46.41677595628415	8818	1
46.42327868852459	3115	1
46.42879781420765	9138	1
46.431420765027326	9044	1
46.436994535519126	7099	1
46.43934426229508	4414	1
46.45398907103825	593	1
46.48808743169399	1760	1
46.49360655737705	5591	1
46.50426229508197	1097	1
46.5496174863388	519	1
46.567158469945355	553	1
46.57551912568306	598	1
46.59967213114754	9134	1
46.65437158469945	5997	1
46.66535519125683	7032	1
46.672786885245905	4934	1
46.67322404371585	2735	1
46.67704918032786	1516	1
46.67765027322404	1725	1
46.70743169398907	1412	1
46.70874316939891	5615	1
46.75628415300547	2512	1
46.78743169398907	1977	1
46.80573770491803	2719	1
46.83710382513661	8354	1
46.887540983606556	5446	1
46.92513661202186	6808	1
46.96715846994535	3415	1
46.99535519125683	8693	1
47.0011475409836	3949	1
47.00710382513661	9434	1
47.007213114754094	4142	1
47.00792349726776	3518	1
47.02295081967213	2576	1
47.02825136612022	3816	1
47.04114754098361	7405	1
47.05267759562842	7431	1
47.0820218579235	3441	1
47.09901639344262	2926	1
47.11076502732241	7308	1
47.12382513661202	6489	1
47.13819672131147	5825	1
47.15633879781421	7838	1
47.16273224043716	8166	1
47.179125683060114	6645	1
47.19338797814207	7322	1
47.28934426229508	2501	1
47.291748633879784	2610	1
47.3255737704918	1252	1
47.34163934426229	4324	1
47.352677595628414	3991	1
47.3835519125683	9114	1
47.38377049180328	2633	1
47.41295081967213	5571	1
47.426010928961745	7760	1
47.46601092896175	9489	1
47.46693989071038	7776	1
47.472131147540985	3890	1
47.475136612021856	4425	1
47.52464480874317	4410	1
47.56852459016393	8412	1
47.57497267759563	6626	1
47.595628415300546	3632	1
47.59907103825137	240	1
47.64207650273224	2360	1
47.64453551912568	2583	1
47.66142076502732	405	1
47.68377049180328	5307	1
47.71508196721311	6830	1
47.72054644808743	3124	1
47.72967213114754	5946	1
47.734480874316944	1986	1
47.75306010928961	8147	1
47.776338797814205	1747	1
47.79010928961749	8748	1
47.8403825136612	3502	1
47.850491803278686	7302	1
47.86387978142076	1808	1
47.87650273224043	8079	1
47.904644808743164	2448	1
47.91049180327869	1768	1
47.92360655737705	625	1
47.925628415300544	7651	1
47.93857923497268	8648	1
47.94786885245902	5431	1
47.989617486338794	9453	1
47.99311475409836	139	1
48.003825136612015	4233	1
48.021202185792355	7400	1
48.02535519125683	3691	1
48.06650273224044	121	1
48.07644808743169	6515	1
48.09912568306011	9781	1
48.103060109289615	7207	1
48.10748633879781	3436	1
48.14010928961749	9917	1
48.18672131147541	1017	1
48.201256830601096	7201	1
48.205300546448086	2761	1
48.207431693989065	438	1
48.23732240437158	3608	1
48.25010928961749	7648	1
48.27158469945355	8415	1
48.27841530054645	3225	1
48.304043715846994	360	1
48.36196721311475	4815	1
48.366284153005466	4994	1
48.37114754098361	7639	1
48.3875956284153	7653	1
48.42229508196721	838	1
48.46688524590164	5459	1
48.47273224043715	6185	1
48.48464480874317	3337	1
48.48535519125683	8869	1
48.49251366120218	9192	1
48.51158469945355	8323	1
48.52617486338798	308	1
48.53251366120219	69	1
48.53770491803279	1580	1
48.53983606557377	8090	1
48.54262295081967	4911	1
48.558633879781425	151	1
48.597158469945356	669	1
48.59770491803278	9075	1
48.613934426229505	8286	1
48.627486338797816	7045	1
48.62879781420765	5771	1
48.653278688524594	4842	1
48.689562841530055	1068	1
48.69885245901639	8235	1
48.753169398907104	2511	1
48.8120218579235	9947	1
48.817431693989064	8617	1
48.8375956284153	2280	1
48.839945355191254	2557	1
48.84688524590164	2458	1
48.861311475409835	9527	1
48.88098360655737	591	1
48.88251366120219	3862	1
48.95448087431694	5445	1
48.9868306010929	9425	1
48.99475409836066	9706	1
49.01169398907104	302	1
49.019289617486336	3945	1
49.02950819672131	4908	1
49.04453551912568	8725	1
49.04808743169399	690	1
49.04890710382514	2375	1
49.064098360655734	757	1
49.06852459016393	8576	1
49.09956284153005	9961	1
49.1035519125683	4010	1
49.11289617486339	2180	1
49.13158469945355	2900	1
49.13174863387978	3975	1
49.16945355191256	7454	1
49.17360655737705	5079	1
49.17868852459016	9136	1
49.1827868852459	5842	1
49.1979781420765	1002	1
49.21819672131148	9717	1
49.220163934426225	2191	1
49.2455737704918	4311	1
49.24688524590164	8797	1
49.25409836065574	5091	1
49.27426229508197	9187	1
49.277486338797814	3586	1
49.28322404371585	5998	1
49.290601092896175	8566	1
49.29360655737705	6382	1
49.30907103825137	5220	1
49.31584699453551	8312	1
49.31688524590164	4277	1
49.32967213114754	9236	1
49.3448087431694	2200	1
49.350382513661195	4452	1
49.370765027322406	2935	1
49.38262295081967	3425	1
49.39912568306011	2714	1
49.40633879781421	2751	1
49.41918032786886	3789	1
49.46857923497267	6390	1
49.48382513661202	9029	1
49.49136612021858	7028	1
49.49218579234973	1450	1
49.52857923497268	721	1
49.575027322404374	8272	1
49.58530054644809	2674	1
49.587759562841526	49	1
49.59071038251366	9036	1
49.60021857923497	7138	1
49.627267759562834	5563	1
49.63535519125683	1842	1
49.63590163934426	4394	1
49.657814207650276	8020	1
49.66060109289617	1627	1
49.68584699453552	6431	1
49.686994535519126	1781	1
49.707486338797814	2952	1
49.726502732240434	330	1
49.744153005464476	6748	1
49.744207650273225	7332	1
49.74661202185792	1931	1
49.7496174863388	8763	1
49.76530054644809	9485	1
49.79147540983607	4493	1
49.80704918032787	5453	1
49.80825136612022	8008	1
49.81322404371584	8730	1
49.81360655737705	2728	1
49.829125683060106	8038	1
49.85961748633879	5199	0
49.87065573770492	8771	1
49.87907103825137	8792	1
49.91377049180328	4228	1
49.93710382513662	483	1
49.93928961748634	697	1
49.96967213114754	3087	1
49.99923497267759	2354	1
50.00644808743169	7119	1
50.02508196721311	6596	1
50.02584699453552	2659	1
50.03322404371585	975	1
50.03404371584699	8164	1
50.03830601092896	4530	1
50.04928961748634	4508	1
50.0651912568306	8319	1
50.06781420765027	3445	1
50.06945355191257	6533	1
50.091092896174864	5607	1
50.1072131147541	6966	1
50.127377049180325	6296	1
50.13950819672131	4405	1
50.151748633879784	8178	1
50.169344262295084	2267	1
50.17814207650273	5341	1
50.179071038251365	3983	1
50.18076502732241	1805	1
50.18748633879781	5763	1
50.1951912568306	8760	1
50.200054644808745	1746	1
50.20333333333333	7995	1
50.25382513661202	8754	1
50.27169398907104	6620	1
50.27989071038252	5506	1
50.28967213114754	7292	1
50.31546448087432	8206	1
50.33491803278688	2539	1
50.3551912568306	634	1
50.357158469945354	8467	1
50.373606557377045	9323	1
50.382295081967214	7814	1
50.38622950819672	4993	1
50.39825136612022	1530	1
50.41273224043716	1983	1
50.41431693989071	750	1
50.425956284153	5685	1
50.43743169398907	6802	1
50.43939890710382	5245	1
50.44857923497268	5944	1
50.45431693989071	9545	1
50.461256830601094	8145	1
50.46491803278688	226	1
50.465683060109285	4760	1
50.470273224043716	2071	1
50.472786885245895	984	1
50.47967213114754	5310	1
50.48267759562842	2524	1
50.48814207650273	5707	1
50.534480874316934	3130	1
50.55502732240437	1330	1
50.56103825136612	4213	1
50.57371584699454	6347	1
50.600874316939894	8	1
50.60131147540984	5791	1
50.61666666666667	7632	1
50.630437158469945	1774	1
50.63311475409836	4949	1
50.64710382513661	7662	1
50.66081967213115	6188	1
50.665956284153005	7918	1
50.68371584699454	539	1
50.689125683060105	3321	1
50.72551912568306	4513	1
50.72983606557377	2100	1
50.73617486338798	1941	1
50.779398907103825	8767	1
50.82448087431694	5991	1
50.83426229508197	9370	1
50.86295081967213	3571	1
50.88213114754098	3382	1
50.88879781420765	5739	1
50.891639344262295	8457	1
50.892021857923496	4421	1
50.8931693989071	195	1
50.898852459016396	4941	1
50.90409836065574	2024	1
50.90573770491803	4490	1
50.9087431693989	1904	1
50.91775956284153	1632	1
50.93786885245902	4625	1
50.98295081967213	8814	1
50.98448087431694	2689	1
51.00349726775956	8417	1
51.02535519125683	5795	1
51.03972677595629	145	1
51.048743169398904	7021	1
51.06382513661202	387	1
51.07622950819672	7898	1
51.14300546448087	1081	1
51.15371584699453	8692	1
51.177540983606555	9629	1
51.17994535519126	3678	1
51.186612021857925	9445	1
51.190327868852464	965	1
51.19939890710382	5488	1
51.22333333333333	962	1
51.24584699453552	5688	1
51.25267759562841	1844	1
51.252732240437155	2507	1
51.27704918032787	6794	1
51.310437158469945	2417	1
51.32590163934426	7931	1
51.34661202185792	959	1
51.368032786885244	5780	1
51.375573770491805	9127	1
51.37989071038251	7199	1
51.39699453551913	3982	1
51.40043715846995	6612	1
51.40540983606557	2580	1
51.436612021857925	6670	1
51.43852459016393	8167	1
51.450710382513655	3013	1
51.460546448087435	2593	1
51.48196721311476	4600	1
51.48311475409836	615	1
51.49065573770492	5900	1
51.50814207650273	5295	1
51.51939890710383	5552	1
51.524480874316936	2611	1
51.55153005464481	2057	1
51.55825136612022	9767	1
51.56060109289618	5205	1
51.561639344262296	3972	1
51.563387978142075	6463	1
51.56459016393442	2193	1
51.57344262295082	3470	1
51.58234972677595	524	1
51.586612021857924	2819	1
51.59098360655737	7948	1
51.59404371584699	1240	1
51.62989071038251	2930	1
51.64497267759563	235	1
51.67169398907104	7826	1
51.706338797814205	5197	1
51.74273224043716	1146	1
51.76016393442623	6059	1
51.763224043715844	3270	1
51.798142076502735	4567	1
51.80054644808743	5188	1
51.80721311475409	2947	1
51.807868852459016	1772	1
51.80797814207651	4845	1
51.808797814207644	6315	1
51.81098360655738	6628	1
51.86546448087432	4036	1
51.89180327868853	2696	1
51.89256830601093	3366	1
51.89879781420765	2249	1
51.907103825136616	8137	1
51.912622950819674	7722	1
51.921912568306006	1003	1
51.93901639344263	8434	1
51.95158469945355	6528	1
51.96	2757	1
51.97180327868852	9058	1
51.977377049180326	6072	1
51.985573770491804	9380	1
51.99295081967213	3212	1
51.999398907103824	363	1
52.015136612021855	7680	1
52.01743169398907	3978	1
52.02781420765027	4125	1
52.0403825136612	7684	1
52.05459016393442	9326	1
52.05754098360656	4535	1
52.07333333333333	4704	1
52.074262295081965	6364	1
52.10191256830601	5776	1
52.11628415300546	6870	1
52.12732240437159	2226	1
52.133825136612025	4879	1
52.134918032786885	4937	1
52.149180327868855	7809	1
52.14928961748634	9984	1
52.149836065573766	9320	1
52.15207650273224	5429	1
52.15497267759563	6964	1
52.15765027322404	1658	1
52.183169398907104	5924	1
52.18601092896175	1385	1
52.1903825136612	3802	1
52.19256830601093	1049	1
52.19928961748634	8190	1
52.204426229508194	5973	1
52.23945355191256	9548	1
52.24475409836065	6275	1
52.24666666666666	3279	1
52.25644808743169	3176	1
52.2668306010929	7694	1
52.286393442622945	416	1
52.310819672131146	3479	1
52.31819672131147	4539	1
52.31819672131147	7832	1
52.33945355191256	7492	1
52.35617486338798	6196	1
52.366994535519126	9255	1
52.36868852459016	4078	1
52.380819672131146	5073	1
52.39606557377049	7589	1
52.402513661202185	2893	1
52.40754098360656	9966	1
52.41765027322405	6521	1
52.422240437158464	154	1
52.43043715846994	8587	1
52.439562841530055	8213	1
52.44672131147541	9789	1
52.45109289617486	5428	1
52.45885245901639	6933	1
52.4683606557377	6534	1
52.50945355191257	6760	1
52.52497267759563	1945	1
52.56661202185792	4304	1
52.57409836065573	4448	1
52.584371584699454	6404	1
52.58857923497268	7764	1
52.592185792349724	1589	1
52.618852459016395	6859	1
52.6351912568306	623	1
52.64710382513661	7915	1
52.647213114754095	5039	1
52.655519125683064	1198	1
52.665136612021854	2340	1
52.68300546448088	7289	1
52.69469945355191	4768	1
52.71071038251365	3182	1
52.72109289617486	1880	1
52.73628415300546	9451	1
52.744972677595634	3456	1
52.75868852459017	6277	1
52.79415300546448	7527	1
52.80218579234973	2037	1
52.80879781420765	2223	1
52.810874316939895	4696	1
52.82185792349727	5010	1
52.83928961748634	6025	1
52.8439344262295	3030	1
52.86191256830601	3930	1
52.87098360655738	7521	1
52.88	8299	1
52.880819672131146	6981	1
52.89147540983606	5487	1
52.89486338797814	4983	1
52.89743169398907	4453	1
52.93087431693989	6356	1
52.9655737704918	3371	1
52.96743169398907	8216	0
52.97229508196722	5756	1
52.98868852459016	5700	1
53.02049180327869	9551	1
53.05770491803279	7385	1
53.06120218579235	48	1
53.0792349726776	5504	1
53.08032786885246	6142	1
53.08049180327868	8940	1
53.09180327868852	158	1
53.09213114754098	8033	1
53.09311475409836	7440	1
53.114043715847	7800	1
53.125191256830604	329	1
53.126284153005464	7202	1
53.139398907103825	1437	1
53.14666666666666	5460	1
53.14967213114754	1833	1
53.15076502732241	58	1
53.16874316939891	521	1
53.177158469945354	7346	1
53.17901639344262	5150	1
53.19775956284153	837	1
53.221366120218576	6973	1
53.22382513661202	2514	1
53.23431693989071	6487	1
53.265956284153006	3752	1
53.267103825136616	1947	1
53.299234972677596	2594	1
53.31781420765027	955	1
53.32890710382513	66	1
53.34005464480874	4486	1
53.348907103825134	8780	1
53.371693989071034	742	1
53.40601092896175	8541	1
53.41289617486339	1478	1
53.419672131147536	4777	1
53.42508196721312	2962	1
53.439562841530055	8788	1
53.44081967213115	5224	1
53.45781420765027	8856	1
53.45874316939891	6303	1
53.46371584699453	7257	1
53.48213114754098	4598	1
53.490491803278694	7241	1
53.49453551912568	8674	1
53.5055737704918	5807	1
53.516666666666666	4841	1
53.52136612021858	9747	1
53.53546448087432	5630	1
53.538688524590164	7048	1
53.540163934426225	6753	1
53.54032786885246	9111	1
53.54377049180328	8989	1
53.54972677595628	2480	1
53.55147540983606	9117	1
53.552568306010926	1906	1
53.55606557377049	1572	1
53.56092896174864	6976	1
53.56409836065574	8388	1
53.566338797814204	8352	1
53.57972677595628	3672	1
53.58431693989071	3835	1
53.58524590163934	7749	1
53.58907103825137	7709	1
53.59081967213115	6917	1
53.59688524590164	5280	1
53.59868852459016	8556	1
53.61142076502732	865	1
53.61153005464481	3185	1
53.61655737704918	7480	1
53.624043715846994	9144	1
53.625027322404364	9817	1
53.64497267759563	149	1
53.649890710382515	3512	1
53.650655737704916	6006	1
53.6516393442623	6801	1
53.654371584699454	8513	1
53.65819672131148	9025	1
53.660054644808746	6779	1
53.66601092896175	8201	1
53.674207650273225	3985	1
53.712786885245905	1117	1
53.71775956284153	8773	1
53.74748633879781	2238	1
53.74863387978142	3307	1
53.7492349726776	2013	1
53.76081967213115	7333	1
53.76196721311475	1290	1
53.79005464480874	876	1
53.79344262295082	7112	1
53.799180327868854	3786	1
53.81732240437158	5474	1
53.81912568306011	2053	1
53.82262295081967	2150	1
53.82273224043716	9384	1
53.82650273224044	5030	1
53.833114754098354	969	1
53.85748633879781	6201	1
53.87808743169399	2588	1
53.89415300546448	2760	1
53.91103825136612	1699	1
53.91393442622951	3828	1
53.923442622950816	8987	1
53.92972677595628	5948	1
53.94136612021858	8595	1
53.94229508196721	9246	1
53.94398907103825	8652	1
53.957267759562846	9702	1
53.97912568306011	4020	1
53.98153005464481	8560	1
53.98284153005465	1963	1
54.01420765027323	9657	1
54.026393442622954	2924	1
54.030382513661195	5422	1
54.036120218579235	225	1
54.03622950819672	7936	1
54.036721311475404	5434	1
54.0464480874317	9230	1
54.06191256830601	4472	1
54.07852459016394	855	1
54.09420765027322	7022	1
54.097377049180324	435	1
54.10256830601093	6412	1
54.10863387978142	9009	1
54.130546448087436	7188	1
54.13120218579235	2868	1
54.14185792349727	6068	1
54.14688524590164	8703	1
54.1727868852459	9441	1
54.1807650273224	167	1
54.18262295081967	6235	1
54.185792349726775	4847	1
54.209071038251366	989	1
54.21262295081967	3517	1
54.21852459016393	8944	1
54.22125683060109	1316	1
54.22185792349726	4024	1
54.22715846994535	1871	1
54.24431693989071	9213	1
54.25437158469945	7716	1
54.25754098360655	5047	1
54.26852459016393	1557	1
54.293169398907104	7558	1
54.29551912568306	5358	1
54.29885245901639	2367	1
54.312677595628415	3848	1
54.31672131147541	7456	1
54.32486338797814	2934	1
54.32519125683061	3169	1
54.356120218579235	9615	1
54.40267759562842	3851	1
54.40967213114754	9923	1
54.42584699453552	6941	1
54.42841530054645	5121	1
54.43601092896174	9231	1
54.43628415300546	8650	1
54.43879781420765	9452	1
54.43978142076502	9047	1
54.479562841530054	5577	1
54.49213114754099	2725	1
54.50480874316939	3667	1
54.560163934426235	2762	1
54.57185792349726	9304	1
54.575792349726775	9166	1
54.59360655737705	6209	1
54.59639344262295	999	1
54.59907103825137	9343	1
54.61306010928962	5956	1
54.6168306010929	8390	1
54.62103825136612	5163	1
54.634863387978136	5794	1
54.63617486338797	6847	1
54.65136612021858	9018	1
54.65191256830601	8667	1
54.65191256830601	9430	1
54.664480874316936	735	1
54.66612021857924	1765	1
54.675956284153	2748	1
54.68633879781421	8108	1
54.68743169398907	9227	1
54.70765027322404	7902	1
54.71584699453552	2805	1
54.71693989071038	2565	1
54.72185792349726	4175	1
54.73060109289617	6553	1
54.75628415300547	9838	1
54.769945355191254	3888	1
54.779781420765026	5049	1
54.78142076502733	7165	1
54.78142076502733	6176	1
54.790163934426225	2197	1
54.790163934426225	1405	1
54.79617486338798	932	1
54.79672131147541	265	1
54.79890710382514	3906	1
54.812568306010924	5375	1
54.83114754098361	7413	1
54.843715846994535	5074	1
54.84918032786885	7025	1
54.85956284153005	9655	1
54.87213114754098	3580	1
54.883060109289616	4454	1
54.895081967213116	8954	1
54.899453551912565	3472	1
54.926775956284146	196	1
54.92732240437158	4032	1
54.92732240437158	3917	1
54.944808743169396	564	1
54.95956284153005	9252	1
54.960109289617485	868	1
54.971038251366124	1434	1
54.974316939890706	3688	1
54.982513661202184	9518	1
55.01967213114754	8060	1
55.03114754098361	8698	1
55.03442622950819	755	1
55.03606557377049	304	1
55.042076502732236	3151	1
55.04371584699454	2398	1
55.05355191256831	719	1
55.069398907103825	3390	1
55.07322404371585	9665	1
55.07704918032787	1042	1
55.07704918032787	9662	1
55.10054644808743	3020	1
55.10054644808743	3340	1
55.10437158469945	6437	1
55.10928961748633	8058	1
55.113661202185796	327	1
55.12404371584699	3671	1
55.13497267759563	3770	1
55.15191256830601	1461	1
55.19617486338798	3919	1
55.203825136612025	6308	1
55.20874316939891	4201	1
55.21639344262295	5080	1
55.22295081967213	6897	1
55.23551912568306	2320	1
55.24590163934426	5580	1
55.24808743169399	2919	1
55.25027322404372	6226	1
55.259562841530055	3621	1
55.259562841530055	3012	1
55.261748633879776	916	1
55.26338797814208	3740	1
55.26393442622951	5985	1
55.26612021857924	2015	1
55.27814207650273	6084	1
55.280874316939894	9313	1
55.283060109289615	7425	1
55.30710382513661	807	1
55.31857923497268	7162	1
55.32513661202186	419	1
55.3327868852459	5575	1
55.362841530054645	4868	1
55.39344262295082	8273	1
55.416393442622955	2873	1
55.421857923497264	8126	1
55.42732240437158	3703	1
55.44153005464481	5509	1
55.442076502732235	7943	1
55.44262295081967	9100	1
55.45191256830601	5016	1
55.45901639344262	830	1
55.46448087431694	52	1
55.47704918032787	206	1
55.50218579234973	7969	1
55.53661202185792	4460	1
55.539890710382515	4374	1
55.54262295081967	4546	1
55.548087431693986	732	1
55.55956284153005	5218	1
55.571584699453545	6924	1
55.57267759562841	5833	1
55.58032786885246	1457	1
55.58196721311475	7254	1
55.5912568306011	1345	1
55.60655737704918	8024	1
55.61530054644809	5749	1
55.61639344262294	439	1
55.63387978142076	3542	1
55.647540983606554	291	1
55.665573770491804	7384	1
55.67213114754098	2377	1
55.67377049180328	1104	1
55.69672131147541	3468	1
55.70437158469945	8871	1
55.7103825136612	2575	1
55.71147540983606	5303	1
55.71584699453552	7108	1
55.719125683060106	2788	1
55.72404371584699	6089	1
55.72677595628415	4323	1
55.727322404371584	9982	1
55.733333333333334	3174	1
55.73934426229508	9228	1
55.75081967213115	8531	1
55.75300546448087	853	1
55.77540983606557	5468	1
55.785792349726776	9778	1
55.808196721311475	4826	1
55.83387978142076	8401	1
55.869945355191255	798	1
55.875956284153006	8629	1
55.88579234972678	8896	1
55.88688524590164	6173	1
55.89672131147541	8295	1
55.90437158469945	5362	1
55.90601092896175	6599	1
55.9224043715847	6061	1
55.9327868852459	5240	1
55.93551912568306	2245	1
55.94153005464481	217	1
55.9431693989071	6873	1
55.96338797814208	80	1
55.96775956284153	1365	1
55.97267759562841	8009	1
55.9775956284153	3301	1
55.98087431693989	4563	1
56.00655737704918	6161	1
56.026229508196714	4386	1
56.026229508196714	4906	1
56.03442622950819	4399	1
56.0415300546448	5589	1
56.04754098360656	6230	1
56.051366120218574	9853	1
56.0655737704918	2916	1
56.0863387978142	7857	1
56.098907103825134	3581	1
56.12131147540983	7297	1
56.147540983606554	203	1
56.169398907103826	7613	1
56.17103825136612	5548	1
56.17595628415301	5814	1
56.19344262295082	1525	1
56.19562841530055	3723	1
56.20327868852459	4433	1
56.20382513661202	1817	1
56.2087431693989	4495	1
56.210928961748635	8511	1
56.21311475409836	1849	1
56.22677595628415	4650	1
56.227322404371584	6855	1
56.24972677595628	6316	1
56.2896174863388	6294	1
56.29289617486339	3564	1
56.31256830601093	7823	1
56.327322404371586	4150	1
56.32786885245902	5543	1
56.33224043715847	863	1
56.34316939890711	588	1
56.34699453551912	4759	1
56.349726775956285	322	1
56.355737704918035	6128	1
56.356830601092895	2305	1
56.362841530054645	3114	1
56.36502732240437	4328	1
56.369945355191255	8045	1
56.37213114754098	6916	1
56.38688524590164	5782	1
56.39672131147541	9037	1
56.4	4083	1
56.401092896174866	4359	1
56.406557377049175	2678	1
56.40928961748634	2625	1
56.433879781420764	9672	1
56.472131147540985	6949	1
56.47595628415301	2996	1
56.483606557377044	1064	1
56.51530054644809	5535	1
56.527868852459015	2852	1
56.5311475409836	6114	1
56.56502732240437	9181	1
56.5672131147541	3237	1
56.57868852459016	2038	1
56.57923497267759	9710	1
56.600546448087435	8977	1
56.62841530054645	9149	1
56.63224043715847	6707	1
56.63442622950819	7873	1
56.65081967213115	8574	1
56.65628415300546	8905	1
56.66065573770492	7380	1
56.66775956284153	710	1
56.67814207650273	5583	1
56.69726775956284	6208	1
56.70710382513661	724	1
56.70983606557377	5969	1
56.723497267759555	2876	1
56.734426229508195	3122	1
56.74262295081967	2421	1
56.773770491803276	8317	1
56.79890710382514	5557	1
56.808196721311475	116	1
56.80983606557377	1542	1
56.81092896174864	4126	1
56.82513661202186	9405	1
56.82950819672131	1830	1
56.83005464480874	950	1
56.8311475409836	4966	1
56.83934426229508	3547	1
56.83989071038251	8069	1
56.84699453551912	795	1
56.871038251366116	5339	1
56.8775956284153	665	1
56.91256830601093	201	1
56.91311475409836	7798	1
56.92131147540983	1923	1
56.9327868852459	8864	1
56.94754098360656	6937	1
56.967213114754095	8789	1
56.96830601092896	8979	1
56.96885245901639	5005	1
56.97267759562842	261	0
56.97322404371585	7675	1
56.97540983606557	8602	1
56.99617486338798	6459	1
57.05245901639344	8665	1
57.06284153005465	9502	1
57.07049180327869	741	1
57.07103825136612	1822	1
57.075409836065575	6984	1
57.0792349726776	2168	1
57.08524590163935	793	1
57.08688524590164	5894	1
57.1103825136612	4017	1
57.1224043715847	5989	1
57.12732240437158	3221	1
57.159562841530054	6992	1
57.166666666666664	3937	1
57.18415300546448	8756	1
57.18579234972678	106	1
57.19344262295081	371	1
57.19453551912568	8385	1
57.2	5267	1
57.214207650273224	9160	1
57.219125683060106	7387	1
57.22349726775956	3309	1
57.22404371584699	8223	1
57.234426229508195	7944	1
57.26065573770492	1419	1
57.2672131147541	1582	1
57.277049180327865	527	1
57.27868852459016	1476	1
57.28360655737705	3259	1
57.29234972677595	5729	1
57.29289617486339	9066	1
57.297814207650276	8927	1
57.3	9819	1
57.30491803278689	2304	1
57.31584699453551	5304	1
57.31584699453551	5308	1
57.32295081967213	5007	1
57.32404371584699	1712	1
57.33934426229508	6334	1
57.35136612021858	4424	1
57.36229508196721	2707	1
57.36502732240437	9809	1
57.3672131147541	8799	1
57.4087431693989	4361	1
57.418579234972675	9462	1
57.44371584699453	800	1
57.44754098360656	9415	1
57.457923497267764	4393	1
57.47377049180328	4074	1
57.483606557377044	2673	1
57.48797814207651	7669	1
57.489617486338794	297	1
57.50601092896174	8081	1
57.517486338797816	7239	1
57.52732240437158	8717	1
57.543169398907104	4166	1
57.54371584699453	8850	1
57.56065573770492	1995	1
57.57431693989071	5229	1
57.57431693989071	4643	1
57.576502732240435	4545	1
57.60327868852458	3645	1
57.60655737704918	7232	1
57.61584699453552	7523	1
57.62459016393443	1280	1
57.643169398907105	1143	1
57.64590163934426	9121	1
57.65191256830601	440	1
57.65901639344262	7687	1
57.66174863387978	2456	1
57.6863387978142	8342	1
57.71530054644809	8088	1
57.739344262295084	3838	1
57.75628415300546	8239	1
57.771038251366114	8967	1
57.77431693989071	7768	1
57.787978142076504	6545	1
57.815300546448086	2942	1
57.84316939890711	1522	1
57.85737704918033	5930	1
57.85792349726776	9814	1
57.86885245901639	878	1
57.87431693989071	3689	1
57.889071038251366	8572	1
57.8896174863388	2264	1
57.895081967213116	7519	1
57.956830601092896	9745	1
57.95737704918033	3363	1
57.961202185792345	3865	1
57.96338797814207	3284	1
57.98688524590164	6003	1
57.99289617486339	1209	1
58.014754098360655	1865	1
58.015846994535515	9544	1
58.03879781420765	8952	1
58.03934426229508	4557	1
58.05737704918033	5891	1
58.062295081967214	9287	1
58.06830601092896	374	1
58.080874316939884	7278	1
58.104918032786884	8962	1
58.1224043715847	4761	1
58.12677595628415	9350	1
58.14918032786885	7225	1
58.156284153005465	2722	1
58.15901639344262	6696	1
58.16284153005465	2648	1
58.1672131147541	3823	1
58.175409836065576	7342	1
58.177595628415304	4823	1
58.191803278688525	26	1
58.228415300546445	8839	1
58.23770491803279	7599	1
58.24098360655737	4367	1
58.25300546448088	4501	1
58.25737704918033	5682	1
58.26120218579235	899	1
58.26775956284153	2818	1
58.26939890710383	3402	1
58.277595628415305	5371	1
58.27923497267759	7469	1
58.28251366120219	8660	1
58.28360655737705	7607	0
58.297814207650276	4979	1
58.307103825136615	4331	1
58.31311475409836	3624	1
58.3224043715847	5995	1
58.33606557377049	7071	1
58.33934426229508	5124	1
58.35792349726776	2329	1
58.36065573770492	9161	1
58.362841530054645	6572	1
58.38087431693989	9919	1
58.392349726775954	1469	1
58.39289617486339	3927	1
58.42131147540984	1251	1
58.425683060109286	2880	1
58.43333333333333	5108	1
58.44644808743169	5234	1
58.446994535519124	7615	1
58.507650273224044	1169	1
58.51311475409835	980	1
58.5207650273224	7116	1
58.52404371584699	5499	1
58.52568306010929	9262	1
58.52950819672131	6749	1
58.53551912568307	9056	1
58.53661202185792	8296	1
58.53770491803279	8085	1
58.5448087431694	4601	1
58.54972677595629	4617	1
58.557923497267765	5138	1
58.56174863387978	434	1
58.58524590163935	3300	1
58.58688524590164	9949	1
58.59398907103825	45	1
58.64207650273224	4392	1
58.679781420765025	4161	1
58.68196721311475	3573	1
58.68688524590164	4082	1
58.69398907103825	3132	1
58.696174863387974	5393	1
58.69672131147541	2069	1
58.73169398907104	4139	1
58.735519125683055	5155	1
58.75300546448087	5196	1
58.76775956284153	4582	1
58.775956284153004	6168	1
58.807103825136615	7230	1
58.81530054644809	5787	1
58.81912568306011	3657	1
58.81967213114754	909	1
58.84207650273224	1507	1
58.845355191256836	6508	1
58.84699453551912	5098	1
58.86174863387978	7940	1
58.87650273224044	7980	1
58.88579234972677	1761	1
58.89180327868853	1512	1
58.91639344262295	6714	1
58.925683060109286	1954	1
58.92732240437159	6063	1
58.95300546448087	2438	1
58.96065573770491	1803	1
58.98142076502732	9497	1
58.98469945355191	1832	1
58.98579234972677	6758	1
58.98907103825137	5716	1
58.999453551912566	6332	1
59.00109289617486	57	1
59.02622950819672	3556	1
59.03879781420765	9761	1
59.046994535519126	9986	1
59.06284153005464	3999	1
59.104918032786884	399	1
59.106010928961744	5724	1
59.11639344262295	6727	1
59.12295081967213	1612	1
59.14808743169399	3796	1
59.14863387978142	8051	1
59.191803278688525	6810	1
59.19726775956284	7614	1
59.216939890710385	2436	1
59.268852459016394	4504	1
59.28415300546448	13	1
59.28743169398907	8798	1
59.29453551912568	5064	1
59.300000000000004	8077	1
59.302185792349725	1165	1
59.30765027322405	7391	1
59.308196721311475	8685	1
59.3224043715847	5929	1
59.33114754098361	3319	1
59.33387978142076	2988	1
59.33551912568306	1981	1
59.33715846994536	911	1
59.352459016393446	6702	1
59.35409836065574	9135	1
59.36284153005464	6032	1
59.37158469945355	3249	1
59.37267759562841	5226	1
59.38524590163934	8416	1
59.40218579234973	56	1
59.41366120218579	1335	1
59.41967213114754	1083	1
59.42021857923497	5529	1
59.432786885245896	1884	1
59.438797814207646	3523	1
59.45792349726776	3239	1
59.47704918032787	8018	1
59.490163934426235	7350	1
59.528961748633876	7200	1
59.538251366120214	6648	1
59.54972677595629	4	1
59.55300546448087	2972	1
59.55573770491803	9086	1
59.562295081967214	6281	1
59.56393442622951	7319	1
59.56994535519126	2929	1
59.576502732240435	4947	1
59.57868852459016	5968	1
59.583606557377045	2672	1
59.59508196721312	6715	1
59.601639344262296	9490	1
59.60546448087431	2429	1
59.608743169398906	3808	1
59.613114754098355	311	1
59.62131147540983	9035	1
59.624043715846994	7175	1
59.62568306010929	314	1
59.62841530054644	6327	1
59.63387978142077	8807	1
59.63606557377049	9417	1
59.651366120218576	9859	1
59.65300546448087	8321	1
59.68196721311475	5560	1
59.68306010928961	3500	1
59.68524590163934	9992	1
59.698907103825135	294	1
59.7	4335	1
59.708196721311474	2275	1
59.71475409836066	209	1
59.71639344262295	5374	1
59.718032786885246	8078	1
59.7431693989071	6895	1
59.74426229508197	1593	1
59.75901639344262	7738	1
59.765027322404364	6429	1
59.7655737704918	7027	1
59.77158469945355	4730	1
59.77267759562841	7407	1
59.774863387978144	5913	1
59.77923497267759	7630	1
59.79125683060109	1269	1
59.79781420765027	575	1
59.7983606557377	9265	1
59.80655737704918	1483	1
59.810382513661196	5125	1
59.81147540983606	2605	1
59.81693989071039	16	1
59.81803278688524	9547	1
59.82185792349727	5918	1
59.8224043715847	7463	1
59.832786885245895	6033	1
59.846448087431696	247	1
59.89508196721311	6570	1
59.90163934426229	7514	1
59.915846994535514	4355	1
59.940983606557374	8209	1
59.946994535519124	7981	1
59.948087431693985	3476	1
59.951912568306014	5941	1
59.951912568306014	3427	1
59.95464480874317	9309	1
59.959016393442624	4156	1
59.960109289617485	8025	1
59.96994535519125	3098	1
59.972131147540985	1908	1
59.97814207650273	9685	1
59.98579234972677	2173	1
59.986338797814206	8400	1
59.99016393442623	1688	1
60.011475409836066	1444	1
60.01311475409836	3603	1
60.01912568306011	144	1
60.03770491803278	974	1
60.051912568306015	3774	1
60.066120218579236	6473	1
60.066120218579236	3355	1
60.07868852459016	8598	1
60.10109289617486	8953	1
60.10218579234973	7576	1
60.10437158469946	107	1
60.113114754098355	7347	1
60.12459016393443	1883	1
60.12568306010929	6860	1
60.13005464480874	1686	1
60.1431693989071	5093	1
60.14863387978142	5508	1
60.159562841530054	4373	1
60.192896174863385	3605	1
60.19508196721311	5430	1
60.19945355191257	191	1
60.20218579234973	6341	1
60.20928961748634	5407	1
60.2103825136612	7997	1
60.21584699453552	1564	1
60.23606557377049	7255	1
60.2448087431694	3793	1
60.265027322404364	4187	1
60.2879781420765	2261	1
60.29344262295082	2969	1
60.29945355191257	9368	1
60.309836065573776	4239	1
60.31967213114754	7214	1
60.324043715847	9715	1
60.33879781420765	2806	1
60.34098360655737	8663	1
60.34918032786885	3696	1
60.36120218579235	11	1
60.37158469945355	3901	1
60.37267759562841	1662	1
60.37377049180328	9887	1
60.38688524590164	9944	1
60.387431693989065	6027	1
60.39289617486339	1234	1
60.398360655737704	192	1
60.409836065573764	5542	1
60.41092896174863	711	1
60.412568306010925	8483	1
60.41584699453552	7907	1
60.43005464480874	2630	1
60.4344262295082	3073	1
60.43989071038251	5717	1
60.44644808743169	3397	1
60.46775956284153	4872	1
60.48524590163934	9324	1
60.493442622950816	6002	1
60.49672131147541	4342	1
60.505464480874316	3788	1
60.51256830601093	3847	1
60.52622950819672	924	1
60.53606557377049	918	1
60.53606557377049	7498	1
60.53715846994536	6395	1
60.54262295081967	7819	1
60.546994535519126	5166	1
60.55956284153006	7091	1
60.566120218579236	1779	1
60.570491803278685	2643	1
60.58743169398907	3858	1
60.5983606557377	328	1
60.620765027322406	6123	1
60.63497267759563	3931	1
60.638251366120215	367	1
60.64262295081967	934	1
60.66010928961748	9487	1
60.6879781420765	2014	1
60.69945355191257	2382	1
60.70655737704918	8537	1
60.737158469945356	7535	1
60.75901639344262	4584	1
60.775956284153004	3878	1
60.796174863387975	4208	1
60.814207650273225	3491	1
60.82295081967213	9885	1
60.834426229508196	9226	1
60.837704918032784	6833	1
60.83989071038251	7484	1
60.85027322404371	3578	1
60.88688524590164	8007	1
60.90382513661202	9593	1
60.91475409836065	5066	1
60.91748633879781	1558	0
60.93169398907104	6804	1
60.936612021857925	6881	1
60.94426229508197	9974	1
60.956830601092896	1112	1
60.96284153005464	9404	1
60.96284153005464	103	1
60.96448087431694	2274	1
60.97650273224044	6502	1
60.98306010928962	2812	1
60.988524590163934	9376	1
60.99016393442623	1691	1
60.991256830601095	8704	1
61.002732240437155	8502	1
61.00327868852459	5620	1
61.008743169398905	3869	1
61.02131147540984	7671	1
61.02568306010929	3125	1
61.026775956284155	587	1
61.03169398907104	9220	1
61.03169398907104	1053	1
61.03333333333333	8696	1
61.03661202185793	9196	1
61.04754098360655	2005	1
61.060109289617486	1892	1
61.06448087431694	8039	1
61.08743169398907	5770	1
61.09836065573771	3841	1
61.10109289617486	5601	1
61.10928961748634	9616	1
61.11475409836065	3699	1
61.12950819672131	1524	1
61.14262295081967	4954	1
61.143169398907105	9011	1
61.14699453551913	5510	1
61.1568306010929	3364	1
61.17540983606557	8023	1
61.191803278688525	9419	1
61.192896174863385	5423	1
61.2016393442623	3694	1
61.208196721311474	2255	1
61.20983606557377	5246	1
61.214207650273224	6646	1
61.22568306010929	3442	1
61.23606557377049	1166	1
61.23989071038251	9610	1
61.24153005464481	320	1
61.24371584699453	1471	1
61.25245901639344	3242	1
61.25956284153005	9666	1
61.26338797814208	4155	1
61.275956284153004	3288	1
61.28524590163934	6842	1
61.29071038251366	9751	1
61.3	7459	1
61.30983606557377	4278	1
61.31202185792349	89	1
61.31912568306011	2114	1
61.32896174863388	6104	1
61.356830601092895	1800	1
61.361748633879785	8433	1
61.362841530054645	2720	1
61.367213114754094	5646	1
61.372131147540976	2156	1
61.37267759562841	323	1
61.38415300546448	4444	1
61.389071038251366	402	1
61.390163934426226	5731	1
61.391256830601094	5270	1
61.4	1541	1
61.41366120218579	3312	1
61.418579234972675	8892	1
61.42732240437158	4211	1
61.4431693989071	111	1
61.45573770491803	2301	1
61.46502732240437	8247	1
61.48688524590164	7822	1
61.49016393442623	2977	1
61.491256830601095	3031	1
61.49672131147541	4031	1
61.502732240437155	7435	1
61.502732240437155	4569	1
61.51256830601093	1561	1
61.515846994535515	8816	1
61.51748633879781	6673	1
61.53005464480874	6008	1
61.54426229508197	9983	1
61.55081967213115	2759	1
61.553005464480876	6456	1
61.55956284153005	6950	1
61.56229508196721	7411	1
61.60054644808743	6436	1
61.60437158469946	949	1
61.616939890710384	3395	1
61.618032786885244	5611	1
61.62240437158469	1328	1
61.631147540983605	9364	1
61.6344262295082	3633	1
61.6551912568306	3707	1
61.68087431693989	3041	1
61.68633879781421	461	1
61.68852459016394	7475	1
61.69617486338798	875	1
61.70546448087431	9519	1
61.72677595628416	4967	1
61.74262295081967	1070	1
61.75027322404372	2979	1
61.77322404371585	7640	1
61.780874316939894	5943	1
61.78251366120218	6064	1
61.78524590163934	2466	1
61.786885245901644	9322	1
61.80054644808743	8975	1
61.80491803278688	4370	1
61.81092896174864	9257	1
61.815300546448086	774	1
61.82732240437158	3365	1
61.833333333333336	5337	1
61.841530054644814	913	1
61.85846994535519	7759	1
61.88196721311475	6329	1
61.89180327868853	1694	1
61.90327868852459	1299	1
61.92185792349727	9260	1
61.92622950819672	3589	1
61.94535519125683	7146	1
61.94754098360656	4861	1
61.96284153005465	4230	1
61.96502732240437	5984	1
61.97540983606557	9680	1
61.988524590163934	5069	1
61.992349726775956	677	1
62.000546448087434	5996	1
62.0103825136612	3730	1
62.02185792349727	7460	1
62.042076502732236	359	1
62.04644808743169	6132	1
62.04699453551912	3922	1
62.04754098360655	8443	1
62.054098360655736	2392	1
62.07103825136612	1289	1
62.07595628415301	2327	1
62.08524590163934	7885	1
62.09016393442623	7664	1
62.09071038251366	3488	1
62.09781420765027	5880	1
62.09945355191257	5087	1
62.10983606557377	5172	1
62.11147540983607	9258	1
62.121857923497274	7515	1
62.12732240437158	1616	1
62.13879781420765	9225	1
62.157377049180326	2834	1
62.174316939890716	1961	1
62.19234972677595	423	1
62.212021857923496	2262	1
62.21912568306011	7354	1
62.22185792349726	5867	1
62.22677595628416	7389	1
62.23387978142077	4604	1
62.24207650273224	3750	1
62.24207650273224	309	1
62.243169398907106	2097	1
62.24480874316939	1552	1
62.24535519125683	3105	1
62.24918032786886	7210	1
62.254644808743166	3032	1
62.26393442622951	6762	1
62.269945355191254	4818	1
62.269945355191254	6219	1
62.275956284153004	9705	1
62.28524590163934	1130	1
62.30491803278688	9569	1
62.334426229508196	4799	1
62.33879781420765	7926	1
62.34754098360656	3695	1
62.35027322404371	5023	1
62.3551912568306	9249	1
62.35901639344262	5083	1
62.36010928961748	2196	1
62.36229508196721	4887	1
62.37814207650273	8535	1
62.39344262295082	1720	1
62.41803278688524	3698	1
62.425683060109286	4634	1
62.43606557377049	1967	1
62.45027322404371	8439	1
62.45409836065574	7012	1
62.45737704918032	2315	1
62.46120218579235	7652	1
62.46666666666667	131	1
62.49071038251366	6541	1
62.49890710382514	3507	1
62.538797814207655	2221	1
62.54043715846994	61	1
62.55191256830601	3287	1
62.55245901639344	6598	1
62.55464480874316	6040	1
62.57978142076502	2292	1
62.62568306010929	3434	1
62.63661202185793	6516	1
62.64098360655738	1783	1
62.647540983606554	769	1
62.64972677595628	2741	1
62.653551912568304	8254	1
62.661748633879775	8188	1
62.67486338797814	6166	1
62.72185792349726	7912	1
62.74098360655738	2949	1
62.74972677595628	2911	1
62.77049180327869	9697	1
62.78469945355191	3429	1
62.79344262295082	2085	1
62.795081967213115	7170	1
62.79945355191256	9935	1
62.823497267759564	5576	1
62.850819672131145	8140	1
62.867213114754094	5019	1
62.88087431693989	9325	1
62.88251366120218	4800	1
62.9	3428	1
62.91202185792349	6118	1
62.926775956284146	4470	1
62.95355191256831	8469	1
62.99398907103826	2475	1
63.007650273224044	5133	1
63.0103825136612	1320	1
63.0103825136612	2867	1
63.03114754098361	1912	1
63.032240437158464	7212	1
63.05683060109289	5384	1
63.07322404371585	1162	1
63.093989071038244	3016	1
63.09508196721311	1782	1
63.09726775956284	9476	1
63.106557377049185	184	1
63.10928961748633	2668	1
63.11420765027322	5555	1
63.12732240437158	3572	1
63.13060109289618	262	1
63.13551912568306	5038	1
63.14808743169399	7458	1
63.14972677595628	8670	1
63.161748633879775	3743	1
63.190710382513664	8282	1
63.193989071038246	1878	1
63.25737704918033	5931	1
63.260655737704916	794	1
63.27103825136612	2133	1
63.27923497267759	9622	1
63.28142076502733	410	1
63.29180327868852	7611	1
63.29617486338798	684	1
63.301092896174865	5404	1
63.30491803278689	2723	1
63.309289617486336	3150	1
63.38196721311475	8449	1
63.38907103825136	7499	1
63.390163934426226	5942	1
63.403278688524594	2820	1
63.412568306010925	8702	1
63.41366120218579	9902	1
63.42404371584699	9780	1
63.42513661202186	5288	1
63.42568306010929	296	1
63.430601092896175	3062	1
63.45956284153005	3037	1
63.46939890710382	9167	1
63.478142076502735	513	1
63.48469945355191	3464	1
63.492349726775956	9421	1
63.49726775956284	2431	1
63.51803278688524	4457	1
63.53005464480874	2827	1
63.53060109289618	3892	1
63.548087431693986	9807	1
63.557377049180324	7725	1
63.56994535519126	1051	1
63.582513661202185	6197	1
63.59836065573771	3298	1
63.60163934426229	2345	1
63.60710382513661	3069	1
63.60710382513661	6642	1
63.60928961748633	8996	1
63.60983606557377	9755	1
63.61147540983606	2108	1
63.62404371584699	2033	1
63.62404371584699	1792	1
63.646448087431686	8602	0
63.64699453551912	9587	1
63.65355191256831	9423	1
63.66939890710382	7853	1
63.68032786885246	4269	1
63.68032786885246	841	1
63.686885245901635	4029	1
63.70273224043716	7023	1
63.722404371584695	8484	1
63.72786885245902	7261	1
63.731147540983606	5711	1
63.74863387978142	4807	1
63.76229508196721	1926	1
63.76338797814208	181	1
63.765573770491805	7531	1
63.772677595628416	2752	1
63.77431693989071	4222	1
63.777049180327865	2506	1
63.79234972677595	1498	1
63.79398907103825	6900	1
63.79890710382513	458	1
63.79945355191256	6449	1
63.81748633879781	6297	1
63.848633879781424	7805	1
63.86502732240437	5466	1
63.8775956284153	4205	1
63.87814207650273	6077	1
63.885245901639344	4602	1
63.89344262295082	9980	1
63.91366120218579	4276	1
63.93606557377049	9943	1
63.95191256830601	7962	1
63.955737704918036	536	1
63.97868852459017	789	1
63.98196721311475	7732	1
63.988524590163934	6876	1
63.992349726775956	4189	1
63.99508196721312	3868	1
63.99890710382513	1677	1
63.99890710382513	4832	1
64.0016393442623	2210	1
64.03114754098361	2712	1
64.03333333333333	3659	1
64.03661202185792	3574	1
64.03879781420765	9694	1
64.04972677595629	2700	1
64.05300546448088	6416	1
64.05901639344262	6403	1
64.0672131147541	4081	1
64.07158469945355	6813	1
64.07158469945355	3550	1
64.08524590163934	6438	1
64.08579234972677	9823	1
64.0950819672131	4781	1
64.09562841530054	8269	1
64.11475409836066	250	1
64.12240437158471	3900	1
64.124043715847	906	1
64.12732240437158	2426	1
64.12732240437158	5054	1
64.13224043715847	7586	1
64.13770491803278	5673	1
64.17923497267759	3916	1
64.18907103825137	8762	1
64.19453551912568	2974	1
64.20546448087431	6031	1
64.21256830601092	4372	1
64.21748633879781	5278	1
64.22131147540983	6301	1
64.23224043715847	1281	1
64.23661202185792	2055	1
64.25792349726775	5762	1
64.26010928961749	8479	1
64.2672131147541	5728	1
64.26830601092895	6453	1
64.26939890710382	7618	1
64.27049180327869	860	1
64.28196721311475	2043	1
64.30109289617486	1576	1
64.30327868852459	5740	1
64.31420765027322	6700	1
64.31803278688524	8245	1
64.34754098360655	1827	1
64.36284153005464	4299	1
64.37049180327868	541	1
64.39180327868853	1253	1
64.40109289617486	1134	1
64.40819672131147	8402	1
64.42622950819673	6199	1
64.43879781420765	9533	1
64.46612021857923	479	1
64.50218579234974	8387	1
64.51256830601092	261	1
64.51693989071039	1286	1
64.52677595628415	4430	1
64.54262295081966	8836	1
64.56229508196722	621	1
64.56229508196722	7367	1
64.58524590163934	8348	1
64.58743169398906	605	1
64.59234972677595	8407	1
64.59617486338797	6657	1
64.61092896174863	6434	1
64.61475409836066	241	1
64.64043715846994	8062	1
64.64754098360655	2986	1
64.66612021857924	8653	1
64.66775956284152	1841	1
64.67431693989072	9162	1
64.69016393442622	1866	1
64.69672131147541	777	1
64.69726775956285	7382	1
64.69726775956285	7557	1
64.70218579234972	5232	1
64.70765027322405	6703	1
64.7792349726776	9837	1
64.78306010928962	5369	1
64.7912568306011	6851	1
64.81092896174863	1857	1
64.82021857923498	2688	1
64.82513661202185	4013	1
64.82732240437159	6422	1
64.83060109289617	3306	1
64.84535519125683	9739	1
64.8535519125683	6514	1
64.87431693989072	3976	1
64.88743169398907	6479	1
64.8896174863388	751	1
64.90109289617486	8573	1
64.90819672131147	4059	1
64.91420765027323	4528	1
64.91584699453551	4652	1
64.91967213114755	3446	1
64.92459016393443	1061	1
64.92622950819673	5156	1
64.94207650273225	9555	1
64.95136612021858	7251	1
64.96775956284152	9099	1
64.99180327868852	6170	1
65.00437158469946	2443	1
65.00546448087431	6759	1
65.00601092896174	2166	1
65.00819672131148	6495	1
65.01857923497268	7267	1
65.09781420765027	6	1
65.12732240437158	8720	1
65.13169398907104	4234	1
65.14535519125683	5881	1
65.1551912568306	534	1
65.15792349726776	278	1
65.18306010928961	1573	1
65.20382513661202	6807	1
65.20601092896175	8959	1
65.21857923497268	7627	1
65.22841530054644	4333	1
65.23005464480875	5469	1
65.24863387978142	5806	1
65.25355191256831	1489	1
65.26010928961749	3938	1
65.27103825136612	1749	1
65.29180327868853	9870	1
65.29398907103825	859	1
65.30054644808743	2459	1
65.3016393442623	9606	1
65.30273224043715	8812	1
65.30382513661202	8170	1
65.30983606557376	6783	1
65.31693989071039	5043	1
65.32841530054645	9293	1
65.33060109289617	4678	1
65.33387978142076	3283	1
65.34808743169398	5744	1
65.34808743169398	9561	1
65.34972677595628	5333	1
65.35628415300546	3362	1
65.35737704918033	4207	1
65.35901639344263	171	1
65.36939890710383	207	1
65.37049180327868	8432	1
65.3912568306011	4542	1
65.43879781420765	5708	1
65.43989071038251	7063	1
65.44043715846995	1038	1
65.46065573770491	3094	1
65.46448087431695	631	1
65.47978142076502	9683	1
65.48196721311474	1186	1
65.48743169398907	8409	1
65.52950819672131	5875	1
65.52950819672131	1636	1
65.53114754098361	104	1
65.54371584699453	1810	1
65.54426229508196	8874	1
65.58743169398907	2307	1
65.58852459016393	1953	1
65.59726775956284	5622	1
65.6071038251366	2729	1
65.60765027322404	7396	1
65.60983606557377	5565	1
65.61092896174863	7718	1
65.62568306010928	273	1
65.63060109289617	2042	1
65.63497267759563	7079	1
65.63715846994535	5394	1
65.64918032786885	408	1
65.66338797814208	7248	1
65.67431693989072	4778	1
65.67486338797814	8158	1
65.67650273224044	7977	1
65.68415300546448	4762	1
65.71639344262296	5616	1
65.73114754098361	7462	1
65.7568306010929	1274	1
65.76502732240436	1075	1
65.7672131147541	2240	1
65.77158469945356	5934	1
65.79016393442623	686	1
65.79071038251367	3396	1
65.8	242	1
65.80273224043715	4368	1
65.80655737704919	5064	0
65.80765027322404	632	1
65.8398907103825	7417	1
65.84426229508198	2470	1
65.84754098360655	6803	1
65.84972677595628	3562	1
65.8568306010929	6574	1
65.86939890710381	6076	1
65.88032786885246	7744	1
65.89453551912568	1006	1
65.89890710382514	5161	1
65.90163934426229	9782	1
65.90218579234973	444	1
65.91967213114754	886	1
65.94098360655738	2170	1
65.95846994535519	2614	1
65.95901639344262	3426	1
65.96502732240437	8148	1
65.9655737704918	4384	1
65.97049180327869	8829	1
65.97267759562841	3438	1
65.97814207650273	2349	1
65.98633879781421	9701	1
65.99344262295082	5784	1
65.99453551912568	822	1
65.99562841530054	925	1
66.0016393442623	5405	1
66.01311475409835	2088	1
66.01748633879781	571	1
66.0502732240437	2804	1
66.05573770491803	758	1
66.07213114754099	7983	1
66.07267759562842	295	1
66.07650273224044	1103	1
66.08524590163934	1549	1
66.0912568306011	3831	1
66.10601092896175	7878	1
66.11475409836065	4188	1
66.11584699453552	1538	1
66.12732240437158	2838	1
66.14371584699454	90	1
66.14754098360656	9272	1
66.15245901639344	8985	1
66.16338797814208	3725	1
66.18306010928961	8181	1
66.19617486338798	2829	1
66.19672131147541	6554	1
66.2	5987	1
66.2103825136612	2570	1
66.22459016393442	657	1
66.22732240437158	1568	1
66.2448087431694	9026	1
66.25081967213114	9968	1
66.25191256830601	7054	1
66.25355191256831	8338	1
66.25683060109289	2794	1
66.25846994535519	6103	1
66.2672131147541	6686	1
66.28087431693989	3104	1
66.29398907103825	8563	1
66.30655737704919	1743	1
66.32459016393442	134	1
66.3398907103825	6579	1
66.3398907103825	3859	1
66.3448087431694	4893	1
66.351912568306	8163	1
66.35300546448087	4165	1
66.3639344262295	3167	1
66.38032786885246	3458	1
66.3863387978142	0	1
66.39071038251366	4885	1
66.39289617486338	5395	1
66.39398907103825	6999	1
66.39508196721312	6979	1
66.3983606557377	6307	1
66.39890710382514	6539	1
66.39945355191256	7741	1
66.40109289617486	9603	1
66.40382513661203	3065	1
66.40983606557377	8937	1
66.4103825136612	6740	1
66.41366120218579	4900	1
66.41584699453551	19	1
66.41693989071038	388	1
66.42240437158469	3372	1
66.4256830601093	614	1
66.42896174863388	7113	1
66.43442622950819	5519	1
66.44098360655738	579	1
66.44371584699454	6630	1
66.44371584699454	1127	1
66.44590163934426	8237	1
66.44863387978143	9512	1
66.44863387978143	8284	1
66.45136612021858	317	1
66.45573770491804	7976	1
66.45737704918032	9028	1
66.45956284153006	1000	1
66.45956284153006	814	1
66.46229508196721	7860	1
66.46994535519126	2	1
