0.02616535519125683	8857	1
0.11068579234972677	6357	1
0.12503005464480874	8103	1
0.25030765027322405	6382	1
0.33836612021857926	3583	1
0.35259234972677594	9789	1
0.47095464480874316	3526	1
0.503472131147541	2746	1
0.5342005464480875	2964	1
0.6434699453551913	8111	1
0.6532021857923497	2028	1
0.6657704918032786	2345	1
0.6992459016393442	6490	1
0.829224043715847	5880	1
0.8305956284153005	8082	1
1.001295081967213	8236	1
1.068983606557377	186	1
1.1191147540983606	3197	1
1.355617486338798	5905	1
1.4705737704918032	9371	1
1.5257486338797814	2091	1
1.5454207650273224	3286	1
1.5468524590163935	6853	1
1.6475901639344261	4007	1
1.681360655737705	8076	1
1.915879781420765	353	1
1.9219562841530053	3830	1
1.9307103825136611	6232	1
1.9643060109289616	9022	1
1.9738852459016392	1052	1
2.016366120218579	2259	1
2.1456229508196722	3372	1
2.1814262295081965	442	1
2.1865464480874315	4645	1
2.1899617486338796	3558	1
2.2356448087431695	7950	1
2.2551256830601094	2062	1
2.4120655737704917	9968	1
2.486103825136612	6180	1
2.550344262295082	2549	1
2.5520601092896174	4640	1
2.6845792349726776	2643	1
2.721972677595628	6768	1
2.7763825136612024	41	1
2.9178196721311473	5711	1
2.9833387978142074	3998	1
2.987005464480874	5456	1
3.0565901639344264	4607	1
3.0905792349726777	6386	1
3.09075956284153	3945	1
3.1229999999999998	6599	1
3.189983606557377	916	1
3.284169398907104	822	1
3.295448087431694	6649	1
3.300109289617486	6734	1
3.316158469945355	5650	1
3.3340983606557377	8311	1
3.3810983606557374	8955	1
3.414224043715847	2522	1
3.4468961748633875	5343	1
3.48996174863388	2944	1
3.51103825136612	1596	1
3.6133879781420766	1063	1
3.6198579234972676	3911	1
3.6492568306010926	4934	1
3.678114754098361	8779	1
3.680672131147541	1215	1
3.733677595628415	5551	1
3.747426229508197	1445	1
3.8176666666666663	4431	1
3.819688524590164	4279	1
3.920765027322404	8917	1
3.9235628415300545	2291	1
3.967415300546448	9973	1
4.040207650273224	7444	1
4.0671857923497265	4052	1
4.1160163934426235	1778	1
4.178043715846995	3002	1
4.331606557377048	1416	1
4.34227868852459	1720	1
4.3461584699453555	4757	1
4.350234972677596	9222	1
4.442295081967213	4779	1
4.448398907103825	4708	1
4.473475409836065	2431	1
4.4880109289617485	4711	1
4.5387814207650266	4559	1
4.716486338797814	1203	1
4.722989071038251	7086	1
4.755562841530055	478	1
4.795852459016394	6482	1
4.905338797814208	7108	1
4.953743169398907	8215	1
5.003775956284153	7616	1
5.0440054644808745	1492	1
5.217726775956284	9712	1
5.235038251366119	3268	1
5.26196174863388	1133	1
5.3083715846994535	3264	1
5.3392786885245895	1593	1
5.382808743169399	9727	1
5.390748633879781	7971	1
5.4154207650273225	5453	1
5.448934426229508	9280	1
5.457245901639345	9131	1
5.508907103825137	9610	1
5.578306010928961	9636	1
5.730655737704917	2986	1
5.755245901639345	4501	1
5.799344262295082	543	1
5.857978142076503	1184	1
5.888579234972678	423	1
5.890273224043716	9136	1
5.904207650273224	3277	1
5.9540437158469945	8416	1
5.977868852459016	9473	1
6.016830601092896	7593	1
6.020382513661202	6594	1
6.02207650273224	4549	1
6.090928961748634	5430	1
6.1069398907103825	588	1
6.11672131147541	1692	1
6.149781420765027	9840	1
6.297103825136611	1288	1
6.313387978142076	5763	1
6.398415300546448	6845	1
6.4143169398907105	6179	1
6.421857923497268	3797	1
6.427267759562842	2488	1
6.438469945355191	7264	1
6.565573770491803	8380	1
6.577377049180328	9780	1
6.603879781420765	45	1
6.605300546448087	9901	1
6.613060109289617	8859	1
6.6416939890710385	7124	1
6.645683060109289	4307	1
6.662568306010929	9020	1
6.71207650273224	2506	1
6.740109289617487	1149	1
6.769016393442623	7290	1
6.810983606557377	389	1
6.841311475409836	8205	1
6.845245901639344	2580	1
6.888196721311475	2683	1
6.940109289617487	8748	1
6.940437158469946	5628	1
7.085737704918032	9339	1
7.2733333333333325	5528	1
7.3307103825136615	9751	1
7.333661202185792	7809	1
7.4077049180327865	8388	1
7.41672131147541	3075	1
7.418469945355191	3751	1
7.45551912568306	4662	1
7.476830601092896	9195	1
7.493442622950819	544	1
7.497704918032786	9910	1
7.5760109289617485	8649	1
7.639344262295081	399	1
7.665519125683059	5513	1
7.673770491803278	6086	1
7.894808743169399	4459	1
7.939890710382513	5362	1
7.949125683060109	4975	1
7.958688524590164	847	1
7.962185792349727	7175	1
7.9855191256830595	8200	1
7.99639344262295	7574	1
8.010601092896174	5802	1
8.015573770491804	686	1
8.07912568306011	7619	1
8.079453551912568	2498	1
8.24016393442623	9242	1
8.345956284153004	8843	1
8.382677595628415	4240	1
8.404426229508196	6991	1
8.428852459016394	580	1
8.496065573770492	2848	1
8.497868852459016	9809	1
8.540054644808743	6575	1
8.565300546448087	5253	1
8.669726775956285	6688	1
8.707923497267759	1838	1
8.776448087431694	6046	1
8.778524590163935	1630	1
8.797868852459017	625	1
8.813989071038252	3150	1
8.82502732240437	5481	1
8.839508196721312	7657	1
8.8424043715847	3211	1
8.877868852459017	3145	1
8.969836065573771	8925	1
9.004207650273225	3041	1
9.004808743169399	9609	1
9.008142076502732	2660	1
9.046612021857923	8670	1
9.051639344262295	1985	1
9.056338797814208	2309	1
9.064535519125684	4762	1
9.131530054644807	7388	1
9.142896174863388	7946	1
9.297486338797814	312	1
9.349016393442623	5636	1
9.395792349726776	7674	1
9.39672131147541	4050	1
9.423989071038251	2340	1
9.434043715846995	6190	1
9.541803278688525	2312	1
9.548415300546447	6863	1
9.611147540983607	6423	1
9.621857923497267	4838	1
9.625027322404371	3557	1
9.65431693989071	407	1
9.685136612021859	9594	1
9.703005464480874	5959	1
9.756775956284153	9464	1
9.886721311475409	9881	1
10.06896174863388	445	1
10.074262295081969	2395	1
10.08672131147541	3327	1
10.113169398907102	3761	1
10.138961748633879	7926	1
10.205956284153006	8861	1
10.211584699453553	1792	1
10.234043715846994	1271	1
10.255300546448089	2694	1
10.267486338797815	2799	1
10.286120218579235	4195	1
10.316775956284152	5718	1
10.385300546448088	2745	1
10.406939890710383	9186	1
10.46377049180328	2440	1
10.56	5339	1
10.597103825136612	4106	1
10.616174863387977	195	1
10.65464480874317	9649	1
10.6675956284153	8947	1
10.697978142076503	7819	1
10.727486338797814	5548	1
10.776448087431694	7015	1
10.788306010928961	1602	1
10.851803278688523	6624	1
10.863825136612022	1119	1
10.9	8562	1
11.022786885245901	3746	1
11.036174863387979	1666	1
11.043060109289616	2836	1
11.107868852459015	1589	1
11.17224043715847	5651	1
11.195464480874318	5890	1
11.198306010928963	5668	1
11.286994535519124	999	1
11.331420765027323	9796	1
11.331693989071038	24	1
11.380928961748634	9982	1
11.403387978142076	7171	1
11.426284153005465	6107	1
11.436885245901639	1385	1
11.455901639344264	6466	1
11.49120218579235	8511	1
11.520546448087432	2254	1
11.535081967213115	1065	1
11.567978142076504	9607	1
11.60743169398907	3532	1
11.629016393442623	8441	1
11.647049180327867	5978	1
11.708797814207651	9634	1
11.728797814207649	2945	1
11.771475409836066	5562	1
11.781857923497268	15	1
11.811311475409836	5276	1
11.905136612021858	7153	1
11.96502732240437	3194	1
11.976775956284152	5084	1
12.059453551912569	5729	1
12.063169398907105	7548	1
12.120546448087433	1217	1
12.122459016393444	8409	1
12.177431693989071	7232	1
12.231420765027323	1824	1
12.252349726775956	4472	1
12.265464480874316	1304	1
12.346666666666668	6328	1
12.38639344262295	6129	1
12.404535519125682	5535	1
12.409071038251366	519	1
12.446065573770491	2392	1
12.483060109289617	3540	1
12.536284153005465	9386	1
12.574808743169397	9675	1
12.59775956284153	9869	1
12.603060109289617	4776	1
12.654863387978141	4902	1
12.665792349726775	5874	1
12.667213114754098	3799	1
12.774808743169398	1808	1
12.797486338797814	369	1
12.82327868852459	9073	1
12.846994535519125	3770	1
12.860273224043716	4448	1
12.8848087431694	9812	1
12.932896174863387	4250	1
12.934808743169398	8609	1
12.964371584699453	4601	1
13.041530054644808	6357	0
13.049945355191257	719	1
13.073060109289617	6972	1
13.103606557377049	8421	1
13.138415300546448	9189	1
13.197650273224044	5815	1
13.202185792349727	9328	1
13.31191256830601	834	1
13.338087431693989	1004	1
13.372349726775957	6686	1
13.376120218579235	5008	1
13.409562841530054	8295	1
13.550054644808743	1708	1
13.554535519125682	6231	1
13.602404371584699	1761	1
13.60792349726776	9271	1
13.612185792349726	2630	1
13.629453551912567	3812	1
13.658907103825136	6195	1
13.674371584699454	8225	1
13.678306010928962	9175	1
13.686775956284153	1796	1
13.737377049180328	7843	1
13.76912568306011	2540	1
13.783169398907104	4345	1
13.787978142076502	5773	1
13.853934426229507	8936	1
13.864371584699454	8591	1
13.864808743169398	8954	1
13.88191256830601	1499	1
13.91497267759563	3864	1
13.935901639344262	1747	1
13.947103825136612	5424	1
13.97431693989071	6071	1
14.009344262295082	9703	1
14.029071038251367	8726	1
14.038032786885246	6418	1
14.108032786885245	1070	1
14.110218579234973	5878	1
14.1151912568306	541	1
14.116502732240438	6908	1
14.129071038251366	4799	1
14.149562841530054	7918	1
14.169890710382512	6643	1
14.300601092896176	7691	1
14.34912568306011	2480	1
14.357759562841531	5522	1
14.419890710382512	6723	1
14.4275956284153	5446	1
14.489726775956283	7969	1
14.499016393442623	4506	1
14.526775956284153	1905	1
14.622786885245901	7884	1
14.638032786885246	3033	1
14.675846994535519	3263	1
14.71295081967213	2595	1
14.72584699453552	802	1
14.734918032786885	9017	1
14.759016393442622	468	1
14.766010928961748	3038	1
14.806666666666667	2816	1
14.82672131147541	7575	1
14.837814207650272	3367	1
14.870546448087431	3691	1
14.872021857923496	8336	1
14.910874316939891	2082	1
14.963497267759562	6703	1
14.974262295081967	1468	1
15.025300546448088	5399	1
15.084590163934426	2577	1
15.093169398907103	1780	1
15.11688524590164	2213	1
15.190437158469946	4842	1
15.284207650273224	7344	1
15.319672131147541	8545	1
15.332349726775956	2200	1
15.354371584699452	281	1
15.379945355191257	8776	1
15.439125683060109	5070	1
15.449344262295082	9958	1
15.55639344262295	9841	1
15.566502732240437	9451	1
15.573879781420764	6400	1
15.573934426229508	6131	1
15.574918032786885	4820	1
15.651092896174863	7218	1
15.652513661202185	7655	1
15.669125683060109	3065	1
15.691475409836064	2475	1
15.74830601092896	9147	1
15.794918032786883	9584	1
15.841967213114755	5735	1
15.844863387978142	1326	1
15.87207650273224	8495	1
15.878196721311475	9274	1
15.895245901639344	6404	1
15.912896174863388	8575	1
15.916939890710383	1048	1
15.992841530054644	7915	1
16.000983606557377	6640	1
16.034098360655737	6771	1
16.042677595628415	3199	1
16.094699453551915	2578	1
16.11655737704918	1193	1
16.147486338797815	8424	1
16.150819672131146	1890	1
16.17639344262295	3250	1
16.223715846994537	2156	1
16.301857923497266	2718	1
16.30551912568306	1126	1
16.32448087431694	7458	1
16.38934426229508	2932	1
16.43169398907104	3127	1
16.433715846994534	6431	1
16.439781420765026	3106	1
16.47	7418	1
16.477377049180326	2504	1
16.482349726775958	3090	1
16.50934426229508	6043	1
16.629398907103823	4296	1
16.630437158469945	4514	1
16.66049180327869	5071	1
16.694480874316938	583	1
16.712841530054646	9619	1
16.741256830601092	6762	1
16.749562841530054	5760	1
16.79568306010929	6988	1
16.84857923497268	2479	1
16.85781420765027	7138	1
16.89928961748634	4252	1
16.9844262295082	291	1
16.99153005464481	6852	1
17.050218579234972	3321	1
17.09311475409836	924	1
17.111038251366118	3077	1
17.130437158469945	1122	1
17.209945355191255	1844	1
17.21497267759563	7789	1
17.229344262295083	5840	1
17.234535519125686	1497	1
17.257540983606557	465	1
17.275464480874316	2322	1
17.275628415300545	6042	1
17.35814207650273	2447	1
17.394043715846994	6568	1
17.42590163934426	5277	1
17.475846994535516	6528	1
17.47863387978142	4311	1
17.5372131147541	7625	1
17.54169398907104	3843	1
17.59169398907104	8727	1
17.62830601092896	3993	1
17.71633879781421	1433	1
17.767103825136612	1916	1
17.7751912568306	9405	1
17.81098360655738	7898	1
17.820382513661205	7330	1
17.82655737704918	1234	1
17.865136612021857	4257	1
17.869398907103825	2151	1
17.92469945355191	9760	1
17.93174863387978	5238	1
17.985081967213116	8210	1
18.049890710382513	2807	1
18.088306010928964	957	1
18.088524590163935	3498	1
18.111256830601093	4563	1
18.11601092896175	4366	1
18.141420765027323	8782	1
18.162131147540983	6104	1
18.19169398907104	3292	1
18.19808743169399	1860	1
18.211147540983607	3247	1
18.221311475409834	5798	1
18.32245901639344	1528	1
18.403989071038254	3310	1
18.42726775956284	9839	1
18.429617486338795	626	1
18.431256830601093	8386	1
18.435355191256832	7883	1
18.50677595628415	6251	1
18.55049180327869	5205	1
18.618579234972675	6042	0
18.63289617486339	1039	1
18.64568306010929	6573	1
18.672677595628414	2672	1
18.687704918032786	3301	1
18.707595628415298	7641	1
18.711748633879782	8841	1
18.72262295081967	9047	1
18.728743169398907	8539	1
18.779781420765026	5104	1
18.81229508196721	6549	1
18.850054644808743	8667	1
18.873825136612023	8636	1
18.90644808743169	6998	1
18.969781420765027	5144	1
19.040273224043716	784	1
19.08513661202186	7891	1
19.08584699453552	7299	1
19.08928961748634	2756	1
19.102131147540984	8081	1
19.112841530054645	5152	1
19.14087431693989	8324	1
19.16688524590164	5653	1
19.203224043715846	1177	1
19.226775956284154	123	1
19.23945355191257	5108	1
19.246666666666666	4775	1
19.254426229508194	5333	1
19.256448087431693	6011	1
19.258196721311478	5294	1
19.259453551912568	3419	1
19.26071038251366	524	1
19.269180327868852	4579	1
19.276010928961746	387	1
19.295191256830602	7628	1
19.333333333333336	7628	0
19.370983606557377	6148	1
19.415136612021858	5148	1
19.4496174863388	4467	1
19.45021857923497	4318	1
19.4603825136612	2332	1
19.52191256830601	6557	1
19.57185792349727	1568	1
19.607650273224042	4738	1
19.69650273224044	7539	1
19.70245901639344	5814	1
19.717377049180328	5021	1
19.734918032786883	8199	1
19.764153005464483	8296	1
19.78606557377049	2815	1
19.82409836065574	4277	1
19.840437158469946	3889	1
19.897158469945357	5361	1
19.898032786885246	4511	1
19.908961748633878	8504	1
19.929726775956283	8127	1
19.97016393442623	9622	1
19.98207650273224	4478	1
19.989945355191256	5834	1
20.030928961748632	9382	1
20.106065573770493	8643	1
20.13393442622951	5792	1
20.161420765027323	89	1
20.17071038251366	7049	1
20.19180327868852	2734	1
20.20464480874317	6922	1
20.220273224043712	5073	1
20.294863387978143	902	1
20.29775956284153	51	1
20.299781420765026	5516	1
20.317595628415297	1200	1
20.33273224043716	7504	1
20.342131147540982	7292	1
20.389562841530054	8283	1
20.39928961748634	9720	1
20.440054644808743	5871	1
20.467322404371586	4001	1
20.474808743169397	9411	1
20.53704918032787	7211	1
20.549945355191255	7695	1
20.557322404371583	2972	1
20.58846994535519	8190	1
20.599344262295084	2493	1
20.600218579234973	7806	1
20.60027322404372	1503	1
20.602841530054643	4458	1
20.634699453551914	1510	1
20.65622950819672	4812	1
20.689617486338797	8248	1
20.697868852459013	5221	1
20.713879781420765	8102	1
20.762021857923497	2925	1
20.79382513661202	5180	1
20.798852459016395	1936	1
20.852349726775955	838	1
20.85502732240437	7408	1
20.868579234972678	2973	1
20.878469945355192	5414	1
20.89606557377049	2838	1
20.937814207650273	1305	1
20.94032786885246	3896	1
20.94606557377049	7838	1
21.01420765027322	7621	1
21.056120218579235	3586	1
21.05983606557377	1827	1
21.095628415300546	6033	1
21.13562841530055	7669	1
21.17737704918033	2285	1
21.18830601092896	4021	1
21.209672131147542	3635	1
21.230819672131148	4860	1
21.243551912568304	6530	1
21.27950819672131	2846	1
21.28486338797814	3559	1
21.286939890710382	1477	1
21.295628415300545	6061	1
21.46617486338798	4615	1
21.472732240437157	1147	1
21.511420765027324	5037	1
21.52393442622951	511	1
21.55224043715847	1368	1
21.570874316939893	6610	1
21.583060109289615	3135	1
21.633169398907103	7991	1
21.646065573770493	4454	1
21.7155737704918	3378	1
21.731748633879782	2775	1
21.764207650273224	7073	1
21.79016393442623	7101	1
21.793770491803276	4428	1
21.807704918032787	4925	1
21.876174863387977	9963	1
21.891639344262295	5904	1
21.894371584699453	6623	1
21.894918032786883	7457	1
21.928032786885243	3048	1
21.952513661202186	3086	1
21.9872131147541	3251	1
22.018907103825136	4378	1
22.0879781420765	7303	1
22.12863387978142	3441	1
22.162896174863388	7596	1
22.188688524590162	2811	1
22.191475409836062	7873	1
22.22693989071038	8949	1
22.244153005464483	1382	1
22.280491803278686	449	1
22.291147540983605	2772	1
22.292131147540985	7890	1
22.297213114754097	6028	1
22.297486338797814	6377	1
22.311202185792347	5518	1
22.332513661202185	1035	1
22.33513661202186	3986	1
22.374918032786884	2778	1
22.375628415300547	1512	1
22.49153005464481	6320	1
22.508524590163933	6798	1
22.51573770491803	4923	1
22.53983606557377	6603	1
22.571256830601094	3168	1
22.577650273224044	3371	1
22.597049180327872	904	1
22.62622950819672	3570	1
22.685245901639345	1438	1
22.751639344262294	1982	1
22.777868852459015	7798	1
22.779508196721313	130	1
22.78136612021858	9447	1
22.809726775956285	5272	1
22.840928961748634	5772	1
22.906830601092896	2027	1
22.95814207650273	6888	1
22.991147540983608	5949	1
23.03032786885246	9119	1
23.045573770491803	6489	1
23.078907103825134	4845	1
23.080546448087432	1959	1
23.08950819672131	7754	1
23.118142076502732	9745	1
23.121147540983607	8734	1
23.153715846994537	7174	1
23.182349726775957	5270	1
23.214972677595625	2798	1
23.232295081967212	7156	1
23.290819672131146	2068	1
23.296557377049183	8256	1
23.343114754098362	741	1
23.36431693989071	157	1
23.37207650273224	8696	1
23.3755737704918	8342	1
23.44016393442623	4350	1
23.476557377049183	8924	1
23.477650273224043	5987	1
23.48464480874317	7362	1
23.487103825136614	9749	1
23.506502732240435	4717	1
23.53109289617486	1202	1
23.54502732240437	4357	1
23.583879781420766	3571	1
23.59049180327869	1861	1
23.630655737704917	4536	1
23.674207650273225	3499	1
23.67584699453552	560	1
23.68896174863388	1043	1
23.725191256830602	6765	1
23.73169398907104	8725	1
23.7331693989071	9176	1
23.810109289617486	4594	1
23.82928961748634	2617	1
23.92398907103825	845	1
23.977377049180326	6359	1
23.99327868852459	4003	1
24.02415300546448	5370	1
24.029672131147542	1669	1
24.050273224043718	6655	1
24.072513661202187	8642	1
24.087377049180326	6311	1
24.09617486338798	9523	1
24.110983606557376	8377	1
24.155409836065573	264	1
24.216284153005464	4135	1
24.234207650273223	3842	1
24.26551912568306	8604	1
24.271584699453552	7029	1
24.27502732240437	3959	1
24.283661202185794	9579	1
24.345792349726775	5066	1
24.365956284153008	4051	1
24.384535519125684	8009	1
24.402622950819673	3791	1
24.41841530054645	8885	1
24.43912568306011	1768	1
24.442513661202184	3742	1
24.48896174863388	3333	1
24.504535519125685	3572	1
24.563114754098358	7336	1
24.61431693989071	3762	1
24.61846994535519	562	1
24.622131147540983	4224	1
24.629617486338798	1345	1
24.700109289617483	4818	1
24.741748633879784	2465	1
24.74830601092896	9441	1
24.77540983606557	9565	1
24.819508196721312	3311	1
24.855464480874314	1744	1
24.905628415300548	6846	1
24.914754098360657	2280	1
24.919453551912568	8403	1
24.945573770491805	5732	1
24.9979781420765	4625	1
25.02092896174863	3072	1
25.05224043715847	9422	1
25.07382513661202	7989	1
25.084480874316938	8471	1
25.08551912568306	1932	1
25.12688524590164	6088	1
25.12765027322404	8047	1
25.13191256830601	7436	1
25.143060109289618	1847	1
25.23568306010929	196	1
25.24344262295082	9957	1
25.24814207650273	8145	1
25.267540983606555	7964	1
25.272021857923495	5797	1
25.273606557377047	8747	1
25.280054644808743	8629	1
25.299453551912567	4011	1
25.30366120218579	4437	1
25.306830601092894	8655	1
25.34	9974	1
25.411967213114753	4017	1
25.44054644808743	2080	1
25.472732240437157	2293	1
25.49081967213115	8970	1
25.53087431693989	7919	1
25.572349726775958	2497	1
25.575792349726775	7642	1
25.591530054644807	6657	1
25.62863387978142	8442	1
25.63153005464481	8649	0
25.683278688524588	1363	1
25.715081967213113	5713	1
25.840546448087434	2088	1
25.92830601092896	5079	1
25.9320218579235	9178	1
25.974535519125684	6268	1
26.019890710382516	7104	1
26.088360655737702	6699	1
26.12333333333333	6491	1
26.13655737704918	9534	1
26.149398907103823	7901	1
26.157814207650276	6015	1
26.19497267759563	7360	1
26.19617486338798	8466	1
26.21551912568306	8374	1
26.231256830601094	2301	1
26.239071038251364	7178	1
26.25928961748634	6162	1
26.288688524590164	3506	1
26.30344262295082	5146	1
26.368524590163936	8007	1
26.376010928961747	9635	1
26.38207650273224	798	1
26.388907103825137	9884	1
26.398087431693988	1448	1
26.43032786885246	9477	1
26.48672131147541	1582	1
26.493715846994533	5607	1
26.503005464480875	3006	1
26.581967213114755	8276	1
26.595081967213112	7275	1
26.595573770491804	5877	1
26.657103825136613	2492	1
26.675464480874318	7583	1
26.703715846994537	8393	1
26.719071038251364	3401	1
26.722404371584698	7836	1
26.811202185792347	5038	1
26.87256830601093	8201	1
26.88775956284153	970	1
26.962841530054643	6564	1
26.973005464480874	8886	1
27.017322404371583	9440	1
27.025956284153004	3925	1
27.026994535519126	2281	1
27.09087431693989	11	1
27.227814207650272	3677	1
27.277650273224044	7125	1
27.286612021857923	8741	1
27.293661202185792	5404	1
27.32672131147541	513	1
27.354371584699454	7300	1
27.362513661202183	4414	1
27.378633879781418	4336	1
27.384371584699455	9978	1
27.391530054644807	1662	1
27.399071038251364	8093	1
27.42153005464481	6580	1
27.42344262295082	1573	1
27.43207650273224	4733	1
27.51568306010929	1803	1
27.54672131147541	5266	1
27.563606557377046	1863	1
27.586666666666666	9141	1
27.599945355191256	4485	1
27.607103825136612	9475	1
27.644918032786887	4143	1
27.675027322404368	4231	1
27.684918032786882	852	1
27.722295081967214	7266	1
27.744808743169397	2591	1
27.75710382513661	4061	1
27.88245901639344	3164	1
27.90792349726776	4792	1
27.914480874316936	1699	1
27.94535519125683	3795	1
27.946284153005465	5596	1
27.969180327868852	3420	1
27.983551912568306	3444	1
28.047923497267757	756	1
28.059781420765027	6249	1
28.08606557377049	5411	1
28.09224043715847	5930	1
28.095464480874316	5249	1
28.095628415300546	4351	1
28.114371584699455	5974	1
28.157540983606555	5204	1
28.165956284153005	5757	1
28.24983606557377	7859	1
28.26606557377049	8492	1
28.314590163934426	8675	1
28.325464480874317	3270	1
28.36535519125683	9562	1
28.409890710382513	658	1
28.415792349726775	2531	1
28.434918032786886	6532	1
28.469781420765027	4025	1
28.480054644808742	7204	1
28.495191256830598	8791	1
28.52710382513661	5027	1
28.58710382513661	9888	1
28.609945355191254	8443	1
28.623333333333335	3390	1
28.634644808743168	2699	1
28.65983606557377	4597	1
28.700109289617483	6012	1
28.719726775956286	7747	1
28.728306010928964	7425	1
28.72983606557377	7928	1
28.800437158469947	1676	1
28.8220218579235	7365	1
28.829071038251364	5993	1
28.866120218579233	5187	1
28.877322404371583	7315	1
28.89218579234973	1928	1
28.960054644808743	7785	1
28.960437158469944	7075	1
28.991967213114755	3130	1
29.006775956284155	8179	1
29.065628415300544	5074	1
29.0879781420765	1725	1
29.11207650273224	6310	1
29.132677595628415	3953	1
29.153060109289616	9566	1
29.189016393442625	9588	1
29.21333333333333	9317	1
29.241530054644805	8851	1
29.27540983606557	2681	1
29.27606557377049	8778	1
29.283661202185794	2786	1
29.31142076502732	4385	1
29.31153005464481	6100	1
29.341366120218577	9531	1
29.35639344262295	3040	1
29.358251366120218	5329	1
29.360928961748634	8086	1
29.37928961748634	6921	1
29.391967213114757	2325	1
29.429398907103828	5540	1
29.45114754098361	9865	1
29.45726775956284	6736	1
29.519016393442623	4959	1
29.53950819672131	8921	1
29.579617486338794	4745	1
29.605956284153006	7978	1
29.615136612021857	8555	1
29.621256830601094	9692	1
29.624371584699453	8210	0
29.760819672131145	783	1
29.824098360655736	7524	1
29.85360655737705	3432	1
29.896065573770493	6992	1
29.89950819672131	9940	1
29.90398907103825	9316	1
29.93338797814208	8030	1
29.97590163934426	629	1
30.01295081967213	6842	1
30.01535519125683	3387	1
30.018251366120218	9545	1
30.021311475409835	5883	1
30.02448087431694	8996	1
30.072295081967212	1710	1
30.08775956284153	1387	1
30.226994535519125	5775	1
30.262677595628414	8024	1
30.267868852459017	5017	1
30.271366120218577	7377	1
30.279836065573768	952	1
30.331475409836067	8587	1
30.381092896174863	9900	1
30.38398907103825	4853	1
30.388579234972674	6283	1
30.408524590163932	2832	1
30.424262295081967	6620	1
30.457267759562843	7562	1
30.507540983606557	7433	1
30.527868852459015	7787	1
30.536612021857923	6986	1
30.553715846994535	9732	1
30.572404371584696	6728	1
30.579125683060106	8044	1
30.639672131147538	8554	1
30.642786885245904	3302	1
30.659508196721312	1429	1
30.66622950819672	1012	1
30.66950819672131	9099	1
30.70781420765027	7830	1
30.723497267759566	6782	1
30.751147540983606	9261	1
30.818524590163936	7059	1
30.84224043715847	7607	1
30.93513661202186	2478	1
30.947486338797813	3104	1
30.970546448087433	5363	1
30.982677595628417	2723	1
30.983224043715847	4489	1
31.02174863387978	5418	1
31.034535519125683	3608	1
31.043551912568304	3549	1
31.108633879781422	5716	1
31.123005464480876	1689	1
31.125409836065575	1555	1
31.167923497267758	3679	1
31.26950819672131	7353	1
31.29606557377049	4438	1
31.301475409836065	4075	1
31.304918032786883	8177	1
31.30639344262295	9757	1
31.336502732240437	6363	1
31.363497267759563	7324	1
31.36502732240437	8898	1
31.374808743169396	4194	1
31.38306010928962	7385	1
31.38366120218579	1439	1
31.422677595628414	9001	1
31.59639344262295	6413	1
31.630273224043716	9182	1
31.633497267759562	5521	1
31.657213114754096	9026	1
31.684754098360656	9539	1
31.71256830601093	5371	1
31.731366120218578	8717	1
31.734535519125682	2243	1
31.74191256830601	2166	1
31.7855737704918	7478	1
31.93081967213115	8875	1
31.93448087431694	1618	1
31.951639344262297	4497	1
32.066393442622946	755	1
32.103442622950816	4943	1
32.12382513661202	8738	1
32.14666666666667	6164	1
32.24814207650273	6147	1
32.284918032786884	9399	1
32.287978142076504	3481	1
32.30387978142076	9764	1
32.31584699453552	3748	1
32.43852459016394	3702	1
32.45726775956284	781	1
32.493770491803275	3179	1
32.49819672131147	9621	1
32.50360655737705	5675	1
32.510601092896174	4904	1
32.513715846994536	5394	1
32.5227868852459	5428	1
32.54513661202186	2765	1
32.557049180327866	3551	1
32.557377049180324	5893	1
32.5627868852459	3785	1
32.57934426229508	4364	1
32.58420765027322	5957	1
32.58491803278689	7100	1
32.60289617486339	6806	1
32.61606557377049	4354	1
32.64661202185792	2029	1
32.68852459016393	7832	1
32.68863387978142	9321	1
32.74896174863388	9380	1
32.776666666666664	8453	1
32.790218579234974	1753	1
32.883005464480874	9559	1
32.94683060109289	6161	1
33.00174863387978	5472	1
33.06803278688525	2753	1
33.07262295081967	8391	1
33.08256830601093	3226	1
33.13142076502732	558	1
33.1351912568306	8234	1
33.14398907103825	530	1
33.173060109289615	642	1
33.18021857923497	9882	1
33.1924043715847	9153	1
33.25262295081967	2838	0
33.26743169398907	8600	1
33.30081967213115	8781	1
33.333278688524594	398	1
33.353879781420765	4973	1
33.368797814207646	2449	1
33.52426229508197	7773	1
33.5535519125683	2871	1
33.59103825136612	1493	1
33.597868852459015	3644	1
33.62043715846995	2446	1
33.64590163934426	2946	1
33.6531693989071	9431	1
33.663715846994535	1489	1
33.680601092896175	6341	1
33.71562841530054	8508	1
33.74928961748634	9448	1
33.76601092896175	2725	1
33.775300546448086	255	1
33.78366120218579	8971	1
33.86814207650273	1628	1
33.86857923497268	5109	1
33.87049180327869	8580	1
33.90928961748634	9544	1
33.991256830601095	5368	1
34.022677595628416	9132	1
34.03109289617486	8308	1
34.09163934426229	888	1
34.107540983606555	5564	1
34.15683060109289	4620	1
34.168633879781424	7119	1
34.21284153005465	3891	1
34.22918032786885	5586	1
34.23978142076503	3869	1
34.24322404371585	4983	1
34.25398907103825	942	1
34.263715846994536	8998	1
34.27016393442623	6989	1
34.27808743169399	6099	1
34.283114754098364	5739	1
34.30016393442623	121	1
34.311256830601096	7455	1
34.332513661202185	9094	1
34.33338797814208	6434	1
34.34218579234973	2391	1
34.39262295081967	9288	1
34.4112568306011	8172	1
34.44142076502732	3204	1
34.44426229508197	2379	1
34.45770491803279	2920	1
34.48349726775956	1975	1
34.48409836065574	6827	1
34.517486338797816	5823	1
34.56289617486339	6794	1
34.575792349726775	8652	1
34.58781420765027	5229	1
34.62989071038252	9434	1
34.682131147540986	4095	1
34.69601092896175	2435	1
34.72765027322404	1068	1
34.79338797814208	2640	1
34.81475409836066	5497	1
34.82715846994536	5664	1
34.82879781420765	3824	1
34.83377049180328	4803	1
34.88841530054644	1684	1
34.89967213114754	7376	1
34.90224043715847	7479	1
34.90469945355191	7247	1
34.921147540983604	5620	1
34.92480874316939	8647	1
34.94502732240437	3490	1
34.95016393442623	3216	1
34.97087431693989	9665	1
34.98229508196721	7468	1
35.00213114754098	6779	1
35.038032786885246	8345	1
35.06169398907104	1675	1
35.10016393442623	9644	1
35.12562841530055	4769	1
35.14027322404371	7167	1
35.15229508196721	7154	1
35.20366120218579	1408	1
35.23983606557377	4152	1
35.242349726775956	1109	1
35.30497267759563	477	1
35.31431693989071	1113	1
35.31825136612022	9631	1
35.39901639344262	1374	1
35.418633879781424	7111	1
35.420491803278686	750	1
35.4296174863388	2571	1
35.452568306010924	298	1
35.469508196721314	7398	1
35.485683060109295	402	1
35.49770491803279	1394	1
35.55546448087431	5663	1
35.58972677595628	1576	1
35.59617486338798	3062	1
35.60218579234973	1829	1
35.606830601092895	3000	1
35.6207650273224	2125	1
35.636393442622946	5634	1
35.64109289617486	7617	1
35.66617486338797	128	1
35.67453551912568	2778	0
35.706393442622954	9878	1
35.74054644808743	6084	1
35.742349726775956	2110	1
35.773770491803276	7896	1
35.789180327868856	5212	1
35.823825136612015	5163	1
35.846338797814205	5960	1
35.927978142076505	710	1
35.94114754098361	584	1
35.96191256830601	709	1
35.979617486338796	8467	1
35.99300546448087	3043	1
36.026448087431696	5478	1
36.04524590163935	5349	1
36.07972677595628	3032	1
36.08928961748634	2287	1
36.098251366120216	3496	1
36.16136612021858	1577	1
36.17704918032787	8753	1
36.219890710382515	6954	1
36.22	2363	1
36.2231693989071	8914	1
36.22754098360656	2181	1
36.33825136612022	8244	1
36.373661202185794	7168	1
36.425628415300544	7423	1
36.43191256830601	8000	1
36.45475409836065	167	1
36.473114754098354	3687	1
36.48612021857923	2721	1
36.496775956284154	7052	1
36.510546448087425	6236	1
36.54819672131148	6134	1
36.56956284153006	3134	1
36.58021857923497	5643	1
36.60382513661202	7998	1
36.623661202185794	1991	1
36.678797814207655	8567	1
36.69650273224043	7995	1
36.69918032786885	7098	1
36.71852459016394	2386	1
36.735519125683055	4659	1
36.74994535519126	8565	1
36.756885245901636	9118	1
36.7603825136612	8718	1
36.764426229508196	1506	1
36.84661202185792	3941	1
36.881475409836064	2212	1
36.88612021857923	7900	1
36.886721311475405	4760	1
36.902131147540985	3995	1
36.90770491803279	8521	1
36.93158469945355	2991	1
36.93371584699454	6925	1
36.94497267759563	6150	1
36.979617486338796	52	1
36.98377049180328	6267	1
37.00393442622951	8672	1
37.01562841530054	4341	1
37.02393442622951	3024	1
37.02633879781421	3862	1
37.0403825136612	5317	1
37.04765027322404	6811	1
37.05213114754098	6447	1
37.066448087431695	6776	1
37.0896174863388	682	1
37.09437158469945	1750	1
37.103442622950816	8370	1
37.1183606557377	7699	1
37.131967213114756	8039	1
37.13393442622951	3205	1
37.14704918032787	5673	1
37.18683060109289	9058	1
37.22775956284153	9029	1
37.256557377049184	9028	1
37.2568306010929	8243	1
37.30016393442622	5746	1
37.34344262295082	2568	1
37.38404371584699	668	1
37.4872131147541	1781	1
37.490109289617486	3259	1
37.530109289617485	8867	1
37.546502732240434	9318	1
37.576120218579234	9596	1
37.5827868852459	3274	1
37.58972677595628	2722	1
37.604262295081966	2915	1
37.612021857923494	3556	1
37.62814207650273	4612	1
37.62836065573771	9059	1
37.63136612021857	5531	1
37.640163934426226	8805	1
37.66142076502732	9384	1
37.674316939890716	8292	1
37.6872131147541	2852	1
37.69508196721311	8316	1
37.73163934426229	7115	1
37.76737704918033	5160	1
37.7735519125683	2270	1
37.77502732240437	2730	1
37.779781420765026	8230	1
37.80508196721311	1044	1
37.83650273224044	7308	1
37.84398907103825	5889	1
37.881530054644806	8517	1
37.900983606557375	6119	1
37.934371584699456	5283	1
37.94846994535519	5467	1
37.986666666666665	4239	1
38.01153005464481	3222	1
38.01765027322404	9156	1
38.025245901639344	2121	1
38.043934426229505	8615	1
38.142841530054646	5250	1
38.232185792349725	8619	1
38.24693989071038	6186	1
38.26153005464481	3503	1
38.26846994535519	9134	1
38.30409836065574	109	1
38.32748633879781	8558	1
38.328087431693994	1125	1
38.33693989071038	6019	1
38.34142076502732	1499	0
38.3536612021858	5268	1
38.3720218579235	4888	1
38.39896174863388	8512	1
38.439890710382514	7165	1
38.44092896174863	7531	1
38.46814207650274	7279	1
38.48819672131147	2015	1
38.4903825136612	3285	1
38.51535519125683	2565	1
38.53109289617486	6837	1
38.6251912568306	7228	1
38.644590163934424	2967	1
38.66087431693989	144	1
38.662622950819674	1834	1
38.67453551912568	2867	1
38.703114754098365	5392	1
38.72497267759563	6343	1
38.75109289617487	8033	1
38.75672131147541	5972	1
38.7631693989071	2790	1
38.78295081967213	4621	1
38.79125683060109	8250	1
38.829562841530056	5337	1
38.83677595628416	2971	1
38.865355191256825	3719	1
38.89420765027322	3886	1
38.942896174863385	390	1
38.94622950819672	8790	1
38.95142076502732	5069	1
39.03907103825137	5422	1
39.05010928961749	6453	1
39.054863387978145	3181	1
39.08049180327869	42	1
39.111693989071036	5291	1
39.116174863387975	2736	1
39.129016393442626	6144	1
39.141311475409836	3787	1
39.170109289617486	2814	1
39.20027322404371	7813	1
39.23672131147541	6727	1
39.30573770491803	1258	1
39.305956284153005	6206	1
39.312677595628415	5964	1
39.31508196721311	4545	1
39.32939890710383	1927	1
39.33420765027323	1970	1
39.38737704918033	932	1
39.4075956284153	6500	1
39.42366120218579	7930	1
39.44196721311475	4115	1
39.5679781420765	1086	1
39.57945355191257	7680	1
39.59830601092896	6997	1
39.601912568306005	4219	1
39.602950819672124	97	1
39.60344262295082	5515	1
39.60819672131148	72	1
39.6111475409836	301	1
39.61218579234972	2228	1
39.62153005464481	8029	1
39.6283606557377	5025	1
39.62874316939891	9214	1
39.63961748633879	702	1
39.66825136612022	2455	1
39.70284153005465	7039	1
39.715355191256826	6302	1
39.7155737704918	1915	1
39.83420765027323	4971	1
39.84098360655738	3541	1
39.85934426229508	9529	1
39.87202185792349	7941	1
39.88065573770491	5787	1
39.89125683060109	5159	1
39.90333333333333	1935	1
39.90639344262295	2115	1
39.91125683060109	181	1
39.91546448087431	4921	1
39.93120218579235	1289	1
39.95513661202186	5451	1
39.96726775956284	2160	1
39.97868852459017	7687	1
39.97950819672131	3357	1
39.98808743169399	1685	1
40.023825136612025	5046	1
40.02579234972677	9669	1
40.10333333333333	6208	1
40.13568306010929	556	1
40.153606557377046	6480	1
40.20983606557377	4407	1
40.22256830601093	6389	1
40.272185792349724	2320	1
40.31338797814208	3386	1
40.32005464480874	3046	1
40.38344262295082	8792	1
40.40262295081967	8459	1
40.44224043715847	8731	1
40.45513661202185	7827	1
40.47338797814208	2835	1
40.477103825136616	4328	1
40.47950819672131	8524	1
40.49103825136612	83	1
40.49289617486339	179	1
40.500546448087434	7852	1
40.54633879781421	8253	1
40.56934426229508	3895	1
40.601147540983604	7304	1
40.610928961748634	672	1
40.62448087431694	7263	1
40.64327868852459	9955	1
40.659180327868846	4508	1
40.66153005464481	5748	1
40.66710382513661	239	1
40.667377049180324	2009	1
40.74180327868852	4290	1
40.75267759562841	5891	1
40.76699453551913	9316	0
40.769289617486336	6732	1
40.79420765027322	3930	1
40.81918032786886	1153	1
40.883825136612025	317	1
40.928306010928964	7006	1
40.952950819672125	7749	1
40.97125683060109	3810	1
40.99021857923497	6276	1
41.007267759562836	2112	1
41.02650273224044	1833	1
41.02923497267759	5902	1
41.02950819672131	3116	1
41.05901639344262	2882	1
41.06005464480874	9893	1
41.06021857923498	6157	1
41.06142076502732	493	1
41.06590163934426	3538	1
41.08568306010929	3649	1
41.14409836065574	1315	1
41.14748633879781	9454	1
41.172786885245905	9540	1
41.17846994535519	3098	1
41.17994535519126	7590	1
41.215737704918034	5970	1
41.30431693989071	9130	1
41.312677595628415	3083	1
41.35092896174863	930	1
41.38693989071038	2608	1
41.40185792349727	9278	1
41.4220218579235	4742	1
41.440710382513664	5928	1
41.44590163934426	1590	1
41.44748633879781	7943	1
41.4575956284153	1476	1
41.45879781420765	3237	1
41.45967213114754	8645	1
41.4775956284153	5210	1
41.5048087431694	3531	1
41.52513661202186	2886	1
41.53655737704918	4556	1
41.58306010928962	3626	1
41.58409836065574	8323	1
41.585081967213114	2130	1
41.63590163934426	7990	1
41.67229508196721	7285	1
41.71071038251366	3962	1
41.72945355191257	4610	1
41.77256830601093	80	1
41.7896174863388	2996	1
41.79377049180328	5379	1
41.82153005464481	3037	1
41.87459016393443	3139	1
41.89617486338798	342	1
41.92256830601093	420	1
41.952240437158466	6459	1
41.964262295081966	9515	1
42.02049180327869	8819	1
42.16639344262295	3066	1
42.1668306010929	2439	1
42.20065573770491	3170	1
42.234863387978145	4112	1
42.275628415300545	9520	1
42.32262295081967	9458	1
42.345628415300546	243	1
42.38322404371585	6381	1
42.43196721311475	1348	1
42.43863387978142	1240	1
42.44644808743169	4865	1
42.4548087431694	1103	1
42.47163934426229	6494	1
42.48617486338798	3151	1
42.519344262295085	7696	1
42.52273224043716	8620	1
42.561530054644805	753	1
42.57786885245902	5983	1
42.60852459016394	7892	1
42.61300546448088	6677	1
42.61453551912568	5683	1
42.650655737704916	5679	1
42.6720218579235	4008	1
42.70273224043716	3359	1
42.72874316939891	9088	1
42.736338797814206	3328	1
42.750109289617484	2019	1
42.75273224043716	4193	1
42.75939890710383	6583	1
42.79054644808743	7345	1
42.8175956284153	441	1
42.826939890710385	8049	1
42.858743169398906	4092	1
42.86071038251366	1963	1
42.86229508196721	3013	1
42.893879781420765	2086	1
42.900546448087425	9484	1
42.92530054644809	3723	1
42.94426229508197	5837	1
42.95907103825136	9492	1
42.97803278688525	9117	1
42.98475409836065	8850	1
42.99289617486338	8068	1
42.999398907103824	869	1
43.05967213114754	1839	1
43.07491803278688	6939	1
43.12688524590164	1107	1
43.129672131147544	7132	1
43.19131147540983	2179	1
43.198087431693985	2572	1
43.25535519125683	129	1
43.308196721311475	6182	1
43.35486338797814	1335	1
43.366939890710384	8989	1
43.36775956284153	8892	1
43.37896174863388	9648	1
43.38617486338798	1386	1
43.40295081967213	1570	1
43.404754098360655	4139	1
43.41617486338797	8446	1
43.422349726775956	3851	1
43.42366120218579	9316	1
43.42546448087432	3185	1
43.43885245901639	3732	1
43.439562841530055	4797	1
43.466502732240436	5102	1
43.467978142076504	9821	1
43.4783606557377	2114	1
43.48584699453552	6073	1
43.48972677595628	7461	1
43.49245901639344	8912	1
43.494535519125684	7679	1
43.54601092896175	7302	1
43.584644808743164	771	1
43.60098360655737	8433	1
43.62885245901639	968	1
43.63841530054644	2785	1
43.64300546448087	1342	1
43.64327868852459	1972	1
43.64595628415301	4664	1
43.66153005464481	2282	1
43.669398907103826	1885	1
43.67633879781421	3018	1
43.67655737704918	9951	1
43.677540983606555	2176	1
43.68103825136612	2648	1
43.69420765027322	44	1
43.69573770491803	2880	1
43.71568306010929	6367	1
43.72639344262295	6538	1
43.7511475409836	2677	1
43.755409836065574	5761	1
43.792513661202186	5924	1
43.79989071038251	9006	1
43.826120218579234	9673	1
43.865409836065574	7791	1
43.87306010928962	8379	1
43.87338797814208	6882	1
43.8755737704918	6515	1
43.88415300546448	7152	1
43.89704918032787	6332	1
43.899781420765024	5463	1
43.93978142076503	5630	1
43.94459016393443	6139	1
43.94918032786885	1185	1
43.954918032786885	3195	1
43.968032786885246	8217	1
43.96896174863388	9457	1
43.97338797814207	5897	1
44.08338797814208	1896	1
44.089125683060104	3154	1
44.11	9971	1
44.14371584699453	8450	1
44.16978142076503	4566	1
44.17699453551912	7810	1
44.184699453551914	9259	1
44.19120218579235	7823	1
44.22387978142076	5860	1
44.248961748633874	8671	1
44.25590163934426	5747	1
44.261366120218575	1895	1
44.26153005464481	6394	1
44.2896174863388	9575	1
44.29267759562842	9216	1
44.292841530054645	1876	1
44.323169398907105	6914	1
44.33972677595628	8314	1
44.344863387978144	9628	1
44.35355191256831	8968	1
44.3655737704918	6065	1
44.385628415300545	3316	1
44.38688524590164	1552	1
44.389781420765026	6473	1
44.40704918032787	9466	1
44.466502732240436	4205	1
44.46950819672131	1637	1
44.47907103825137	8720	1
44.49060109289617	6651	1
44.50409836065574	4089	1
44.51087431693989	2805	1
44.573551912568306	2887	1
44.5831693989071	4402	1
44.63497267759563	7272	1
44.64174863387978	9640	1
44.6724043715847	9221	1
44.70016393442623	2136	1
44.71743169398907	4851	1
44.73021857923498	3124	1
44.73469945355192	4449	1
44.74426229508197	3392	1
44.74885245901639	9953	1
44.75191256830601	1612	1
44.75404371584699	2331	1
44.76426229508196	3820	1
44.76715846994535	9905	1
44.77502732240438	7769	1
44.80540983606557	8451	1
44.87907103825137	6029	1
44.89437158469945	6319	1
44.90918032786885	4648	1
44.93262295081967	1027	1
44.99437158469945	7002	1
45.0	8764	1
45.0003825136612	4785	1
45.018961748633885	4148	1
45.05218579234973	6372	1
45.05661202185792	5436	1
45.094918032786886	9528	1
45.107595628415304	6445	1
45.11333333333334	849	1
45.16300546448087	9554	1
45.17928961748634	6678	1
45.20950819672131	5093	1
45.21830601092896	9983	1
45.2436612021858	4963	1
45.24972677595628	8974	1
45.25196721311475	9763	1
45.277868852459015	2035	1
45.287540983606554	811	1
45.315245901639344	9013	1
45.3315300546448	2759	1
45.34693989071038	2896	1
45.34885245901639	4482	1
45.35049180327869	284	1
45.35109289617486	9654	1
45.35508196721311	3534	1
45.39289617486339	7387	1
45.39606557377049	6025	1
45.42273224043716	1173	1
45.44573770491803	3337	1
45.45251366120219	4020	1
45.480655737704915	3233	1
45.494207650273225	7141	1
45.52289617486339	1515	1
45.52748633879781	1127	1
45.620655737704915	4568	1
45.627704918032784	8209	1
45.629617486338795	2467	1
45.657377049180326	4991	1
45.6927868852459	177	1
45.714262295081966	7448	1
45.73	1233	1
45.74469945355192	1874	1
45.756174863387976	5388	1
45.76639344262295	401	1
45.829562841530056	8041	1
45.896830601092894	4060	1
45.91098360655737	2305	1
45.98163934426229	8001	1
45.9927868852459	9624	1
45.99972677595628	9985	1
46.022622950819674	7396	1
46.02655737704918	8226	1
46.060819672131146	8338	1
46.07371584699453	8956	1
46.08540983606557	7209	1
46.11158469945355	4202	1
46.12918032786885	1681	1
46.15136612021858	8325	1
46.15846994535519	3999	1
46.167486338797815	31	1
46.17333333333333	8417	1
46.177540983606555	6342	1
46.21060109289618	3353	1
46.21284153005465	9837	1
46.21890710382514	4783	1
46.23163934426229	9766	1
46.265464480874314	909	1
46.27311475409836	5997	1
46.29633879781421	5956	1
46.308087431693984	1219	1
46.328360655737704	8175	1
46.34382513661202	1049	1
46.34918032786886	7850	1
46.35956284153005	2087	1
46.36901639344262	8693	1
46.377704918032784	9608	1
46.39142076502732	8138	1
46.40612021857924	7888	1
46.40934426229508	9730	1
46.411748633879775	5348	1
46.43628415300546	2413	1
46.43830601092896	6718	1
46.44306010928962	587	1
46.44786885245901	2957	1
46.46584699453552	3376	1
46.466065573770486	6194	1
46.474043715846996	9599	1
46.48530054644808	9239	1
46.51404371584699	8398	1
46.52295081967213	773	1
46.53661202185793	9898	1
46.54524590163934	8406	1
46.56814207650273	2100	1
46.5703825136612	6114	1
46.5707650273224	4716	1
46.575081967213116	7010	1
46.59103825136612	73	1
46.60464480874317	8789	1
46.60480874316939	1123	1
46.6179781420765	819	1
46.66770491803279	2929	1
46.671530054644805	6089	1
46.67366120218579	9620	1
46.686229508196725	5345	1
46.6924043715847	578	1
46.70989071038252	6385	1
46.710819672131144	7427	1
46.72830601092896	5990	1
46.7283606557377	9111	1
46.76666666666667	5854	1
46.77475409836065	3972	1
46.80743169398907	1117	1
46.80896174863388	8514	1
46.83748633879782	5818	1
46.85666666666666	1212	1
46.858032786885246	4320	1
46.86950819672131	1089	1
46.91584699453552	6168	1
46.92202185792349	4683	1
46.949999999999996	5244	1
46.950491803278695	4646	1
46.954972677595634	996	1
46.95983606557377	1727	1
46.96191256830601	7404	1
46.967978142076504	5020	1
46.973551912568304	5637	1
46.98010928961748	2075	1
47.009234972677596	2612	1
47.08043715846995	6691	1
47.08879781420765	3802	1
47.10245901639344	1420	1
47.108743169398906	4049	1
47.13989071038251	2737	1
47.152896174863386	5358	1
47.161202185792355	9322	1
47.17322404371585	5227	1
47.189672131147546	8405	1
47.21502732240437	7083	1
47.227814207650276	1261	1
47.2451912568306	295	1
47.25300546448087	2132	1
47.25825136612022	7066	1
47.279836065573775	2163	1
47.28606557377049	6959	1
47.29344262295082	8650	1
47.3020218579235	6366	1
47.31606557377049	9308	1
47.32491803278689	5866	1
47.345136612021854	4947	1
47.398306010928955	9025	1
47.40295081967213	5509	1
47.41699453551913	8684	1
47.41814207650273	8795	1
47.43907103825136	5759	1
47.46901639344262	8077	1
47.48950819672131	6757	1
47.49196721311475	9485	1
47.49989071038251	7351	1
47.50180327868853	9906	1
47.52377049180328	2793	1
47.53125683060109	5012	1
47.53382513661202	7822	1
47.54169398907104	903	1
47.55163934426229	4560	1
47.57775956284153	787	1
47.6124043715847	9135	1
47.64213114754099	9874	1
47.64606557377049	2165	1
47.68081967213114	7573	1
47.68464480874317	4297	1
47.69049180327869	416	1
47.72032786885246	7921	1
47.745737704918035	9935	1
47.75890710382514	8975	1
47.8131693989071	5441	1
47.81322404371585	1241	1
47.83426229508196	5240	1
47.834480874316945	1883	1
47.86147540983606	2628	1
47.91426229508197	897	1
47.92551912568306	4433	1
47.9296174863388	4854	1
47.941366120218575	2985	1
47.94841530054645	9152	1
47.95983606557377	5765	1
48.00874316939891	8159	1
48.02590163934426	7495	1
48.04382513661202	2512	1
48.07120218579235	4430	1
48.076502732240435	3809	1
48.105683060109286	2800	1
48.120983606557374	7542	1
48.129016393442626	9800	1
48.130819672131146	8286	1
48.15633879781421	4793	1
48.16415300546448	9187	1
48.16732240437158	8571	1
48.189180327868854	1550	1
48.192896174863385	8516	1
48.194043715846995	161	1
48.21846994535519	7467	1
48.22147540983607	2144	1
48.260983606557375	124	1
48.26267759562842	2262	1
48.26508196721311	5702	1
48.297704918032785	4870	1
48.29868852459016	1318	1
48.33109289617486	1344	1
48.33196721311475	6802	1
48.341366120218574	2980	1
48.35349726775956	6192	1
48.40049180327868	2438	1
48.44688524590163	4521	1
48.447377049180325	6484	1
48.46	8803	1
48.46688524590164	4729	1
48.46726775956284	1758	1
48.49185792349727	6406	1
48.493060109289615	8518	1
48.498633879781416	1661	1
48.54185792349727	1983	1
48.551475409836065	2668	1
48.55256830601093	9966	1
48.561147540983605	3039	1
48.602021857923496	9641	1
48.63032786885246	9167	1
48.64972677595628	8053	1
48.656666666666666	3272	1
48.65704918032787	2118	1
48.65765027322404	9564	1
48.66825136612022	8277	1
48.671256830601095	8381	1
48.67765027322404	1565	1
48.682404371584695	6582	1
48.685409836065574	9593	1
48.68672131147541	4213	1
48.69120218579235	7599	1
48.717540983606554	610	1
48.738087431693984	3111	1
48.75852459016394	9398	1
48.76081967213115	3436	1
48.78213114754098	7984	1
48.79273224043716	300	1
48.79819672131147	9587	1
48.81431693989071	5090	1
48.855683060109286	1507	1
48.88393442622951	9768	1
48.890819672131144	462	1
48.890819672131144	1214	1
48.891530054644804	3378	0
48.89393442622951	1421	1
48.90792349726776	9269	1
48.91327868852459	7508	1
48.93928961748634	2319	1
48.96896174863388	5060	1
48.969836065573766	6978	1
48.9824043715847	7439	1
48.98382513661202	2621	1
49.014371584699454	5496	1
49.02606557377049	3841	1
49.06322404371584	7976	1
49.07486338797814	4834	1
49.07830601092896	6254	1
49.14546448087431	8772	1
49.14644808743169	6326	1
49.16142076502732	1658	1
49.162295081967216	8824	1
49.210109289617485	2788	1
49.21715846994536	7414	1
49.22267759562842	7314	1
49.239016393442625	5413	1
49.263606557377045	475	1
49.26825136612022	3370	1
49.280109289617485	1403	1
49.288688524590164	8180	1
49.291748633879784	3269	1
49.320218579234975	1621	1
49.342240437158466	2743	1
49.359344262295075	5321	1
49.366557377049176	7221	1
49.37939890710382	4342	1
49.405191256830605	7688	1
49.40890710382513	3403	1
49.43	733	1
49.44868852459017	2177	1
49.49508196721312	7356	1
49.509453551912564	858	1
49.5224043715847	5408	1
49.54377049180328	9045	1
49.55901639344262	2828	1
49.57710382513661	3833	1
49.5831693989071	8132	1
49.591475409836065	2600	1
49.595136612021854	3533	1
49.63469945355191	9211	1
49.654426229508196	4369	1
49.660382513661204	7546	1
49.7316393442623	7349	1
49.73989071038251	3201	1
49.75486338797814	111	1
49.76355191256831	4886	1
49.768524590163935	6300	1
49.79650273224044	9250	1
49.80934426229508	7709	1
49.816830601092896	744	1
49.82956284153005	4605	1
49.90792349726776	6508	1
49.942513661202184	2644	1
49.94786885245902	7731	1
49.94830601092896	3261	1
49.96092896174863	5774	1
49.96879781420765	3214	1
49.979617486338796	876	1
49.983715846994535	1597	1
49.98606557377049	6501	1
50.0231693989071	6209	1
50.02808743169399	7361	1
50.04311475409836	9170	1
50.07693989071038	2638	1
50.078469945355195	1291	1
50.08825136612022	8166	1
50.094098360655735	3612	1
50.09797814207651	8123	1
50.12765027322404	7549	1
50.144262295081965	7862	1
50.16639344262295	2352	1
50.1672131147541	1083	1
50.171256830601095	3666	1
50.203770491803276	6739	1
50.212349726775955	920	1
50.31896174863388	2374	1
50.33901639344263	2860	1
50.35448087431694	3391	1
50.35901639344262	5290	1
50.38967213114754	7895	1
50.39857923497268	2335	1
50.3996174863388	3661	1
50.42180327868853	1267	1
50.44284153005464	3973	1
50.4607650273224	1544	1
50.47054644808743	6327	1
50.49546448087431	3085	1
50.511420765027324	9262	1
50.54606557377049	6390	1
50.56071038251366	5261	1
50.593715846994535	7219	1
50.61032786885246	813	1
50.63584699453552	6647	1
50.66213114754098	2942	1
50.66234972677596	7728	1
50.67131147540984	1818	1
50.67967213114754	4477	1
50.68497267759563	9446	1
50.701420765027315	3119	1
50.75398907103825	4937	1
50.764153005464486	6825	1
50.766994535519125	5167	1
50.769999999999996	3997	1
50.80169398907103	1236	1
50.805245901639346	8084	1
50.80573770491803	6673	1
50.81464480874317	2981	1
50.82693989071038	6652	1
50.837377049180326	4832	1
50.84978142076503	2083	1
50.87010928961749	8268	1
50.87234972677595	5273	1
50.88224043715847	5330	1
50.89584699453552	2615	1
50.90109289617486	9507	1
50.90879781420765	4939	1
50.92781420765027	5485	1
50.9292349726776	3096	1
50.934754098360656	5355	1
50.95289617486339	4087	1
50.95459016393442	2430	1
50.99639344262295	5466	1
51.00071038251367	7927	1
51.00300546448087	2545	1
51.01387978142077	4269	1
51.04131147540984	5215	1
51.041803278688526	3764	1
51.075027322404374	8695	1
51.07557377049181	9394	1
51.09655737704918	1475	1
51.118032786885244	9214	0
51.174535519125676	3239	1
51.19677595628415	5157	1
51.23513661202186	2966	1
51.25928961748634	5200	1
51.27251366120218	4099	1
51.27546448087432	3875	1
51.27601092896175	9237	1
51.28409836065574	3459	1
51.31393442622951	2411	1
51.329453551912565	5391	1
51.3548087431694	1312	1
51.35546448087431	148	1
51.37387978142077	5554	1
51.37398907103825	7604	1
51.43557377049181	8227	1
51.44049180327869	5366	1
51.44306010928962	2919	1
51.46327868852459	8553	1
51.46448087431694	1521	1
51.46819672131147	3423	1
51.48065573770492	2402	1
51.482185792349725	6285	1
51.48251366120219	2719	1
51.490765027322404	6243	1
51.49355191256831	9739	1
51.50639344262295	9469	1
51.55497267759563	180	1
51.591912568306014	7389	1
51.59229508196721	5462	1
51.5931693989071	2559	1
51.611256830601086	1586	1
51.660655737704914	9193	1
51.698524590163935	5087	1
51.72147540983607	2769	1
51.73513661202186	9991	1
51.741639344262296	6856	1
51.75224043715847	866	1
51.76415300546448	6329	1
51.77131147540984	3767	1
51.79071038251366	290	1
51.807759562841525	9070	1
51.82584699453552	164	1
51.83256830601093	2269	1
51.84153005464481	4416	1
51.86234972677595	8350	1
51.865737704918025	3375	1
51.92327868852459	9896	1
51.933551912568305	8531	1
51.98770491803278	6957	1
51.99568306010929	3519	1
52.01743169398907	693	1
52.02284153005465	1643	1
52.02513661202185	5600	1
52.02601092896175	8074	1
52.031202185792345	3246	1
52.03142076502732	3061	1
52.06918032786885	1984	1
52.079562841530056	4078	1
52.09573770491803	8592	1
52.09868852459016	5347	1
52.12453551912568	7281	1
52.126994535519124	4445	1
52.13704918032787	1923	1
52.1455737704918	6203	1
52.18590163934426	2834	1
52.19792349726776	8802	1
52.23191256830601	2134	1
52.24224043715847	6753	1
52.24967213114754	8618	1
52.25896174863387	2767	1
52.28743169398906	6894	1
52.28830601092896	860	1
52.28934426229508	4670	1
52.291311475409834	3813	1
52.3075956284153	7857	1
52.32601092896174	8304	1
52.32655737704918	1713	1
52.39071038251366	6391	1
52.40234972677596	5534	1
52.42207650273224	1411	1
52.456448087431696	7441	1
52.46841530054645	2838	1
52.47256830601093	9723	1
52.53732240437159	4676	1
52.54524590163935	5592	1
52.58639344262295	2326	1
52.586666666666666	509	1
52.60595628415301	6050	1
52.61781420765028	9246	1
52.64775956284153	7623	1
52.66284153005464	4426	1
52.69415300546448	3789	1
52.71087431693989	7117	1
52.71469945355191	3682	1
52.71513661202186	3738	1
52.77530054644809	1323	1
52.853879781420765	4314	1
52.880765027322404	9286	1
52.88136612021857	1700	1
52.88344262295082	8707	1
52.88726775956284	9034	1
52.92584699453552	8171	1
53.01950819672131	2795	1
53.02464480874317	1892	1
53.03628415300546	4180	1
53.0831693989071	1003	1
53.091092896174864	7944	1
53.13808743169399	3140	1
53.14830601092896	8801	1
53.154316939890705	1409	1
53.16644808743169	9105	1
53.16950819672131	2639	1
53.174972677595626	3034	1
53.19349726775956	2295	1
53.193606557377045	3165	1
53.19448087431694	540	1
53.209071038251366	6667	1
53.254699453551915	5546	1
53.370546448087424	2599	1
53.39956284153005	1392	1
53.40967213114754	1696	1
53.411420765027316	8959	1
53.435792349726775	5159	0
53.44754098360655	4037	1
53.47185792349727	7970	1
53.47792349726776	5789	1
53.49808743169399	25	1
53.498251366120215	4690	1
53.51934426229508	821	1
53.52983606557377	4330	1
53.542021857923494	2135	1
53.56109289617486	2885	1
53.691420765027324	9472	1
53.70846994535519	6803	1
53.71120218579235	2669	1
53.71245901639344	4515	1
53.71786885245901	279	1
53.72344262295081	9770	1
53.73054644808743	3887	1
53.73142076502732	2329	1
53.74661202185792	2195	1
53.7716393442623	2633	1
53.78475409836066	2217	1
53.786885245901644	8640	1
53.7983606557377	292	1
53.82950819672131	1969	1
53.853770491803274	4356	1
53.87765027322405	4552	1
53.88464480874317	9704	1
53.93027322404372	7437	1
53.95180327868852	3908	1
53.97524590163935	1014	1
53.987103825136614	6198	1
54.00480874316939	9660	1
54.01606557377049	3109	1
54.017759562841526	5909	1
54.02907103825136	531	1
54.031256830601095	5808	1
54.07442622950819	6066	1
54.081311475409834	2128	1
54.08502732240437	2081	1
54.10551912568306	5057	1
54.18207650273224	7628	1
54.18754098360656	257	1
54.1979781420765	6133	1
54.199672131147544	594	1
54.220983606557375	6628	1
54.235628415300546	8221	1
54.23715846994535	8523	1
54.258032786885245	2018	1
54.258360655737704	432	1
54.28289617486339	2503	1
54.336612021857924	9980	1
54.349726775956285	5912	1
54.35983606557377	1247	1
54.39890710382514	5710	1
54.4024043715847	4654	1
54.43371584699453	9163	1
54.45912568306011	2174	1
54.48693989071038	5406	1
54.492950819672124	2823	1
54.52289617486339	4622	1
54.530819672131145	3450	1
54.534207650273224	6137	1
54.547759562841534	879	1
54.55726775956284	5991	1
54.56879781420765	370	1
54.57415300546448	7206	1
54.586557377049175	443	1
54.6183606557377	7359	1
54.62650273224044	8920	1
54.64142076502732	8624	1
54.65792349726776	9303	1
54.65846994535519	636	1
54.670491803278686	4413	1
54.670491803278686	3948	1
54.67431693989071	8448	1
54.69508196721311	1858	1
54.70546448087432	9698	1
54.73879781420765	3734	1
54.74699453551912	9811	1
54.76338797814208	9708	1
54.76721311475409	3709	1
54.790163934426225	3010	1
54.790163934426225	2536	1
54.83661202185792	6373	1
54.85628415300547	4701	1
54.85901639344262	162	1
54.88688524590164	3284	1
54.998360655737706	2459	1
55.001639344262294	1508	1
55.02568306010929	4631	1
55.04371584699454	589	1
55.059016393442626	5469	1
55.069398907103825	3084	1
55.07103825136612	360	1
55.112021857923494	3363	1
55.11639344262295	2441	1
55.13661202185792	8095	1
55.137158469945355	3836	1
55.16284153005464	8831	1
55.1672131147541	4741	1
55.18032786885246	1444	1
55.183606557377054	461	1
55.18415300546447	887	1
55.21147540983607	6883	1
55.23169398907103	965	1
55.26120218579235	8766	1
55.315300546448086	9315	1
55.334426229508196	4571	1
55.36612021857923	7216	1
55.380874316939895	7700	1
55.380874316939895	2953	1
55.391256830601094	2093	1
55.39289617486339	6069	1
55.399453551912565	7144	1
55.41530054644809	4595	1
55.42732240437158	4874	1
55.43224043715847	1642	1
55.43606557377049	2750	1
55.450819672131146	8046	1
55.45956284153005	3369	1
55.46174863387978	521	1
55.46830601092896	7511	1
55.46830601092896	7053	1
55.494535519125684	8091	1
55.498360655737706	4634	1
55.51967213114754	2042	1
55.540983606557376	4650	1
55.54972677595628	1821	1
55.56666666666666	7875	1
55.622950819672134	7664	1
55.63551912568306	5848	1
55.67103825136612	7491	1
55.672677595628414	4746	1
55.67595628415301	6424	1
55.70546448087432	7496	1
55.708196721311474	5685	1
55.737158469945356	2845	1
55.741530054644805	9016	1
55.74262295081967	3465	1
55.7448087431694	8638	1
55.747540983606555	3518	1
55.7775956284153	9611	1
55.797814207650276	3279	1
55.81584699453552	5482	1
55.81803278688525	528	1
55.84808743169399	3754	1
55.86229508196721	3131	1
55.933879781420764	2209	1
55.980327868852456	3309	1
55.98360655737705	2557	1
56.00218579234973	3163	1
56.01967213114754	9819	1
56.09836065573771	9062	1
56.137158469945355	3047	1
56.13989071038251	6731	1
56.14699453551912	7759	1
56.15300546448088	6994	1
56.17868852459016	5755	1
56.19836065573771	9125	1
56.204918032786885	8641	1
56.20765027322404	1317	1
56.21584699453552	7262	1
56.225136612021856	1238	1
56.22896174863388	2192	1
56.25027322404372	4499	1
56.253551912568305	2070	1
56.26229508196721	4916	1
56.30546448087432	5088	1
56.31092896174864	3076	1
56.34808743169399	3522	1
56.36448087431694	5302	1
56.36612021857924	765	1
56.39125683060109	3744	1
56.40218579234973	3628	1
56.404371584699454	2211	1
56.42568306010929	1419	1
56.44426229508196	2520	1
56.49617486338797	4086	1
56.50437158469945	9341	1
56.52021857923497	9775	1
56.52404371584699	5503	1
56.55355191256831	8420	1
56.57322404371585	0	1
56.5879781420765	5231	1
56.60218579234972	9871	1
56.607650273224046	3358	1
56.6103825136612	4081	1
56.61857923497267	5010	1
56.61967213114754	5872	1
56.61967213114754	2239	1
56.62021857923497	5532	1
56.64644808743169	4128	1
56.64808743169399	3520	1
56.65683060109289	3305	1
56.659562841530054	9499	1
56.6639344262295	176	1
56.66775956284153	9729	1
56.668306010928966	3890	1
56.669398907103826	1584	1
56.669398907103826	6076	1
56.67213114754098	4358	1
56.677595628415304	892	1
56.67814207650273	6821	1
56.68907103825136	9741	1
56.68907103825136	9251	1
56.69344262295081	9367	1
56.70327868852459	5121	1
56.710928961748635	4771	1
56.723497267759555	3838	1
56.72622950819672	3349	1
56.72677595628415	1853	1
56.727322404371584	7428	1
56.754644808743166	4981	1
56.7672131147541	8392	1
56.781967213114754	7631	1
56.78469945355191	3484	1
56.7896174863388	9343	1
56.802185792349725	1625	1
56.80765027322404	520	1
56.80983606557377	6469	1
56.8120218579235	6589	1
56.81803278688525	4765	1
56.833333333333336	7017	1
56.835519125683064	6258	1
56.83715846994535	9590	1
56.83825136612022	2077	1
56.843715846994535	4471	1
56.84535519125683	7660	1
56.856830601092895	5155	1
56.86065573770492	9803	1
56.87049180327869	7196	1
56.87267759562842	5598	1
56.874863387978145	4813	1
56.87650273224043	7633	1
56.87650273224043	9860	1
56.87868852459016	4629	1
56.88032786885246	7416	1
56.88688524590164	1085	1
56.90273224043716	6977	1
56.90765027322404	7205	1
56.91967213114754	4129	1
56.9327868852459	5801	1
56.95027322404372	6933	1
56.953005464480874	67	1
56.956830601092896	4422	1
56.972131147540985	6611	1
56.97322404371585	5556	1
56.98415300546448	5039	1
56.99398907103825	7158	1
57.00928961748634	3784	1
57.00983606557377	8480	1
57.00983606557377	9681	1
57.02349726775956	8189	1
57.02732240437158	1327	1
57.02950819672131	9138	1
57.05081967213115	6924	1
57.08032786885246	1729	1
57.08196721311475	6797	1
57.08306010928962	6690	1
57.09836065573771	1764	1
57.10655737704918	2547	1
57.10710382513661	684	1
57.108743169398906	3625	1
57.11147540983606	1732	1
57.14207650273224	6356	1
57.144262295081965	3743	1
57.1448087431694	1740	1
57.16174863387978	1898	1
57.169398907103826	4557	1
57.17213114754098	8429	1
57.17213114754098	9415	1
57.19234972677596	989	1
57.22677595628415	7056	1
57.23169398907103	1124	1
57.23224043715847	1899	1
57.24918032786885	2260	1
57.24918032786885	9814	1
57.27431693989071	1483	1
57.274863387978144	9264	1
57.28415300546448	687	1
57.29453551912568	1358	1
57.295081967213115	3389	1
57.30273224043716	4179	1
57.31092896174863	8997	1
57.31475409836065	889	1
57.318579234972674	9823	1
57.32185792349727	4604	1
57.32786885245902	4334	1
57.34699453551912	4264	1
57.349726775956285	316	1
57.36448087431694	2627	1
57.36557377049181	7450	1
57.368306010928954	7460	1
57.37650273224043	1600	1
57.38852459016393	7955	1
57.39180327868852	355	1
57.393442622950815	4524	1
57.39781420765028	6944	1
57.4	7244	1
57.40928961748634	4204	1
57.41967213114754	6577	1
57.424590163934425	1161	1
57.42732240437159	6417	1
57.46284153005465	8863	1
57.47377049180328	8634	1
57.48415300546448	9822	1
57.48415300546448	9212	1
57.48415300546448	9129	1
57.48469945355191	871	1
57.49289617486339	4347	1
57.494535519125684	1190	1
57.494535519125684	8357	1
57.505464480874316	5709	1
57.521857923497265	9436	1
57.52295081967213	8909	1
57.533879781420765	7828	1
57.53770491803279	374	1
57.53879781420765	6918	1
57.59071038251366	8873	1
57.59344262295082	4390	1
57.594535519125685	7342	1
57.60109289617486	4244	1
57.603825136612016	1946	1
57.60437158469945	5198	1
57.606010928961744	1462	1
57.607650273224046	7667	1
57.60928961748634	3218	1
57.61092896174863	5979	1
57.61639344262295	8439	1
57.62021857923497	346	1
57.624043715846994	6049	1
57.644262295081965	3980	1
57.644262295081965	5697	1
57.663387978142076	7331	1
57.669398907103826	4815	1
57.676502732240436	2463	1
57.68032786885246	5590	1
57.702185792349724	8740	1
57.70437158469945	4758	1
57.71366120218579	4713	1
57.71967213114754	3924	1
57.72459016393442	9122	1
57.741530054644805	5723	1
57.74590163934426	7668	1
57.75792349726776	6861	1
57.76448087431694	3652	1
57.771038251366114	5604	1
57.77650273224044	7207	1
57.787978142076504	1851	1
57.79562841530055	4952	1
57.80491803278689	8005	1
57.82622950819672	8585	1
57.835519125683064	4616	1
57.84808743169399	502	1
57.869945355191255	2780	1
57.892349726775954	6910	1
57.90710382513661	4429	1
57.90928961748634	8982	1
57.91912568306011	943	1
57.92841530054645	6526	1
57.937704918032786	6318	1
57.94863387978142	4114	1
57.961202185792345	9879	1
57.96666666666667	1074	1
57.96885245901639	1501	1
57.97431693989071	8957	1
57.982513661202184	3055	1
57.98579234972677	8759	1
57.99289617486339	9802	1
57.99672131147541	4543	1
58.01639344262295	1816	1
58.019672131147544	4201	1
58.038251366120214	419	1
58.056284153005464	1755	1
58.065027322404376	6098	1
58.06775956284153	7004	1
58.07049180327869	9657	1
58.090710382513656	700	1
58.09289617486339	8335	1
58.09945355191257	4344	1
58.114754098360656	2079	1
58.12185792349727	2127	1
58.12513661202186	8757	1
58.13169398907104	293	1
58.138251366120215	7354	1
58.13989071038252	7556	1
58.15409836065574	3755	1
58.16120218579235	6201	1
58.173770491803275	7717	1
58.173770491803275	3011	1
58.179781420765025	8184	1
58.206010928961746	1388	1
58.2103825136612	4881	1
58.21147540983606	5416	1
58.21584699453552	689	1
58.23551912568306	3290	1
58.24371584699453	844	1
58.26338797814207	363	1
58.31803278688524	722	1
58.320218579234975	3957	1
58.34153005464481	3550	1
58.34918032786885	4957	1
58.3655737704918	3297	1
58.395081967213116	8113	1
58.39562841530054	6817	1
58.39890710382514	1996	1
58.42732240437159	5192	1
58.437704918032786	9191	1
58.4431693989071	2008	1
58.44644808743169	7626	1
58.460109289617485	5433	1
58.47377049180328	86	1
58.48087431693989	4599	1
58.48907103825137	1678	1
58.49672131147541	5560	1
58.50983606557377	7395	1
58.54153005464481	9866	1
58.546994535519126	2450	1
58.569398907103825	3258	1
58.61366120218579	6638	1
58.62131147540983	3479	1
58.62459016393443	2900	1
58.62568306010929	8883	1
58.63224043715847	4096	1
58.638251366120215	2201	1
58.63989071038252	2096	1
58.65464480874317	7886	1
58.65573770491803	3815	1
58.6672131147541	373	1
58.6672131147541	307	1
58.669398907103826	6316	1
58.675956284153	5397	1
58.68633879781421	77	1
58.68852459016393	4596	1
58.713114754098356	2518	1
58.73333333333333	3152	1
58.73661202185792	670	1
58.73770491803279	223	1
58.73825136612022	4539	1
58.74207650273224	4150	1
58.752459016393445	7949	1
58.757923497267754	1350	1
58.760655737704916	5164	1
58.77814207650273	554	1
58.79125683060109	8288	1
58.79945355191257	5479	1
58.80491803278689	5015	1
58.80546448087431	9667	1
58.816393442622946	2246	1
58.81693989071038	3341	1
58.824590163934424	1046	1
58.86448087431694	3082	1
58.867759562841535	6207	1
58.878142076502726	3966	1
58.87978142076503	6470	1
58.88087431693989	6537	1
58.88251366120219	4291	1
58.88251366120219	5131	1
58.89562841530054	3868	1
58.90601092896175	1765	1
58.907103825136616	2390	1
58.91475409836065	1556	1
58.924590163934425	7323	1
58.92513661202186	9391	1
58.929508196721315	8454	1
58.94426229508197	4125	1
58.94426229508197	8651	1
58.94918032786885	527	1
58.951912568306014	448	1
58.95464480874317	5621	1
58.959016393442624	5465	1
58.95956284153006	4146	1
58.96174863387978	3560	1
58.985245901639345	2663	1
59.007650273224044	8455	1
59.01092896174863	768	1
59.011475409836066	9887	1
59.0120218579235	3932	1
59.012568306010934	8654	1
59.0224043715847	9032	1
59.033879781420765	2095	1
59.051366120218574	2684	1
59.07704918032787	6831	1
59.0879781420765	4531	1
59.09234972677596	2356	1
59.11967213114754	7113	1
59.132786885245906	5487	1
59.15027322404371	6730	1
59.16010928961749	2674	1
59.16502732240437	9806	1
59.16502732240437	5248	1
59.16994535519126	6010	1
59.177595628415304	100	1
59.18251366120219	1379	1
59.196174863387974	6261	1
59.206010928961746	1973	1
59.214207650273224	2188	1
59.22513661202186	9337	1
59.24699453551913	3025	1
59.24808743169399	8275	1
59.29781420765027	6841	1
59.301092896174865	68	1
59.318579234972674	6422	1
59.328415300546446	6576	1
59.342622950819674	4691	1
59.34535519125683	3174	1
59.34699453551912	8952	1
59.36502732240437	6764	1
59.39016393442623	4071	1
59.40819672131147	2970	1
59.4103825136612	9786	1
59.41420765027323	8999	1
59.425683060109286	4088	1
59.4344262295082	8709	1
59.4535519125683	7487	1
59.46010928961749	8261	1
59.465027322404374	3747	1
59.472131147540985	4222	1
59.473224043715845	6625	1
59.4775956284153	4669	1
59.4896174863388	5443	1
59.49289617486338	6920	1
59.49508196721312	2371	1
59.495628415300544	4509	1
59.49781420765027	5213	1
59.559016393442626	8770	1
59.562295081967214	7766	1
59.583606557377045	5434	1
59.58415300546448	3752	1
59.613114754098355	147	1
59.62295081967213	8371	1
59.62459016393443	905	1
59.630054644808745	455	1
59.63060109289617	1981	1
59.63169398907104	6665	1
59.634972677595634	1486	1
59.64754098360656	2153	1
59.66284153005464	9885	1
59.70710382513661	2406	1
59.71475409836066	1677	1
59.71584699453552	2539	1
59.7207650273224	6985	1
59.727322404371584	9199	1
59.73770491803278	1802	1
59.73825136612022	5817	1
59.74918032786885	4652	1
59.75573770491803	7783	1
59.76174863387978	9979	1
59.76448087431694	9945	1
59.768852459016394	9867	1
59.77704918032787	7881	1
59.7983606557377	8977	1
59.80928961748634	2286	1
59.81092896174863	8937	1
59.814207650273225	8449	1
59.821311475409836	6979	1
59.849726775956285	4069	1
59.86338797814207	4844	1
59.86939890710383	110	1
59.87704918032787	5606	1
59.87759562841531	5980	1
59.881967213114756	4946	1
59.890163934426226	9225	1
59.89672131147541	882	1
59.89945355191257	1231	1
59.912568306010925	2702	1
59.9311475409836	7307	1
59.93551912568306	1278	1
59.93606557377049	8854	1
59.94426229508197	5009	1
59.94754098360655	1540	1
59.9535519125683	9674	1
59.979234972677595	6951	1
59.98087431693989	7948	1
60.00491803278689	9228	1
60.0120218579235	3878	1
60.03934426229508	6315	1
60.04754098360655	9965	1
60.04754098360655	4734	1
60.0655737704918	9549	1
60.09180327868852	4401	1
60.09617486338798	7319	1
60.12622950819672	3684	1
60.147540983606554	6035	1
60.15409836065574	6787	1
60.1672131147541	4258	1
60.17540983606557	5296	1
60.22295081967213	1799	1
60.231147540983606	7116	1
60.24535519125683	4725	1
60.25081967213114	3607	1
60.26830601092896	2368	1
60.269945355191254	7297	1
60.27049180327869	6003	1
60.274863387978144	7400	1
60.29726775956284	3143	1
60.30382513661202	7637	1
60.315300546448086	9381	1
60.31803278688524	9762	1
60.32786885245901	8218	1
60.328415300546446	7804	1
60.3431693989071	1787	1
60.35846994535519	8072	1
60.37213114754098	3863	1
60.41748633879781	5816	1
60.443715846994536	2631	1
60.466120218579235	8208	1
60.47103825136612	1371	1
60.477595628415294	5100	1
60.48469945355191	9792	1
60.48524590163934	2976	1
60.48579234972677	9832	1
60.50382513661202	8536	1
60.50819672131147	8069	1
60.50928961748634	6816	1
60.53934426229508	4295	1
60.559016393442626	9563	1
60.56502732240437	9535	1
60.60546448087432	6430	1
60.6120218579235	2351	1
60.61420765027322	517	1
60.62950819672131	6781	1
60.63879781420765	5449	1
60.647540983606554	2089	1
60.65573770491803	9258	1
60.660655737704914	7283	1
60.66830601092896	5194	1
60.66885245901639	5544	1
60.672677595628414	261	1
60.69672131147541	2614	1
60.721311475409834	6692	1
60.73989071038251	2527	1
60.74590163934426	7714	1
60.75409836065574	9171	1
60.7568306010929	5831	1
60.77978142076503	1295	1
60.785792349726776	59	1
60.79672131147541	572	1
60.81803278688524	5901	1
60.82786885245901	1443	1
60.83879781420765	2084	1
60.84808743169399	1901	1
60.84972677595628	8021	1
60.850819672131145	3657	1
60.868852459016395	5208	1
60.89071038251366	4679	1
60.898360655737704	7692	1
60.905464480874315	3866	1
60.90765027322404	2542	1
60.91584699453552	4653	1
60.924590163934425	4898	1
60.933879781420764	3428	1
60.940983606557374	5058	1
60.961748633879786	4960	1
60.962295081967206	2004	1
60.96994535519125	8032	1
60.99999999999999	5374	1
61.02349726775956	3544	1
61.033879781420765	7638	1
61.0551912568306	8877	1
61.063387978142075	1028	1
61.06448087431694	9706	1
61.07158469945355	2016	1
61.075409836065575	9229	1
61.10327868852459	4397	1
61.13989071038251	8607	1
61.14480874316939	7464	1
61.147540983606554	8913	1
61.17540983606557	1703	1
61.18688524590164	4613	1
61.191803278688525	579	1
61.19562841530055	5153	1
61.198907103825135	9671	1
61.20054644808743	8897	1
61.2016393442623	1955	1
61.22786885245901	3650	1
61.24590163934426	9409	1
61.254644808743166	5419	1
61.27814207650273	3374	1
61.28852459016393	1537	1
61.29344262295082	2448	1
61.3016393442623	2983	1
61.3103825136612	447	1
61.312568306010924	8061	1
61.314207650273225	8628	1
61.3327868852459	6975	1
61.33387978142076	4807	1
61.35355191256831	8482	1
61.35409836065574	4476	1
61.355737704918035	4481	1
61.35737704918032	1415	1
61.42021857923497	6687	1
61.43169398907104	4326	1
61.437704918032786	1976	1
61.43934426229509	9312	1
61.4431693989071	7269	1
61.46120218579235	3345	1
61.4775956284153	1534	1
61.47978142076502	206	1
61.504371584699456	5236	1
61.51202185792349	8676	1
61.513661202185794	3675	1
61.52459016393442	3278	1
61.551912568306015	7282	1
61.564480874316935	3922	1
61.5792349726776	230	1
61.581420765027325	5965	1
61.582513661202185	3488	1
61.59016393442623	2272	1
61.59890710382514	1942	1
61.606557377049185	5313	1
61.607103825136605	752	1
61.618032786885244	2051	1
61.624043715846994	6220	1
61.64699453551912	9969	1
61.65191256830602	3132	1
61.65191256830602	6191	1
61.660655737704914	60	1
61.66120218579235	6387	1
61.664480874316936	839	1
61.68196721311476	4916	0
61.69234972677595	3191	1
61.698907103825135	7274	1
61.704918032786885	5393	1
61.715300546448084	3160	1
61.72459016393442	8387	1
61.731147540983606	6428	1
61.73387978142077	7729	1
61.7431693989071	6408	1
61.75901639344262	6237	1
61.762841530054644	4280	1
61.766666666666666	4575	1
61.80655737704918	2989	1
61.80655737704918	2057	1
61.81092896174864	7855	1
61.83387978142077	8608	1
61.840437158469946	1917	1
61.84207650273223	7718	1
61.85355191256831	3857	1
61.85956284153005	9180	1
61.867213114754094	9855	1
61.87049180327869	4649	1
61.88196721311475	3780	1
61.892349726775954	3356	1
61.89726775956284	7337	1
61.89781420765027	9154	1
61.92295081967213	806	1
61.93224043715847	6952	1
61.944808743169396	976	1
61.946994535519124	9208	1
61.95683060109289	2496	1
61.959016393442624	4602	1
61.96229508196721	1974	1
61.96994535519126	512	1
61.973224043715845	8169	1
61.97431693989071	5696	1
61.97595628415301	8702	1
61.980327868852456	5545	1
61.99672131147541	5502	1
62.01256830601093	5764	1
62.03825136612022	8437	1
62.0448087431694	5299	1
62.05081967213115	8623	1
62.075409836065575	9670	1
62.07978142076502	1801	1
62.089617486338796	9824	1
62.13005464480874	8983	1
62.14043715846994	1500	1
62.160655737704914	2680	1
62.16612021857924	947	1
62.17814207650273	140	1
62.178688524590164	3786	1
62.210928961748635	2161	1
62.21584699453552	2825	1
62.22295081967213	1760	1
62.22459016393442	21	1
62.24863387978142	427	1
62.25136612021858	5876	1
62.266666666666666	3814	1
62.27103825136612	1881	1
62.2792349726776	1522	1
62.2967213114754	4893	1
62.30273224043716	5829	1
62.303825136612026	8162	1
62.31693989071038	232	1
62.328415300546446	8462	1
62.34262295081967	1752	1
62.343715846994535	8247	1
62.356830601092895	2796	1
62.36065573770492	1766	1
62.374316939890704	6548	1
62.385245901639344	6146	1
62.391256830601094	8552	1
62.40710382513661	3804	1
62.41693989071038	9072	1
62.436612021857925	5489	1
62.45136612021858	1135	1
62.45355191256831	5929	1
62.46284153005465	9202	1
62.47267759562841	5420	1
62.47704918032787	3860	1
62.488524590163934	1533	1
62.516393442622956	929	1
62.52841530054645	7421	1
62.53060109289618	2839	1
62.538797814207655	7615	1
62.548087431693986	1559	1
62.563387978142075	2350	1
62.575409836065575	7842	1
62.588524590163935	5813	1
62.60710382513661	2625	1
62.60928961748633	2590	1
62.613661202185796	2045	1
62.6224043715847	6204	1
62.630054644808745	9583	1
62.647540983606554	9103	1
62.68907103825137	7931	1
62.692896174863385	9668	1
62.69508196721311	9184	1
62.69617486338798	5703	1
62.702185792349724	7533	1
62.708196721311474	7127	1
62.709289617486334	8589	1
62.720218579234974	8176	1
62.724043715846996	3909	1
62.72841530054645	7853	1
62.73825136612022	8339	1
62.73825136612022	2990	1
62.75792349726776	5577	1
62.761748633879776	7934	1
62.78907103825137	2044	1
62.80273224043716	4484	1
62.80874316939891	5470	1
62.83224043715847	6218	1
62.83497267759563	7786	1
62.83934426229508	3121	1
62.849726775956285	4492	1
62.86338797814208	789	1
62.877049180327866	2245	1
62.88032786885246	408	1
62.90382513661202	8483	1
62.91584699453552	7525	1
62.931693989071036	8689	1
62.9464480874317	187	1
62.949180327868845	265	1
62.94972677595628	3798	1
62.95136612021858	2054	1
62.95464480874317	1542	1
62.95683060109289	8152	1
62.973224043715845	3022	1
62.97595628415301	2178	1
62.9879781420765	2528	1
62.99180327868852	3407	1
62.99289617486339	1532	1
63.005464480874316	1000	1
63.013661202185794	1470	1
63.024043715847	522	1
63.04972677595628	6934	1
63.05191256830601	6693	1
63.05683060109289	4033	1
63.06284153005464	6486	1
63.07267759562841	4377	1
63.07978142076502	9533	1
63.09234972677596	1907	1
63.11256830601093	3615	1
63.118032786885244	1362	1
63.12459016393442	1856	1
63.12568306010929	5908	1
63.12841530054645	5632	1
63.14207650273224	2037	1
63.178688524590164	5945	1
63.183606557377054	9333	1
63.19016393442623	9525	1
63.1912568306011	1554	1
63.197814207650275	8352	1
63.229508196721305	9932	1
63.23224043715847	6796	1
63.23934426229508	3840	1
63.251366120218584	8240	1
63.256830601092894	5385	1
63.262841530054644	7988	1
63.28360655737705	3409	1
63.28743169398907	8950	1
63.2896174863388	9825	1
63.351912568306005	7420	1
63.35300546448087	9291	1
63.356830601092895	4393	1
63.36612021857923	9480	1
63.38469945355191	1730	1
63.385245901639344	5492	1
63.448633879781426	6536	1
63.45027322404371	4282	1
63.45245901639344	8122	1
63.45737704918032	2632	1
63.45792349726776	9844	1
63.47704918032787	8146	1
63.47704918032787	648	1
63.47868852459017	2264	1
63.481420765027316	3113	1
63.49071038251366	1102	1
63.49180327868852	3381	1
63.499453551912566	3974	1
63.50327868852459	5115	1
63.51256830601093	5597	1
63.51967213114754	7291	1
63.53114754098361	1548	1
63.53825136612022	3509	1
63.54535519125683	1578	1
63.548087431693986	4223	1
63.55081967213115	6439	1
63.557377049180324	4630	1
63.557377049180324	9040	1
63.56065573770492	4903	1
63.563387978142075	6702	1
63.56994535519126	7528	1
63.58306010928962	5691	1
63.58469945355191	5332	1
63.604918032786884	8786	1
63.61147540983606	6272	1
63.614754098360656	6291	1
63.61748633879781	6414	1
63.62021857923497	2059	1
63.636065573770495	4288	1
63.64590163934427	2958	1
63.64918032786885	64	1
63.67704918032786	1366	1
63.68306010928962	7899	1
63.685792349726775	827	1
63.714207650273224	7173	1
63.72185792349727	2851	1
63.74535519125683	6166	1
63.74808743169399	9948	1
63.753551912568305	490	1
63.762841530054644	1603	1
63.783060109289615	7001	1
63.78852459016394	7670	1
63.7896174863388	9647	1
63.8	2032	1
63.80601092896175	4831	1
63.813114754098365	4107	1
63.851912568306005	6436	1
63.85464480874317	9284	1
63.86830601092896	1519	1
63.873770491803285	608	1
63.8967213114754	732	1
63.90163934426229	5580	1
63.91584699453552	2457	1
63.91912568306011	982	1
63.92622950819673	3254	1
63.92841530054645	2104	1
63.94153005464481	4909	1
63.94808743169399	4795	1
63.96775956284153	1145	1
63.973224043715845	5851	1
63.989617486338794	9805	1
63.994535519125684	1351	1
64.01803278688524	3117	1
64.02349726775957	9004	1
64.03661202185792	561	1
64.0464480874317	570	1
64.05628415300546	213	1
64.07103825136612	7426	1
64.0912568306011	9715	1
64.10218579234973	6539	1
64.11693989071038	7643	1
64.13934426229508	3192	1
64.1448087431694	7200	1
64.15628415300546	7470	1
64.15737704918033	1324	1
64.16448087431694	5026	1
64.16502732240437	8962	1
64.17650273224044	5660	1
64.18087431693989	1888	1
64.18306010928961	3617	1
64.18688524590164	764	1
64.21803278688525	567	1
64.22185792349727	873	1
64.22404371584699	5942	1
64.24153005464481	6472	1
64.24808743169399	4456	1
64.27431693989071	5903	1
64.29234972677595	5267	1
64.30054644808743	9277	1
64.30109289617486	302	1
64.3103825136612	825	1
64.32677595628415	5352	1
64.33497267759563	3564	1
64.33661202185792	467	1
64.34098360655737	2777	1
64.35300546448087	1701	1
64.36666666666667	7212	1
64.37431693989072	5310	1
64.39617486338798	1680	1
64.4273224043716	6750	1
64.42786885245901	7973	1
64.42896174863388	2267	1
64.42950819672132	4493	1
64.43715846994536	1571	1
64.44699453551912	9602	1
64.45573770491804	6477	1
64.45573770491804	6685	1
64.46065573770491	4846	1
64.46120218579235	7630	1
64.46284153005465	9942	1
64.46284153005465	5594	1
64.46338797814208	4024	1
64.4672131147541	1939	1
64.47103825136612	5574	1
64.475956284153	1456	1
64.47868852459017	2685	1
64.49890710382513	95	1
64.50218579234974	6559	1
64.50655737704918	7673	1
64.51530054644809	2274	1
64.524043715847	4470	1
64.54262295081966	7334	1
64.54590163934427	3045	1
64.54699453551913	7085	1
64.55081967213114	6973	1
64.5792349726776	3641	1
64.58743169398906	3701	1
64.59726775956284	4233	1
64.60546448087432	6419	1
64.6224043715847	1721	1
64.64426229508197	2458	1
64.64699453551913	9777	1
64.65081967213115	4	1
64.65464480874317	6216	1
64.65737704918033	3599	1
64.67049180327868	7774	1
64.67704918032787	7012	1
64.6879781420765	6175	1
64.69016393442622	8965	1
64.70601092896175	1949	1
64.72021857923497	4059	1
64.72732240437158	908	1
64.72896174863388	815	1
64.73497267759562	739	1
64.74207650273225	2779	1
64.74918032786886	2927	1
64.74918032786886	4723	1
64.74972677595629	2168	1
64.75300546448088	7202	1
64.77377049180328	3225	1
64.78688524590164	5910	1
64.80655737704917	4554	1
64.80655737704917	1187	1
64.81147540983606	7157	1
64.81530054644809	9917	1
64.8174863387978	7188	1
64.824043715847	5319	1
64.82896174863389	4849	1
64.83060109289617	8404	1
64.8360655737705	2555	1
64.84808743169398	4944	1
64.84918032786885	5118	1
64.8535519125683	3348	1
64.86065573770492	4251	1
64.86338797814207	5952	1
64.87431693989072	9834	1
64.8792349726776	7271	1
64.8879781420765	7860	1
64.89016393442623	1332	1
64.90491803278688	6893	1
64.90928961748634	2056	1
64.92950819672132	7879	1
64.93387978142077	3990	1
64.94098360655738	5303	1
64.94207650273225	4843	1
64.94371584699454	7996	1
64.98852459016393	7235	1
64.99234972677596	4371	1
65.00327868852459	5584	1
65.00327868852459	1638	1
65.00983606557377	6945	1
65.01420765027322	8768	1
65.02131147540983	6890	1
65.02185792349727	7961	1
65.02459016393443	5159	1
65.02513661202185	6533	1
65.02568306010929	5001	1
65.03333333333333	7632	1
65.03825136612022	163	1
65.05300546448088	6650	1
65.05737704918032	6244	1
65.06010928961749	6289	1
65.06120218579235	8980	1
65.06338797814207	6584	1
65.06448087431694	2689	1
65.06666666666666	1649	1
65.07377049180327	1168	1
65.08415300546449	7187	1
65.0846994535519	1222	1
65.08907103825136	8926	1
65.09289617486338	2713	1
65.10273224043715	9859	1
65.10546448087432	5719	1
65.1174863387978	2472	1
65.12021857923497	9944	1
65.1207650273224	673	1
65.13387978142076	1025	1
65.14590163934426	2101	1
65.14918032786885	1432	1
65.16885245901639	8538	1
65.17704918032787	7713	1
65.1775956284153	3659	1
65.18579234972677	2757	1
65.19071038251366	4869	1
65.19344262295081	207	1
65.1983606557377	107	1
65.19890710382514	3897	1
65.19945355191257	9172	1
65.21092896174864	3501	1
65.21147540983607	3726	1
65.23551912568306	5680	1
65.27322404371584	9970	1
65.29016393442623	7689	1
65.29234972677595	8313	1
65.29890710382514	9145	1
65.3016393442623	3647	1
65.31311475409836	4040	1
65.31912568306011	4750	1
65.32459016393442	7756	1
65.33879781420765	5315	1
65.33934426229509	601	1
65.35573770491803	2818	1
65.3672131147541	994	1
65.36939890710383	4657	1
65.38251366120218	3044	1
65.39453551912568	2659	1
65.39453551912568	424	1
65.39508196721312	5835	1
65.40218579234973	1041	1
65.42349726775956	6324	1
65.42732240437158	3773	1
65.44480874316939	1670	1
65.44863387978143	4083	1
65.46721311475409	2328	1
65.46830601092896	4373	1
65.47322404371585	9207	1
65.47814207650273	4206	1
65.49781420765026	2012	1
65.50382513661202	9376	1
65.51530054644809	4994	1
65.51967213114753	5721	1
65.54262295081966	9324	1
65.55081967213114	1022	1
65.56939890710383	272	1
65.58360655737705	4142	1
65.59289617486338	1564	1
65.6016393442623	7801	1
65.60273224043716	69	1
65.61584699453552	5933	1
65.6327868852459	2979	1
65.64043715846995	5476	1
65.64972677595628	3243	1
65.65027322404372	4822	1
65.65027322404372	5410	1
65.65191256830602	6748	1
65.65409836065574	9248	1
65.67978142076502	8135	1
65.6879781420765	1830	1
65.69726775956283	3605	1
65.70218579234972	8473	1
65.70327868852459	6001	1
65.70382513661202	8126	1
65.70874316939891	1639	1
65.72786885245901	3491	1
65.73387978142077	4226	1
65.73825136612022	6079	1
65.7448087431694	7305	1
65.74808743169399	2693	1
65.75792349726775	8826	1
65.75846994535519	4647	1
65.76120218579236	9036	1
65.76612021857923	8590	1
65.77049180327869	8933	1
65.77814207650273	3141	1
65.7792349726776	6900	1
65.78251366120219	2888	1
65.78579234972678	6733	1
65.7896174863388	5875	1
65.79234972677595	7043	1
65.79453551912567	488	1
65.79453551912567	2225	1
65.79781420765028	6715	1
65.80983606557376	9725	1
65.81912568306011	1966	1
65.82622950819672	9820	1
65.83114754098361	2226	1
65.8327868852459	8255	1
65.83715846994535	9035	1
65.84590163934426	2294	1
65.84972677595628	1340	1
65.85136612021859	7736	1
65.86448087431694	5666	1
65.86666666666667	8928	1
65.875956284153	8532	1
65.875956284153	6956	1
65.88852459016394	8637	1
65.89071038251366	1172	1
65.89672131147542	1820	1
65.8983606557377	7929	1
65.91530054644808	1987	1
65.92295081967212	3589	1
65.92404371584699	388	1
65.92677595628416	371	1
65.92732240437158	1893	1
65.93060109289617	3899	1
65.93770491803278	1585	1
65.93934426229508	6784	1
65.94972677595628	3872	1
65.95245901639343	7721	1
65.95792349726776	9041	1
65.96065573770491	5255	1
65.98961748633879	2962	1
65.99453551912568	7123	1
66.00327868852459	4999	1
66.01584699453552	9838	1
66.02513661202185	9793	1
66.03005464480874	1496	1
66.0327868852459	9375	1
66.03551912568305	8533	1
66.04153005464481	8346	1
66.0464480874317	8310	1
66.07814207650273	152	1
66.08415300546449	8040	1
66.0846994535519	4928	1
66.08688524590164	116	1
66.10054644808743	8034	1
66.10546448087432	5671	1
66.1071038251366	2841	1
66.11256830601093	3694	1
66.11311475409836	2999	1
66.11857923497267	7665	1
66.13169398907104	9547	1
66.13661202185793	9975	1
66.15628415300546	6053	1
66.16830601092896	7058	1
66.16939890710383	7201	1
66.1743169398907	8860	1
66.17650273224044	8574	1
66.19071038251366	8922	1
66.19125683060109	539	1
66.19945355191257	131	1
66.2016393442623	6896	1
66.20273224043716	1208	1
66.20601092896175	6694	1
66.20874316939891	2507	1
66.20983606557377	5120	1
66.22185792349727	9994	1
66.23005464480875	5724	1
66.24153005464481	3996	1
66.24262295081967	9330	1
66.24426229508197	8004	1
66.24808743169399	348	1
66.24972677595628	4465	1
66.25409836065575	4104	1
66.27595628415301	5254	1
66.29562841530054	9960	1
66.31420765027323	1921	1
66.33005464480874	1541	1
66.34043715846994	4333	1
66.34972677595628	5311	1
66.35081967213115	2534	1
66.3743169398907	9574	1
66.37814207650273	1873	1
66.3846994535519	7871	1
66.39344262295081	6488	1
66.40491803278688	6456	1
66.40819672131147	1018	1
66.41530054644808	1527	1
66.41639344262295	9183	1
66.42131147540984	9098	1
66.42349726775956	8163	1
66.43497267759562	7482	1
66.43497267759562	2774	1
66.43551912568306	7585	1
66.43606557377049	7662	1
66.44262295081967	8204	1
66.45792349726776	9185	1
66.46229508196721	9000	1
66.46284153005465	4915	1
66.46448087431693	6116	1
66.46885245901639	4175	1
66.46994535519126	9260	1
66.50054644808743	704	1
66.50710382513661	9677	1
66.50710382513661	2205	1
66.52185792349727	6824	1
66.52349726775957	7289	1
66.52950819672131	3230	1
66.5464480874317	3640	1
66.54972677595629	7489	1
66.56338797814207	2389	1
66.56612021857923	4372	1
66.56612021857923	4574	1
66.57978142076503	9567	1
66.58196721311475	5006	1
66.61530054644808	6448	1
66.61748633879782	3094	1
66.6191256830601	9010	1
66.62459016393443	3950	1
66.63661202185793	5998	1
66.63715846994535	9087	1
66.64371584699454	4789	1
66.64918032786885	598	1
66.64972677595628	6767	1
66.6535519125683	7588	1
66.66229508196722	1413	1
66.66994535519126	1583	1
66.67540983606557	218	1
66.68306010928961	5923	1
66.68360655737705	19	1
66.69289617486339	1473	1
66.69508196721311	1449	1
66.70054644808744	3856	1
66.70601092896175	3875	0
66.7207650273224	2876	1
66.7224043715847	1641	1
66.7448087431694	9160	1
66.75464480874317	444	1
66.75956284153006	1811	1
66.77103825136612	3005	1
66.79508196721311	2908	1
66.80273224043715	5935	1
66.80327868852459	8023	1
66.81803278688524	9892	1
66.82295081967213	6923	1
66.82459016393442	3379	1
66.84043715846994	8484	1
66.84262295081967	2569	1
66.84426229508196	8951	1
66.851912568306	5720	1
66.85901639344263	5444	1
66.86010928961748	5130	1
66.87158469945355	3800	1
66.88360655737705	5809	1
66.89016393442623	738	1
66.89617486338798	2317	1
66.90109289617486	3584	1
66.90218579234973	1543	1
66.90928961748634	6790	1
66.91693989071038	637	1
66.92841530054645	4955	1
66.9431693989071	9102	1
66.94754098360656	4685	1
66.95573770491804	8151	1
66.95628415300547	2812	1
66.95901639344262	2546	1
66.9672131147541	7265	1
66.98306010928961	6828	1
66.98852459016393	8681	1
66.99125683060109	8509	1
66.99180327868852	3486	1
66.99234972677596	9419	1
67.00819672131148	3507	1
67.00874316939891	895	1
67.01530054644809	984	1
67.02131147540983	7348	1
67.03333333333333	5403	1
67.04153005464481	5382	1
67.04371584699453	727	1
67.06174863387977	3623	1
67.07650273224043	1810	1
67.08032786885246	5953	1
67.09398907103825	6349	1
67.09726775956284	2277	1
67.10983606557377	2731	1
67.1191256830601	559	1
67.1207650273224	7447	1
67.12185792349726	1437	1
67.12786885245902	9863	1
67.13770491803278	6279	1
67.1431693989071	3458	1
67.14754098360656	1712	1
67.15081967213115	5360	1
67.16174863387978	8780	1
67.1655737704918	9206	1
67.16775956284152	5777	1
67.1704918032787	5078	1
67.17540983606557	6904	1
67.18032786885246	379	1
67.19234972677596	9717	1
67.1983606557377	410	1
67.20710382513661	9403	1
67.2103825136612	6510	1
67.21530054644809	8839	1
67.22786885245901	2749	1
67.22841530054644	391	1
67.23005464480875	8513	1
67.23989071038251	3698	1
67.24972677595628	6346	1
67.27486338797814	4835	1
67.27540983606558	8395	1
67.27868852459017	5201	1
67.28142076502732	4589	1
67.29726775956284	2889	1
67.29890710382514	9002	1
67.3	7661	1
67.30327868852459	174	1
67.30382513661202	8216	1
67.32295081967213	3859	1
67.32786885245902	9833	1
67.33879781420765	1566	1
67.34043715846994	751	1
67.34699453551912	9086	1
67.34754098360655	9144	1
67.34808743169398	5353	1
67.351912568306	5286	1
67.35409836065574	1608	1
67.35409836065574	9503	1
67.35956284153005	3931	1
67.3622950819672	9426	1
67.37650273224044	5642	1
67.3846994535519	8489	1
67.3846994535519	6357	1
67.38579234972677	4541	1
67.40273224043716	222	1
67.41202185792349	1644	1
67.41311475409836	8664	1
67.41803278688525	8096	1
67.42295081967212	9685	1
67.42841530054645	9456	1
67.44644808743169	326	1
67.44972677595628	3497	1
67.45464480874317	8743	1
67.47704918032787	9342	1
67.47814207650273	1736	1
67.48251366120219	4636	1
67.48524590163935	6676	1
67.50601092896176	3108	1
67.50601092896176	6348	1
67.50710382513661	9941	1
67.52295081967213	8540	1
67.53551912568307	5526	1
67.53661202185792	9323	1
67.53715846994535	1131	1
67.54972677595629	8579	1
67.55136612021859	315	1
67.55191256830601	6255	1
67.58797814207651	5895	1
67.59508196721312	6936	1
67.60601092896175	9829	1
67.60765027322404	3721	1
67.60819672131147	4158	1
67.6120218579235	5744	1
67.62295081967213	6433	1
67.62459016393443	8967	1
67.62841530054645	4990	1
67.65792349726776	9432	1
67.6655737704918	4147	1
67.68415300546448	8847	1
67.68579234972678	6778	1
67.6983606557377	6215	1
67.71202185792349	248	1
67.71256830601092	5766	1
67.71748633879781	6438	1
67.73497267759562	9688	1
67.74644808743169	7422	1
67.76502732240436	7518	1
67.76775956284153	2959	1
67.7879781420765	1894	1
67.79453551912567	1447	1
67.79836065573771	5127	1
67.82131147540983	6307	1
67.82622950819672	3512	1
67.8295081967213	2158	1
67.8295081967213	4317	1
67.84262295081967	4885	1
67.851912568306	7824	1
67.851912568306	717	1
67.85245901639344	2821	1
67.8743169398907	2196	1
67.875956284153	9576	1
67.8808743169399	3461	1
67.88743169398907	2686	1
67.8879781420765	4198	1
67.88907103825136	9283	1
67.8967213114754	8148	1
67.8983606557377	7371	1
67.90109289617486	8427	1
67.90218579234973	3073	1
67.90710382513662	2993	1
67.9087431693989	1709	1
67.91693989071038	1082	1
67.92786885245901	5659	1
67.9415300546448	1918	1
67.97377049180328	2289	1
67.97923497267759	2717	1
67.99672131147541	5173	1
68.0	4565	1
68.01311475409837	8541	1
68.01803278688524	4242	1
68.01803278688524	4828	1
68.0327868852459	7589	1
68.06174863387977	7677	1
68.07814207650273	3133	1
68.09562841530055	4705	1
68.10109289617486	3604	1
68.10273224043716	6706	1
68.15737704918033	9390	1
68.1584699453552	7802	1
68.16338797814208	9023	1
68.17540983606557	1926	1
68.18360655737705	2307	1
68.18469945355191	9065	1
68.19890710382514	7431	1
68.2087431693989	3112	1
68.21639344262294	9142	1
68.22349726775957	5047	1
68.22732240437158	6411	1
68.23333333333333	1809	1
68.24535519125683	500	1
68.24754098360656	7684	1
68.25683060109289	7618	1
68.27267759562841	3768	1
68.29234972677595	8289	1
68.29945355191256	8669	1
68.30273224043715	1574	1
68.31912568306011	615	1
68.32131147540983	6916	1
68.32677595628415	2592	1
68.33879781420765	6671	1
68.34043715846995	1790	1
68.36502732240437	3157	1
68.36939890710383	2902	1
68.38032786885246	7716	1
68.39890710382514	6202	1
68.42131147540982	6521	1
68.4327868852459	8601	1
68.44863387978143	4942	1
68.45956284153006	5658	1
68.46775956284152	1581	1
68.47704918032787	7357	1
68.50874316939891	7042	1
68.51202185792349	5346	1
68.51530054644809	6524	1
68.51967213114754	9397	1
68.54043715846996	1206	1
68.54808743169399	1872	1
68.55245901639344	7501	1
68.55409836065574	7532	1
68.55519125683061	6938	1
68.56174863387977	6435	1
68.57213114754097	736	1
68.57540983606557	840	1
68.5792349726776	2747	1
68.58688524590163	3223	1
68.5879781420765	278	1
68.5967213114754	6055	1
68.59890710382514	7742	1
68.59945355191257	1702	1
68.60765027322404	259	1
68.60928961748634	6847	1
68.60983606557377	9510	1
68.61038251366121	7741	1
68.6344262295082	5542	1
68.63825136612022	7	1
68.6431693989071	2308	1
68.65136612021857	3634	1
68.65300546448087	674	1
68.65956284153006	3837	1
68.6655737704918	3410	1
68.66939890710383	6777	1
68.6704918032787	9293	1
68.6704918032787	2675	1
68.67431693989072	7920	1
68.67650273224044	8678	1
68.67923497267759	8605	1
68.68087431693989	1096	1
68.68142076502731	88	1
68.69617486338797	4535	1
68.70437158469946	2810	1
68.70546448087433	7570	1
68.71202185792349	4388	1
68.71693989071038	1817	1
68.72295081967214	7014	1
68.72349726775956	6264	1
68.72786885245901	3656	1
68.7431693989071	55	1
68.74808743169399	1100	1
68.75027322404372	3906	1
68.7551912568306	9327	1
68.75737704918032	1264	1
68.77595628415301	4098	1
68.7896174863388	5623	1
68.80054644808743	3819	1
68.81147540983606	9039	1
68.81693989071037	8686	1
68.82732240437159	708	1
68.8327868852459	7877	1
68.85081967213115	2510	1
68.8704918032787	9372	1
68.87158469945355	5778	1
68.87431693989072	6553	1
68.87978142076503	9508	1
68.88415300546448	9363	1
68.89071038251366	8088	1
68.89398907103825	917	1
68.90655737704917	6449	1
68.91693989071038	5150	1
68.91748633879781	2541	1
68.92240437158469	9818	1
68.92349726775956	4798	1
68.93387978142077	8284	1
68.93606557377048	3101	1
68.94207650273223	5166	1
68.94644808743169	3156	1
68.96885245901639	1407	1
68.97103825136611	3683	1
68.97377049180328	2619	1
68.97650273224043	6227	1
68.98360655737704	9298	1
68.98852459016393	2268	1
68.99945355191257	7373	1
69.00983606557378	5641	1
69.01639344262294	9305	1
69.01639344262294	7131	1
69.02295081967213	4238	1
69.03224043715846	9116	1
69.03770491803279	5844	1
69.03989071038252	5089	1
69.10655737704917	6306	1
69.10819672131147	4777	1
69.11256830601093	7032	1
69.1153005464481	5575	1
69.12131147540983	6230	1
69.12185792349726	5944	1
69.12513661202186	1763	1
69.15136612021857	9414	1
69.15136612021857	4080	1
69.15300546448087	4379	1
69.15901639344263	9115	1
69.16448087431694	2653	1
69.17431693989072	8879	1
69.17486338797815	9008	1
69.18087431693988	3276	1
69.18852459016394	2613	1
69.20218579234972	6141	1
69.23005464480875	1067	1
69.24371584699453	7951	1
69.25956284153006	5986	1
69.26448087431694	7313	1
69.26830601092897	7293	1
69.27540983606558	3404	1
69.27650273224043	2802	1
69.2775956284153	7465	1
69.28579234972676	3182	1
69.2863387978142	5538	1
69.2879781420765	1986	1
69.29398907103825	9954	1
69.29453551912569	9400	1
69.3	5591	1
69.30218579234972	3485	1
69.30710382513661	2142	1
69.33224043715846	2550	1
69.34535519125683	4567	1
69.34699453551912	6770	1
69.35901639344263	1908	1
69.36939890710383	9849	1
69.37540983606557	4154	1
69.38743169398907	8966	1
69.39562841530055	7163	1
69.39726775956284	5589	1
69.40054644808744	2060	1
69.40109289617486	2003	1
69.41092896174862	4077	1
69.41803278688525	6063	1
69.42131147540982	5805	1
69.43060109289618	2606	1
69.44644808743169	4031	1
69.44918032786886	9226	1
69.45300546448087	1389	1
69.46885245901639	9424	1
69.47158469945354	2416	1
69.47978142076504	9463	1
69.48469945355191	4503	1
69.48688524590163	1104	1
69.48852459016393	9497	1
69.50163934426229	3565	1
69.50382513661202	3638	1
69.50601092896174	891	1
69.51366120218579	4857	1
69.5256830601093	4910	1
69.53060109289618	2218	1
69.55409836065574	3417	1
69.56120218579234	2711	1
69.57322404371584	1450	1
69.61475409836066	2433	1
69.63169398907104	3326	1
69.63224043715847	3114	1
69.64972677595628	5494	1
69.65245901639344	9031	1
69.65300546448087	1451	1
69.65573770491802	8118	1
69.66065573770493	76	1
69.66939890710383	9752	1
69.66939890710383	1904	1
69.70710382513661	864	1
69.71857923497268	8919	1
69.7224043715847	4618	1
69.7415300546448	8943	1
69.7448087431694	2771	1
69.74590163934425	961	1
69.74863387978142	4117	1
69.75846994535519	4709	1
69.75901639344262	3118	1
69.76502732240438	8598	1
69.76939890710383	8806	1
69.7775956284153	6007	1
69.79016393442623	4032	1
69.80054644808742	4294	1
69.80601092896174	7060	1
69.81092896174863	3178	1
69.81420765027323	6290	1
69.81639344262294	7217	1
69.84262295081967	809	1
69.8672131147541	7316	1
69.87704918032786	619	1
69.87978142076503	8657	1
69.8863387978142	1953	1
69.8879781420765	9943	1
69.89289617486338	9113	1
69.90983606557377	3196	1
69.9103825136612	3547	1
69.91584699453551	2912	1
69.92295081967212	9231	1
69.92786885245901	5186	1
69.92841530054645	9483	1
69.93551912568307	6848	1
69.9448087431694	3273	1
69.94754098360656	252	1
69.95027322404373	7456	1
69.951912568306	2789	1
69.96120218579235	669	1
69.96885245901639	9091	1
69.98415300546448	1030	1
69.99562841530056	1390	1
70.00273224043715	4633	1
70.00601092896174	5365	1
70.0120218579235	1266	1
70.01857923497268	4305	1
70.0344262295082	8775	1
70.03551912568307	9836	1
70.03934426229509	8617	1
70.04535519125683	5614	1
70.05355191256831	2618	1
70.05737704918033	2870	1
70.05956284153005	6213	1
70.07377049180327	4167	1
70.09508196721312	9519	1
70.10109289617486	4490	1
70.11256830601093	127	1
70.11693989071038	3107	1
70.14754098360656	2249	1
70.15136612021857	5316	1
70.1535519125683	810	1
70.16065573770491	440	1
70.16229508196722	8254	1
70.16775956284152	5491	1
70.18743169398907	9481	1
70.20491803278689	4637	1
70.21967213114755	3480	1
70.22185792349727	9470	1
70.22622950819671	1054	1
70.28524590163934	2224	1
70.28688524590163	5342	1
70.28743169398906	7940	1
70.29180327868852	5455	1
70.29508196721312	4823	1
70.29945355191258	4600	1
70.30163934426228	7624	1
70.30655737704917	4185	1
70.3153005464481	5188	1
70.3207650273224	950	1
70.32295081967213	4029	1
70.324043715847	6965	1
70.35792349726776	913	1
70.39562841530054	5785	1
70.39562841530054	9067	1
70.39890710382514	7363	1
70.40382513661203	9581	1
70.40437158469946	2220	1
70.41202185792349	3808	1
70.42841530054645	7065	1
70.4311475409836	6266	1
70.45573770491802	6681	1
70.45683060109289	7321	1
70.45792349726776	2404	1
70.46393442622951	7036	1
70.46830601092896	1866	1
70.46830601092896	6034	1
70.48524590163935	3298	1
70.48852459016393	6793	1
70.49234972677596	3193	1
70.49453551912569	4289	1
70.51147540983607	851	1
70.5120218579235	2666	1
70.51857923497268	5081	1
70.5224043715847	460	1
70.55136612021857	9474	1
70.55628415300546	7781	1
70.57267759562842	777	1
70.58142076502732	9606	1
70.58524590163935	1668	1
70.59180327868852	9082	1
70.60054644808743	4321	1
70.6071038251366	4214	1
70.62950819672132	5075	1
70.63005464480875	651	1
70.6344262295082	9776	1
70.63661202185791	8242	1
70.64207650273224	5859	1
70.6464480874317	2436	1
70.6502732240437	2792	1
70.6896174863388	8401	1
70.72732240437158	9270	1
70.73879781420766	8300	1
70.74918032786886	269	1
70.75737704918032	9603	1
70.7792349726776	4248	1
70.78306010928962	568	1
70.80218579234972	6365	1
70.80928961748634	8344	1
70.82677595628415	1034	1
70.83224043715846	5452	1
70.83333333333333	3528	1
70.84262295081967	3921	1
70.84426229508198	5338	1
70.8639344262295	5898	1
70.86994535519126	6151	1
70.87158469945355	1377	1
70.87814207650273	3603	1
70.89234972677595	7454	1
70.90109289617486	9830	1
70.9032786885246	2	1
