0.04145754098360656	2700	1
0.04356344262295082	9416	1
0.057829508196721315	8328	1
0.2541125683060109	4843	1
0.27126666666666666	4682	1
0.28700000000000003	3549	1
0.4271174863387978	2892	1
0.5091535519125683	1733	1
0.745551912568306	6355	1
0.7463497267759562	7036	1
0.8940382513661201	5580	1
0.8948032786885245	9849	1
0.9125628415300547	2777	1
0.9878142076502732	9318	1
0.9924863387978141	5268	1
1.064431693989071	2396	1
1.086622950819672	5481	1
1.1639180327868852	9801	1
1.2040109289617484	3048	1
1.230934426229508	6517	1
1.2565956284153004	5279	1
1.364360655737705	6638	1
1.4448469945355191	9153	1
1.464448087431694	2365	1
1.5045409836065575	8629	1
1.522087431693989	9701	1
1.7778524590163935	2498	1
2.0381530054644807	5808	1
2.1180382513661202	9692	1
2.1784043715846995	6706	1
2.2030054644808743	2223	1
2.219967213114754	425	1
2.3007103825136612	9111	1
2.7894316939890706	8846	1
2.8438797814207653	2552	1
2.966901639344262	964	1
3.1717704918032785	5834	1
3.199382513661202	259	1
3.2218907103825134	3268	1
3.2339453551912567	7208	1
3.290185792349727	3885	1
3.2914644808743168	5211	1
3.3053114754098356	1957	1
3.3365355191256834	1421	1
3.3424754098360654	9474	1
3.383306010928962	5355	1
3.457639344262295	7110	1
3.4752732240437156	6743	1
3.4829180327868854	9039	1
3.5023879781420764	6417	1
3.5953825136612023	3795	1
3.6054207650273224	431	1
3.6183934426229505	7772	1
3.6548196721311474	337	1
3.697939890710382	9961	1
3.698508196721311	8148	1
3.772360655737705	9263	1
3.924765027322404	519	1
3.9764699453551913	8965	1
3.9905300546448084	9065	1
3.999065573770492	1532	1
4.042994535519126	6413	1
4.047622950819672	172	1
4.052060109289617	1612	1
4.060158469945355	4701	1
4.060732240437159	5508	1
4.073978142076503	3246	1
4.118814207650273	7115	1
4.120655737704918	138	1
4.161912568306011	7186	1
4.178907103825137	2509	1
4.261890710382513	2035	1
4.275207650273224	3173	1
4.278754098360656	6075	1
4.449245901639344	1385	1
4.513978142076502	5041	1
4.521360655737705	3117	1
4.528289617486339	2100	1
4.6251475409836065	3705	1
4.672775956284153	9893	1
4.686103825136612	9874	1
4.7021256830601095	7160	1
4.732180327868853	829	1
4.738584699453551	289	1
4.747169398907104	7326	1
4.795530054644809	2493	1
4.829666666666667	2820	1
4.843524590163935	2053	1
4.879448087431694	4134	1
4.919469945355191	6446	1
5.0037158469945355	4438	1
5.010765027322404	1229	1
5.035863387978142	2195	1
5.078781420765027	2938	1
5.079224043715847	7087	1
5.129535519125683	9187	1
5.147568306010928	6553	1
5.237021857923497	1109	1
5.259218579234973	6148	1
5.311185792349726	3646	1
5.327224043715847	2544	1
5.3287814207650275	1615	1
5.339601092896175	8235	1
5.375092896174864	3945	1
5.3795355191256835	4958	1
5.3933551912568305	7806	1
5.422726775956284	5081	1
5.478797814207651	2553	1
5.484863387978143	1559	1
5.586502732240437	9463	1
5.6196174863387975	5303	1
5.631584699453552	932	1
5.642896174863388	7764	1
5.6618579234972675	7078	1
5.7942622950819676	739	1
5.796338797814208	4836	1
5.825081967213115	4243	1
5.854754098360655	3395	1
5.905355191256831	9393	1
5.990382513661203	3756	1
5.995136612021858	2600	1
6.013442622950819	111	1
6.020601092896174	9621	1
6.055901639344262	1868	1
6.120218579234972	4219	1
6.133551912568306	7279	1
6.204426229508197	2404	1
6.227978142076503	5421	1
6.243770491803279	1235	1
6.266612021857923	5019	1
6.310163934426229	3913	1
6.365300546448087	6688	1
6.413715846994536	4722	1
6.459617486338797	9858	1
6.464972677595628	4502	1
6.486775956284153	9927	1
6.4984699453551915	4744	1
6.504644808743169	7077	1
6.522131147540984	7354	1
6.5975956284153	5485	1
6.629453551912568	4477	1
6.643606557377049	4269	1
6.675792349726776	8138	1
6.689781420765027	8443	1
6.765683060109289	9326	1
6.803551912568306	6183	1
6.818196721311476	477	1
6.82551912568306	5324	1
6.8332240437158465	4241	1
6.8365027322404375	2047	1
6.907704918032787	1426	1
6.9115846994535515	4792	1
6.926939890710382	8821	1
6.93551912568306	4893	1
6.983989071038252	4322	1
7.008196721311475	4954	1
7.085628415300546	4919	1
7.087540983606557	7143	1
7.095245901639345	452	1
7.121748633879782	6149	1
7.163387978142077	1869	1
7.250601092896175	2717	1
7.280273224043716	1857	1
7.287814207650273	6763	1
7.326666666666666	5006	1
7.335355191256831	4684	1
7.380109289617486	4059	1
7.483606557377049	2921	1
7.51207650273224	3280	1
7.534808743169398	418	1
7.543497267759562	8099	1
7.578469945355192	997	1
7.6665027322404375	5009	1
7.777103825136612	7282	1
7.779180327868852	9461	1
7.781092896174862	7776	1
7.82775956284153	1684	1
7.830765027322404	1132	1
7.83344262295082	9348	1
7.851530054644809	5093	1
7.866885245901639	6582	1
7.896065573770492	223	1
7.8975956284153	8274	1
7.907267759562841	9084	1
7.926775956284152	2051	1
7.930546448087432	5667	1
7.934371584699454	6412	1
7.936065573770492	8771	1
7.940601092896175	7784	1
7.963606557377049	3800	1
7.98224043715847	2254	1
7.993060109289617	9966	1
8.002786885245902	6632	1
8.085464480874316	9020	1
8.209726775956284	6169	1
8.221092896174863	631	1
8.23912568306011	7723	1
8.28377049180328	1070	1
8.289945355191257	7842	1
8.323169398907105	5234	1
8.37327868852459	1980	1
8.417814207650272	9151	1
8.468524590163934	6695	1
8.47672131147541	9817	1
8.477267759562842	1318	1
8.493879781420764	4750	1
8.58590163934426	3926	1
8.676939890710381	3410	1
8.679781420765027	3207	1
8.739890710382515	810	1
8.747978142076503	4909	1
8.75983606557377	7457	1
8.763060109289617	5462	1
8.770218579234973	4315	1
8.771967213114754	7483	1
8.786775956284155	9321	1
8.81431693989071	9150	1
8.827595628415299	3660	1
8.871256830601093	8108	1
8.888852459016393	7732	1
8.88912568306011	3293	1
8.920765027322403	1591	1
8.927267759562842	8425	1
8.93	472	1
8.998633879781421	3538	1
9.031147540983607	6831	1
9.13535519125683	2810	1
9.151092896174864	2617	1
9.16672131147541	8830	1
9.18415300546448	5503	1
9.239508196721312	2001	1
9.245901639344263	8487	1
9.280163934426229	6092	1
9.298633879781422	6116	1
9.31382513661202	9272	1
9.32912568306011	9329	1
9.366939890710382	1290	1
9.40311475409836	4934	1
9.457814207650275	6782	1
9.471639344262295	4508	1
9.56224043715847	5057	1
9.637103825136611	7240	1
9.644535519125682	5262	1
9.699125683060108	3083	1
9.746010928961748	4098	1
9.791857923497268	9735	1
9.849453551912568	3939	1
9.865737704918033	1653	1
9.898469945355192	3482	1
9.910765027322403	7068	1
9.91103825136612	3874	1
9.955300546448088	3498	1
9.96928961748634	7369	1
9.995245901639343	4464	1
10.034371584699453	9774	1
10.101256830601093	5771	1
10.140655737704918	5121	1
10.153005464480874	6595	1
10.163497267759563	4745	1
10.174153005464479	3010	1
10.187213114754098	1399	1
10.263989071038251	9900	1
10.265792349726777	2741	1
10.308196721311475	6881	1
10.31896174863388	3723	1
10.335792349726777	638	1
10.339125683060109	3320	1
10.364098360655737	9600	1
10.404153005464481	5840	1
10.420273224043715	7030	1
10.493934426229508	630	1
10.525355191256832	370	1
10.563879781420765	2852	1
10.572732240437158	5767	1
10.613005464480874	1884	1
10.625846994535518	5805	1
10.704644808743168	9830	1
10.773879781420765	6101	1
10.783934426229509	7104	1
10.787868852459017	8869	1
10.793387978142077	4535	1
10.856120218579235	217	1
10.856885245901639	7424	1
10.863497267759563	1056	1
10.878961748633879	5433	1
10.884918032786885	7920	1
10.94448087431694	5878	1
10.992732240437158	5696	1
11.020273224043716	3831	1
11.022131147540984	7065	1
11.049071038251366	2456	1
11.062732240437159	3936	1
11.070218579234972	5330	1
11.076830601092896	453	1
11.129672131147542	7689	1
11.147267759562842	3065	1
11.17087431693989	3031	1
11.228743169398907	5514	1
11.25103825136612	4876	1
11.254153005464481	1267	1
11.294590163934426	2237	1
11.301967213114754	487	1
11.312459016393442	5493	1
11.355081967213115	4994	1
11.371202185792349	5269	1
11.469890710382513	7144	1
11.53087431693989	7833	1
11.55584699453552	355	1
11.589289617486338	5853	1
11.823333333333332	3860	1
11.835464480874316	5760	1
11.842185792349728	7083	1
11.844098360655739	1051	1
11.871420765027322	2570	1
11.972459016393444	7712	1
12.002076502732239	9688	1
12.023661202185792	4234	1
12.053715846994535	2966	1
12.054699453551912	5064	1
12.076284153005465	8191	1
12.11535519125683	6370	1
12.133497267759562	1335	1
12.14311475409836	9868	1
12.211693989071039	4306	1
12.221256830601092	2213	1
12.237322404371584	7174	1
12.299781420765028	1970	1
12.380819672131148	3200	1
12.389180327868852	6538	1
12.398688524590165	429	1
12.422786885245902	4359	1
12.429617486338799	6474	1
12.481857923497268	4590	1
12.51	3583	1
12.558196721311475	1802	1
12.570109289617486	9997	1
12.57830601092896	496	1
12.588743169398906	8782	1
12.617650273224044	2336	1
12.665136612021858	935	1
12.68191256830601	7058	1
12.712732240437159	1075	1
12.721584699453551	5113	1
12.728688524590165	3865	1
12.770765027322403	5287	1
12.872185792349727	8445	1
12.900819672131147	7872	1
12.944644808743169	2424	1
13.030327868852458	7244	1
13.068196721311475	4196	1
13.10311475409836	6922	1
13.118142076502732	7320	1
13.147103825136611	8531	1
13.153333333333334	4361	1
13.271311475409835	3191	1
13.283879781420765	5167	1
13.310273224043716	2661	1
13.312841530054644	3958	1
13.3324043715847	7196	1
13.35639344262295	4272	1
13.520928961748634	364	1
13.532896174863389	6989	1
13.652732240437158	2017	1
13.68928961748634	4580	1
13.695573770491803	7603	1
13.73934426229508	656	1
13.772677595628416	5884	1
13.77928961748634	7388	1
13.813387978142076	5357	1
13.82	2280	1
13.831311475409835	716	1
13.839453551912568	1891	1
13.953060109289618	3687	1
13.972459016393444	9977	1
14.00792349726776	2470	1
14.020983606557378	6733	1
14.037704918032787	5647	1
14.069453551912567	914	1
14.070874316939891	6310	1
14.089180327868851	4198	1
14.100218579234973	8395	1
14.107267759562841	836	1
14.120491803278687	9508	1
14.123005464480874	4533	1
14.154972677595628	1450	1
14.163606557377049	7504	1
14.178360655737706	7377	1
14.242568306010929	9133	1
14.250819672131149	4406	1
14.283715846994536	6158	1
14.313606557377048	8667	1
14.326830601092897	8985	1
14.3327868852459	2263	1
14.439945355191256	2678	1
14.45743169398907	2591	1
14.461420765027322	4214	1
14.469016393442622	9035	1
14.469726775956284	6326	1
14.48256830601093	7625	1
14.50486338797814	8887	1
14.55087431693989	6002	1
14.560273224043716	9561	1
14.562076502732241	6573	1
14.57551912568306	6629	1
14.588087431693989	7318	1
14.589180327868851	9152	1
14.631967213114756	8678	1
14.6551912568306	2714	1
14.695901639344262	4001	1
14.721967213114754	4633	1
14.731202185792348	3407	1
14.74551912568306	9966	0
14.746885245901638	8215	1
14.782677595628416	471	1
14.830382513661203	8663	1
14.845245901639345	8361	1
14.875027322404371	2646	1
14.88584699453552	2061	1
14.94535519125683	2884	1
14.976174863387978	5392	1
15.019071038251365	4638	1
15.026612021857924	6231	1
15.03273224043716	5399	1
15.134371584699453	5415	1
15.192459016393443	2589	1
15.314863387978143	9304	1
15.487322404371584	2780	1
15.498688524590165	4355	1
15.504590163934425	5867	1
15.52431693989071	5547	1
15.578907103825136	1924	1
15.61103825136612	9400	1
15.622896174863389	4396	1
15.670601092896174	7571	1
15.679672131147539	8012	1
15.69295081967213	9822	1
15.715737704918032	3335	1
15.75103825136612	6550	1
15.806830601092896	1936	1
15.869781420765028	8346	1
15.902950819672132	7387	1
15.907213114754098	9766	1
15.917704918032786	233	1
15.954207650273222	4866	1
15.989562841530054	5082	1
16.034098360655737	9778	1
16.04453551912568	3648	1
16.118032786885248	4972	1
16.128524590163934	4311	1
16.153169398907103	6206	1
16.172240437158468	9423	1
16.189945355191256	404	1
16.220601092896175	5351	1
16.2524043715847	6176	1
16.274426229508197	2635	1
16.285792349726776	3829	1
16.298360655737703	3111	1
16.30688524590164	1910	1
16.330601092896174	688	1
16.344207650273223	1650	1
16.363551912568305	8470	1
16.37726775956284	9705	1
16.40573770491803	8051	1
16.435300546448087	5498	1
16.466830601092894	7739	1
16.56448087431694	2724	1
16.593005464480875	4017	1
16.610765027322405	9235	1
16.615191256830602	7974	1
16.637049180327868	5968	1
16.753387978142076	5450	1
16.80655737704918	7307	1
16.84601092896175	4675	1
16.846065573770492	2397	1
16.855464480874318	4842	1
16.883551912568308	3729	1
16.885027322404373	3919	1
16.92207650273224	3439	1
16.924426229508196	3382	1
16.989562841530056	5738	1
17.040765027322404	6802	1
17.056448087431693	2181	1
17.134316939890713	4840	1
17.137650273224043	486	1
17.139180327868853	9573	1
17.19792349726776	1006	1
17.231530054644807	3301	1
17.321967213114753	2668	1
17.345464480874316	8952	1
17.397868852459016	8954	1
17.41617486338798	5983	1
17.440765027322406	1152	1
17.4775956284153	8497	1
17.49601092896175	1380	1
17.52153005464481	112	1
17.52896174863388	3908	1
17.54672131147541	4027	1
17.56792349726776	6071	1
17.577158469945353	7371	1
17.587322404371584	1405	1
17.61655737704918	1045	1
17.642513661202187	4543	1
17.64857923497268	4861	1
17.69781420765027	4329	1
17.719890710382515	187	1
17.768524590163935	3069	1
17.785628415300547	4749	1
17.8051912568306	8345	1
17.9244262295082	7368	1
17.94431693989071	7596	1
17.971092896174863	4446	1
17.971147540983605	6525	1
17.982950819672133	4690	1
18.13639344262295	4036	1
18.216393442622948	7522	1
18.29382513661202	5943	1
18.313879781420766	6357	1
18.347431693989073	7303	1
18.402349726775956	4944	1
18.4251912568306	2180	1
18.436448087431696	6	1
18.451639344262293	5145	1
18.47584699453552	8815	1
18.489016393442622	2315	1
18.491147540983608	9188	1
18.497486338797817	4853	1
18.5351912568306	340	1
18.550218579234972	9182	1
18.603387978142074	7185	1
18.612568306010928	5550	1
18.627978142076504	4159	1
18.63983606557377	2622	1
18.659234972677595	9752	1
18.672240437158468	2559	1
18.675136612021856	4991	1
18.73103825136612	8349	1
18.76229508196721	522	1
18.7827868852459	5774	1
18.817650273224046	8567	1
18.871311475409836	7239	1
18.94	6097	1
18.976120218579236	19	1
19.02622950819672	5155	1
19.079726775956285	6786	1
19.082185792349726	4132	1
19.090054644808745	3359	1
19.102459016393443	1325	1
19.123169398907105	7749	1
19.171475409836063	9789	1
19.176284153005465	5893	1
19.197650273224045	5934	1
19.20262295081967	5581	1
19.202786885245903	5679	1
19.224644808743168	5841	1
19.23431693989071	4099	1
19.246775956284154	5390	1
19.26054644808743	7444	1
19.26754098360656	6568	1
19.318579234972677	4296	1
19.323224043715847	8984	1
19.338032786885247	2827	1
19.35311475409836	9848	1
19.482677595628413	7589	1
19.51535519125683	8819	1
19.5327868852459	2540	1
19.584480874316938	4362	1
19.59016393442623	6291	1
19.598032786885245	6427	1
19.601092896174862	4878	1
19.6272131147541	3862	1
19.651803278688526	3526	1
19.663442622950818	5910	1
19.69016393442623	1448	1
19.703770491803276	7647	1
19.717704918032787	4857	1
19.727049180327867	1688	1
19.733770491803277	5668	1
19.745409836065576	577	1
19.766612021857924	890	1
19.7848087431694	7848	1
19.80551912568306	1713	1
19.84726775956284	9968	1
19.852021857923496	1218	1
19.87409836065574	3726	1
19.88431693989071	3735	1
19.88530054644809	9978	1
19.946448087431694	4320	1
19.979945355191255	2929	1
19.983060109289617	7763	1
19.983278688524592	2539	1
20.01306010928962	3025	1
20.022677595628416	5735	1
20.04229508196721	2543	1
20.044590163934426	7768	1
20.054754098360657	2634	1
20.056502732240435	7475	1
20.087868852459017	4081	1
20.095683060109288	7773	1
20.098032786885245	302	1
20.16087431693989	415	1
20.20409836065574	5053	1
20.23792349726776	4204	1
20.25546448087432	7949	1
20.262131147540984	6630	1
20.281639344262295	2648	1
20.293387978142075	6755	1
20.302131147540983	3278	1
20.31606557377049	6467	1
20.32142076502732	1904	1
20.32426229508197	7079	1
20.32469945355191	9662	1
20.38120218579235	3238	1
20.435901639344262	9363	1
20.43956284153005	2229	1
20.45568306010929	4230	1
20.476666666666667	9161	1
20.488743169398905	5794	1
20.50622950819672	3920	1
20.52114754098361	8717	1
20.534644808743167	951	1
20.548196721311477	6849	1
20.567486338797814	4274	1
20.568633879781423	3493	1
20.571475409836065	8698	1
20.59453551912568	8134	1
20.6248087431694	1227	1
20.6431693989071	2299	1
20.666666666666664	2636	1
20.699453551912566	5918	1
20.71049180327869	5747	1
20.711530054644808	1036	1
20.84393442622951	9169	1
20.849781420765026	9435	1
20.8875956284153	3985	1
20.891748633879782	4648	1
20.898852459016393	3808	1
20.902295081967214	4248	1
20.905464480874315	7259	1
20.93508196721311	1083	1
20.940655737704915	7398	1
20.948415300546447	1121	1
20.956775956284154	8298	1
20.995792349726777	5344	1
21.022841530054645	5159	1
21.03125683060109	3698	1
21.056229508196722	7645	1
21.06967213114754	7962	1
21.08792349726776	8674	1
21.121693989071037	4207	1
21.125628415300543	8208	1
21.210218579234972	7795	1
21.220765027322404	4863	1
21.23792349726776	2528	1
21.271803278688523	877	1
21.31382513661202	2608	1
21.32710382513661	3476	1
21.340437158469943	6783	1
21.346120218579234	8537	1
21.35016393442623	9377	1
21.41431693989071	917	1
21.475409836065573	6280	1
21.475956284153007	9790	1
21.499180327868853	7875	1
21.536174863387977	3123	1
21.62726775956284	6219	1
21.64311475409836	6388	1
21.68256830601093	7223	1
21.69535519125683	765	1
21.704590163934427	6969	1
21.789180327868852	8254	1
21.814918032786885	2794	1
21.81830601092896	1064	1
21.84901639344262	8135	1
21.873005464480876	5243	1
21.926393442622953	2814	1
21.95830601092896	3513	1
22.046393442622954	7851	1
22.068524590163936	348	1
22.089945355191254	9316	1
22.171475409836066	8925	1
22.204863387978143	8245	1
22.22256830601093	4372	1
22.235245901639342	1892	1
22.296830601092896	4482	1
22.35568306010929	5709	1
22.44513661202186	1310	1
22.452786885245903	2310	1
22.457704918032785	9963	1
22.49704918032787	5233	1
22.520983606557376	9756	1
22.528360655737703	9013	1
22.5824043715847	2099	1
22.58311475409836	7073	1
22.597868852459015	8048	1
22.64464480874317	8234	1
22.65814207650273	5558	1
22.661748633879782	775	1
22.673715846994536	2037	1
22.67535519125683	3057	1
22.725081967213114	4624	1
22.72814207650273	8520	1
22.734918032786886	9294	1
22.735683060109288	4285	1
22.764371584699454	7580	1
22.765628415300547	5537	1
22.767322404371583	818	1
22.776120218579237	5446	1
22.797978142076502	4705	1
22.831803278688522	9264	1
22.894590163934424	1735	1
22.899672131147543	6381	1
22.909398907103824	3266	1
22.9107650273224	4715	1
22.9272131147541	4550	1
22.933825136612022	6985	1
22.945792349726776	6627	1
22.96087431693989	921	1
23.0279781420765	3164	1
23.04158469945355	7403	1
23.084972677595626	2334	1
23.107377049180325	4860	1
23.192295081967213	8010	1
23.23639344262295	4496	1
23.266612021857924	525	1
23.277540983606556	4342	1
23.292677595628415	3761	1
23.2972131147541	1646	1
23.381311475409838	6745	1
23.382185792349727	6061	1
23.404972677595627	5869	1
23.40754098360656	7224	1
23.467704918032787	8747	1
23.472295081967214	6233	1
23.53704918032787	8721	1
23.566830601092896	9116	1
23.576775956284155	7963	1
23.584262295081967	8421	1
23.59601092896175	6168	1
23.603770491803278	9010	1
23.607103825136612	6022	1
23.637213114754097	3870	1
23.643333333333334	8517	1
23.660218579234975	2436	1
23.67224043715847	6599	1
23.672677595628414	2127	1
23.74103825136612	3955	1
23.75704918032787	9066	1
23.770983606557376	4716	1
23.90174863387978	6137	1
23.904426229508196	2566	1
23.906612021857924	6888	1
23.94513661202186	1464	1
23.947540983606558	9209	1
23.9872131147541	7539	1
24.018743169398906	3437	1
24.08142076502732	6895	1
24.083715846994536	9339	1
24.093060109289617	227	1
24.117213114754097	4133	1
24.153715846994533	4433	1
24.156775956284154	8559	1
24.16393442622951	3044	1
24.167759562841532	8845	1
24.222568306010928	8213	1
24.283224043715848	5682	1
24.288142076502734	8006	1
24.305409836065575	9064	1
24.420491803278686	3645	1
24.430109289617487	3113	1
24.466010928961747	5139	1
24.473551912568308	5100	1
24.5	8530	1
24.518633879781422	44	1
24.530983606557378	9754	1
24.533387978142077	2226	1
24.53448087431694	9125	1
24.53726775956284	5562	1
24.54377049180328	4358	1
24.5527868852459	6108	1
24.58256830601093	8874	1
24.588032786885243	1850	1
24.606666666666666	1472	1
24.64377049180328	7479	1
24.64912568306011	985	1
24.69568306010929	6278	1
24.702677595628415	7492	1
24.71431693989071	9982	1
24.750601092896176	8240	1
24.76196721311475	9603	1
24.788907103825135	8989	1
24.856885245901637	7826	1
24.89639344262295	4115	1
24.925081967213114	7579	1
24.95	7161	1
24.954918032786885	4621	1
24.958797814207653	1700	1
25.026448087431696	8805	1
25.032786885245898	2859	1
25.038743169398906	2963	1
25.052513661202187	3214	1
25.070054644808742	2606	1
25.159289617486337	7352	1
25.182349726775954	972	1
25.188251366120216	2621	1
25.20655737704918	5688	1
25.233551912568306	7422	1
25.243333333333332	7231	1
25.24551912568306	3647	1
25.254426229508198	3351	1
25.272131147540982	5578	1
25.32049180327869	459	1
25.3231693989071	9451	1
25.32502732240437	8552	1
25.337540983606555	7751	1
25.338579234972677	4478	1
25.35792349726776	2394	1
25.36994535519126	8179	1
25.42863387978142	3310	1
25.43191256830601	7033	1
25.444098360655737	1642	1
25.508524590163937	8634	1
25.50896174863388	6182	1
25.516775956284153	5202	1
25.519781420765025	4156	1
25.53344262295082	9870	1
25.58622950819672	5950	1
25.59830601092896	1301	1
25.60289617486339	9648	1
25.611038251366118	9275	1
25.624535519125683	9623	1
25.627540983606558	6640	1
25.647923497267758	5568	1
25.714426229508195	9286	1
25.720382513661203	4515	1
25.721092896174866	7745	1
25.73983606557377	1415	1
25.75464480874317	9458	1
25.8127868852459	5020	1
25.821202185792348	6234	1
25.827868852459016	5925	1
25.87153005464481	242	1
25.8748087431694	9892	1
25.892677595628413	5382	1
25.900327868852457	5190	1
25.969945355191257	7154	1
25.980491803278685	8050	1
25.984590163934424	6431	1
25.994043715846995	3420	1
26.02409836065574	7673	1
26.048360655737707	5986	1
26.077868852459016	7759	1
26.103005464480873	8878	1
26.121256830601094	1623	1
26.15065573770492	9075	1
26.156994535519125	3313	1
26.162513661202187	2009	1
26.19879781420765	4034	1
26.231803278688524	7786	1
26.240546448087432	1724	1
26.247486338797817	7556	1
26.293551912568304	1819	1
26.31360655737705	9591	1
26.34688524590164	4835	1
26.355355191256827	8278	1
26.460765027322402	920	1
26.465573770491805	9944	1
26.475027322404372	2160	1
26.47672131147541	7362	1
26.48688524590164	6469	1
26.493005464480877	8303	1
26.499562841530054	5702	1
26.515245901639343	2984	1
26.53710382513661	516	1
26.552459016393442	7171	1
26.587213114754096	8569	1
26.613169398907104	3304	1
26.630928961748634	7499	1
26.656120218579236	1668	1
26.684262295081968	495	1
26.700655737704917	2317	1
26.767322404371583	6924	1
26.775027322404373	4737	1
26.841092896174864	722	1
26.85934426229508	3282	1
26.886448087431695	8196	1
26.908360655737706	6078	1
26.97245901639344	9715	1
26.972732240437157	5031	1
26.99830601092896	7951	1
27.00021857923497	7199	1
27.01191256830601	5826	1
27.02431693989071	2697	1
27.028907103825134	6241	1
27.059234972677594	7157	1
27.09879781420765	6105	1
27.10945355191257	8146	1
27.160437158469946	5761	1
27.16590163934426	4955	1
27.170437158469944	6900	1
27.198743169398906	397	1
27.20284153005464	3972	1
27.24775956284153	5476	1
27.256885245901636	4073	1
27.261147540983604	8118	1
27.26590163934426	9333	1
27.2679781420765	6943	1
27.294535519125684	1431	1
27.3351912568306	1099	1
27.339344262295082	6064	1
27.416666666666668	4810	1
27.424316939890712	346	1
27.472076502732243	4686	1
27.506448087431693	1072	1
27.538743169398906	1261	1
27.542677595628415	6935	1
27.562568306010927	5272	1
27.595191256830603	1103	1
27.620819672131145	2931	1
27.651639344262296	4151	1
27.66049180327869	89	1
27.670163934426228	3622	1
27.677486338797817	579	1
27.706010928961746	8488	1
27.727158469945355	3090	1
27.739016393442622	3961	1
27.76415300546448	3668	1
27.771202185792347	1383	1
27.782513661202184	7660	1
27.824590163934424	887	1
27.83295081967213	9563	1
27.847978142076503	5111	1
27.879016393442623	8486	1
27.912896174863384	2422	1
28.012732240437156	7358	1
28.033387978142077	5104	1
28.043606557377046	2773	1
28.04825136612022	5905	1
28.06530054644809	1656	1
28.07524590163934	3496	1
28.077540983606557	6705	1
28.084426229508196	2632	1
28.08967213114754	4218	1
28.104043715846995	6153	1
28.104535519125683	236	1
28.11688524590164	5315	1
28.135027322404373	1183	1
28.142841530054646	874	1
28.152295081967214	6790	1
28.153934426229505	4147	1
28.182513661202186	5551	1
28.20224043715847	5683	1
28.238142076502733	6432	1
28.25360655737705	5743	1
28.27672131147541	5602	1
28.27950819672131	3307	1
28.283497267759564	3145	1
28.305409836065575	6463	1
28.331693989071038	4239	1
28.373715846994536	1969	1
28.37568306010929	8601	1
28.392677595628417	3116	1
28.398032786885246	5495	1
28.40497267759563	7635	1
28.473169398907103	5651	1
28.53551912568306	940	1
28.568907103825133	5857	1
28.586721311475408	6160	1
28.600928961748636	6443	1
28.617978142076502	6140	1
28.66071038251366	9338	1
28.663497267759563	5847	1
28.685956284153004	3463	1
28.714153005464482	1284	1
28.747213114754096	5842	1
28.79792349726776	4627	1
28.810874316939888	4783	1
28.814535519125684	5999	1
28.816120218579236	955	1
28.830273224043715	9829	1
28.847158469945352	5043	1
28.886885245901638	995	1
28.99688524590164	1749	1
29.001202185792348	2967	1
29.025136612021857	2920	1
29.03486338797814	6850	1
29.040655737704917	8291	1
29.0724043715847	1419	1
29.09617486338798	5044	1
29.11956284153005	9649	1
29.16595628415301	7608	1
29.194918032786884	9568	1
29.233934426229506	2803	1
29.23950819672131	652	1
29.273387978142075	9072	1
29.319562841530054	6625	1
29.345409836065574	2958	1
29.35207650273224	428	1
29.35792349726776	1062	1
29.365792349726775	6429	1
29.392513661202184	9987	1
29.48125683060109	4287	1
29.514644808743167	7175	1
29.537650273224045	9820	1
29.542513661202186	7818	1
29.555245901639342	2870	1
29.584207650273225	5825	1
29.60464480874317	7624	1
29.605792349726777	2445	1
29.625956284153006	6702	1
29.634262295081967	3537	1
29.645300546448087	3725	1
29.647103825136615	319	1
29.65311475409836	3323	1
29.66775956284153	9005	1
29.671857923497267	9306	1
29.675628415300544	5181	1
29.756994535519123	8270	1
29.777049180327868	4129	1
29.912896174863388	8028	1
29.933169398907104	2556	1
29.937814207650273	5051	1
29.965956284153005	2107	1
29.985409836065575	9831	1
29.993005464480873	6287	1
30.005628415300546	8907	1
30.04322404371585	252	1
30.0603825136612	9864	1
30.07918032786885	9408	1
30.097759562841528	7861	1
30.126502732240436	5806	1
30.135464480874315	4606	1
30.14535519125683	9856	1
30.158415300546448	146	1
30.166393442622947	3477	1
30.186448087431692	4265	1
30.198852459016393	2503	1
30.293661202185792	8976	1
30.324098360655736	825	1
30.326612021857922	6556	1
30.332732240437156	606	1
30.33846994535519	3393	1
30.35054644808743	3241	1
30.35693989071038	3247	1
30.379726775956286	9513	1
30.387923497267757	2054	1
30.38901639344262	15	1
30.402732240437157	3392	1
30.406284153005462	3427	1
30.406666666666666	7688	1
30.427814207650272	8948	1
30.43486338797814	1813	1
30.444098360655737	2731	1
30.45688524590164	8032	1
30.496666666666666	9571	1
30.564754098360655	5295	1
30.59573770491803	4164	1
30.60950819672131	1614	1
30.62311475409836	7201	1
30.63737704918033	9635	1
30.6403825136612	4876	0
30.657322404371584	1527	1
30.667158469945356	3190	1
30.678524590163935	6383	1
30.7203825136612	8143	1
30.72879781420765	7455	1
30.77229508196721	9283	1
30.81431693989071	304	1
30.815081967213114	2137	1
30.826830601092897	3763	1
30.842295081967215	6736	1
30.844754098360657	8904	1
30.84994535519126	7372	1
30.85360655737705	8744	1
30.88311475409836	3694	1
30.88792349726776	3132	1
30.991857923497268	8510	1
30.993224043715845	2300	1
31.002677595628413	534	1
31.015409836065576	1130	1
31.04415300546448	1779	1
31.06213114754098	1511	1
31.14065573770492	387	1
31.223005464480874	1049	1
31.27120218579235	4332	1
31.276010928961746	8697	1
31.286721311475407	8793	1
31.300601092896173	1186	1
31.315956284153003	3576	1
31.323606557377047	2923	1
31.346557377049177	8694	1
31.349836065573772	8459	1
31.35584699453552	3851	1
31.37349726775956	7913	1
31.425027322404368	9706	1
31.451475409836068	7049	1
31.45431693989071	6187	1
31.470655737704917	6642	1
31.557322404371583	2008	1
31.565792349726777	2723	1
31.573989071038252	4697	1
31.590054644808742	9604	1
31.59486338797814	5426	1
31.597978142076503	1100	1
31.611420765027322	5576	1
31.622185792349725	2034	1
31.63469945355191	8774	1
31.653551912568304	6932	1
31.68224043715847	5532	1
31.684371584699456	3018	1
31.700819672131146	6928	1
31.749781420765025	2371	1
31.758524590163933	7443	1
31.776448087431692	7889	1
31.78158469945355	3449	1
31.81901639344262	1337	1
31.90311475409836	326	1
31.90497267759563	4812	1
31.92103825136612	5231	1
31.923879781420762	4699	1
31.92945355191257	4607	1
31.96158469945355	93	1
31.96666666666667	7384	1
31.989344262295084	5936	1
32.00409836065574	4693	1
32.012950819672135	8402	1
32.039071038251365	567	1
32.0448087431694	6155	1
32.109071038251365	6015	1
32.114754098360656	3370	1
32.13896174863388	1373	1
32.166721311475406	9355	1
32.179071038251365	7010	1
32.23584699453552	9679	1
32.243060109289615	7209	1
32.29153005464481	4628	1
32.29672131147541	2595	1
32.300273224043714	1946	1
32.301803278688524	2719	1
32.30502732240437	1239	1
32.30601092896175	718	1
32.33136612021858	398	1
32.37644808743169	2159	1
32.405792349726774	3567	1
32.433989071038255	1875	1
32.439945355191256	2823	1
32.44262295081967	2278	1
32.44311475409836	4936	1
32.568251366120215	9651	1
32.57344262295082	7718	1
32.58601092896175	6723	1
32.6496174863388	1882	1
32.66513661202186	9410	1
32.68934426229508	3940	1
32.73825136612022	1071	1
32.750109289617484	4313	1
32.75781420765027	6397	1
32.80360655737705	4858	1
32.852677595628414	7252	1
32.854207650273224	3665	1
32.86568306010929	7179	1
32.866557377049176	7342	1
32.94382513661202	5816	1
32.96229508196721	834	1
32.98469945355191	1702	1
32.991147540983604	8622	1
32.993387978142074	5381	1
33.019945355191254	9055	1
33.02568306010929	5241	1
33.04010928961748	535	1
33.085464480874315	8726	1
33.14043715846994	3318	1
33.143442622950815	6561	1
33.157103825136616	2078	1
33.183551912568305	1730	1
33.19622950819672	6753	1
33.20366120218579	3673	1
33.20732240437159	8292	1
33.21267759562841	8045	1
33.24049180327869	312	1
33.26005464480874	3352	1
33.2844262295082	5277	1
33.31153005464481	2130	1
33.31781420765027	3969	1
33.32857923497268	6042	1
33.337103825136616	5283	1
33.34863387978142	8201	1
33.35300546448087	6170	1
33.35584699453552	4128	1
33.36551912568306	8484	1
33.42693989071038	5136	1
33.44262295081967	7626	1
33.478415300546445	4295	1
33.48464480874317	5369	1
33.5048087431694	8428	1
33.516994535519125	9617	1
33.531256830601095	9989	1
33.57896174863388	2402	1
33.584754098360655	2043	1
33.630054644808745	8170	1
33.63781420765027	6798	1
33.64535519125683	1909	1
33.64972677595628	2357	1
33.66732240437158	4748	1
33.686939890710384	6035	1
33.70431693989071	7770	1
33.724699453551914	2616	1
33.7324043715847	8069	1
33.74896174863388	4424	1
33.75491803278688	3248	1
33.793989071038254	3373	1
33.79704918032787	1823	1
33.80344262295082	3089	1
33.908087431693986	2119	1
33.94918032786885	987	1
33.95502732240437	7404	1
33.97371584699454	6058	1
33.991256830601095	2959	1
33.996065573770494	6623	1
34.032349726775955	6982	1
34.03448087431694	3424	1
34.042459016393444	9078	1
34.044043715846996	9835	1
34.0751912568306	67	1
34.09808743169398	2720	1
34.12054644808743	2214	1
34.121038251366116	6714	1
34.140601092896176	3122	1
34.15327868852459	7349	1
34.162622950819674	4247	1
34.19622950819672	915	1
34.19661202185792	7440	1
34.237049180327865	1995	1
34.260273224043715	3989	1
34.2655737704918	5659	1
34.3292349726776	4400	1
34.35928961748634	8249	1
34.36191256830601	6384	1
34.41775956284153	2293	1
34.438360655737704	4448	1
34.43939890710382	1353	1
34.46459016393443	4041	1
34.46901639344262	1246	1
34.48158469945355	1364	1
34.50857923497268	543	1
34.51010928961749	9382	1
34.522295081967215	3822	1
34.53109289617486	3966	1
34.54076502732241	4594	1
34.55153005464481	4961	1
34.57726775956284	8231	1
34.618743169398904	9136	1
34.632349726775956	9551	1
34.65344262295081	1445	1
34.66005464480874	5782	1
34.66071038251366	26	1
34.66475409836066	9502	1
34.669344262295084	7530	1
34.672349726775956	1230	1
34.69131147540984	7474	1
34.69530054644809	9641	1
34.70792349726776	5990	1
34.721420765027325	3107	1
34.73825136612022	4504	1
34.75207650273224	9178	1
34.80885245901639	589	1
34.89846994535519	9677	1
34.91579234972678	7480	1
34.92557377049181	712	1
34.92710382513661	9855	1
34.93185792349727	5642	1
34.976557377049176	9157	1
34.98622950819672	9429	1
35.03967213114754	6083	1
35.04595628415301	929	1
35.058797814207644	5156	1
35.08535519125683	8579	1
35.12060109289617	6624	1
35.168688524590166	8320	1
35.224043715846996	5069	1
35.23535519125683	1091	1
35.263934426229504	1976	1
35.27956284153005	4586	1
35.28103825136612	320	1
35.28819672131147	1711	1
35.29907103825136	1330	1
35.30234972677596	8963	1
35.34344262295082	4494	1
35.36005464480874	354	1
35.381038251366114	7276	1
35.41289617486339	8318	1
35.4379781420765	6809	1
35.460546448087435	8876	1
35.4727868852459	5775	1
35.49704918032787	9980	1
35.52180327868852	8949	1
35.527486338797814	7644	1
35.57868852459016	7923	1
35.586612021857924	7524	1
35.669398907103826	7041	1
35.671639344262296	4113	1
35.71808743169399	5494	1
35.73825136612022	5255	1
35.75945355191257	7391	1
35.76338797814208	8767	1
35.76688524590163	5389	1
35.7851912568306	7084	1
35.79267759562842	1535	1
35.8035519125683	8987	1
35.80885245901639	7709	1
35.82704918032787	6239	1
35.838415300546444	2929	0
35.84224043715847	8086	1
35.867049180327875	2338	1
35.87803278688525	3899	1
35.885956284153	7883	1
35.8936612021858	3380	1
35.89546448087432	8852	1
35.91551912568306	5628	1
35.92863387978142	7413	1
35.948524590163935	3836	1
35.96005464480874	5102	1
35.97032786885246	3022	1
35.97825136612022	2828	1
35.98196721311476	5883	1
36.01748633879781	152	1
36.06502732240437	5513	1
36.11213114754098	6890	1
36.13901639344262	5886	1
36.190273224043715	4574	1
36.214153005464475	4413	1
36.21841530054645	391	1
36.23196721311476	2929	1
36.256502732240435	3002	1
36.270327868852455	6165	1
36.300765027322406	8631	1
36.36213114754098	8500	1
36.38486338797814	1168	1
36.42071038251366	4808	1
36.434043715847	5431	1
36.43704918032787	2129	1
36.48360655737705	6910	1
36.519289617486336	7952	1
36.52693989071038	7830	1
36.54043715846994	8816	1
36.54147540983606	3948	1
36.55448087431694	837	1
36.565683060109286	1902	1
36.5907650273224	4397	1
36.62114754098361	7119	1
36.65131147540984	2117	1
36.69092896174864	2149	1
36.77027322404372	1238	1
36.799234972677596	7724	1
36.861311475409835	6679	1
36.92579234972678	6694	1
36.926502732240436	442	1
36.93234972677595	9090	1
37.05382513661202	1378	1
37.08617486338798	5675	1
37.087322404371584	1703	1
37.08857923497268	8516	1
37.12978142076502	9080	1
37.18267759562841	6478	1
37.18792349726776	6346	1
37.19540983606558	5052	1
37.23994535519126	788	1
37.25497267759563	1397	1
37.25967213114754	2875	1
37.29196721311475	6112	1
37.29612021857924	3775	1
37.34081967213115	1446	1
37.35415300546448	6781	1
37.370655737704915	9328	1
37.37306010928962	1377	1
37.38136612021857	8376	1
37.43879781420765	9094	1
37.46120218579235	3521	1
37.52961748633879	5307	1
37.52967213114754	9590	1
37.54196721311475	159	1
37.587049180327874	1789	1
37.599344262295084	2433	1
37.641366120218585	7292	1
37.66234972677596	7310	1
37.68071038251366	950	1
37.691475409836066	4652	1
37.71431693989071	5444	1
37.716065573770486	2121	1
37.748306010928964	3850	1
37.75967213114754	595	1
37.76530054644809	3364	1
37.76939890710383	5114	1
37.77989071038251	1606	1
37.78633879781421	4223	1
37.80409836065574	6771	1
37.83273224043716	5300	1
37.856557377049185	3511	1
37.86032786885246	4286	1
37.86295081967213	1434	1
37.8760655737705	234	1
37.88180327868852	5166	1
37.90043715846994	5101	1
37.94273224043716	1080	1
37.966502732240436	4798	1
37.98191256830601	808	1
38.00590163934426	6739	1
38.007213114754094	3599	1
38.01273224043715	2265	1
38.02699453551912	8432	1
38.03295081967213	6840	1
38.03311475409836	6299	1
38.06661202185792	6681	1
38.06699453551913	2143	1
38.09912568306011	5251	1
38.11857923497268	2594	1
38.12535519125683	3818	1
38.134098360655734	9510	1
38.177158469945354	394	1
38.18683060109289	1282	1
38.20409836065574	3271	1
38.20972677595628	2953	1
38.229562841530054	4561	1
38.24732240437159	2050	1
38.29437158469945	7465	1
38.2948087431694	2891	1
38.30355191256831	4348	1
38.32857923497268	6785	1
38.3331693989071	6952	1
38.33409836065574	6408	1
38.3372131147541	4049	1
38.35775956284153	8563	1
38.377759562841526	9698	1
38.38371584699454	6152	1
38.39857923497267	8309	1
38.46846994535519	9309	1
38.493770491803275	5770	1
38.503661202185796	4305	1
38.51043715846994	2584	1
38.531530054644804	1794	1
38.543989071038254	8149	1
38.549562841530054	1025	1
38.55765027322404	5332	1
38.558907103825135	4085	1
38.56109289617486	3733	1
38.57852459016394	8410	1
38.630437158469945	7586	1
38.63404371584699	8092	1
38.65092896174863	4521	1
38.684262295081965	6906	1
38.70431693989071	9928	1
38.73142076502732	4945	1
38.733715846994535	3108	1
38.80732240437158	1456	1
38.83076502732241	8812	1
38.83655737704918	1066	1
38.838852459016394	2412	1
38.84502732240437	6230	1
38.86704918032787	5717	1
38.9307650273224	5442	1
38.965519125683066	6621	1
38.98322404371584	5956	1
39.01229508196721	1408	1
39.018907103825136	6938	1
39.030437158469944	9813	1
39.03311475409836	1312	1
39.05420765027322	3338	1
39.08409836065574	1096	1
39.097868852459015	1577	1
39.105683060109286	288	1
39.11972677595629	5245	1
39.12202185792349	3258	1
39.1624043715847	220	1
39.22726775956284	7257	1
39.23617486338797	3817	1
39.24989071038251	5327	1
39.3211475409836	3133	1
39.32644808743169	8334	1
39.32775956284153	7738	1
39.34327868852459	9914	1
39.346666666666664	1122	1
39.41693989071038	8109	1
39.42393442622951	9246	1
39.429453551912566	9082	1
39.47404371584699	3156	1
39.487049180327865	5170	1
39.5044262295082	1237	1
39.50808743169399	8912	1
39.534590163934425	467	1
39.595136612021854	5773	1
39.603879781420765	456	1
39.614699453551914	1334	1
39.648032786885246	3849	1
39.685464480874316	9721	1
39.68907103825136	8923	1
39.689508196721306	5175	1
39.692568306010934	1859	1
39.70737704918033	4461	1
39.80306010928962	9276	1
39.80502732240437	3855	1
39.81213114754098	3923	1
39.820874316939886	9876	1
39.822404371584696	3224	1
39.83704918032787	8077	1
39.8624043715847	3099	1
39.86420765027322	6523	1
39.89551912568306	3591	1
39.908907103825136	6765	1
39.91530054644809	3345	1
39.92846994535519	8720	1
39.93972677595628	3077	1
39.96846994535519	4293	1
39.98010928961748	8243	1
40.00863387978142	4080	1
40.021147540983605	1865	1
40.02825136612022	8672	1
40.04846994535519	9803	1
40.04879781420765	2405	1
40.07737704918033	7749	0
40.109398907103824	3925	1
40.112950819672136	4555	1
40.128196721311475	5772	1
40.14896174863388	1521	1
40.17699453551913	1403	1
40.19213114754098	592	1
40.21098360655738	4403	1
40.23153005464481	916	1
40.24382513661202	6458	1
40.24775956284152	5554	1
40.25453551912568	8901	1
40.294371584699455	9189	1
40.31136612021858	8014	1
40.331366120218576	4321	1
40.37885245901639	9207	1
40.384918032786885	5958	1
40.3992349726776	7190	1
40.473989071038254	937	1
40.50267759562841	5194	1
40.509945355191256	8910	1
40.53546448087431	3760	1
40.5355737704918	6734	1
40.551530054644815	8800	1
40.59136612021858	6972	1
40.6303825136612	8825	1
40.637049180327864	5135	1
40.66890710382514	5877	1
40.67087431693989	6660	1
40.6755737704918	7099	1
40.730273224043714	9424	1
40.73601092896175	6352	1
40.75010928961749	9003	1
40.76677595628415	6441	1
40.77311475409836	3880	1
40.78846994535519	6494	1
40.810491803278694	6366	1
40.8451912568306	8339	1
40.851202185792346	2935	1
40.86819672131148	1715	1
40.883005464480874	6560	1
40.886448087431695	5566	1
40.89180327868852	7604	1
40.94562841530055	732	1
40.955737704918036	7812	1
40.97153005464481	4914	1
40.9903825136612	6722	1
41.01989071038252	5814	1
41.03508196721312	367	1
41.074644808743166	5223	1
41.15371584699454	5221	1
41.17224043715847	9357	1
41.1796174863388	2538	1
41.20322404371584	1872	1
41.225081967213114	4201	1
41.23546448087431	6816	1
41.23912568306011	3149	1
41.256939890710385	7074	1
41.27693989071038	2692	1
41.28054644808743	7976	1
41.28262295081967	6996	1
41.32475409836066	9607	1
41.39	753	1
41.40857923497268	4589	1
41.41672131147541	6264	1
41.44622950819672	7902	1
41.448469945355185	4418	1
41.46360655737705	7018	1
41.46437158469945	7272	1
41.46453551912568	4813	1
41.468251366120214	6100	1
41.47655737704918	6504	1
41.487377049180324	3893	1
41.49142076502732	1081	1
41.51562841530055	9877	1
41.52278688524591	2150	1
41.53601092896175	5524	1
41.54289617486339	6208	1
41.576502732240435	1345	1
41.64770491803279	1930	1
41.71109289617487	3780	1
41.72256830601093	9727	1
41.72431693989071	9488	1
41.74169398907104	4460	1
41.747868852459014	8982	1
41.75103825136612	4516	1
41.81021857923497	7532	1
41.83704918032787	687	1
41.865464480874316	9232	1
41.87349726775956	8097	1
41.88289617486338	7176	1
41.901693989071035	4769	1
41.91262295081967	5519	1
41.91650273224044	9729	1
41.926393442622945	6951	1
41.93945355191257	5151	1
41.951147540983605	1938	1
41.984098360655736	3586	1
41.99431693989071	6150	1
42.03508196721311	2836	1
42.09907103825136	2715	1
42.113169398907104	5561	1
42.16431693989071	8959	1
42.18491803278688	5511	1
42.2279781420765	894	1
42.25530054644808	6911	1
42.2612568306011	9482	1
42.27726775956284	6774	1
42.28032786885246	6948	1
42.336284153005465	4889	1
42.35775956284153	3004	1
42.374863387978145	8438	1
42.38387978142077	2778	1
42.395300546448084	4170	1
42.433661202185796	4566	1
42.44016393442623	514	1
42.44344262295082	8577	1
42.44409836065574	9601	1
42.446666666666665	9788	1
42.51262295081967	2193	1
42.55945355191257	6615	1
42.63989071038252	1057	1
42.64639344262295	9781	1
42.66896174863388	7128	1
42.692185792349726	3406	1
42.73136612021858	8529	1
42.73207650273224	96	1
42.752404371584696	6488	1
42.79415300546448	8841	1
42.79765027322404	5923	1
42.81169398907104	7947	1
42.82147540983606	9016	1
42.835956284153	5176	1
42.86677595628415	1516	1
42.87180327868852	3500	1
42.88060109289617	3573	1
42.896229508196726	2656	1
42.94590163934426	4007	1
43.06398907103825	9197	1
43.06710382513661	4928	1
43.072459016393445	5900	1
43.076502732240435	6591	1
43.08021857923497	9653	1
43.08415300546448	4782	1
43.10065573770492	9129	1
43.13289617486338	4469	1
43.14672131147541	520	1
43.15737704918033	9412	1
43.15857923497268	4261	1
43.20049180327869	2815	1
43.21256830601093	2072	1
43.23491803278689	4262	1
43.23885245901639	7284	1
43.239672131147536	2737	1
43.25754098360656	959	1
43.27546448087432	3311	1
43.27606557377049	5687	1
43.295792349726774	7899	1
43.30245901639344	124	1
43.30918032786885	4514	1
43.315300546448086	1635	1
43.336994535519125	4692	1
43.36109289617486	1821	1
43.375846994535515	2937	1
43.37726775956284	6524	1
43.41196721311475	8182	1
43.416065573770496	4568	1
43.42393442622951	2672	1
43.444316939890705	2665	1
43.454098360655735	851	1
43.46382513661202	1842	1
43.49120218579235	6909	1
43.49693989071038	8464	1
43.514426229508196	700	1
43.53147540983606	3832	1
43.53704918032787	1068	1
43.55754098360656	4518	1
43.56928961748634	5812	1
43.575901639344266	8921	1
43.58945355191257	9794	1
43.600710382513654	9991	1
43.603497267759565	8372	1
43.60409836065574	9995	1
43.60732240437158	6151	1
43.634480874316935	7538	1
43.65939890710383	830	1
43.6624043715847	5975	1
43.666065573770496	178	1
43.69245901639344	1759	1
43.69267759562842	8761	1
43.71218579234973	9570	1
43.714207650273224	95	1
43.716830601092894	5686	1
43.71967213114754	2739	1
43.72185792349727	6497	1
43.726557377049176	2747	1
43.73535519125683	1169	1
43.736338797814206	4660	1
43.76213114754098	1619	1
43.77289617486339	5105	1
43.83245901639344	5154	1
43.83907103825137	9652	1
43.85896174863388	5293	1
43.886448087431695	1639	1
43.92092896174863	2896	1
43.92284153005465	5088	1
43.96781420765027	3428	1
44.016174863387974	8190	1
44.019508196721304	5404	1
44.1496174863388	9221	1
44.164535519125685	2291	1
44.17289617486339	5618	1
44.19196721311475	1161	1
44.20508196721312	3876	1
44.22928961748634	9216	1
44.271475409836064	5216	1
44.28781420765027	3727	1
44.29704918032787	1666	1
44.35786885245901	4939	1
44.37464480874317	3842	1
44.401803278688526	9302	1
44.40639344262295	1470	1
44.419726775956285	8660	1
44.42256830601093	8875	1
44.4248087431694	4985	1
44.43535519125683	1207	1
44.45732240437158	3737	1
44.48169398907104	9875	1
44.50327868852459	3964	1
44.5044262295082	5663	1
44.532349726775955	5756	1
44.541803278688526	4573	1
44.544644808743165	7750	1
44.55398907103825	5957	1
44.57322404371585	3750	1
44.58191256830601	6696	1
44.584863387978146	1253	1
44.6075956284153	3584	1
44.65978142076503	5835	1
44.66896174863388	4141	1
44.67382513661202	4351	1
44.679071038251365	7752	1
44.67928961748634	2074	1
44.68005464480874	3167	1
44.688415300546446	6817	1
44.690382513661206	6167	1
44.752732240437155	6063	1
44.77174863387978	6122	1
44.796502732240434	7852	1
44.810437158469945	5228	1
44.83748633879782	1574	1
44.85065573770492	4205	1
44.85147540983607	2466	1
44.86087431693989	1905	1
44.86775956284153	1065	1
44.869945355191255	8314	1
44.87306010928962	335	1
44.87786885245902	9517	1
44.87901639344262	2483	1
44.92830601092896	8159	1
44.9407650273224	8209	1
44.95868852459016	4519	1
44.96896174863388	2746	1
44.98191256830601	6059	1
44.99464480874317	9468	1
45.02699453551912	3975	1
45.04153005464481	6894	1
45.04868852459016	7542	1
45.092896174863384	3436	1
45.125901639344264	3670	1
45.16530054644809	9738	1
45.167158469945356	3921	1
45.16978142076503	491	1
45.183879781420764	2108	1
45.209016393442624	9857	1
45.21841530054645	6288	1
45.2203825136612	8630	1
45.26420765027323	1040	1
45.29071038251366	7805	1
45.292459016393444	8461	1
45.29530054644809	4681	1
45.31027322404371	3607	1
45.314043715847	5824	1
45.3155737704918	7482	1
45.386448087431695	2497	1
45.46879781420765	3543	1
45.50573770491803	4157	1
45.511366120218575	3279	1
45.558579234972676	5996	1
45.56295081967213	1743	1
45.612513661202186	3905	1
45.620546448087424	7281	1
45.64103825136612	4577	1
45.66622950819672	4289	1
45.69005464480874	7331	1
45.71382513661202	1817	1
45.73639344262295	8681	1
45.741147540983604	3683	1
45.74213114754098	9981	1
45.81426229508197	8129	1
45.82306010928962	2809	1
45.83814207650273	7970	1
45.85983606557377	4236	1
45.88087431693989	5587	1
45.91502732240437	9992	1
45.91814207650273	7666	1
45.93622950819672	8007	1
45.964207650273224	2535	1
46.03535519125683	8842	1
46.04163934426229	7969	1
46.14644808743169	1465	1
46.168251366120224	3451	1
46.211584699453546	7469	1
46.22765027322404	8164	1
46.232622950819675	5607	1
46.24169398907104	9903	1
46.25781420765027	5219	1
46.25978142076503	5796	1
46.26404371584699	1354	1
46.267759562841526	7481	1
46.285683060109285	5939	1
46.29754098360655	1626	1
46.30540983606558	5270	1
46.314207650273225	6147	1
46.33327868852459	3039	1
46.354918032786884	7881	1
46.36136612021858	8062	1
46.37459016393442	1012	1
46.377814207650275	1177	1
46.40644808743169	628	1
46.40846994535519	8017	1
46.41677595628415	2340	1
46.44295081967213	539	1
46.4496174863388	8031	1
46.48808743169399	6829	1
46.52366120218579	9764	1
46.55262295081967	8544	1
46.55896174863388	2191	1
46.57469945355191	8287	1
46.591366120218574	5855	1
46.593715846994535	7578	1
46.60781420765027	4037	1
46.61491803278688	6515	1
46.62071038251366	3008	1
46.64469945355191	3887	1
46.65568306010928	5828	1
46.66420765027322	3452	1
46.675300546448085	731	1
46.69224043715847	2699	1
46.70295081967213	4019	1
46.72218579234973	1704	1
46.726174863387975	7353	1
46.757322404371585	7298	1
46.79491803278688	2052	1
46.819890710382516	4667	1
46.821693989071036	6316	1
46.95344262295082	737	1
46.95846994535519	2361	1
46.96267759562841	3298	1
46.976284153005466	9172	1
47.04409836065574	4175	1
47.05803278688525	1529	1
47.088469945355186	5911	1
47.090765027322405	8854	1
47.09360655737705	2395	1
47.110273224043716	6954	1
47.13218579234973	6993	1
47.13546448087432	849	1
47.16251366120219	6735	1
47.17109289617486	6298	1
47.22016393442623	2822	1
47.23426229508196	3857	1
47.23573770491803	7585	1
47.2403825136612	9236	1
47.24103825136612	6198	1
47.29065573770492	8991	1
47.32661202185792	3704	1
47.354262295081966	9886	1
47.40120218579234	4895	1
47.401420765027325	2674	1
47.4048087431694	1547	1
47.411147540983606	4323	1
47.41349726775956	8711	1
47.43918032786885	1638	1
47.443005464480876	711	1
47.444808743169396	3378	1
47.4775956284153	2488	1
47.484808743169395	6243	1
47.52054644808743	7234	1
47.52666666666667	9244	1
47.534590163934425	1524	1
47.536120218579235	4237	1
47.53814207650273	9307	1
47.54016393442623	3488	1
47.54300546448088	8061	1
47.571639344262294	6205	1
47.58010928961748	2997	1
47.587814207650275	8301	1
47.60366120218579	9495	1
47.612513661202186	7690	1
47.620273224043714	7484	1
47.62306010928962	1551	1
47.637158469945355	6213	1
47.66409836065574	94	1
47.664535519125685	7417	1
47.66497267759563	7658	1
47.671147540983604	726	1
47.67131147540983	6448	1
47.70890710382514	6371	1
47.71016393442623	6214	1
47.73267759562842	9449	1
47.74448087431694	6717	1
47.74622950819672	927	1
47.758360655737704	7837	1
47.825081967213116	5403	1
47.8372131147541	8214	1
47.8375956284153	5854	1
47.84699453551912	1455	1
47.87590163934426	1182	1
47.88639344262295	2480	1
47.889344262295076	511	1
47.90748633879782	263	1
47.93349726775956	7268	1
47.93912568306011	2698	1
47.974699453551914	9278	1
47.990546448087436	1750	1
48.04120218579235	7656	1
48.04147540983607	8404	1
48.041748633879784	4776	1
48.04185792349727	5786	1
48.0420218579235	5448	1
48.046612021857925	5435	1
48.069398907103825	2713	1
48.08245901639344	2479	1
48.10005464480874	2131	1
48.10901639344262	2076	1
48.124754098360654	670	1
48.1407650273224	8597	1
48.1651912568306	4867	1
48.21448087431694	4942	1
48.21748633879781	7972	1
48.286010928961744	8145	1
48.305956284153005	1451	1
48.3136612021858	3809	1
48.33153005464481	9371	1
48.34081967213115	5103	1
48.353387978142074	6271	1
48.35475409836066	7886	1
48.39661202185792	4639	1
48.41622950819672	9761	1
48.43251366120219	8426	1
48.443224043715844	9562	1
48.46781420765027	8433	1
48.47721311475409	609	1
48.47918032786885	7156	1
48.50601092896175	8906	1
48.52109289617486	9074	1
48.52677595628415	8781	1
48.529016393442625	8275	1
48.53218579234973	2416	1
48.539453551912565	7035	1
48.548415300546445	6801	1
48.55349726775956	6759	1
48.5779781420765	9833	1
48.60726775956284	4231	1
48.63284153005464	2362	1
48.67601092896175	2788	1
48.676502732240436	3510	1
48.68229508196721	6132	1
48.71945355191257	6199	1
48.77868852459016	9825	1
48.788743169398906	3179	1
48.81513661202186	1258	1
48.827650273224044	2610	1
48.834316939890705	9821	1
48.84	110	1
48.90524590163934	1442	1
48.92180327868853	1001	1
48.93972677595629	8564	1
48.93978142076502	945	1
48.94672131147541	2653	1
48.96672131147541	6227	1
48.97076502732241	9827	1
48.98136612021858	52	1
49.015464480874314	5946	1
49.01754098360656	3085	1
49.01989071038252	3098	1
49.02688524590164	9592	1
49.02983606557377	9932	1
49.03524590163934	4570	1
49.04661202185792	6552	1
49.05644808743169	4137	1
49.119234972677596	3369	1
49.123715846994536	4451	1
49.15710382513661	4578	1
49.15715846994535	4071	1
49.18530054644808	8057	1
49.194480874316945	9912	1
49.20016393442623	7609	1
49.20060109289617	4729	1
49.21464480874317	1252	1
49.21491803278688	1683	1
49.241584699453554	8241	1
49.25087431693989	8142	1
49.264754098360655	6842	1
49.27732240437158	1108	1
49.31918032786886	8524	1
49.321693989071036	5280	1
49.34874316939891	561	1
49.36092896174863	3033	1
49.36584699453552	6940	1
49.37	9330	1
49.41049180327868	4896	1
49.41710382513661	6815	1
49.4551912568306	6442	1
49.47606557377049	6626	1
49.4779781420765	7344	1
49.505901639344266	9149	1
49.57245901639344	8990	1
49.59928961748634	4300	1
49.63360655737704	3592	1
49.63535519125683	411	1
49.6736612021858	1943	1
49.682841530054645	4911	1
49.71934426229508	7227	1
49.71967213114754	8818	1
49.7316393442623	5479	1
49.73693989071038	6282	1
49.745683060109286	8675	1
49.75229508196721	9269	1
49.773387978142075	5546	1
49.77508196721311	5673	1
49.812295081967214	7061	1
49.83196721311475	4664	1
49.86344262295082	911	1
49.89218579234973	6645	1
49.896885245901636	4195	1
49.953442622950824	2643	1
49.98169398907104	8565	1
49.99387978142076	8671	1
49.994590163934426	7882	1
49.99710382513661	683	1
50.007704918032786	9707	1
50.03513661202186	3847	1
50.03601092896175	7779	1
50.04185792349726	4832	1
50.044043715846996	6111	1
50.07060109289617	407	1
50.112131147540985	4440	1
50.14322404371585	9911	1
50.166338797814205	3869	1
50.202568306010924	4557	1
50.20961748633879	2406	1
50.2127868852459	2873	1
50.218469945355196	3545	1
50.229125683060104	8867	1
50.22939890710382	5060	1
50.28054644808743	1067	1
50.296994535519126	6984	1
50.30486338797814	878	1
50.32262295081967	8847	1
50.35185792349727	1138	1
50.37081967213115	5565	1
50.37229508196721	2615	1
50.372896174863385	7127	1
50.38142076502732	7941	1
50.42355191256831	3606	1
50.42672131147541	5261	1
50.448087431693985	2863	1
50.4527868852459	6039	1
50.49306010928962	9202	1
50.538415300546454	7063	1
50.55459016393442	9401	1
50.55644808743169	3056	1
50.56027322404372	9988	1
50.561147540983605	6312	1
50.586393442622956	994	1
50.58934426229508	8713	1
50.64486338797814	6567	1
50.67289617486339	8627	1
50.680928961748634	8641	1
50.696393442622956	7075	1
50.705956284153004	3819	1
50.708688524590166	317	1
50.73071038251366	9222	1
50.733387978142076	4655	1
50.75754098360656	1708	1
50.772677595628416	1761	1
50.79420765027323	3978	1
50.86644808743169	2769	1
50.8772131147541	6934	1
50.887486338797814	4563	1
50.89677595628415	3295	1
50.94153005464481	7543	1
50.946284153005465	6130	1
50.94677595628415	7937	1
50.95666666666667	2060	1
50.97349726775956	7714	1
50.97431693989071	8262	1
51.03218579234972	9228	1
51.06442622950819	7052	1
51.07584699453552	4530	1
51.09497267759563	4209	1
51.1148087431694	1444	1
51.1179781420765	5191	1
51.12284153005464	1476	1
51.140109289617484	9113	1
51.150983606557375	6365	1
51.1583606557377	6529	1
51.18322404371585	6482	1
51.20098360655737	6946	1
51.21513661202185	425	0
51.21989071038251	866	1
51.22273224043716	5424	1
51.23792349726776	3302	1
51.2627868852459	5801	1
51.26300546448088	5362	1
51.28814207650274	4278	1
51.291311475409834	3388	1
51.30049180327869	4008	1
51.313060109289616	24	1
51.35486338797814	1561	1
51.36158469945355	9697	1
51.38404371584699	1250	1
51.391584699453546	524	1
51.39644808743169	8625	1
51.41322404371584	3432	1
51.42994535519126	8259	1
51.448196721311476	5016	1
51.45879781420765	7866	1
51.48923497267759	9093	1
51.49617486338798	6490	1
51.50584699453552	3058	1
51.52010928961749	6644	1
51.53065573770492	8822	1
51.53513661202186	2288	1
51.54502732240437	8489	1
51.54530054644809	9395	1
51.56060109289618	4775	1
51.560874316939895	2534	1
51.57043715846994	7998	1
51.59349726775957	1048	1
51.60060109289618	2574	1
51.60191256830601	7213	1
51.63743169398907	2166	1
51.64005464480874	7755	1
51.64185792349726	1545	1
51.66464480874317	6368	1
51.66983606557377	9798	1
51.696393442622956	2521	1
51.699234972677594	6562	1
51.759180327868854	7456	1
51.77715846994535	296	1
51.77803278688525	6252	1
51.779398907103825	814	1
51.780819672131145	7363	1
51.79584699453552	1582	1
51.84360655737704	1643	1
51.84928961748634	3782	1
51.8955737704918	8626	1
51.896557377049184	5238	1
51.91502732240438	3074	1
51.9403825136612	5038	1
51.98251366120219	5003	1
52.002841530054646	1843	1
52.01049180327869	451	1
52.010655737704916	7544	1
52.07267759562841	7761	1
52.07901639344262	102	1
52.0792349726776	8474	1
52.08398907103825	3689	1
52.085956284153	2217	1
52.089562841530054	9490	1
52.09693989071038	4499	1
52.10688524590164	2212	1
52.162295081967216	5447	1
52.16983606557377	5856	1
52.193661202185794	4781	1
52.207158469945355	7328	1
52.228852459016395	9899	1
52.242622950819666	7289	1
52.246120218579236	9183	1
52.247540983606555	9913	1
52.252786885245904	6975	1
52.29606557377049	8851	1
52.30672131147541	3967	1
52.315300546448086	4436	1
52.33163934426229	9712	1
52.353497267759565	8312	1
52.38322404371584	4067	1
52.40562841530054	7050	1
52.40622950819672	2113	1
52.476994535519125	3394	1
52.50377049180328	7649	1
52.556338797814206	6319	1
52.609781420765025	6950	1
52.647267759562844	3875	1
52.64852459016393	8228	1
52.66568306010929	8639	1
52.67136612021858	1768	1
52.67229508196721	620	1
52.705300546448086	615	1
52.74300546448087	9219	1
52.77846994535519	9842	1
52.88262295081967	8872	1
52.906994535519125	4702	1
52.91398907103825	8304	1
52.96595628415301	2752	1
52.987868852459016	8392	1
53.01382513661202	3196	1
53.02639344262295	8085	1
53.03464480874317	8480	1
53.04125683060109	7122	1
53.041693989071035	8595	1
53.04688524590164	2172	1
53.05125683060109	5497	1
53.06475409836065	8003	1
53.0979781420765	5802	1
53.124153005464485	5177	1
53.1379781420765	4666	1
53.14158469945355	276	1
53.149508196721314	9122	1
53.16136612021858	1960	1
53.18934426229509	2398	1
53.203770491803276	9343	1
53.208196721311474	600	1
53.234863387978145	2771	1
53.24688524590164	4948	1
53.28311475409836	8924	1
53.28857923497267	5575	1
53.292459016393444	2645	1
53.29945355191257	6821	1
53.304754098360654	2148	1
53.309726775956285	5730	1
53.334754098360655	4442	1
53.351256830601095	2228	1
53.40874316939891	725	1
53.41426229508197	4066	1
53.41437158469945	7496	1
53.45366120218579	7610	1
53.51043715846995	2114	1
53.51420765027323	8237	1
53.521530054644806	9565	1
53.524535519125685	863	1
53.54989071038251	3838	1
53.550054644808746	6551	1
53.55448087431694	1089	1
53.58109289617486	6521	1
53.58945355191256	2588	1
53.598579234972675	4617	1
53.61191256830601	8860	1
53.64475409836066	3448	1
53.665245901639345	9985	1
53.66808743169398	2189	1
53.68639344262295	5195	1
53.69021857923497	4398	1
53.711311475409836	9804	1
53.72868852459016	4719	1
53.73196721311475	4763	1
53.74890710382514	8070	1
53.75743169398907	4635	1
53.79562841530055	4797	1
53.80169398907104	3321	1
53.8424043715847	1249	1
53.84256830601093	5401	1
53.84803278688525	5571	1
53.848251366120216	4848	1
53.85431693989071	8406	1
53.906284153005465	673	1
53.93032786885246	4103	1
53.93644808743169	8383	1
53.96852459016393	776	1
53.98109289617486	7824	1
53.98158469945355	1101	1
53.985846994535514	4487	1
53.98967213114754	2798	1
53.999398907103824	7840	1
54.04038251366121	1860	1
54.05196721311476	690	1
54.05497267759563	3464	1
54.06245901639344	9625	1
54.06994535519125	7300	1
54.084754098360655	9529	1
54.09612021857923	3216	1
54.16202185792349	3888	1
54.173825136612024	9925	1
54.17628415300546	6716	1
54.23530054644808	3205	1
54.24967213114754	1630	1
54.2679781420765	2640	1
54.281202185792345	6378	1
54.281202185792345	8079	1
54.29311475409836	531	1
54.31092896174864	803	1
54.33683060109289	5026	1
54.342896174863384	9704	1
54.37885245901639	4186	1
54.378961748633884	6031	1
54.38846994535519	7265	1
54.417103825136614	5338	1
54.42027322404371	4333	1
54.42710382513661	5220	1
54.43109289617486	7470	1
54.4539344262295	2465	1
54.45464480874317	3118	1
54.482185792349725	900	1
54.50890710382514	2850	1
54.52628415300546	3285	1
54.53114754098361	5502	1
54.53655737704918	8850	1
54.53737704918033	1202	1
54.53808743169399	9012	1
54.56672131147541	9085	1
54.593005464480875	2906	1
54.6268306010929	6480	1
54.63316939890711	6454	1
54.6372131147541	5278	1
54.64027322404372	3804	1
54.64808743169399	3997	1
54.67704918032786	8751	1
54.708196721311474	3460	1
54.75409836065573	7573	1
54.75409836065573	4282	1
54.76448087431694	5670	1
54.79617486338798	3130	1
54.830601092896174	6899	1
54.83387978142077	4843	0
54.869945355191255	1816	1
54.87978142076503	9548	1
54.89289617486339	5350	1
54.91803278688525	8436	1
54.97158469945356	493	1
54.99071038251366	6221	1
54.999453551912566	8225	1
55.013661202185794	3106	1
55.03661202185792	1367	1
55.038797814207655	6846	1
55.046994535519126	6675	1
55.07868852459016	7513	1
55.14043715846994	750	1
55.21256830601093	1146	1
55.236065573770496	6633	1
55.236065573770496	6791	1
55.28469945355191	7682	1
55.28743169398907	33	1
55.29234972677595	7638	1
55.29781420765027	1847	1
55.31803278688525	3700	1
55.36174863387978	3253	1
55.36557377049181	2555	1
55.367213114754094	8264	1
55.4191256830601	5436	1
55.419672131147536	5153	1
55.42622950819673	8843	1
55.45245901639344	5460	1
55.485245901639345	2120	1
55.488524590163934	3223	1
55.488524590163934	2827	0
55.49289617486339	5425	1
55.523497267759566	1143	1
55.52459016393443	3781	1
55.52841530054645	5322	1
55.53770491803279	6367	1
55.56065573770492	5552	1
55.571584699453545	517	1
55.58032786885246	7997	1
55.614754098360656	7895	1
55.61639344262294	8417	1
55.64371584699454	7242	1
55.64972677595628	1982	1
55.65191256830601	245	1
55.685792349726775	4062	1
55.712021857923496	983	1
55.71584699453552	2761	1
55.71748633879781	653	1
55.75792349726776	3610	1
55.77431693989071	530	1
55.78688524590164	4820	1
55.79234972677595	2477	1
55.81420765027322	1223	1
55.86557377049181	942	1
55.86557377049181	2015	1
55.87158469945355	9940	1
55.89344262295082	5074	1
55.898360655737704	3532	1
55.90054644808743	4892	1
55.933879781420764	7894	1
55.934972677595624	512	1
55.93661202185792	3183	1
55.974316939890706	5384	1
56.01147540983606	7701	1
56.03387978142076	8594	1
56.044262295081964	9380	1
56.050273224043714	6028	1
56.06284153005465	7747	1
56.0672131147541	9374	1
56.08415300546448	5007	1
56.086885245901634	4525	1
56.093989071038244	6768	1
56.1327868852459	6873	1
56.13989071038251	9680	1
56.157377049180326	1015	1
56.20382513661202	6839	1
56.218032786885246	7327	1
56.22185792349727	6120	1
56.2327868852459	9812	1
56.25573770491803	7592	1
56.26885245901639	9227	1
56.27103825136612	663	1
56.27158469945355	4583	1
56.27540983606558	1932	1
56.30546448087432	7870	1
56.31147540983606	5376	1
56.31584699453552	1780	1
56.32568306010929	6837	1
56.337704918032784	9059	1
56.351912568306005	390	1
56.40491803278688	6485	1
56.410382513661204	2202	1
56.41092896174864	8892	1
56.412568306010925	3747	1
56.427868852459014	5132	1
56.43551912568306	8101	1
56.44043715846995	5484	1
56.44207650273224	1136	1
56.44371584699453	1770	1
56.482513661202184	1063	1
56.48797814207651	6094	1
56.539890710382515	966	1
56.557377049180324	7831	1
56.57322404371585	4625	1
56.57978142076502	3746	1
56.58196721311475	2221	1
56.59945355191257	1900	1
56.603825136612016	8556	1
56.62131147540983	9240	1
56.62349726775957	6691	1
56.64262295081967	8722	1
56.68415300546448	3902	1
56.6896174863388	8506	1
56.708196721311474	8088	1
56.73169398907103	7014	1
56.73387978142076	492	1
56.73879781420764	8176	1
56.75409836065573	8834	1
56.79562841530055	9650	1
56.83715846994535	9277	1
56.84699453551912	5496	1
56.8551912568306	6825	1
56.917486338797815	7856	1
56.96393442622951	3201	1
56.97158469945355	6983	1
56.986338797814206	8865	1
57.01967213114754	3012	1
57.02131147540983	1178	1
57.02513661202186	1351	1
57.036065573770486	3626	1
57.04644808743169	3066	1
57.07267759562841	1941	1
57.08688524590164	7485	1
57.09508196721311	4123	1
57.09836065573771	5732	1
57.10928961748634	9154	1
57.112021857923494	3854	1
57.11420765027322	8173	1
57.133333333333326	6861	1
57.13934426229508	2964	1
57.14918032786885	640	1
57.16174863387978	4145	1
57.1879781420765	4778	1
57.19726775956284	2801	1
57.20437158469945	5289	1
57.21967213114754	8943	1
57.24098360655737	5742	1
57.24918032786885	5478	1
57.25409836065573	8795	1
57.25409836065573	265	1
57.275956284153004	4479	1
57.308196721311475	4228	1
57.31803278688525	1707	1
57.3535519125683	8763	1
57.35464480874317	9068	1
57.35792349726776	4339	1
57.37049180327869	9630	1
57.384153005464476	8558	1
57.39180327868852	8649	1
57.399453551912565	5697	1
57.40765027322404	4917	1
57.417486338797815	8365	1
57.4224043715847	4150	1
57.42404371584699	622	1
57.43005464480874	9742	1
57.449726775956286	4456	1
57.45191256830601	7519	1
57.489617486338794	3657	1
57.49016393442623	8526	1
57.496721311475405	6880	1
57.51912568306011	7493	1
57.61311475409836	4547	1
57.65573770491804	1822	1
57.67431693989071	9248	1
57.67486338797814	6212	1
57.7103825136612	3533	1
57.72568306010928	9610	1
57.72622950819672	9951	1
57.737158469945356	5827	1
57.75628415300546	9109	1
57.77322404371584	931	1
57.78032786885246	9556	1
57.827322404371586	3171	1
57.83005464480875	2625	1
57.83224043715847	6542	1
57.83989071038251	6848	1
57.845355191256836	8321	1
57.84918032786885	5577	1
57.8896174863388	3175	1
57.90054644808743	2274	1
57.93005464480874	6789	1
57.9327868852459	5653	1
57.935519125683065	6081	1
57.93661202185792	2793	1
57.938797814207646	5198	1
57.94644808743169	6979	1
57.97704918032787	5664	1
58.00109289617486	258	1
58.01092896174863	2132	1
58.01092896174863	3208	1
58.036065573770486	7486	1
58.03661202185792	8870	1
58.051366120218574	9218	1
58.06284153005465	332	1
58.06393442622951	7293	1
58.06393442622951	5367	1
58.06448087431694	2250	1
58.07049180327869	6422	1
58.07377049180327	3608	1
58.075956284153	8798	1
58.08633879781421	9291	1
58.096721311475406	1181	1
58.12513661202186	5075	1
58.12950819672131	1512	1
58.150273224043715	371	1
58.159562841530054	9288	1
58.16010928961749	1601	1
58.160655737704914	9280	1
58.169398907103826	926	1
58.177595628415304	8232	1
58.19344262295082	3677	1
58.230054644808746	678	1
58.27158469945355	6128	1
58.275956284153004	2146	1
58.28579234972677	6051	1
58.3431693989071	3229	1
58.34808743169398	4881	1
58.38360655737705	5046	1
58.391256830601094	2004	1
58.39398907103825	7356	1
58.39781420765028	7032	1
58.415846994535514	1954	1
58.45573770491803	8111	1
58.483606557377044	7857	1
58.48797814207651	3564	1
58.49016393442623	4105	1
58.493442622950816	3991	1
58.50546448087431	9409	1
58.52513661202186	5701	1
58.53060109289617	8883	1
58.548087431693986	9145	1
58.554098360655736	2502	1
58.55737704918033	8147	1
58.563387978142075	2232	1
58.58907103825136	1054	1
58.612021857923494	2272	1
58.65464480874317	8967	1
58.65792349726775	4061	1
58.66612021857923	4573	0
58.677595628415304	9196	1
58.697814207650275	9588	1
58.725136612021856	3362	1
58.725136612021856	2974	1
58.73333333333333	1840	1
58.75027322404372	2156	1
58.76448087431694	7835	1
58.7879781420765	8618	1
58.81748633879781	4918	1
58.818579234972674	5583	1
58.8224043715847	2998	1
58.828415300546446	8447	1
58.83989071038251	9310	1
58.85027322404372	3353	1
58.85846994535519	2992	1
58.879234972677594	1493	1
58.89945355191257	2230	1
58.90327868852459	5712	1
58.91803278688524	7306	1
58.91912568306011	8541	1
58.92131147540984	8509	1
58.925683060109286	9897	1
58.92622950819672	9022	1
58.9448087431694	1292	1
58.94644808743169	9585	1
58.94863387978142	2825	1
58.98196721311476	5536	1
59.043169398907104	8194	1
59.095628415300546	2391	1
59.09726775956284	4946	1
59.116939890710384	6666	1
59.131147540983605	4599	1
59.13169398907104	3051	1
59.13770491803279	4172	1
59.17213114754099	816	1
59.18306010928961	7178	1
59.19398907103825	228	1
59.19672131147541	4168	1
59.20218579234973	5944	1
59.214207650273224	4309	1
59.219125683060106	8997	1
59.23278688524591	9396	1
59.2448087431694	7238	1
59.24699453551913	4467	1
59.28524590163935	3060	1
59.307103825136615	5391	1
59.31803278688524	7703	1
59.325683060109284	3225	1
59.36666666666667	766	1
59.379234972677594	2449	1
59.42349726775956	5713	1
59.4448087431694	2581	1
59.46065573770491	1908	1
59.46284153005464	4819	1
59.479234972677595	7438	1
59.505464480874316	7668	1
59.53770491803278	6732	1
59.53934426229508	1899	1
59.540983606557376	1728	1
59.54590163934426	7395	1
59.549180327868854	4352	1
59.57158469945355	1281	1
59.60437158469946	5863	1
59.626775956284156	2738	1
59.667759562841525	7096	1
59.67540983606557	1106	1
59.68907103825136	6321	1
59.69945355191257	1645	1
59.71748633879782	3904	1
59.724043715846996	5919	1
59.731147540983606	90	1
59.75409836065574	3954	1
59.75846994535519	9143	1
59.79344262295082	7187	1
59.82513661202185	444	1
59.83551912568306	9146	1
59.84098360655737	3397	1
59.86994535519126	910	1
59.871038251366116	7375	1
59.88579234972677	7332	1
59.889071038251366	5838	1
59.93005464480875	3531	1
59.938797814207646	6157	1
59.9431693989071	6622	1
59.96065573770492	4764	1
59.986338797814206	3346	1
60.040983606557376	224	1
60.04590163934426	5581	0
60.05300546448087	3240	1
60.06775956284152	7449	1
60.07158469945355	9237	1
60.07267759562841	5193	1
60.08524590163934	6350	1
60.09617486338798	8508	1
60.09726775956285	3571	1
60.0983606557377	6323	1
60.1103825136612	1583	1
60.11366120218579	9104	1
60.14699453551913	8507	1
60.184699453551914	3445	1
60.1896174863388	2389	1
60.25027322404371	3470	1
60.3120218579235	3755	1
60.318579234972674	8481	1
60.328415300546446	2829	1
60.33497267759562	6004	1
60.34153005464481	805	1
60.34207650273224	841	1
60.37431693989071	267	1
60.40273224043715	7423	1
60.4087431693989	7551	1
60.43333333333333	6496	1
60.449726775956286	7416	1
60.460109289617485	3340	1
60.48579234972677	9883	1
60.50928961748634	1488	1
60.51693989071038	965	1
60.534972677595626	2002	1
60.560109289617486	80	1
60.58907103825137	1016	1
60.59016393442623	4481	1
60.6120218579235	8934	1
60.64590163934426	6041	1
60.66502732240437	1417	1
60.69071038251366	8285	1
60.71366120218579	2791	1
60.716939890710385	2620	1
60.72295081967213	3682	1
60.72459016393443	8578	1
60.73387978142077	4263	1
60.76120218579235	6391	1
60.77431693989071	3559	1
60.77704918032787	4414	1
60.81311475409836	2409	1
60.815300546448086	6981	1
60.867213114754094	4067	0
60.87158469945355	2826	1
60.8879781420765	8877	1
60.89344262295082	2369	1
60.90054644808743	1266	1
60.90601092896175	3671	1
60.9103825136612	3556	1
60.93005464480874	852	1
60.93825136612022	1004	1
60.972131147540985	7211	1
60.98360655737705	2382	1
60.99999999999999	3929	1
61.014754098360655	5078	1
61.04863387978142	9919	1
61.069398907103825	2855	1
61.08415300546448	1052	1
61.08743169398907	6255	1
61.0879781420765	5179	1
61.1344262295082	1560	1
61.167759562841525	2957	1
61.16830601092896	7004	1
61.18196721311475	3197	1
61.18524590163934	5783	1
61.18743169398907	3563	1
61.1879781420765	9660	1
61.19125683060109	7921	1
61.19617486338798	278	1
61.21475409836065	6766	1
61.22786885245901	9058	1
61.23005464480874	1662	1
61.23606557377049	1242	1
61.246448087431695	497	1
61.264480874316945	6608	1
61.27103825136612	5141	1
61.278688524590166	1731	1
61.28360655737705	3614	1
61.31311475409836	4199	1
61.31584699453552	6659	1
61.31912568306011	9665	1
61.31912568306011	8652	1
61.35191256830601	9486	1
61.37868852459017	3144	1
61.38087431693989	1667	1
61.38579234972678	9073	1
61.38633879781421	5661	1
61.39180327868853	4876	1
61.40601092896175	1500	1
61.416393442622955	4613	1
61.430601092896175	68	1
61.46338797814207	4877	1
61.46666666666667	1243	1
61.467213114754095	6534	1
61.46939890710383	1956	1
61.482513661202184	1157	1
61.495628415300544	7904	1
61.49617486338798	6341	1
61.54371584699454	3163	1
61.554098360655736	645	1
61.5551912568306	8341	1
61.59508196721311	8621	1
61.59672131147541	3715	1
61.60546448087432	9890	1
61.64207650273224	134	1
61.64863387978142	27	1
61.65300546448087	157	1
61.66229508196721	4334	1
61.68360655737705	4317	1
61.69453551912568	5189	1
61.704918032786885	2298	1
61.707103825136606	1228	1
61.73770491803278	5599	1
61.74371584699453	9896	1
61.76502732240437	3866	1
61.77322404371585	3262	1
61.8016393442623	7744	1
61.86229508196721	4203	1
61.873224043715844	6337	1
61.898360655737704	8683	1
61.92622950819672	3699	1
61.93934426229509	1557	1
61.94043715846994	7740	1
61.94535519125683	8769	1
61.97486338797814	7124	1
61.9775956284153	3873	1
61.98579234972677	2932	1
62.00218579234972	8724	1
62.00601092896175	2702	1
62.014754098360655	8922	1
62.01530054644809	2721	1
62.01803278688524	422	1
62.03005464480874	6913	1
62.03770491803279	3043	1
62.070491803278685	8181	1
62.09672131147541	3548	1
62.10928961748633	1618	1
62.11475409836065	9611	1
62.131147540983605	4506	1
62.136065573770495	4363	1
62.163387978142076	4581	1
62.178688524590164	1914	1
62.19125683060109	8636	1
62.204918032786885	454	1
62.206010928961746	8936	1
62.24808743169399	6175	1
62.25300546448087	8074	1
62.258469945355195	306	1
62.28142076502733	1685	1
62.28961748633879	796	1
62.32950819672131	2442	1
62.33934426229508	5749	1
62.3431693989071	1981	1
62.35956284153005	4139	1
62.36448087431694	9690	1
62.36830601092896	8331	1
62.38142076502732	7086	1
62.43879781420765	1424	1
62.44754098360656	3568	1
62.48142076502732	9063	1
62.498360655737706	4980	1
62.50710382513661	7887	1
62.51912568306011	5540	1
62.53060109289618	4647	1
62.539344262295074	5201	1
62.54535519125683	2041	1
62.5879781420765	7986	1
62.59726775956284	2550	1
62.60218579234972	7263	1
62.60382513661202	5109	1
62.64207650273224	769	1
62.703825136612025	4194	1
62.74262295081967	4695	1
62.74590163934426	7511	1
62.74699453551912	4674	1
62.747540983606555	772	1
62.75628415300547	9888	1
62.78688524590164	5380	1
62.82786885245901	6189	1
62.85628415300547	5192	1
62.85846994535519	314	1
62.86393442622951	9438	1
62.91530054644809	8268	1
62.94808743169399	6172	1
62.96284153005465	8588	1
62.9688524590164	1603	1
62.97978142076502	9569	1
62.98196721311475	648	1
63.03005464480874	4711	1
63.038797814207655	3712	1
63.08469945355191	5458	1
63.08633879781421	971	1
63.09945355191257	8619	1
63.10054644808743	6033	1
63.13825136612022	6682	1
63.143169398907105	7619	1
63.16120218579235	6897	1
63.1672131147541	3003	1
63.17103825136612	6476	1
63.186885245901635	9644	1
63.18852459016394	4689	1
63.203825136612025	5130	1
63.203825136612025	3260	1
63.22404371584699	3632	1
63.23005464480874	1031	1
63.24207650273224	1903	1
63.24918032786885	2583	1
63.24972677595628	4076	1
63.287978142076504	9134	1
63.31366120218579	1631	1
63.3207650273224	8276	1
63.322404371584696	8889	1
63.342622950819674	7836	1
63.34426229508196	4968	1
63.34699453551912	3037	1
63.35355191256831	8217	1
63.35464480874317	9772	1
63.37377049180328	4304	1
63.374316939890704	1767	1
63.42950819672131	9926	1
63.445901639344264	5099	1
63.45737704918032	1568	1
63.474316939890706	7506	1
63.49016393442623	5427	1
63.49071038251366	9349	1
63.49344262295082	3894	1
63.51967213114754	7428	1
63.52295081967213	5499	1
63.52732240437158	8562	1
63.528961748633876	4142	1
63.53825136612022	6073	1
63.54863387978142	8602	1
63.6327868852459	876	1
63.65573770491803	7846	1
63.66612021857924	5129	1
63.6879781420765	6674	1
63.71475409836065	1862	1
63.72896174863388	4959	1
63.79180327868852	2518	1
63.81366120218579	4794	1
63.84371584699453	8615	1
63.87540983606557	4807	1
63.88688524590164	3461	1
63.927868852459014	55	1
63.93715846994535	3146	1
63.93715846994535	156	1
63.96830601092896	1327	1
63.98415300546448	7985	1
64.00327868852459	446	1
64.01693989071039	5993	1
64.01803278688524	1523	1
64.02513661202185	515	1
64.03333333333333	6540	1
64.04918032786885	1035	1
64.11092896174863	9814	1
64.11693989071038	4051	1
64.12677595628415	6249	1
64.14371584699454	7531	1
64.17814207650272	3254	1
64.18852459016394	6332	1
64.21366120218579	9270	1
64.21912568306011	4193	1
64.23387978142077	9826	1
64.25191256830601	9477	1
64.26120218579234	5063	1
64.26830601092895	5839	1
64.2879781420765	7376	1
64.29617486338798	1014	1
64.29890710382513	336	1
64.3327868852459	6295	1
64.33770491803278	462	1
64.35081967213115	4823	1
64.36010928961748	3695	1
64.38251366120218	6973	1
64.38961748633879	4528	1
64.40491803278688	7679	1
64.42513661202186	4839	1
64.4311475409836	1824	1
64.43224043715847	3578	1
64.45628415300547	1552	1
64.4568306010929	9832	1
64.48360655737704	5050	1
64.48360655737704	2490	1
64.48688524590165	3315	1
64.51475409836065	1665	1
64.52459016393443	7427	1
64.53551912568305	2508	1
64.54043715846994	4177	1
64.59562841530054	5116	1
64.60710382513662	536	1
64.61147540983606	7378	1
64.62513661202185	219	1
64.6344262295082	3062	1
64.64043715846994	3329	1
64.65956284153006	2755	1
64.66174863387978	7695	1
64.675956284153	1520	1
64.68415300546448	2501	1
64.68852459016394	2779	1
64.69781420765027	192	1
64.70273224043716	4668	1
64.74371584699453	8326	1
64.75136612021858	827	1
64.75901639344262	4855	1
64.76120218579234	9485	1
64.78469945355191	2858	1
64.8016393442623	1777	1
64.80546448087432	7029	1
64.83934426229509	7693	1
64.8464480874317	7669	1
64.8655737704918	3728	1
64.87103825136612	3499	1
64.89562841530055	2282	1
64.90546448087431	1744	1
64.91475409836065	2186	1
64.91803278688525	3350	1
64.96775956284152	7379	1
64.9792349726776	5429	1
65.0016393442623	7117	1
65.0344262295082	8378	1
65.03825136612022	8532	1
65.06393442622951	6305	1
65.08196721311475	8386	1
65.08360655737705	9245	1
65.08360655737705	8052	1
65.1	358	1
65.10382513661202	4043	1
65.12295081967213	485	1
65.13715846994535	7536	1
65.14098360655737	1927	1
65.14918032786885	9368	1
65.15573770491802	7728	1
65.16120218579235	6838	1
65.20382513661202	550	1
65.21584699453553	4006	1
65.26994535519125	6324	1
65.27322404371584	9088	1
65.27540983606558	2421	1
65.28579234972678	4410	1
65.29617486338798	2704	1
65.30437158469945	10	1
65.30819672131148	7076	1
65.32950819672132	3594	1
65.33661202185793	5160	1
65.3584699453552	2165	1
65.3639344262295	3998	1
65.38032786885246	9763	1
65.38961748633879	3135	1
65.39617486338798	9765	1
65.39999999999999	8623	1
65.40765027322404	3963	1
65.4344262295082	8335	1
65.44808743169399	7216	1
65.45409836065573	8073	1
65.45464480874317	2888	1
65.45464480874317	1441	1
65.4792349726776	7514	1
65.4879781420765	6770	1
65.49344262295082	4724	1
65.49617486338798	9018	1
65.51584699453552	3617	1
65.56830601092896	1429	1
65.58688524590164	1608	1
65.59398907103825	6970	1
65.60054644808743	7471	1
65.61693989071038	1248	1
65.62841530054645	3777	1
65.66120218579235	8802	1
65.66666666666667	8964	1
65.66721311475409	3092	1
65.69508196721311	7822	1
65.69562841530055	1505	1
65.69726775956283	7880	1
65.6983606557377	457	1
65.70218579234972	1525	1
65.7103825136612	7158	1
65.74371584699453	8306	1
65.75901639344262	5206	1
65.7688524590164	1564	1
65.7775956284153	7845	1
65.78743169398906	9996	1
65.79453551912567	4751	1
65.79453551912567	3962	1
65.81147540983606	7791	1
65.82349726775956	6340	1
65.82513661202185	3473	1
65.82732240437159	9305	1
65.82841530054645	4383	1
65.84098360655737	5638	1
65.86010928961748	9096	1
65.86065573770492	8477	1
65.88852459016394	654	1
65.89016393442623	7324	1
65.90273224043716	7788	1
65.9032786885246	8083	1
65.9103825136612	795	1
65.91092896174864	9904	1
65.91693989071038	9966	1
65.94590163934426	8962	1
65.95136612021858	9217	1
65.95464480874317	6692	1
65.9551912568306	4964	1
65.99344262295082	870	1
66.00983606557377	5120	1
66.02459016393442	6057	1
66.0568306010929	9702	1
66.07978142076503	1402	1
66.08415300546449	742	1
66.09234972677595	1002	1
66.10655737704919	103	1
66.1071038251366	5875	1
66.1136612021858	8114	1
66.11420765027323	8884	1
66.12349726775956	8468	1
66.13060109289617	1572	1
66.13169398907104	7939	1
66.14207650273224	8638	1
66.16502732240437	4416	1
66.19234972677596	8036	1
66.20491803278688	9446	1
66.24153005464481	1661	1
66.24207650273223	9293	1
66.25573770491803	2626	1
66.26174863387979	6050	1
66.26612021857923	9089	1
66.28852459016393	6226	1
66.29562841530054	7458	1
66.3016393442623	9839	1
66.30218579234972	7393	1
66.31256830601093	8792	1
66.32021857923498	167	1
66.3295081967213	8732	1
66.3327868852459	2083	1
66.34371584699454	1507	1
66.3568306010929	8521	1
66.37322404371585	6180	1
66.37759562841529	5331	1
66.37868852459016	5085	1
66.3808743169399	2353	1
66.38688524590164	7687	1
66.40382513661203	549	1
66.42131147540984	9746	1
66.4311475409836	7917	1
66.45081967213115	7400	1
66.47431693989071	644	1
66.47978142076502	7735	1
66.48360655737704	2352	1
66.48907103825137	5005	1
66.54043715846994	6684	1
66.54535519125683	4462	1
66.54754098360655	7780	1
66.55846994535518	6487	1
66.56612021857923	7757	1
66.57540983606557	7165	1
66.58360655737705	4596	1
66.58415300546449	9311	1
66.59781420765027	8718	1
66.60928961748634	3375	1
66.61147540983606	8363	1
66.63879781420765	7197	1
66.65027322404372	4434	1
66.65027322404372	7758	1
66.65956284153005	2676	1
66.68032786885246	992	1
66.69234972677596	2707	1
66.69289617486339	3409	1
66.72021857923497	1747	1
66.73224043715847	489	1
66.74371584699453	1032	1
66.75628415300547	5022	1
66.75683060109289	3150	1
66.76502732240436	4971	1
66.77486338797814	7793	1
66.7775956284153	1964	1
66.79672131147541	1247	1
66.80218579234972	1436	1
66.80382513661202	4097	1
66.80437158469945	5423	1
66.81147540983606	9026	1
66.82185792349726	783	1
66.82513661202185	8170	0
66.83715846994535	6820	1
66.88524590163934	5301	1
66.89344262295081	5755	1
66.90491803278688	889	1
66.91639344262295	9108	1
66.92295081967212	5516	1
66.94207650273223	2882	1
66.94262295081967	850	1
66.95027322404371	9167	1
66.95245901639345	39	1
66.96393442622951	5209	1
66.99562841530054	8128	1
67.00874316939891	1349	1
67.05355191256831	4987	1
67.0743169398907	9385	1
67.08688524590164	3505	1
67.09398907103825	7554	1
67.10928961748634	9181	1
67.12459016393443	6892	1
67.12459016393443	9456	1
67.14262295081967	6179	1
67.15136612021858	3692	1
67.1879781420765	3639	1
67.19617486338798	8914	1
67.20765027322405	4024	1
67.20928961748633	6294	1
67.23606557377049	25	1
67.23934426229508	6533	1
67.2464480874317	5539	1
67.25136612021858	8733	1
67.25628415300547	6244	1
67.29180327868852	8779	1
67.30928961748633	6090	1
67.32295081967213	676	1
67.32459016393442	5147	1
67.32896174863387	9672	1
67.38524590163934	2201	1
67.38579234972677	5903	1
67.3967213114754	7991	1
67.45573770491804	1790	1
67.4639344262295	1772	1
67.49344262295082	2596	1
67.49617486338798	3399	1
67.49617486338798	9017	1
67.51311475409837	8226	1
67.51366120218579	2247	1
67.51530054644809	5240	1
67.53551912568307	7990	1
67.55300546448088	2316	1
67.55901639344262	8011	1
67.57595628415301	7345	1
67.58743169398907	120	1
67.5896174863388	1179	1
67.60655737704917	9646	1
67.63169398907104	7311	1
67.65683060109289	2473	1
67.66120218579235	2469	1
67.67267759562841	5076	1
67.69398907103825	1331	1
67.69508196721311	2885	1
67.71420765027322	106	1
67.73934426229508	6787	1
67.73989071038251	2943	1
67.75737704918032	4651	1
67.75846994535519	4471	1
67.76229508196721	5555	1
67.77267759562841	6113	1
67.79890710382513	5459	1
67.8224043715847	6393	1
67.84699453551913	989	1
67.8672131147541	8463	1
67.89781420765027	9666	1
67.94644808743169	4102	1
67.97322404371585	3416	1
67.9896174863388	6803	1
68.01693989071038	5356	1
68.02131147540983	5963	1
68.04262295081968	5881	1
68.0568306010929	7473	1
68.07704918032786	864	1
68.07868852459016	6965	1
68.0808743169399	7182	1
68.0896174863388	4938	1
68.10273224043716	4417	1
68.1087431693989	1937	1
68.11092896174864	4595	1
68.11366120218578	4173	1
68.11748633879782	1341	1
68.1311475409836	5572	1
68.13825136612022	3837	1
68.14972677595628	5432	1
68.19289617486339	5482	1
68.20437158469944	6107	1
68.20765027322405	5631	1
68.20928961748633	6704	1
68.22295081967214	3143	1
68.25245901639344	9734	1
68.25792349726775	9686	1
68.27595628415301	2843	1
68.27650273224043	7849	1
68.28469945355191	7520	1
68.28524590163934	9469	1
68.28852459016393	8338	1
68.30437158469945	2030	1
68.30655737704917	1305	1
68.31420765027322	5646	1
68.33770491803278	4929	1
68.33879781420765	6914	1
68.34207650273224	2872	1
68.37267759562842	1316	1
68.37486338797814	5976	1
68.41420765027323	6104	1
68.43934426229508	2768	1
68.44371584699454	5018	1
68.44426229508197	7249	1
68.4497267759563	8371	1
68.45081967213115	4931	1
68.46229508196721	6320	1
68.46612021857922	3691	1
68.48688524590163	991	1
68.4983606557377	4028	1
68.51420765027322	1274	1
68.53224043715846	6019	1
68.54426229508196	6671	1
68.55846994535518	3658	1
68.58633879781421	130	1
68.58688524590163	6811	1
68.60109289617488	2889	1
68.6071038251366	6593	1
68.6087431693989	8325	1
68.61803278688524	4795	1
68.61857923497267	2733	1
68.62896174863388	202	1
68.63715846994535	5722	1
68.64754098360655	6507	1
68.67267759562841	2140	1
68.6896174863388	6424	1
68.69289617486338	7699	1
68.69508196721311	5183	1
68.69890710382514	3924	1
68.70983606557377	5169	1
68.71147540983605	287	1
68.72021857923498	2324	1
68.73169398907103	2447	1
68.73934426229508	4636	1
68.74426229508197	9528	1
68.76612021857923	7760	1
68.78469945355191	3663	1
68.79617486338798	3259	1
68.80928961748634	4672	1
68.82677595628415	3131	1
68.83387978142076	9023	1
68.83606557377048	4761	1
68.84699453551912	4409	1
68.87431693989072	564	1
68.88196721311475	9210	1
68.88852459016394	8044	1
68.89344262295081	7236	1
68.9	5593	1
68.90218579234973	4495	1
68.92513661202186	3415	1
68.94754098360656	5586	1
68.9497267759563	75	1
68.9551912568306	8609	1
68.97540983606558	6812	1
68.98360655737704	1226	1
69.00327868852459	7270	1
69.00601092896174	9970	1
69.01967213114754	9894	1
69.02131147540983	8554	1
69.12185792349726	2262	1
69.13661202185791	9908	1
69.1535519125683	3007	1
69.16174863387978	3574	1
69.16284153005465	2344	1
69.17814207650272	5848	1
69.18415300546448	6851	1
69.1983606557377	5940	1
69.20601092896175	6032	1
69.2103825136612	5434	1
69.22950819672131	3982	1
69.23715846994536	5762	1
69.24863387978142	6191	1
69.26174863387978	7219	1
69.27868852459017	5217	1
69.2808743169399	180	1
69.28360655737706	165	1
69.29125683060109	318	1
69.29289617486339	5754	1
69.29289617486339	6339	1
69.29453551912569	5894	1
69.29836065573771	3713	1
69.30601092896174	7299	1
69.31857923497267	4101	1
69.32021857923498	7710	1
69.32076502732241	8460	1
69.32841530054645	300	1
69.33169398907103	7508	1
69.37978142076503	6318	1
69.38579234972678	1974	1
69.39726775956284	3471	1
69.4103825136612	9139	1
69.43005464480875	2256	1
69.45300546448087	8514	1
69.46065573770493	8029	1
69.47540983606558	7145	1
69.475956284153	9325	1
69.48032786885247	1836	1
69.4808743169399	6358	1
69.49890710382513	6903	1
69.50874316939891	7321	1
69.51092896174863	3717	1
69.55409836065574	6171	1
69.55737704918032	91	1
69.58360655737705	7370	1
69.5879781420765	4484	1
69.5896174863388	7907	1
69.59016393442623	3013	1
69.5967213114754	6013	1
69.60054644808744	9234	1
69.61092896174863	3028	1
69.61092896174863	4884	1
69.61803278688524	9542	1
69.6311475409836	2192	1
69.63551912568306	9441	1
69.66284153005465	6531	1
69.68579234972677	6618	1
69.68579234972677	2673	1
69.68743169398907	733	1
69.71530054644809	8505	1
69.71912568306011	2241	1
69.72732240437158	3172	1
69.72841530054644	16	1
69.72896174863388	8280	1
69.75846994535519	4817	1
69.7775956284153	3667	1
69.78032786885247	5239	1
69.79016393442623	9060	1
69.79125683060109	2499	1
69.80163934426228	8549	1
69.8158469945355	4327	1
69.8174863387978	5597	1
69.82622950819672	3109	1
69.83934426229509	6961	1
69.84808743169398	2003	1
69.87158469945355	2065	1
69.87213114754098	8611	1
69.87540983606559	6109	1
69.87650273224043	8499	1
69.89071038251367	1658	1
69.91584699453551	1951	1
69.92349726775956	3120	1
69.93497267759564	8778	1
69.96010928961749	9029	1
69.96174863387978	8522	1
69.96557377049182	8347	1
69.97704918032787	4426	1
69.97868852459017	741	1
69.99781420765026	7278	1
70.0327868852459	3105	1
70.04262295081966	2343	1
70.04863387978142	3379	1
70.05901639344262	6818	1
70.06010928961749	8316	1
70.06120218579234	4257	1
70.06174863387977	4384	1
70.06994535519127	9807	1
70.11967213114754	2524	1
70.13333333333334	2611	1
70.13989071038252	7228	1
70.14043715846995	1170	1
70.1431693989071	3091	1
70.16721311475409	3988	1
70.16830601092896	6576	1
70.17377049180328	2249	1
70.2207650273224	7097	1
70.23169398907103	9131	1
70.2551912568306	5047	1
70.25683060109289	2927	1
70.25956284153006	1878	1
70.27322404371584	1013	1
70.29398907103825	2915	1
70.30218579234972	5394	1
70.30655737704917	4841	1
70.30874316939891	1549	1
70.30983606557378	7933	1
70.3120218579235	405	1
70.31803278688524	3635	1
70.32349726775956	8282	1
70.38907103825137	5967	1
70.39562841530054	3413	1
70.4032786885246	3797	1
70.40601092896175	1299	1
70.41584699453551	7847	1
70.41748633879781	5987	1
70.46229508196721	3598	1
70.4792349726776	5984	1
70.48306010928961	5604	1
70.48743169398907	3129	1
70.524043715847	7389	1
70.53060109289616	2292	1
70.5327868852459	5094	1
70.54863387978142	3292	1
70.55027322404372	6134	1
70.55245901639344	9719	1
70.55300546448088	2560	1
70.57486338797814	3661	1
70.58251366120219	7909	1
70.58688524590164	8915	1
70.59234972677595	1795	1
70.59836065573771	3504	1
70.61584699453552	8712	1
70.6311475409836	8656	1
70.6311475409836	2211	1
70.63387978142077	4542	1
70.64590163934426	756	1
70.65300546448087	2346	1
70.6584699453552	7459	1
70.66939890710383	7774	1
70.68251366120218	4208	1
70.69344262295083	510	1
70.72459016393444	8533	1
70.72677595628414	3933	1
70.72786885245901	8764	1
70.7327868852459	6701	1
70.74426229508197	3789	1
70.74972677595629	3402	1
70.76284153005464	6338	1
70.76994535519127	763	1
70.77158469945354	5162	1
70.7775956284153	2073	1
70.77814207650273	608	1
70.79398907103825	3630	1
70.8344262295082	9654	1
70.85737704918033	5643	1
70.85792349726776	313	1
70.8639344262295	3458	1
70.87322404371585	1588	1
70.87650273224044	2576	1
70.88688524590164	1438	1
70.89562841530054	4267	1
70.89562841530054	9112	1
70.9	2408	1
70.90163934426229	5710	1
70.91639344262295	7017	1
70.97213114754098	4200	1
70.98852459016393	9301	1
70.99453551912569	1323	1
70.99508196721312	3664	1
71.00983606557378	262	1
71.01256830601093	1609	1
71.0622950819672	74	1
71.07540983606556	3903	1
71.08415300546449	293	1
71.08415300546449	8703	1
71.08907103825136	3749	1
71.09071038251365	9773	1
71.1103825136612	9462	1
71.12622950819672	8783	1
71.13060109289617	8968	1
71.13169398907104	5466	1
71.14699453551913	6710	1
71.14863387978143	5655	1
71.15245901639344	5410	1
71.16120218579235	8589	1
71.18196721311475	9475	1
71.18196721311475	9523	1
71.18743169398907	2290	1
71.19398907103826	4087	1
71.19781420765027	9507	1
71.20163934426229	3020	1
71.20327868852459	5375	1
71.20382513661202	3744	1
71.21311475409836	2835	1
71.224043715847	7674	1
71.2311475409836	503	1
71.23387978142077	7304	1
71.24371584699453	7576	1
71.25245901639344	3806	1
71.25683060109289	8391	1
71.27431693989071	6201	1
71.28032786885245	1999	1
71.28360655737706	1696	1
71.28524590163936	9347	1
71.28579234972678	5373	1
71.29071038251365	7454	1
71.30983606557378	3239	1
71.32131147540983	8811	1
71.3502732240437	4904	1
71.35245901639344	2989	1
71.3568306010929	3535	1
71.35956284153006	9442	1
71.38469945355192	6541	1
71.41584699453551	2443	1
71.41748633879781	5062	1
71.42349726775956	2976	1
71.42513661202184	4522	1
71.42786885245901	9724	1
71.4431693989071	5311	1
71.44754098360656	9547	1
71.45136612021858	5784	1
71.4775956284153	5727	1
71.48087431693989	392	1
71.50710382513661	2231	1
71.50710382513661	2867	1
71.50819672131148	4601	1
71.50874316939891	6067	1
71.524043715847	7111	1
71.54371584699454	6677	1
71.54590163934425	5396	1
71.54754098360655	8398	1
71.56666666666666	4856	1
71.56666666666666	2593	1
71.57377049180329	3758	1
71.61693989071038	7827	1
71.63169398907104	1694	1
71.63442622950821	1533	1
71.65573770491802	5598	1
71.66393442622952	4951	1
71.67540983606557	119	1
71.68360655737705	2878	1
71.68524590163933	8950	1
71.6863387978142	4242	1
71.69180327868852	3419	1
71.69289617486339	1782	1
71.69617486338797	1357	1
71.70054644808742	2860	1
71.70765027322405	8868	1
71.72513661202187	8823	1
71.72950819672131	9854	1
71.73387978142077	5907	1
71.74918032786886	3992	1
71.76229508196721	6729	1
71.76338797814208	4308	1
71.76994535519127	521	1
71.77158469945354	2565	1
71.78415300546449	2561	1
71.79234972677595	0	1
71.79344262295082	9144	1
71.79781420765028	2431	1
71.79836065573771	2097	1
71.8016393442623	2675	1
71.80273224043715	8826	1
71.81092896174863	3501	1
71.8174863387978	8710	1
71.824043715847	1678	1
71.82841530054645	231	1
71.82950819672132	2016	1
71.83989071038252	879	1
71.83989071038252	3973	1
71.8415300546448	3672	1
71.851912568306	6999	1
71.85245901639344	6247	1
71.86284153005464	4597	1
71.86502732240436	1786	1
71.8688524590164	7188	1
71.86939890710383	9117	1
71.88360655737705	8538	1
71.88852459016394	3358	1
71.89180327868853	4427	1
71.90054644808743	4622	1
71.90109289617486	4422	1
71.90710382513662	1000	1
71.91803278688525	923	1
71.9224043715847	8302	1
71.92404371584699	7633	1
71.93005464480873	2587	1
71.93169398907104	3305	1
71.93661202185793	4031	1
71.93715846994536	4077	1
71.9448087431694	3650	1
71.95136612021858	5461	1
71.95191256830601	6778	1
71.95628415300546	8434	1
71.96448087431695	8926	1
71.96885245901639	8396	1
71.97540983606557	4288	1
71.975956284153	4713	1
71.97650273224043	8736	1
71.98524590163933	8256	1
71.99071038251365	4662	1
71.99125683060109	4458	1
71.99344262295082	5067	1
71.99508196721311	9360	1
72.00273224043715	9195	1
72.00819672131148	7965	1
72.00928961748635	5001	1
72.01693989071038	6356	1
72.01912568306011	6261	1
72.02131147540983	176	1
72.02459016393443	7959	1
72.02732240437159	2264	1
72.04480874316938	1570	1
72.0584699453552	9199	1
72.06775956284153	9584	1
72.07158469945355	9783	1
72.07322404371585	6225	1
72.09289617486338	2045	1
72.09344262295082	5901	1
72.0967213114754	9624	1
72.09836065573771	5844	1
72.1054644808743	9370	1
72.10819672131147	7797	1
72.11693989071038	6335	1
72.11857923497269	9031	1
72.12459016393443	8913	1
72.12513661202185	4000	1
72.12732240437158	5780	1
72.12896174863388	8294	1
72.13224043715847	3443	1
72.13770491803278	6667	1
72.14207650273224	6429	0
72.16229508196722	5723	1
72.16393442622952	5966	1
72.16721311475409	7622	1
72.16775956284152	3480	1
72.17049180327868	2377	1
72.17322404371585	1313	1
72.17486338797815	1853	1
72.175956284153	2276	1
72.1792349726776	2451	1
72.18360655737705	6136	1
72.18524590163933	4064	1
72.19398907103826	4432	1
72.19617486338797	8090	1
72.20109289617486	9467	1
72.21256830601092	4572	1
72.2224043715847	8864	1
72.22295081967214	9142	1
72.22786885245901	7008	1
72.23333333333333	1112	1
72.23606557377049	9725	1
72.24043715846994	7445	1
72.2431693989071	8651	1
72.25081967213114	5641	1
72.26120218579234	6689	1
72.26338797814208	344	1
72.2672131147541	5342	1
72.27868852459017	6024	1
72.29836065573771	8247	1
72.30000000000001	770	1
72.30382513661202	4612	1
72.3120218579235	3659	1
72.32021857923496	4658	1
72.32732240437159	2818	1
72.3344262295082	6290	1
72.3398907103825	4822	1
72.34098360655737	6455	1
72.34754098360656	6307	1
72.35300546448087	2623	1
72.3535519125683	9718	1
72.36120218579235	658	1
72.36120218579235	2136	1
72.36612021857923	8917	1
72.36666666666666	5922	1
72.38142076502731	9844	1
72.3863387978142	261	1
72.41475409836066	4523	1
72.42459016393443	1079	1
72.42459016393443	2542	1
72.43551912568306	5829	1
72.4398907103825	5896	1
72.45027322404371	8475	1
72.46775956284154	4260	1
72.46775956284154	1858	1
72.47704918032787	5741	1
72.48087431693989	6345	1
72.49344262295082	9476	1
72.49562841530054	8393	1
72.52295081967213	5273	1
72.52349726775957	2026	1
72.5344262295082	6565	1
72.54043715846994	6756	1
72.54426229508198	6775	1
72.55136612021857	982	1
72.55300546448088	7275	1
72.56120218579234	3038	1
72.5655737704918	4143	1
72.58032786885245	290	1
72.58524590163934	5677	1
72.59234972677595	2954	1
72.59398907103825	6404	1
72.5967213114754	1487	1
72.60819672131147	9558	1
72.6136612021858	2512	1
72.61584699453552	2506	1
72.61803278688525	9251	1
72.6327868852459	2516	1
72.63879781420765	839	1
72.64863387978143	8669	1
72.64918032786886	9184	1
72.65136612021857	6003	1
72.65300546448087	2	1
