0.012899617486338798	2656	1
0.09958633879781421	4171	1
0.10877978142076503	1791	1
0.12477377049180327	6268	1
0.15081366120218578	2350	1
0.22580491803278688	4083	1
0.23292021857923498	4207	1
0.26233224043715847	3295	1
0.28067377049180325	4020	1
0.28248142076502736	2578	1
0.33331475409836064	7413	1
0.42997322404371585	9531	1
0.4300945355191257	4415	1
0.5513333333333333	9454	1
0.570775956284153	3240	1
0.5938688524590164	9077	1
0.6810710382513661	9578	1
0.6898633879781421	9768	1
0.6937978142076503	9311	1
0.7342131147540983	4318	1
0.7690218579234972	3289	1
0.7740928961748633	1627	1
0.8497595628415301	4739	1
0.9309781420765026	6807	1
0.9684480874316939	3918	1
0.9687868852459016	8206	1
1.0165027322404372	6543	1
1.0181748633879781	7680	1
1.1379836065573772	1452	1
1.1895792349726777	2797	1
1.1966994535519124	5478	1
1.2291092896174862	5156	1
1.2616775956284154	8605	1
1.2619344262295082	7125	1
1.3136338797814209	9621	1
1.3601857923497267	1978	1
1.3650273224043714	9582	1
1.4425573770491802	296	1
1.4471967213114754	8500	1
1.4803169398907103	6555	1
1.5002841530054645	4204	1
1.6324535519125682	7224	1
1.7318852459016394	7148	1
1.7523333333333333	8837	1
1.820535519125683	9650	1
1.841327868852459	5704	1
1.895688524590164	1508	1
1.904846994535519	1028	1
1.910808743169399	1918	1
1.9240546448087432	1395	1
2.0791311475409837	9232	1
2.167535519125683	7492	1
2.2097322404371584	6204	1
2.2856612021857923	460	1
2.3630655737704918	7788	1
2.4020710382513664	2453	1
2.4216338797814205	6630	1
2.431125683060109	911	1
2.4343989071038252	2034	1
2.4829617486338798	5220	1
2.5860491803278687	3320	1
2.5952295081967214	2611	1
2.62392349726776	4961	1
2.898972677595628	2658	1
3.056606557377049	1962	1
3.1222677595628414	3041	1
3.1465245901639345	8770	1
3.220382513661202	1198	1
3.331344262295082	4815	1
3.3793169398907104	1660	1
3.3802950819672133	2238	1
3.410863387978142	3242	1
3.503983606557377	6688	1
3.5757704918032784	9199	1
3.581508196721311	620	1
3.6447814207650273	8846	1
3.6483060109289616	1448	1
3.6707814207650276	2023	1
3.729830601092896	4212	1
3.7316010928961747	9917	1
3.761726775956284	2716	1
3.765415300546448	2151	1
3.766448087431694	862	1
3.8973661202185794	9618	1
3.9499125683060106	630	1
4.041010928961748	6837	1
4.052524590163935	7760	1
4.06355737704918	7607	1
4.06563387978142	6600	1
4.141469945355191	2665	1
4.167251366120219	595	1
4.288688524590165	9688	1
4.40995081967213	5904	1
4.539546448087432	2778	1
4.543546448087431	2129	1
4.556704918032787	9007	1
4.590207650273224	3294	1
4.620693989071039	9739	1
4.716978142076503	9433	1
4.833344262295082	6460	1
4.8665737704918035	8803	1
4.9220437158469945	1383	1
5.010387978142076	228	1
5.098273224043716	1361	1
5.148961748633879	5752	1
5.1684644808743165	4051	1
5.174382513661202	9647	1
5.174978142076503	7972	1
5.180928961748633	8525	1
5.228502732240437	4555	1
5.228666666666667	7103	1
5.2804699453551915	1031	1
5.330032786885246	9747	1
5.355366120218579	8949	1
5.393677595628415	5998	1
5.411475409836066	6168	1
5.413300546448087	1552	1
5.466830601092896	3712	1
5.490601092896175	6022	1
5.545191256830601	5105	1
5.584153005464481	7371	1
5.702896174863389	693	1
5.777267759562841	1661	1
5.849890710382513	9975	1
5.9857923497267755	8693	1
6.008743169398907	188	1
6.080765027322404	8094	1
6.115573770491803	8388	1
6.228743169398907	159	1
6.233224043715847	7480	1
6.393770491803279	3416	1
6.39863387978142	5403	1
6.441420765027322	7279	1
6.446994535519125	4700	1
6.4971038251366116	3989	1
6.5392896174863395	6655	1
6.573333333333333	461	1
6.67912568306011	8122	1
6.739234972677595	1450	1
6.771366120218579	9622	1
6.779234972677596	8997	1
6.852950819672132	8449	1
6.90344262295082	1184	1
6.907814207650273	4749	1
6.907868852459017	1995	1
6.92103825136612	7695	1
7.004371584699453	7156	1
7.004535519125683	8184	1
7.021639344262295	5825	1
7.021748633879781	1792	1
7.030054644808743	6573	1
7.064316939890711	5307	1
7.091912568306011	5981	1
7.19431693989071	9423	1
7.272896174863388	3860	1
7.321092896174863	3123	1
7.45879781420765	8475	1
7.499726775956284	884	1
7.502568306010929	4716	1
7.526830601092896	6750	1
7.535245901639344	2326	1
7.55016393442623	5025	1
7.567322404371584	2585	1
7.574590163934427	2282	1
7.683551912568306	9607	1
7.761147540983606	4407	1
7.765464480874317	2773	1
7.769071038251366	423	1
7.80792349726776	8175	1
7.82207650273224	3711	1
7.878360655737705	5356	1
7.906885245901639	6550	1
7.9124043715846994	533	1
7.943060109289617	5726	1
7.9805464480874315	7507	1
7.994426229508196	3108	1
8.055245901639344	4333	1
8.06016393442623	9517	1
8.06071038251366	5887	1
8.087103825136612	7233	1
8.112513661202186	7565	1
8.115300546448086	649	1
8.16464480874317	8314	1
8.269945355191256	7410	1
8.286994535519126	1276	1
8.316939890710382	9314	1
8.321530054644809	7997	1
8.353005464480873	6871	1
8.392732240437159	9041	1
8.537049180327868	5858	1
8.571475409836065	7520	1
8.620382513661202	3394	1
8.822677595628415	8522	1
8.84448087431694	4013	1
8.863989071038251	1120	1
8.918142076502733	5063	1
8.954863387978142	6869	1
9.071639344262294	2648	1
9.07950819672131	7417	1
9.12983606557377	8043	1
9.212076502732241	9119	1
9.27448087431694	2726	1
9.346721311475411	5627	1
9.406830601092896	3477	1
9.424426229508196	445	1
9.451311475409836	6874	1
9.468032786885246	7069	1
9.50431693989071	9928	1
9.513387978142077	6464	1
9.716939890710382	275	1
9.73743169398907	9580	1
9.80327868852459	6243	1
9.857103825136612	4546	1
9.885628415300546	6872	1
9.93967213114754	8735	1
9.977704918032787	125	1
9.984480874316938	5070	1
10.021967213114754	9819	1
10.056775956284154	9426	1
10.080983606557378	3759	1
10.08311475409836	7553	1
10.094371584699454	6232	1
10.209071038251366	9591	1
10.213387978142075	8085	1
10.221639344262295	3065	1
10.222185792349727	1544	1
10.226448087431693	3632	1
10.234808743169397	8956	1
10.23551912568306	3102	1
10.28825136612022	2804	1
10.303934426229509	5718	1
10.360819672131147	7519	1
10.379562841530054	7810	1
10.38808743169399	9408	1
10.415300546448087	9533	1
10.431693989071038	7171	1
10.451038251366121	1871	1
10.479562841530054	3285	1
10.507267759562842	5806	1
10.597704918032786	4194	1
10.620819672131148	9277	1
10.659562841530054	8144	1
10.736010928961747	4488	1
10.849125683060109	4699	1
10.953005464480874	7827	1
11.13311475409836	226	1
11.135136612021858	8623	1
11.251311475409837	6819	1
11.294098360655738	3959	1
11.41726775956284	656	1
11.42896174863388	7458	1
11.504371584699452	2907	1
11.512950819672131	3013	1
11.529071038251367	545	1
11.662459016393443	2059	1
11.688360655737705	3810	1
11.706994535519126	6913	1
11.768469945355191	4138	1
11.78863387978142	8568	1
11.797759562841529	7202	1
11.806557377049181	814	1
11.83568306010929	2880	1
11.843005464480873	4949	1
11.846612021857922	395	1
11.859562841530055	5363	1
11.867704918032786	4477	1
12.100109289617485	2758	1
12.127704918032787	3432	1
12.186448087431694	7845	1
12.225846994535518	711	1
12.239016393442624	9611	1
12.293551912568304	8607	1
12.312131147540985	2289	1
12.334535519125684	2396	1
12.351038251366122	3490	1
12.380491803278689	6415	1
12.383442622950819	4659	1
12.461803278688523	7259	1
12.531748633879783	6057	1
12.556775956284152	2471	1
12.568688524590163	6753	1
12.585792349726775	9186	1
12.600765027322405	3044	1
12.660601092896174	6234	1
12.664535519125684	1470	1
12.669672131147541	3460	1
12.77535519125683	602	1
12.7772131147541	6493	1
12.838524590163935	8132	1
12.844918032786886	2140	1
12.850000000000001	1261	1
12.873551912568304	4144	1
12.915846994535519	184	1
12.916174863387978	4542	1
12.959125683060108	3762	1
12.968142076502733	5812	1
12.985409836065575	4097	1
13.039071038251366	5866	1
13.082076502732239	3162	1
13.192404371584699	2989	1
13.270765027322405	6624	1
13.326994535519127	4787	1
13.36049180327869	5654	1
13.394207650273223	2041	1
13.413551912568305	7197	1
13.41688524590164	4316	1
13.426775956284152	3876	1
13.42863387978142	5028	1
13.42983606557377	3235	1
13.454808743169398	7282	1
13.462568306010928	3249	1
13.465409836065573	54	1
13.474426229508197	8592	1
13.541475409836066	3314	1
13.547650273224043	7170	1
13.553879781420765	1240	1
13.563715846994535	7595	1
13.574918032786885	9078	1
13.6151912568306	9805	1
13.675027322404372	7408	1
13.76224043715847	801	1
13.823661202185793	4452	1
13.830109289617488	8134	1
13.866120218579235	5666	1
13.96174863387978	3559	1
13.976557377049179	2288	1
14.00174863387978	7430	1
14.007267759562842	730	1
14.023497267759561	8116	1
14.032131147540984	9888	1
14.083005464480875	7791	1
14.09431693989071	8351	1
14.138852459016393	9468	1
14.1527868852459	1960	1
14.171256830601092	212	1
14.213551912568306	7766	1
14.226010928961749	2830	1
14.271748633879781	5821	1
14.290928961748634	2607	1
14.297978142076502	3993	1
14.30846994535519	6163	1
14.33136612021858	1248	1
14.35415300546448	7702	1
14.416338797814207	1512	1
14.421311475409837	7600	1
14.421366120218579	2507	1
14.46792349726776	3812	1
14.513497267759561	3963	1
14.514426229508196	7838	1
14.599890710382514	3965	1
14.621475409836066	4898	1
14.64896174863388	5421	1
14.66535519125683	766	1
14.721693989071039	4677	1
14.72655737704918	2981	1
14.759781420765027	3536	1
14.786010928961748	7384	1
14.868032786885246	9807	1
14.91502732240437	7209	1
14.952349726775957	3715	1
14.975081967213114	4356	1
14.98224043715847	2431	1
14.986502732240437	6523	1
15.000109289617487	2203	1
15.03448087431694	4282	1
15.040491803278687	1935	1
15.058251366120219	1052	1
15.061639344262295	5957	1
15.078087431693989	773	1
15.102732240437158	57	1
15.135136612021858	1172	1
15.153770491803279	2707	1
15.15830601092896	7414	1
15.195573770491803	1876	1
15.206721311475409	3867	1
15.288142076502732	2934	1
15.288579234972676	5730	1
15.299836065573771	7062	1
15.38153005464481	3396	1
15.398415300546446	7010	1
15.45103825136612	6201	1
15.454699453551912	7750	1
15.541803278688525	9726	1
15.582841530054644	7061	1
15.615573770491803	9265	1
15.617814207650273	2432	1
15.631475409836064	2290	1
15.632185792349727	262	1
15.688961748633881	6612	1
15.700655737704917	4516	1
15.718907103825135	3325	1
15.725573770491803	5437	1
15.735300546448087	2	1
15.744918032786885	7711	1
15.75601092896175	5357	1
15.760546448087432	9925	1
15.761311475409835	9709	1
15.76688524590164	9576	1
15.777923497267759	6118	1
15.807103825136613	3116	1
15.816174863387978	5867	1
15.819398907103825	4236	1
15.825519125683059	6925	1
15.828415300546448	3676	1
15.835792349726775	8106	1
15.83896174863388	8172	1
15.848142076502732	4338	1
15.857704918032786	4881	1
15.8751912568306	541	1
15.897486338797814	7143	1
15.914371584699454	7706	1
15.915956284153006	2651	1
15.92486338797814	6109	1
15.985245901639345	8778	1
15.985628415300546	8862	1
16.027158469945356	3169	1
16.02846994535519	2184	1
16.030382513661202	6969	1
16.044043715846996	297	1
16.06792349726776	5841	1
16.096830601092897	4297	1
16.12289617486339	4828	1
16.1596174863388	4432	1
16.184371584699452	9766	1
16.194262295081966	9170	1
16.196775956284153	9534	1
16.2075956284153	2986	1
16.210819672131148	5860	1
16.226939890710383	8748	1
16.229890710382513	5079	1
16.230273224043714	8078	1
16.231857923497266	6892	1
16.24377049180328	7678	1
16.249180327868853	6585	1
16.256174863387976	4022	1
16.268852459016394	1642	1
16.273169398907104	6529	1
16.27726775956284	5571	1
16.297049180327868	817	1
16.300054644808743	7343	1
16.338852459016394	8016	1
16.349726775956285	1643	1
16.3624043715847	1657	1
16.365901639344262	1035	1
16.37983606557377	4778	1
16.383387978142075	6245	1
16.396338797814206	2273	1
16.42950819672131	9429	1
16.435081967213115	2181	1
16.446448087431694	8934	1
16.44945355191257	6530	1
16.487814207650274	8131	1
16.500273224043717	5340	1
16.504043715846993	6605	1
16.510218579234973	2292	1
16.518251366120218	6188	1
16.532295081967213	820	1
16.537868852459017	1634	1
16.553224043715847	4543	1
16.580109289617486	8061	1
16.613387978142075	6851	1
16.674207650273225	2386	1
16.68032786885246	4727	1
16.70830601092896	9860	1
16.712021857923496	153	1
16.722732240437157	2637	1
16.736612021857923	5037	1
16.77398907103825	2739	1
16.781857923497267	8680	1
16.808524590163934	7159	1
16.819398907103825	6258	1
16.8275956284153	5657	1
16.82983606557377	9853	1
16.837540983606555	1145	1
16.85142076502732	1939	1
16.851967213114754	8673	1
16.878087431693988	8852	1
16.88841530054645	6354	1
16.903934426229508	4551	1
16.909508196721312	2821	1
16.92136612021858	194	1
16.933551912568305	5592	1
16.93415300546448	6926	1
16.941147540983607	1609	1
16.946448087431694	5167	1
16.96704918032787	2246	1
16.97393442622951	3913	1
16.974371584699455	542	1
16.982021857923495	6190	1
16.99601092896175	2102	1
17.00808743169399	3870	1
17.009344262295084	3689	1
17.0155737704918	8076	1
17.042732240437157	1343	1
17.079398907103826	6379	1
17.08125683060109	9616	1
17.113551912568305	1718	1
17.11672131147541	280	1
17.129617486338798	378	1
17.130109289617483	1687	1
17.138360655737706	1257	1
17.146612021857923	4894	1
17.153497267759562	3148	1
17.162513661202187	6255	1
17.17650273224044	7729	1
17.198524590163935	4052	1
17.201639344262293	6256	1
17.206284153005466	5248	1
17.207486338797814	3291	1
17.215846994535518	4556	1
17.240054644808744	1094	1
17.241475409836067	9105	1
17.250109289617484	4210	1
17.258907103825138	8944	1
17.273060109289617	9658	1
17.274863387978144	3091	1
17.27579234972678	6003	1
17.278087431693987	211	1
17.286502732240436	2895	1
17.292185792349727	3984	1
17.29568306010929	9671	1
17.31644808743169	5699	1
17.326939890710385	1694	1
17.32830601092896	9970	1
17.330437158469945	4463	1
17.34415300546448	4016	1
17.35464480874317	9528	1
17.3951912568306	9810	1
17.41901639344262	2395	1
17.421639344262296	5108	1
17.42344262295082	1110	1
17.454207650273226	9644	1
17.45540983606557	8961	1
17.490163934426228	11	1
17.50262295081967	1545	1
17.5396174863388	8804	1
17.57950819672131	3011	1
17.600109289617485	4833	1
17.60071038251366	100	1
17.603224043715844	9253	1
17.679016393442623	4118	1
17.690601092896177	9969	1
17.6927868852459	9044	1
17.69568306010929	3953	1
17.70535519125683	8042	1
17.714918032786883	9365	1
17.7524043715847	3683	1
17.76672131147541	6065	1
17.7775956284153	3231	1
17.78726775956284	804	1
17.796338797814208	4074	1
17.81174863387978	1867	1
17.821475409836065	2568	1
17.849453551912568	4607	1
17.853715846994536	781	1
17.864754098360656	4786	1
17.924590163934425	9089	1
17.9303825136612	3947	1
17.937322404371585	2746	1
17.945300546448085	9261	1
17.950491803278688	1301	1
17.98808743169399	8849	1
17.991092896174862	9271	1
18.027103825136614	1282	1
18.03912568306011	1569	1
18.04360655737705	1888	1
18.055846994535518	3602	1
18.07398907103825	6356	1
18.093715846994538	8491	1
18.11606557377049	7075	1
18.12879781420765	9392	1
18.130218579234974	7442	1
18.131092896174863	7851	1
18.137158469945355	7723	1
18.164371584699452	8608	1
18.174754098360655	4385	1
18.206502732240434	5985	1
18.22655737704918	6222	1
18.238797814207647	6133	1
18.24360655737705	147	1
18.258087431693987	5614	1
18.27382513661202	2214	1
18.27398907103825	9070	1
18.283715846994536	1705	1
18.294754098360656	9538	1
18.311147540983608	4997	1
18.339453551912566	3795	1
18.34245901639344	523	1
18.350983606557378	9049	1
18.359398907103824	7065	1
18.365901639344266	6836	1
18.407049180327867	3666	1
18.414972677595628	9872	1
18.421639344262296	4172	1
18.452185792349727	3197	1
18.46912568306011	5515	1
18.52284153005464	3048	1
18.523387978142075	6228	1
18.52508196721311	3392	1
18.528743169398908	5737	1
18.532677595628417	1752	1
18.545245901639344	7053	1
18.54830601092896	1828	1
18.585027322404372	3347	1
18.593333333333334	1148	1
18.609398907103824	1624	1
18.610983606557376	2823	1
18.662185792349728	9992	1
18.66273224043716	133	1
18.663551912568305	7939	1
18.689945355191256	53	1
18.710327868852456	384	1
18.724426229508197	7493	1
18.73092896174863	2436	1
18.754043715846993	386	1
18.801038251366123	8055	1
18.818196721311473	7841	1
18.85054644808743	9898	1
18.86912568306011	1913	1
18.87273224043716	5090	1
18.873825136612023	1243	1
18.873879781420765	2077	1
18.87448087431694	8923	1
18.888907103825137	4111	1
18.949945355191254	5935	1
18.955956284153007	6990	1
18.97622950819672	9557	1
19.007650273224044	42	1
19.031639344262295	5729	1
19.034262295081966	5804	1
19.035464480874317	4445	1
19.037595628415303	4573	1
19.038360655737705	7251	1
19.064262295081967	4740	1
19.07775956284153	5173	1
19.09366120218579	9101	1
19.101147540983607	537	1
19.10983606557377	4751	1
19.139344262295083	4520	1
19.149016393442626	4578	1
19.151639344262296	6000	1
19.229508196721312	2740	1
19.242076502732242	6103	1
19.250983606557377	9781	1
19.273934426229506	5287	1
19.278743169398908	2300	1
19.30120218579235	9612	1
19.312131147540985	5381	1
19.319125683060108	8353	1
19.330928961748633	762	1
19.339836065573767	3357	1
19.345136612021857	9358	1
19.353060109289615	3863	1
19.363114754098362	6335	1
19.3631693989071	7205	1
19.369234972677592	7816	1
19.388852459016395	3853	1
19.392459016393442	4616	1
19.395573770491804	6499	1
19.39918032786885	4357	1
19.40535519125683	1405	1
19.409890710382513	7948	1
19.41448087431694	1285	1
19.414972677595628	2890	1
19.433005464480875	8823	1
19.43830601092896	5768	1
19.465792349726776	4011	1
19.49377049180328	288	1
19.52857923497268	190	1
19.53535519125683	1921	1
19.541967213114756	9047	1
19.593333333333334	1395	0
19.616448087431696	5855	1
19.62775956284153	9561	1
19.646557377049177	6197	1
19.653551912568304	4394	1
19.662349726775957	5145	1
19.664535519125682	73	1
19.672513661202185	3059	1
19.685737704918033	1778	1
19.696284153005465	2182	1
19.69672131147541	3516	1
19.708251366120216	9092	1
19.70846994535519	7854	1
19.708907103825133	9830	1
19.71704918032787	8656	1
19.747049180327867	9290	1
19.764098360655737	8512	1
19.766502732240436	7026	1
19.76688524590164	8612	1
19.774262295081968	5206	1
19.785737704918034	6100	1
19.789071038251368	5036	1
19.80032786885246	8681	1
19.828852459016392	9319	1
19.852021857923496	4268	1
19.8527868852459	6112	1
19.85535519125683	6099	1
19.862732240437158	4611	1
19.879016393442623	4076	1
19.89087431693989	6048	1
19.899781420765027	8214	1
19.927267759562838	6800	1
19.941092896174865	1272	1
19.94289617486339	4671	1
19.946830601092895	592	1
19.957486338797814	8357	1
19.96863387978142	8871	1
19.994043715846995	7897	1
19.99950819672131	1430	1
19.999672131147538	6946	1
20.000819672131147	4641	1
20.002786885245904	6106	1
20.025081967213115	9187	1
20.029617486338797	5098	1
20.03087431693989	8084	1
20.056174863387977	2898	1
20.061857923497268	9904	1
20.06568306010929	1336	1
20.06830601092896	6775	1
20.06896174863388	7887	1
20.071475409836065	651	1
20.072513661202187	8752	1
20.088633879781423	5847	1
20.094371584699452	1848	1
20.10103825136612	9822	1
20.10459016393443	3178	1
20.106338797814207	5407	1
20.115901639344262	3824	1
20.12896174863388	2556	1
20.131530054644806	1323	1
20.131803278688523	9398	1
20.135409836065573	7286	1
20.146448087431693	9094	1
20.15087431693989	2560	1
20.151639344262296	7312	1
20.15792349726776	6184	1
20.16677595628415	5460	1
20.17792349726776	6615	1
20.205245901639344	7744	1
20.208907103825137	6545	1
20.221202185792347	4673	1
20.235245901639345	43	1
20.240327868852457	9558	1
20.253005464480875	2420	1
20.28234972677596	2461	1
20.307650273224045	6935	1
20.312513661202185	8150	1
20.315737704918032	3327	1
20.32191256830601	6847	1
20.32224043715847	8374	1
20.33846994535519	1720	1
20.347540983606557	2520	1
20.34928961748634	5685	1
20.36207650273224	5251	1
20.36530054644809	1146	1
20.39704918032787	9209	1
20.404426229508196	2437	1
20.432677595628416	5471	1
20.466830601092898	1222	1
20.474207650273225	1365	1
20.475300546448086	1214	1
20.479344262295083	1509	1
20.48	1855	1
20.488360655737704	475	1
20.505191256830603	5864	1
20.509562841530055	7783	1
20.512896174863386	9446	1
20.530983606557378	3684	1
20.539781420765024	6448	1
20.544043715846993	2608	1
20.544371584699455	5712	1
20.54978142076503	3596	1
20.551912568306008	4108	1
20.586557377049182	5259	1
20.593879781420764	3620	1
20.62568306010929	441	1
20.63120218579235	7634	1
20.63535519125683	7742	1
20.640983606557377	6310	1
20.668907103825134	7127	1
20.675409836065576	4006	1
20.676612021857924	1698	1
20.6775956284153	5310	1
20.696830601092895	3961	1
20.707486338797814	4946	1
20.71087431693989	1173	1
20.71781420765027	7920	1
20.73710382513661	9128	1
20.73846994535519	7543	1
20.742185792349726	3852	1
20.74360655737705	691	1
20.75174863387978	4539	1
20.760765027322403	2174	1
20.76256830601093	7169	1
20.764754098360655	4846	1
20.782295081967213	6577	1
20.79224043715847	4079	1
20.795409836065573	8056	1
20.836939890710383	8895	1
20.87344262295082	4014	1
20.89928961748634	7054	1
20.91147540983607	4676	1
20.92120218579235	2170	1
20.936010928961746	6413	1
20.936448087431692	7495	1
20.957322404371585	225	1
20.96639344262295	3957	1
20.98573770491803	5820	1
21.03071038251366	1360	1
21.035901639344264	4763	1
21.063551912568304	7548	1
21.067814207650272	5418	1
21.072513661202183	5230	1
21.08415300546448	3822	1
21.119071038251366	4496	1
21.135136612021856	6856	1
21.14049180327869	9495	1
21.158743169398907	2299	1
21.1944262295082	2710	1
21.208907103825137	2894	1
21.212349726775958	2787	1
21.214153005464482	7919	1
21.225846994535516	1930	1
21.22617486338798	3452	1
21.227158469945355	9257	1
21.244262295081967	4318	0
21.25672131147541	5241	1
21.28912568306011	6105	1
21.299071038251366	760	1
21.299562841530054	8869	1
21.30311475409836	7994	1
21.305300546448088	4501	1
21.311311475409834	7660	1
21.331475409836063	9840	1
21.360437158469946	8119	1
21.360819672131147	322	1
21.37344262295082	774	1
21.413606557377047	4184	1
21.430109289617484	2403	1
21.440109289617485	2704	1
21.452513661202183	3974	1
21.454863387978143	2974	1
21.456502732240438	607	1
21.502896174863388	6885	1
21.522185792349728	5708	1
21.536994535519128	7292	1
21.547486338797814	3842	1
21.547486338797814	3269	1
21.55092896174863	7428	1
21.55874316939891	9353	1
21.572240437158467	3927	1
21.578142076502733	4402	1
21.592677595628412	1357	1
21.604754098360655	2020	1
21.634426229508197	683	1
21.635956284153004	9328	1
21.646994535519127	4231	1
21.662677595628416	6054	1
21.667213114754098	9383	1
21.67584699453552	2157	1
21.68191256830601	342	1
21.69295081967213	7937	1
21.703497267759563	9710	1
21.709398907103825	5863	1
21.720491803278687	1372	1
21.72918032786885	9783	1
21.736612021857923	3570	1
21.759398907103826	3528	1
21.75950819672131	2980	1
21.77016393442623	8533	1
21.844972677595628	9947	1
21.85349726775956	3703	1
21.905245901639343	2840	1
21.908469945355193	6742	1
21.917267759562844	75	1
21.928415300546447	7842	1
21.934262295081968	8743	1
21.93497267759563	1227	1
21.973169398907103	8279	1
21.98	2082	1
21.99808743169399	4417	1
22.001420765027323	7482	1
22.005300546448087	4195	1
22.032513661202184	3430	1
22.039781420765028	6503	1
22.06868852459016	8990	1
22.092841530054642	5747	1
22.093770491803276	9808	1
22.106010928961748	8507	1
22.131857923497265	8824	1
22.132021857923498	1270	1
22.137322404371584	3636	1
22.153387978142074	3355	1
22.161748633879782	7817	1
22.18054644808743	5799	1
22.1824043715847	3925	1
22.188196721311474	9207	1
22.225027322404372	5174	1
22.261311475409837	9402	1
22.271639344262294	5113	1
22.341967213114753	6345	1
22.414426229508198	7326	1
22.41846994535519	9997	1
22.427704918032788	5730	0
22.45087431693989	6887	1
22.47568306010929	5211	1
22.501147540983606	6978	1
22.504918032786883	7118	1
22.518032786885247	9769	1
22.52584699453552	1283	1
22.540655737704917	9012	1
22.5555737704918	2695	1
22.578469945355188	6698	1
22.58983606557377	3026	1
22.594535519125685	6500	1
22.61486338797814	2857	1
22.643333333333334	6216	1
22.659344262295082	8036	1
22.678251366120218	4916	1
22.678251366120218	2775	1
22.680819672131147	1250	1
22.69049180327869	4254	1
22.69775956284153	6797	1
22.783005464480873	314	1
22.7844262295082	1191	1
22.85666666666667	9023	1
22.85775956284153	3248	1
22.899890710382515	108	1
22.90754098360656	7117	1
22.91360655737705	7496	1
22.920601092896174	5565	1
22.9427868852459	5962	1
22.943387978142077	1707	1
22.961803278688524	3749	1
22.9824043715847	5961	1
23.00333333333333	4730	1
23.016448087431694	787	1
23.06174863387978	5545	1
23.088579234972677	3359	1
23.08967213114754	9076	1
23.101420765027324	8493	1
23.103497267759565	2976	1
23.131748633879784	4158	1
23.15978142076503	9004	1
23.167377049180327	1814	1
23.17863387978142	2994	1
23.187868852459015	6686	1
23.1951912568306	7149	1
23.2120218579235	3319	1
23.225300546448086	517	1
23.233879781420764	2517	1
23.235464480874317	2861	1
23.25109289617486	1915	1
23.256830601092897	623	1
23.284153005464482	4010	1
23.29016393442623	1710	1
23.3075956284153	3398	1
23.31120218579235	855	1
23.312131147540985	7420	1
23.319344262295083	1859	1
23.331475409836067	6920	1
23.365245901639344	1099	1
23.380601092896175	4523	1
23.391748633879782	8514	1
23.39726775956284	3815	1
23.401475409836067	1938	1
23.401803278688522	4096	1
23.408415300546448	4666	1
23.410218579234975	1925	1
23.414426229508198	8157	1
23.415956284153005	6229	1
23.440437158469944	216	1
23.466120218579235	9691	1
23.492568306010927	3805	1
23.530218579234973	6501	1
23.535464480874317	5402	1
23.63071038251366	6009	1
23.643989071038252	7768	1
23.654699453551913	7166	1
23.658852459016394	7820	1
23.66825136612022	8733	1
23.679289617486337	968	1
23.697540983606558	4525	1
23.718087431693988	2125	1
23.752786885245904	3921	1
23.762732240437156	2742	1
23.7627868852459	8260	1
23.76983606557377	4132	1
23.787704918032787	4509	1
23.796448087431695	8257	1
23.81688524590164	3834	1
23.846448087431693	7042	1
23.848196721311474	3781	1
23.8727868852459	7106	1
23.88590163934426	1475	1
23.89666666666667	8725	1
23.90295081967213	1812	1
23.904262295081967	4473	1
23.915683060109288	7701	1
23.918360655737704	4743	1
23.929125683060107	5136	1
23.9479781420765	4888	1
23.953770491803276	8103	1
23.97142076502732	7529	1
23.98841530054645	2546	1
23.99453551912568	2944	1
24.001311475409835	8115	1
24.003934426229506	6370	1
24.027431693989072	9806	1
24.04398907103825	4037	1
24.055409836065575	2220	1
24.063224043715845	4707	1
24.06825136612022	2820	1
24.0903825136612	9064	1
24.1051912568306	4766	1
24.112349726775957	8610	1
24.118196721311477	8571	1
24.11901639344262	4650	1
24.14415300546448	8901	1
24.18693989071038	5110	1
24.22737704918033	1401	1
24.231147540983606	5911	1
24.237868852459016	9865	1
24.255628415300546	9798	1
24.295573770491803	7019	1
24.301311475409836	551	1
24.31994535519126	7434	1
24.345245901639345	230	1
24.35885245901639	6293	1
24.365136612021857	8041	1
24.371530054644808	7490	1
24.37584699453552	870	1
24.39273224043716	9115	1
24.408360655737706	600	1
24.429398907103824	540	1
24.44327868852459	2380	1
24.46120218579235	4116	1
24.482131147540986	2357	1
24.49852459016393	9532	1
24.516612021857924	5225	1
24.517103825136612	6661	1
24.558524590163934	1212	1
24.577704918032786	1137	1
24.59169398907104	364	1
24.5931693989071	8017	1
24.607158469945354	127	1
24.64049180327869	928	1
24.690655737704915	2762	1
24.700327868852458	654	1
24.70174863387978	1890	1
24.714480874316937	7150	1
24.716338797814206	6760	1
24.754043715846993	55	1
24.76644808743169	8347	1
24.781693989071037	5378	1
24.790327868852458	2358	1
24.791967213114756	6259	1
24.823825136612022	4386	1
24.831857923497267	9223	1
24.84333333333333	4664	1
24.844918032786882	2562	1
24.845628415300546	3717	1
24.850218579234973	7831	1
24.884262295081967	2670	1
24.907322404371584	4044	1
24.925464480874314	3483	1
24.933551912568305	7604	1
24.943387978142074	2227	1
24.984207650273223	2859	1
25.009617486338797	2486	1
25.0520218579235	1379	1
25.07	9549	1
25.07153005464481	9380	1
25.103989071038253	5255	1
25.11	7963	1
25.113387978142075	4901	1
25.113879781420767	1968	1
25.11584699453552	4606	1
25.134043715846996	477	1
25.153333333333332	4734	1
25.156830601092896	7809	1
25.16743169398907	4389	1
25.17180327868852	3417	1
25.20825136612022	7833	1
25.256448087431693	5599	1
25.258196721311474	4552	1
25.295464480874315	599	1
25.298251366120216	5300	1
25.317814207650272	1517	1
25.34568306010929	1768	1
25.37327868852459	4227	1
25.38338797814208	2080	1
25.387322404371584	5936	1
25.389180327868853	3207	1
25.401639344262293	34	1
25.405300546448085	7152	1
25.413005464480875	8769	1
25.41934426229508	7165	1
25.437595628415302	8928	1
25.44327868852459	9640	1
25.475081967213114	9019	1
25.475464480874315	7668	1
25.489289617486335	5038	1
25.490601092896178	4840	1
25.5168306010929	7541	1
25.538688524590164	3168	1
25.54185792349727	7387	1
25.5524043715847	6372	1
25.58349726775956	8857	1
25.623224043715847	9204	1
25.628087431693988	5030	1
25.630765027322404	6764	1
25.63661202185792	9518	1
25.737431693989073	3539	1
25.746994535519125	7457	1
25.771256830601093	6416	1
25.79098360655738	1258	1
25.79508196721311	9491	1
25.811038251366117	4702	1
25.83251366120219	5080	1
25.841530054644807	7179	1
25.843661202185793	6060	1
25.85136612021858	8470	1
25.854918032786887	7437	1
25.88382513661202	7909	1
25.903387978142074	4721	1
25.906502732240433	1367	1
25.912513661202187	1929	1
25.941147540983607	5416	1
25.949125683060107	7971	1
25.975628415300545	3895	1
25.981530054644807	2732	1
25.986229508196722	7561	1
26.06437158469945	4725	1
26.08087431693989	1742	1
26.084262295081967	2931	1
26.086939890710383	7966	1
26.098524590163933	1303	1
26.10431693989071	4253	1
26.13054644808743	5400	1
26.146120218579235	7651	1
26.172131147540984	3080	1
26.173551912568303	1474	1
26.193224043715848	6627	1
26.200273224043716	823	1
26.215846994535518	9332	1
26.22546448087432	4036	1
26.239562841530056	8590	1
26.239781420765027	8373	1
26.25398907103825	7876	1
26.292677595628415	9620	1
26.293005464480874	7128	1
26.303333333333335	2491	1
26.32896174863388	2914	1
26.340819672131147	3112	1
26.346775956284155	5412	1
26.35142076502732	2995	1
26.390054644808743	6203	1
26.410109289617484	7000	1
26.419672131147543	9088	1
26.419999999999998	2555	1
26.469289617486336	7686	1
26.4848087431694	8903	1
26.52846994535519	3654	1
26.533879781420765	5574	1
26.545956284153004	8658	1
26.55704918032787	5602	1
26.558688524590163	8599	1
26.561311475409838	8210	1
26.57207650273224	2097	1
26.593551912568305	3437	1
26.60382513661202	1226	1
26.604153005464482	5217	1
26.605792349726773	4441	1
26.608797814207648	9683	1
26.658196721311477	3192	1
26.66142076502732	1477	1
26.679781420765025	4880	1
26.68841530054645	1658	1
26.69448087431694	4847	1
26.704808743169398	9570	1
26.71273224043716	9996	1
26.736338797814206	2088	1
26.750109289617487	2494	1
26.750601092896176	9456	1
26.77349726775956	2538	1
26.77655737704918	5662	1
26.810000000000002	6621	1
26.825136612021858	8739	1
26.837103825136612	9356	1
26.883005464480874	2067	1
26.885628415300545	7693	1
26.907213114754096	5551	1
26.919836065573772	2733	1
26.92360655737705	6006	1
26.92497267759563	2659	1
26.946830601092895	2251	1
26.994426229508196	6494	1
27.01344262295082	1223	1
27.038415300546447	6889	1
27.042349726775953	8995	1
27.04863387978142	2483	1
27.086994535519125	1598	1
27.087213114754096	8450	1
27.136229508196724	9960	1
27.142459016393442	6292	1
27.14688524590164	7654	1
27.147650273224045	4493	1
27.154371584699454	7914	1
27.194043715846995	3136	1
27.225519125683057	9215	1
27.22590163934426	9157	1
27.243825136612024	671	1
27.264426229508196	1312	1
27.266120218579232	7020	1
27.267814207650275	3948	1
27.292185792349727	7067	1
27.29825136612022	8202	1
27.31431693989071	7546	1
27.3348087431694	5892	1
27.37497267759563	9842	1
27.379945355191257	940	1
27.3903825136612	9389	1
27.44497267759563	5751	1
27.448907103825135	9513	1
27.458196721311477	7717	1
27.4703825136612	2706	1
27.497704918032785	3601	1
27.533934426229507	6074	1
27.53590163934426	1392	1
27.541803278688526	1308	1
27.55448087431694	7218	1
27.55857923497268	5547	1
27.56754098360656	1049	1
27.568360655737703	9435	1
27.590655737704918	6300	1
27.622513661202188	3982	1
27.66825136612022	7407	1
27.69349726775956	1107	1
27.72	9359	1
27.730655737704918	2443	1
27.77502732240437	9247	1
27.810382513661203	2505	1
27.81382513661202	8827	1
27.81535519125683	5954	1
27.828306010928962	3578	1
27.841639344262294	4068	1
27.846338797814205	9964	1
27.84726775956284	9176	1
27.8696174863388	6360	1
27.882021857923498	6205	1
27.911256830601094	2284	1
27.935409836065574	4588	1
27.938907103825134	7769	1
27.942841530054643	2803	1
27.947486338797813	8911	1
27.951420765027322	7270	1
27.952732240437157	9894	1
27.96704918032787	7503	1
27.973060109289616	9852	1
27.991967213114755	2323	1
27.99688524590164	5741	1
28.007267759562843	1751	1
28.0079781420765	8779	1
28.01136612021858	7993	1
28.026448087431692	286	1
28.04169398907104	7288	1
28.05967213114754	4291	1
28.060765027322404	6285	1
28.092841530054645	3843	1
28.107486338797816	2669	1
28.109016393442623	7727	1
28.117103825136613	3543	1
28.121584699453553	8660	1
28.15377049180328	3776	1
28.169617486338797	2813	1
28.177540983606555	8963	1
28.177868852459017	9743	1
28.20437158469945	4246	1
28.208688524590162	5199	1
28.252349726775954	1228	1
28.25622950819672	5520	1
28.263551912568303	7524	1
28.26469945355191	2019	1
28.272131147540982	3645	1
28.281803278688525	6502	1
28.300437158469943	3160	1
28.3079781420765	3544	1
28.308306010928963	3426	1
28.34295081967213	789	1
28.365846994535517	349	1
28.389508196721312	7446	1
28.402404371584698	3401	1
28.4027868852459	6482	1
28.420218579234973	7942	1
28.460655737704915	5247	1
28.50409836065574	1505	1
28.508196721311474	1366	1
28.51398907103825	506	1
28.55273224043716	1093	1
28.55983606557377	8022	1
28.57256830601093	6136	1
28.613551912568305	5194	1
28.63710382513661	6376	1
28.671092896174862	7379	1
28.674699453551913	9901	1
28.699071038251365	7337	1
28.72398907103825	9786	1
28.74349726775956	164	1
28.790327868852458	4956	1
28.793606557377046	9773	1
28.798743169398904	9083	1
28.819508196721312	2207	1
28.81967213114754	5796	1
28.831038251366117	1649	1
28.84092896174863	5229	1
28.855792349726777	3400	1
28.867595628415298	35	1
28.876229508196722	2226	1
28.890655737704915	7223	1
28.897158469945353	6963	1
28.909890710382513	5742	1
28.934535519125685	927	1
28.981420765027323	7415	1
28.992677595628415	2333	1
29.017978142076505	1245	1
29.036120218579235	5022	1
29.059945355191257	7987	1
29.078142076502733	6640	1
29.091366120218577	7954	1
29.10568306010929	7049	1
29.134699453551914	229	1
29.168524590163933	1843	1
29.174918032786888	6905	1
29.178852459016394	279	1
29.192295081967213	4303	1
29.1975956284153	2244	1
29.20016393442623	6723	1
29.23344262295082	9953	1
29.238142076502733	5197	1
29.239890710382515	4263	1
29.252513661202183	4474	1
29.258852459016392	7534	1
29.25928961748634	6858	1
29.267978142076505	6961	1
29.27901639344262	5868	1
29.287322404371583	3802	1
29.28775956284153	6263	1
29.329453551912568	1503	1
29.33213114754098	1287	1
29.337322404371584	5486	1
29.355628415300547	4762	1
29.410273224043717	7570	1
29.42021857923497	5811	1
29.43825136612022	9838	1
29.445464480874318	5288	1
29.446994535519124	6367	1
29.456939890710384	4537	1
29.4827868852459	5309	1
29.4875956284153	9645	1
29.492021857923497	4511	1
29.516393442622952	7911	1
29.527595628415302	3033	1
29.53344262295082	381	1
29.550601092896176	1453	1
29.557322404371586	8938	1
29.562459016393444	5349	1
29.58672131147541	1423	1
29.598360655737704	5901	1
29.641038251366123	8652	1
29.64256830601093	388	1
29.70677595628415	4273	1
29.71224043715847	2747	1
29.72912568306011	3252	1
29.746174863387978	9923	1
29.757322404371585	1842	1
29.76573770491803	9850	1
29.780601092896173	8662	1
29.782841530054643	2025	1
29.81568306010929	1558	1
29.820983606557377	3459	1
29.824863387978144	8685	1
29.885573770491803	438	1
29.92464480874317	7072	1
29.951092896174863	4974	1
29.997377049180326	4470	1
30.015956284153003	7445	1
30.023551912568305	1566	1
30.031748633879783	8325	1
30.033715846994536	9010	1
30.053224043715847	9095	1
30.074426229508198	5538	1
30.099945355191256	2460	1
30.108743169398906	8054	1
30.162349726775954	8100	1
30.198032786885246	6761	1
30.225573770491803	2968	1
30.22912568306011	719	1
30.244480874316938	8806	1
30.25431693989071	5905	1
30.270655737704917	9370	1
30.29322404371585	2891	1
30.293387978142075	5594	1
30.294153005464484	6062	1
30.304207650273224	841	1
30.32928961748634	6834	1
30.333169398907103	9373	1
30.34704918032787	8731	1
30.34918032786885	7800	1
30.366830601092893	7203	1
30.388907103825137	1511	1
30.39781420765027	7762	1
30.4251912568306	4658	1
30.458032786885248	3004	1
30.45814207650273	8499	1
30.463060109289618	8334	1
30.463715846994535	7991	1
30.49071038251366	3236	1
30.509344262295084	7191	1
30.534754098360654	2330	1
30.54672131147541	4548	1
30.564918032786885	7237	1
30.571584699453553	7794	1
30.575136612021858	2545	1
30.587650273224043	3187	1
30.602349726775955	2756	1
30.613879781420763	5268	1
30.654590163934426	9843	1
30.665191256830603	3137	1
30.666612021857922	8994	1
30.687704918032786	1322	1
30.699398907103824	5897	1
30.716338797814206	1986	1
30.723005464480874	9134	1
30.724153005464483	8490	1
30.751475409836065	7835	1
30.790601092896175	3614	1
30.83448087431694	4487	1
30.84120218579235	9131	1
30.846830601092893	7913	1
30.851092896174862	4257	1
30.85256830601093	6676	1
30.85950819672131	5005	1
30.867650273224044	1521	1
30.89185792349727	5489	1
30.91021857923497	3457	1
30.91704918032787	9421	1
30.92256830601093	9737	1
30.94857923497268	9629	1
30.949398907103824	904	1
30.992568306010927	5638	1
31.000928961748635	6410	1
31.023661202185792	6221	1
31.043661202185795	9530	1
31.05087431693989	4980	1
31.054590163934428	1811	1
31.065191256830598	4240	1
31.07497267759563	2346	1
31.102459016393443	8551	1
31.13153005464481	9168	1
31.13513661202186	4855	1
31.13846994535519	7632	1
31.139234972677595	1126	1
31.18502732240437	515	1
31.191803278688525	1869	1
31.22879781420765	2313	1
31.23765027322404	2800	1
31.246885245901638	8225	1
31.253825136612022	3875	1
31.25781420765027	7308	1
31.265573770491805	1838	1
31.278032786885245	9363	1
31.311366120218576	304	1
31.318688524590165	9966	1
31.323606557377047	7080	1
31.328087431693987	2090	1
31.332513661202185	8390	1
31.335464480874318	8376	1
31.341147540983606	1305	1
31.363114754098362	2948	1
31.377704918032787	2083	1
31.408907103825136	8416	1
31.41486338797814	1369	1
31.439071038251367	7880	1
31.474535519125684	1461	1
31.50617486338798	9598	1
31.51950819672131	5468	1
31.526284153005463	5552	1
31.54191256830601	3667	1
31.549945355191255	2634	1
31.571420765027323	5067	1
31.601038251366116	4142	1
31.61775956284153	3572	1
31.62781420765027	6063	1
31.649617486338798	4581	1
31.68071038251366	9575	1
31.694972677595626	1047	1
31.70688524590164	6409	1
31.719781420765027	136	1
31.721857923497268	198	1
31.73087431693989	732	1
31.750054644808742	7064	1
31.779562841530055	7323	1
31.798688524590165	4655	1
31.804699453551912	979	1
31.808142076502733	5195	1
31.809125683060106	5530	1
31.82775956284153	7636	1
31.864754098360656	5	1
31.88415300546448	4534	1
31.891693989071037	2942	1
31.90295081967213	6253	1
31.931311475409835	5243	1
31.93224043715847	6860	1
31.93295081967213	3317	1
31.9672131147541	2464	1
31.977650273224043	2996	1
31.979234972677595	9957	1
32.02912568306011	4114	1
32.05349726775956	486	1
32.069016393442624	8057	1
32.07415300546448	7489	1
32.09344262295082	8679	1
32.09912568306011	4330	1
32.12185792349727	3574	1
32.14601092896175	7161	1
32.14934426229508	2415	1
32.15683060109289	9646	1
32.181311475409835	69	1
32.21185792349727	7837	1
32.21672131147541	2361	1
32.217650273224045	8336	1
32.2451912568306	2070	1
32.26010928961748	803	1
32.29032786885246	5107	1
32.323934426229506	4177	1
32.32710382513661	9006	1
32.33349726775956	9315	1
32.34464480874317	819	1
32.38770491803279	7557	1
32.38803278688525	8904	1
32.3896174863388	9193	1
32.403333333333336	5924	1
32.438087431693994	8738	1
32.438360655737704	3276	1
32.449617486338795	5234	1
32.45120218579235	4600	1
32.47672131147541	2276	1
32.51704918032787	7687	1
32.520765027322405	9190	1
32.545846994535516	9858	1
32.54781420765027	7662	1
32.55535519125683	2905	1
32.57251366120219	4591	1
32.5951912568306	5761	1
32.59808743169399	1597	1
32.59885245901639	3609	1
32.618469945355194	9554	1
32.64901639344262	7105	1
32.66251366120219	500	1
32.66967213114754	5650	1
32.680601092896175	925	1
32.68229508196721	9471	1
32.68568306010929	7145	1
32.69710382513661	9633	1
32.69868852459016	3120	1
32.709071038251366	4545	1
32.758032786885245	8796	1
32.76989071038251	9293	1
32.80573770491803	9478	1
32.847486338797815	4355	1
32.84765027322404	9659	1
32.85628415300546	3439	1
32.858743169398906	4421	1
32.88967213114754	1231	1
32.90595628415301	2760	1
32.93814207650273	8198	1
32.94491803278689	4979	1
32.94562841530055	2849	1
32.948524590163935	6613	1
32.950765027322404	3159	1
32.97562841530055	9976	1
32.98125683060109	6635	1
32.982185792349725	8143	1
32.98366120218579	9109	1
32.98639344262295	7269	1
33.02087431693989	360	1
33.02169398907104	5781	1
33.023715846994534	6309	1
33.031967213114754	9782	1
33.0324043715847	3590	1
33.059617486338794	179	1
33.10098360655738	1189	1
33.116994535519126	3936	1
33.13158469945355	1808	1
33.13803278688525	1210	1
33.14065573770492	6421	1
33.265136612021855	8727	1
33.27273224043716	8074	1
33.283551912568306	2338	1
33.30398907103825	778	1
33.30546448087432	2316	1
33.31262295081967	2864	1
33.315737704918035	8569	1
33.319398907103825	5522	1
33.32704918032787	7298	1
33.32945355191257	2828	1
33.329890710382514	8004	1
33.3351912568306	3434	1
33.35021857923497	7685	1
33.35775956284153	3046	1
33.36557377049181	2791	1
33.39644808743169	9497	1
33.41098360655737	502	1
33.435081967213115	4566	1
33.448142076502734	9026	1
33.5131693989071	8013	1
33.51349726775956	2036	1
33.524918032786886	7413	0
33.53262295081967	9990	1
33.533169398907106	1117	1
33.56923497267759	2924	1
33.616612021857925	8570	1
33.62448087431694	737	1
33.62830601092896	2603	1
33.6624043715847	5965	1
33.68142076502732	9984	1
33.7144262295082	7898	1
33.714972677595625	3999	1
33.71743169398907	7034	1
33.744918032786885	5606	1
33.75928961748634	4405	1
33.763661202185794	3973	1
33.769945355191254	4775	1
33.78120218579235	4321	1
33.781256830601095	172	1
33.781967213114754	6302	1
33.80661202185792	5923	1
33.8248087431694	2421	1
33.82546448087432	794	1
33.82633879781421	3009	1
33.85229508196721	2850	1
33.861693989071036	266	1
33.874098360655736	2131	1
33.87912568306011	6641	1
33.88912568306011	3353	1
33.907377049180326	4733	1
33.90781420765027	9198	1
33.918688524590166	4314	1
33.925956284153	6349	1
33.929071038251365	3751	1
33.93174863387978	6126	1
33.951147540983605	8123	1
33.959726775956284	4686	1
33.97918032786885	2481	1
33.983005464480875	4675	1
33.99748633879781	6960	1
34.00289617486339	6826	1
34.009234972677596	9662	1
34.01032786885246	4397	1
34.0224043715847	9909	1
34.05497267759563	3627	1
34.06256830601093	8588	1
34.06590163934426	7793	1
34.0763387978142	7027	1
34.076557377049184	8145	1
34.102677595628414	8855	1
34.1224043715847	2388	1
34.141311475409836	3287	1
34.153661202185795	9034	1
34.155846994535516	9218	1
34.16377049180328	22	1
34.16732240437159	4378	1
34.17289617486339	7368	1
34.198142076502734	4672	1
34.19825136612022	1487	1
34.204918032786885	7918	1
34.215737704918034	2888	1
34.22863387978142	8443	1
34.239726775956285	9582	0
34.24814207650273	3800	1
34.271038251366114	8883	1
34.28743169398907	964	1
34.298743169398904	4805	1
34.30311475409836	182	1
34.32071038251366	6923	1
34.32551912568306	1769	1
34.32743169398908	1724	1
34.339234972677595	5979	1
34.35464480874317	5219	1
34.37639344262295	5237	1
34.3855737704918	7192	1
34.39371584699453	662	1
34.396120218579235	6767	1
34.40808743169399	832	1
34.436502732240434	6270	1
34.44792349726776	2122	1
34.45398907103825	5490	1
34.455245901639344	3735	1
34.46284153005465	1151	1
34.4764480874317	2506	1
34.479890710382506	6056	1
34.489672131147536	3462	1
34.49049180327869	9652	1
34.492677595628415	3389	1
34.50398907103825	9503	1
34.51185792349727	8853	1
34.52251366120218	9065	1
34.523005464480875	1413	1
34.5296174863388	6929	1
34.54081967213114	7563	1
34.555956284153005	6030	1
34.55803278688524	8139	1
34.56928961748634	8760	1
34.58349726775956	2928	1
34.58803278688524	3904	1
34.589289617486344	831	1
34.590710382513656	3562	1
34.59092896174863	7338	1
34.596448087431696	7015	1
34.60218579234973	1525	1
34.60398907103825	1179	1
34.6115300546448	4517	1
34.61983606557377	15	1
34.63251366120219	3833	1
34.635519125683054	1294	1
34.63672131147541	6556	1
34.63999999999999	7669	1
34.64180327868853	3894	1
34.65775956284153	9085	1
34.659234972677595	9397	1
34.67513661202186	9337	1
34.68081967213115	5959	1
34.69535519125682	7087	1
34.69633879781421	6563	1
34.698797814207644	2255	1
34.70021857923497	5566	1
34.70502732240437	7627	1
34.72710382513661	6855	1
34.73491803278688	8909	1
34.7383606557377	3303	1
34.75218579234973	2137	1
34.81469945355191	6603	1
34.83114754098361	7599	1
34.840382513661204	618	1
34.84622950819672	2586	1
34.855409836065576	8427	1
34.87448087431694	2653	1
34.9020218579235	3607	1
34.9120218579235	7281	1
34.92021857923498	6619	1
34.93229508196721	4315	1
34.93306010928961	1686	1
34.933169398907104	759	1
34.94081967213115	2720	1
34.94868852459017	7091	1
34.95415300546448	6952	1
34.955355191256835	5422	1
34.98092896174864	7936	1
34.984426229508195	8382	1
35.00213114754098	3545	1
35.012896174863386	413	1
35.019672131147544	2003	1
35.02475409836065	6864	1
35.0324043715847	6392	1
35.035956284153	9634	1
35.06245901639344	7071	1
35.0648087431694	9655	1
35.06978142076503	2199	1
35.07027322404372	3828	1
35.07890710382514	7173	1
35.08191256830601	9038	1
35.091475409836065	8860	1
35.11229508196721	999	1
35.12841530054644	8286	1
35.129999999999995	4287	1
35.13289617486338	9309	1
35.1396174863388	1849	1
35.14486338797814	3566	1
35.173770491803275	4326	1
35.19912568306011	7582	1
35.20846994535519	7056	1
35.225792349726774	8817	1
35.24366120218579	3649	1
35.244918032786885	9249	1
35.27901639344262	5414	1
35.295519125683064	1122	1
35.29601092896175	6462	1
35.29666666666666	1845	1
35.29967213114754	797	1
35.304043715846994	7243	1
35.314590163934426	450	1
35.324644808743166	8591	1
35.33191256830601	527	1
35.35224043715847	3976	1
35.356448087431694	6287	1
35.37081967213115	1321	1
35.38464480874317	2655	1
35.41251366120218	4921	1
35.42355191256831	5292	1
35.427213114754096	5780	1
35.430874316939885	9896	1
35.43311475409836	4218	1
35.43907103825136	996	1
35.48158469945355	7825	1
35.49120218579235	4197	1
35.49857923497268	1991	1
35.50043715846995	1495	1
35.510601092896174	936	1
35.53601092896175	5848	1
35.56360655737705	6235	1
35.58010928961749	3071	1
35.58704918032787	2999	1
35.63743169398907	3605	1
35.641639344262295	9032	1
35.64191256830601	9918	1
35.64868852459016	7349	1
35.683879781420764	2841	1
35.71120218579235	2521	1
35.71289617486339	2883	1
35.717650273224045	2694	1
35.72234972677595	6825	1
35.73158469945355	1877	1
35.7324043715847	2096	1
35.75196721311475	9556	1
35.767759562841526	8641	1
35.780546448087435	5883	1
35.78601092896175	9407	1
35.79956284153005	6628	1
35.808251366120224	6922	1
35.823879781420764	6350	1
35.844426229508194	2594	1
35.84530054644809	6757	1
35.870382513661205	6083	1
35.88338797814208	2115	1
35.89841530054645	8746	1
35.92967213114754	3741	1
35.96180327868852	449	1
35.974043715846996	1489	1
35.98573770491804	1868	1
35.99672131147541	7356	1
35.99699453551913	7029	1
36.00256830601093	1400	1
36.00890710382514	905	1
36.03081967213115	7578	1
36.040163934426225	7013	1
36.046612021857925	2441	1
36.05060109289618	4609	1
36.06382513661202	3825	1
36.07491803278688	4812	1
36.08786885245902	4121	1
36.12491803278689	6850	1
36.131147540983605	132	1
36.1331693989071	701	1
36.13508196721311	9335	1
36.13617486338798	4053	1
36.14103825136612	3681	1
36.14661202185792	6389	1
36.182786885245896	9539	1
36.18360655737705	1072	1
36.20284153005464	1837	1
36.209781420765026	2228	1
36.25568306010929	8712	1
36.25584699453552	3365	1
36.260000000000005	4293	1
36.29076502732241	3028	1
36.304754098360654	3642	1
36.308087431693984	6854	1
36.312349726775956	2476	1
36.32032786885246	2119	1
36.320601092896176	4148	1
36.32360655737705	7008	1
36.362513661202186	4206	1
36.38540983606557	4903	1
36.43229508196721	6170	1
36.46169398907104	1332	1
36.47568306010929	8319	1
36.51841530054645	2249	1
36.5287431693989	9231	1
36.53693989071038	5458	1
36.54289617486339	5146	1
36.551912568306015	9087	1
36.55928961748634	4904	1
36.570546448087434	9802	1
36.57551912568306	8772	1
36.59262295081967	534	1
36.60054644808743	7951	1
36.60890710382514	6830	1
36.64081967213115	1390	1
36.64120218579235	6176	1
36.64256830601093	6399	1
36.65792349726776	2145	1
36.662677595628416	6657	1
36.66879781420764	2241	1
36.68251366120218	5393	1
36.69234972677595	7268	1
36.709016393442624	3082	1
36.71857923497268	3094	1
36.756174863387976	5066	1
36.765464480874314	6560	1
36.781256830601095	9567	1
36.81431693989071	495	1
36.83234972677595	5624	1
36.877759562841526	574	1
36.89743169398907	3393	1
36.90502732240437	431	1
36.99065573770492	7804	1
37.00098360655738	903	1
37.00393442622951	9698	1
37.00857923497268	8431	1
37.01349726775956	4307	1
37.020437158469946	3021	1
37.02885245901639	5024	1
37.04573770491803	9714	1
37.07327868852459	2812	1
37.080273224043715	6876	1
37.09224043715847	9349	1
37.0975956284153	6382	1
37.11710382513662	3658	1
37.145355191256826	3525	1
37.16655737704918	2342	1
37.186557377049176	6422	1
37.18781420765027	5830	1
37.21229508196721	1830	1
37.22830601092896	4137	1
37.24513661202186	5907	1
37.252841530054646	7958	1
37.26540983606557	8423	1
37.27196721311475	8540	1
37.279016393442625	323	1
37.28185792349727	8699	1
37.29	6278	1
37.294699453551914	6668	1
37.30830601092896	2896	1
37.31371584699453	9270	1
37.319071038251366	5826	1
37.32535519125683	6405	1
37.33693989071038	9357	1
37.36923497267759	1590	1
37.38071038251366	7912	1
37.38579234972678	1650	1
37.39508196721311	6359	1
37.40349726775957	2771	1
37.41426229508197	9445	1
37.41737704918033	3173	1
37.44071038251366	6831	1
37.450054644808745	5006	1
37.45502732240437	9593	1
37.47415300546448	9873	1
37.51076502732241	8271	1
37.512459016393436	4340	1
37.533989071038256	1176	1
37.53562841530055	4694	1
37.606120218579235	2294	1
37.60743169398907	5384	1
37.610601092896175	9185	1
37.61710382513662	3127	1
37.63289617486339	9563	1
37.63617486338798	6632	1
37.658142076502735	6226	1
37.70693989071038	7257	1
37.77049180327869	4829	1
37.79229508196721	4436	1
37.844480874316936	8441	1
37.861693989071036	706	1
37.86945355191257	984	1
37.8735519125683	9898	0
37.90306010928961	9650	0
37.9031693989071	9347	1
37.906284153005465	5021	1
37.94857923497268	3342	1
37.96060109289618	3891	1
37.99153005464481	7448	1
38.00666666666666	7671	1
38.01010928961748	826	1
38.03213114754099	3793	1
38.03743169398907	5041	1
38.054535519125686	8419	1
38.0551912568306	4480	1
38.071748633879785	2348	1
38.10710382513661	1682	1
38.12153005464481	3603	1
38.12568306010929	1100	1
38.12743169398907	4923	1
38.167377049180324	5102	1
38.209781420765026	8447	1
38.232950819672126	6681	1
38.24092896174863	5967	1
38.25103825136612	4807	1
38.27617486338797	808	1
38.28103825136612	1728	1
38.282459016393446	7059	1
38.29038251366121	6715	1
38.29300546448088	1130	1
38.30010928961749	6115	1
38.320928961748635	394	1
38.33786885245902	6773	1
38.340327868852455	8611	1
38.357540983606555	4306	1
38.36054644808743	8343	1
38.36377049180327	1987	1
38.37092896174863	7998	1
38.38027322404372	8425	1
38.40120218579234	3669	1
38.403661202185795	9732	1
38.41502732240437	3646	1
38.43912568306011	3473	1
38.442240437158475	5367	1
38.44825136612022	5126	1
38.457486338797814	9289	1
38.45983606557377	9642	1
38.469071038251364	6368	1
38.4763387978142	1637	1
38.47934426229508	8638	1
38.50437158469945	6200	1
38.51912568306011	1239	1
38.53513661202185	4220	1
38.56918032786885	2324	1
38.59699453551912	7848	1
38.600109289617485	2751	1
38.62983606557377	6833	1
38.63584699453552	5480	1
38.6724043715847	5406	1
38.68032786885246	9178	1
38.68448087431694	5758	1
38.697377049180325	9559	1
38.74983606557377	9884	1
38.750928961748635	4250	1
38.759125683060105	7643	1
38.76928961748634	3557	1
38.77469945355191	4988	1
38.78546448087432	3653	1
38.807814207650274	2239	1
38.818961748633875	2021	1
38.847431693989066	6313	1
38.90153005464481	4444	1
38.9348087431694	9523	1
38.9779781420765	6194	1
38.97939890710383	6321	1
39.00551912568306	997	1
39.00939890710382	4750	1
39.01426229508197	9372	1
39.03994535519126	7673	1
39.05125683060109	6393	1
39.067923497267756	677	1
39.12043715846995	8580	1
39.122568306010926	8380	1
39.164535519125685	2261	1
39.18289617486339	1230	1
39.20431693989071	9013	1
39.212732240437155	1298	1
39.23289617486339	9409	1
39.29125683060109	8072	1
39.31775956284153	7253	1
39.34213114754098	6025	1
39.34306010928962	1215	1
39.34311475409836	2776	1
39.392021857923496	3255	1
39.39633879781421	9728	1
39.41054644808743	3671	1
39.419672131147536	1576	1
39.4344262295082	3518	1
39.44688524590163	5748	1
39.45983606557377	3122	1
39.472841530054644	3548	1
39.47295081967213	9129	1
39.474262295081964	507	1
39.47666666666667	7737	1
39.50819672131148	1032	1
39.53590163934427	483	1
39.57398907103825	8252	1
39.57972677595629	5612	1
39.64513661202186	9879	1
39.6527868852459	5281	1
39.65803278688525	9583	1
39.6664480874317	9573	1
39.671147540983604	2833	1
39.69453551912568	7556	1
39.695846994535515	7989	1
39.726502732240434	6181	1
39.733333333333334	3889	1
39.737814207650274	9748	1
39.738524590163934	8841	1
39.739617486338794	166	1
39.75027322404372	5942	1
39.756612021857926	4863	1
39.75885245901639	7792	1
39.75967213114754	9059	1
39.779672131147535	8456	1
39.79054644808743	3663	1
39.793114754098355	5033	1
39.816338797814204	6185	1
39.844207650273226	775	1
39.865464480874316	2312	1
39.90814207650273	4964	1
39.91732240437158	8068	1
39.91868852459016	372	1
39.92229508196721	7623	1
39.93109289617486	9195	1
39.94655737704918	424	1
39.95021857923498	5322	1
39.965409836065575	9981	1
39.974316939890706	3182	1
40.00939890710382	2912	1
40.03289617486339	6209	1
40.042459016393444	5049	1
40.05311475409837	3489	1
40.05530054644809	302	1
40.06606557377049	6055	1
40.069453551912574	3768	1
40.0927868852459	7764	1
40.101912568306005	7601	1
40.10360655737705	9617	1
40.13393442622951	8005	1
40.144153005464474	1009	1
40.21169398907104	7289	1
40.276229508196714	6291	1
40.282677595628414	5590	1
40.284644808743174	140	1
40.28688524590164	3061	1
40.29896174863388	9323	1
40.307377049180324	9911	1
40.35295081967213	3164	1
40.39398907103825	8561	1
40.39715846994535	8637	1
40.400273224043715	3162	0
40.43459016393442	713	1
40.445245901639346	6005	1
40.4472131147541	2755	1
40.50896174863388	5233	1
40.514426229508196	6771	1
40.54103825136612	3857	1
40.5736612021858	5509	1
40.58071038251366	2128	1
40.6283606557377	6780	1
40.64502732240437	6785	1
40.6515300546448	2940	1
40.68661202185792	6584	1
40.70185792349727	5999	1
40.70803278688524	3720	1
40.71081967213115	6508	1
40.7231693989071	9276	1
40.72344262295082	570	1
40.729945355191255	9462	1
40.74579234972678	6120	1
40.75306010928961	8497	1
40.782677595628414	4821	1
40.78508196721312	7110	1
40.78655737704918	9281	1
40.796557377049176	2160	1
40.836284153005465	4796	1
40.847759562841524	3915	1
40.87562841530055	1550	1
40.87661202185792	3146	1
40.89770491803279	8205	1
40.90371584699454	2819	1
40.92169398907104	6492	1
40.94207650273224	8008	1
40.95071038251366	5836	1
40.996448087431695	579	1
41.003114754098355	2750	1
41.012185792349726	6738	1
41.05054644808743	9653	1
41.05092896174863	4479	1
41.0587431693989	9494	1
41.07174863387978	3713	1
41.07808743169399	2473	1
41.08901639344262	3099	1
41.10508196721312	1719	1
41.14939890710383	5643	1
41.171912568306006	6782	1
41.17464480874317	9569	1
41.19426229508196	721	1
41.21688524590164	7672	1
41.22273224043715	9639	1
41.25147540983606	2956	1
41.26639344262295	6975	1
41.352349726775955	974	1
41.35781420765027	963	1
41.359508196721315	6897	1
41.39519125683061	2256	1
41.398797814207654	6786	1
41.41081967213115	5767	1
41.42333333333333	4822	1
41.44021857923497	8066	1
41.44153005464481	7901	1
41.460218579234976	8077	1
41.48939890710382	2845	1
41.490765027322404	8402	1
41.5231693989071	8919	1
41.54147540983607	734	1
41.54196721311475	4794	1
41.54562841530055	2007	1
41.56918032786886	3968	1
41.57967213114754	3568	1
41.58770491803279	7834	1
41.61677595628415	1969	1
41.631912568306014	6554	1
41.66027322404371	1579	1
41.67945355191257	6888	1
41.70060109289617	7181	1
41.72327868852459	5207	1
41.73071038251366	3873	1
41.76360655737705	3908	1
41.76628415300546	1484	1
41.78693989071038	2682	1
41.8103825136612	3349	1
41.853060109289615	3821	1
41.86918032786885	5774	1
41.87387978142076	1990	1
41.88344262295082	8664	1
41.88612021857924	5023	1
41.900273224043715	2084	1
41.90978142076502	2101	1
41.91568306010929	1954	1
41.95415300546448	8238	1
41.95836065573771	5640	1
41.96688524590164	6001	1
41.967322404371586	4469	1
41.97666666666667	4887	1
41.99972677595628	4907	1
42.00666666666667	7855	1
42.01836065573771	6824	1
42.044262295081964	7217	1
42.05142076502732	2601	1
42.058961748633884	2616	1
42.06245901639344	3877	1
42.06830601092896	2593	1
42.085956284153006	1541	1
42.09311475409836	1822	1
42.099726775956285	3719	1
42.118524590163936	8797	1
42.143497267759564	7964	1
42.1463387978142	6157	1
42.18229508196721	5203	1
42.238579234972676	4189	1
42.24972677595628	6507	1
42.2555737704918	7814	1
42.27065573770492	4697	1
42.283114754098364	8644	1
42.30841530054645	5629	1
42.310546448087436	63	1
42.31808743169399	5142	1
42.31918032786885	9924	1
42.33486338797814	9667	1
42.34448087431694	6994	1
42.35147540983606	3415	1
42.364754098360656	8655	1
42.3679781420765	3761	1
42.39453551912568	4181	1
42.40939890710383	6178	1
42.42677595628415	5684	1
42.44153005464481	3261	1
42.446994535519124	767	1
42.45322404371585	2296	1
42.45726775956284	9367	1
42.46333333333333	1645	1
42.46907103825137	4226	1
42.470163934426225	4895	1
42.476557377049176	2719	1
42.49442622950819	6938	1
42.53234972677596	4393	1
42.551366120218574	7116	1
42.58715846994536	3103	1
42.60885245901639	2700	1
42.61431693989071	6942	1
42.628524590163934	7461	1
42.650655737704916	4390	1
42.669289617486335	4663	1
42.717540983606554	2349	1
42.72453551912568	6362	1
42.72890710382514	4064	1
42.736229508196715	1278	1
42.743825136612024	9275	1
42.75415300546448	5017	1
42.78174863387978	6140	1
42.80437158469945	8059	1
42.839125683060104	1374	1
42.85628415300546	3390	1
42.87622950819672	8553	1
42.9003825136612	1050	1
42.918469945355184	7560	1
42.922349726775956	6806	1
42.97295081967213	699	1
42.99890710382513	8584	1
43.00114754098361	682	1
43.00409836065574	1832	1
43.01989071038251	7860	1
43.03224043715847	8686	1
43.04049180327869	3077	1
43.0483606557377	538	1
43.06983606557377	9512	1
43.071256830601094	3702	1
43.08371584699454	9568	1
43.087377049180326	1216	1
43.12628415300546	9509	1
43.14568306010929	2509	1
43.146502732240435	3899	1
43.157103825136616	9793	1
43.16836065573771	5668	1
43.18404371584699	7342	1
43.187322404371585	9294	1
43.200054644808745	6439	1
43.204098360655735	6642	1
43.22497267759562	8447	0
43.22781420765027	7373	1
43.22896174863388	4457	1
43.24983606557377	3051	1
43.26808743169399	4656	1
43.36273224043716	8750	1
43.3879781420765	768	1
43.3951912568306	4870	1
43.41825136612022	2287	1
43.42551912568306	5980	1
43.4307650273224	3405	1
43.441748633879776	6042	1
43.444754098360654	3888	1
43.448907103825135	3792	1
43.46562841530055	5183	1
43.46672131147541	635	1
43.566120218579236	7086	1
43.58688524590164	686	1
43.59863387978142	7395	1
43.639398907103825	2434	1
43.657704918032785	1715	1
43.67885245901639	7328	1
43.68071038251366	9721	1
43.68344262295082	6784	1
43.69710382513661	3087	1
43.69863387978142	387	1
43.706393442622954	5354	1
43.76715846994535	9875	1
43.77180327868852	3507	1
43.778633879781424	9430	1
43.810546448087436	3229	1
43.83005464480875	508	1
43.858087431693995	3270	1
43.86125683060109	8947	1
43.87114754098361	7832	1
43.893060109289614	2045	1
43.897213114754095	9855	1
43.897540983606554	8477	1
43.90841530054645	5573	1
43.95251366120218	241	1
43.957486338797814	2838	1
43.96158469945355	9606	1
43.97677595628415	9220	1
44.00065573770492	8046	1
44.00661202185792	8024	1
44.0075956284153	3798	1
44.063060109289616	137	1
44.08683060109289	2514	1
44.106120218579235	4799	1
44.110928961748634	9543	1
44.11103825136612	6458	1
44.11595628415301	6459	1
44.12169398907104	318	1
44.13726775956284	97	1
44.13934426229508	6737	1
44.140874316939886	597	1
44.142732240437155	1800	1
44.1475956284153	8223	1
44.19071038251366	9473	1
44.193661202185794	1529	1
44.20060109289618	7776	1
44.21901639344262	3481	1
44.22349726775956	4715	1
44.23650273224044	1883	1
44.236721311475414	8894	1
44.268961748633885	6214	1
44.290983606557376	5722	1
44.29147540983606	8621	1
44.32344262295082	65	1
44.32606557377049	3665	1
44.392076502732245	3202	1
44.41092896174863	9447	1
44.41628415300546	2274	1
44.41956284153005	5483	1
44.425355191256834	8189	1
44.449016393442626	5593	1
44.45765027322404	3161	1
44.4820218579235	1568	1
44.49098360655738	7250	1
44.5287431693989	2661	1
44.560109289617486	9869	1
44.56540983606557	4379	1
44.57267759562841	5476	1
44.58688524590164	5872	1
44.596010928961746	4224	1
44.614699453551914	9286	1
44.6155737704918	9734	1
44.62814207650273	1958	1
44.72081967213114	4208	1
44.72524590163934	9146	1
44.73901639344262	7807	1
44.74437158469945	9694	1
44.75136612021858	8136	1
44.75513661202186	6878	1
44.761038251366124	9521	1
44.764480874316945	2657	1
44.77120218579235	7375	1
44.80715846994536	4950	1
44.848306010928965	4942	1
44.85595628415301	2398	1
44.93814207650273	1108	1
44.96879781420765	8363	1
44.99622950819672	6082	1
45.03732240437159	912	1
45.044644808743165	8922	1
45.09710382513661	4126	1
45.15956284153005	3074	1
45.19382513661203	8284	1
45.19573770491803	6729	1
45.227049180327874	8446	1
45.23950819672131	2584	1
45.24879781420765	1398	1
45.24934426229508	7539	1
45.25349726775956	5171	1
45.256885245901636	6694	1
45.286120218579235	1652	1
45.307049180327866	2737	1
45.3072131147541	9740	1
45.31191256830601	284	1
45.37459016393442	8276	1
45.38633879781421	1085	1
45.403661202185795	7767	1
45.42256830601092	5323	1
45.43333333333333	8021	1
45.44333333333333	5106	1
45.47377049180328	2632	1
45.49136612021858	1539	1
45.502076502732244	7703	1
45.50857923497268	9889	1
45.51590163934426	3109	1
45.51644808743169	9929	1
45.52322404371585	1736	1
45.5351912568306	6207	1
45.5672131147541	3926	1
45.58016393442623	116	1
45.592295081967215	4535	1
45.6151912568306	3969	1
45.623989071038245	6064	1
45.636885245901645	3250	1
45.662677595628416	6524	1
45.67666666666667	9628	1
45.68360655737705	2923	1
45.695519125683056	1853	1
45.71360655737705	4963	1
45.72098360655738	5155	1
45.72109289617486	1237	1
45.730382513661205	596	1
45.735245901639345	4849	1
45.75568306010929	8137	1
45.772677595628416	5691	1
45.83972677595628	5786	1
45.85327868852459	277	1
45.88431693989071	3811	1
45.88513661202185	9062	1
45.9655737704918	8281	1
45.975136612021856	9081	1
45.97830601092896	106	1
45.98377049180328	4453	1
45.99579234972678	4838	1
46.00065573770492	7214	1
46.013278688524586	5296	1
46.01912568306011	4320	1
46.04677595628415	700	1
46.057049180327866	1739	1
46.07322404371585	4589	1
46.08169398907104	110	1
46.11846994535519	5327	1
46.12453551912568	2106	1
46.15491803278688	7575	1
46.17950819672131	3872	1
46.23792349726776	6032	1
46.24382513661202	471	1
46.27213114754098	9227	1
46.27486338797814	3418	1
46.31431693989071	9487	1
46.35169398907104	6152	1
46.362513661202186	1012	1
46.379672131147544	878	1
46.396120218579235	8012	1
46.39928961748634	6108	1
46.4396174863388	5386	1
46.455300546448086	4541	1
46.468032786885246	5755	1
46.48885245901639	4424	1
46.4979781420765	7667	1
46.50562841530054	7133	1
46.54939890710382	6939	1
46.550382513661205	4092	1
46.560765027322404	8924	1
46.57021857923497	4100	1
46.58486338797814	308	1
46.61333333333333	6896	1
46.64896174863388	3034	1
46.653606557377046	6113	1
46.65825136612022	3916	1
46.68251366120219	9111	1
46.688852459016395	6097	1
46.69453551912568	4475	1
46.697704918032784	1691	1
46.70142076502732	1826	1
46.71327868852459	9998	1
46.71584699453552	2666	1
46.72065573770492	2071	1
46.72819672131147	7400	1
46.746721311475405	2638	1
46.777759562841524	9056	1
46.79005464480874	5948	1
46.8468306010929	993	1
46.848688524590166	9120	1
46.88497267759563	3924	1
46.88770491803279	1747	1
46.92568306010929	7402	1
46.95540983606558	5844	1
46.97666666666667	2897	1
46.9892349726776	1942	1
47.00256830601093	8266	1
47.010327868852464	5645	1
47.01502732240437	6652	1
47.03005464480874	2630	1
47.09120218579235	847	1
47.12349726775956	9788	1
47.15387978142076	3175	1
47.17666666666667	3284	1
47.19	1835	1
47.20355191256831	2801	1
47.21945355191257	3850	1
47.235573770491804	7295	1
47.24983606557377	4443	1
47.27120218579235	7844	1
47.288032786885246	791	1
47.29743169398907	4972	1
47.29945355191256	3403	1
47.30016393442623	5377	1
47.31426229508197	6101	1
47.338142076502734	4521	1
47.34010928961749	452	1
47.340765027322405	7226	1
47.39371584699454	4981	1
47.411092896174864	1734	1
47.47715846994535	7045	1
47.48174863387978	2193	1
47.50289617486339	8113	1
47.506174863387976	8487	1
47.50857923497267	8312	1
47.51907103825137	726	1
47.526010928961746	8579	1
47.53639344262295	2947	1
47.576174863387976	6559	1
47.576174863387976	8606	1
47.57972677595629	8436	1
47.58327868852459	3321	1
47.58562841530055	8620	1
47.58650273224044	569	1
47.5903825136612	9202	1
47.62404371584699	8430	1
47.62770491803279	7405	1
47.63360655737705	5972	1
47.63841530054645	5278	1
47.65043715846994	41	1
47.65311475409836	8878	1
47.67109289617486	5115	1
47.681693989071036	1977	1
47.69573770491804	6191	1
47.700327868852455	8939	1
47.70071038251366	5557	1
47.73300546448087	473	1
47.74142076502732	4239	1
47.75	4290	1
47.823497267759564	8295	1
47.82360655737705	7077	1
47.82808743169399	7443	1
47.82901639344262	5763	1
47.8503825136612	4848	1
47.85147540983606	9565	1
47.8735519125683	2846	1
47.88448087431694	2039	1
47.90743169398907	2368	1
47.90786885245901	9880	1
47.92808743169399	2210	1
47.936939890710384	2591	1
47.94338797814208	7949	1
47.961256830601094	9891	1
47.985901639344256	6320	1
48.012513661202185	6930	1
48.07005464480874	1442	1
48.07841530054645	4299	1
48.12213114754098	9692	1
48.13989071038251	5280	1
48.14191256830601	8520	1
48.15191256830601	2932	1
48.15945355191256	2200	1
48.16060109289617	5270	1
48.16639344262295	7032	1
48.18251366120219	3652	1
48.214207650273224	7455	1
48.21633879781421	3130	1
48.23136612021858	637	1
48.2316393442623	4930	1
48.23234972677596	1087	1
48.26071038251366	1775	1
48.270054644808745	7178	1
48.295737704918025	5750	1
48.300327868852456	6643	1
48.30437158469945	4842	1
48.350437158469944	8203	1
48.35852459016393	7074	1
48.3731693989071	8643	1
48.37387978142076	7180	1
48.375901639344264	2092	1
48.37781420765027	8163	1
48.38770491803279	3251	1
48.387868852459015	4099	1
48.4024043715847	1433	1
48.43185792349726	6790	1
48.43830601092896	3340	1
48.45333333333333	1850	1
48.46612021857923	1109	1
48.52398907103825	3782	1
48.54065573770492	4998	1
48.55639344262295	8484	1
48.55803278688525	3286	1
48.57174863387978	7466	1
48.57338797814208	7545	1
48.596065573770495	1522	1
48.61174863387978	9594	1
48.613934426229505	3780	1
48.614316939890706	7771	1
48.61601092896175	9298	1
48.61825136612022	665	1
48.61868852459016	6579	1
48.64142076502733	4442	1
48.64972677595628	6385	1
48.66754098360656	6711	1
48.687704918032786	978	1
48.71224043715847	3223	1
48.739398907103826	8716	1
48.748797814207656	4354	1
48.752131147540986	5625	1
48.78311475409836	7423	1
48.78852459016393	520	1
48.878524590163934	4295	1
48.8831693989071	4624	1
48.90491803278689	7574	1
48.906557377049175	272	1
48.93863387978142	4764	1
48.96612021857923	9571	1
48.96715846994536	3339	1
48.9775956284153	577	1
48.98907103825136	2763	1
49.01584699453552	7957	1
49.02234972677596	6705	1
49.023005464480875	1277	1
49.02355191256831	6400	1
49.04142076502732	3612	1
49.04163934426229	4418	1
49.07606557377049	578	1
49.09546448087431	5372	1
49.095628415300546	5971	1
49.09879781420765	9619	1
49.111420765027326	8601	1
49.164098360655736	1773	1
49.18393442622951	8489	1
49.23120218579235	4983	1
49.240437158469945	4304	1
49.269999999999996	8562	1
49.27431693989071	348	1
49.2751912568306	1002	1
49.29218579234973	1043	1
49.30366120218579	1286	1
49.31732240437159	4102	1
49.41420765027322	6720	1
49.41612021857923	8174	1
49.43491803278688	5238	1
49.44284153005464	4737	1
49.44562841530055	4192	1
49.45180327868852	8212	1
49.497868852459014	1570	1
49.513606557377045	6411	1
49.51573770491803	4613	1
49.5175956284153	4482	1
49.52065573770492	9153	1
49.52923497267759	2426	1
49.544699453551914	584	1
49.54765027322404	8448	1
49.55601092896175	8884	1
49.56262295081967	8983	1
49.596010928961746	7655	1
49.613224043715846	5894	1
49.62989071038252	4209	1
49.63387978142076	9717	1
49.63513661202186	2979	1
49.63590163934426	406	1
49.66672131147541	6475	1
49.6779781420765	4818	1
49.69349726775956	9172	1
49.72683060109289	9665	1
49.72863387978142	4115	1
49.7375956284153	4832	1
49.75622950819672	9255	1
49.774153005464484	8999	1
49.778251366120216	2935	1
49.78808743169399	7486	1
49.7888524590164	2055	1
49.78901639344262	6578	1
49.79229508196721	2620	1
49.7979781420765	4882	1
49.83393442622951	1186	1
49.897978142076504	4370	1
49.90715846994535	8977	1
49.93639344262295	771	1
49.938852459016395	8466	1
49.94568306010929	8020	1
49.9575956284153	1802	1
49.97196721311475	4392	1
49.97300546448088	8322	1
49.975081967213114	2847	1
49.9864480874317	6699	1
50.01256830601093	4366	1
50.016666666666666	1288	1
50.02360655737705	6432	1
50.05207650273224	9771	1
50.07710382513661	3056	1
50.093387978142076	170	1
50.1144262295082	6829	1
50.1348087431694	8708	1
50.14169398907104	5850	1
50.152076502732235	6676	0
50.154426229508196	8870	1
50.15863387978142	6443	1
50.17333333333333	1220	1
50.176830601092895	6265	1
50.180218579234975	2008	1
50.183497267759556	7101	1
50.19092896174863	3723	1
50.23781420765027	1784	1
50.24103825136612	9627	1
50.2520218579235	4071	1
50.26956284153005	6162	1
50.27153005464481	4711	1
50.2875956284153	8700	1
50.30289617486339	3482	1
50.30808743169399	2575	1
50.3135519125683	3436	1
50.31366120218579	3896	1
50.365409836065574	2111	1
50.37431693989071	4720	1
50.41284153005465	9545	1
50.414098360655736	9203	1
50.42857923497267	8485	1
50.445956284153006	7802	1
50.45464480874317	4271	1
50.463989071038256	8511	1
50.49147540983607	5218	1
50.49218579234973	1015	1
50.51169398907104	1199	1
50.51311475409835	4062	1
50.51803278688524	9273	1
50.52349726775956	5514	1
50.5368306010929	2373	1
50.5651912568306	4309	1
50.58672131147541	8788	1
50.59923497267759	6862	1
50.62715846994536	3846	1
50.62775956284153	3869	1
50.659234972677595	7708	1
50.66092896174863	8154	1
50.67726775956284	6189	1
50.710491803278686	56	1
50.715792349726776	7040	1
50.728415300546445	8160	1
50.73169398907104	4788	1
50.75251366120219	1595	1
50.771967213114756	493	1
50.773005464480875	255	1
50.77475409836065	696	1
50.777540983606556	9919	1
50.78027322404371	74	1
50.7831693989071	481	1
50.81333333333333	6159	1
50.820601092896176	2322	1
50.82300546448087	4810	1
50.82327868852459	1630	1
50.82819672131148	6305	1
50.82989071038251	3618	1
50.83202185792349	7221	1
50.85672131147541	7610	1
50.863934426229505	2418	1
50.86633879781421	9003	1
50.89994535519126	4795	1
50.910000000000004	6793	1
50.91213114754098	1175	1
50.914426229508194	3903	1
50.91726775956284	0	1
